migration_scenario,year,FIPS,county_name,total,total_male,total_female,total_anglo,anglo_male,anglo_female,total_black,black_male,black_female,total_hispanic,hispanic_male,hispanic_female,total_other,other_male,other_female
0.0 Scen,2010,000,State of Texas,25145561,12472280,12673281,11397345,5632646,5764699,2886825,1392410,1494415,9460921,4763753,4697168,1400470,683471,716999
0.0 Scen,2011,000,State of Texas,25368140,12585625,12782515,11420275,5645286,5774989,2910041,1404354,1505687,9619067,4843289,4775778,1418757,692696,726061
0.0 Scen,2012,000,State of Texas,25587758,12697271,12890487,11441256,5656784,5784472,2932774,1416022,1516752,9777086,4922743,4854343,1436642,701722,734920
0.0 Scen,2013,000,State of Texas,25804803,12807402,12997401,11460467,5667195,5793272,2955154,1427500,1527654,9935099,5002176,4932923,1454083,710531,743552
0.0 Scen,2014,000,State of Texas,26018996,12915931,13103065,11477791,5676531,5801260,2977005,1438688,1538317,10093070,5081594,5011476,1471130,719118,752012
0.0 Scen,2015,000,State of Texas,26230098,13022712,13207386,11493072,5684689,5808383,2998297,1449575,1548722,10251044,5160992,5090052,1487685,727456,760229
0.0 Scen,2016,000,State of Texas,26438031,13127749,13310282,11506219,5691647,5814572,3018948,1460126,1558822,10409113,5240409,5168704,1503751,735567,768184
0.0 Scen,2017,000,State of Texas,26642846,13231081,13411765,11517175,5697394,5819781,3038931,1470356,1568575,10567403,5319926,5247477,1519337,743405,775932
0.0 Scen,2018,000,State of Texas,26844587,13332687,13511900,11525875,5701887,5823988,3058209,1480201,1578008,10726098,5399613,5326485,1534405,750986,783419
0.0 Scen,2019,000,State of Texas,27043215,13432645,13610570,11532278,5705165,5827113,3076708,1489653,1587055,10885229,5479486,5405743,1549000,758341,790659
0.0 Scen,2020,000,State of Texas,27238610,13530841,13707769,11536110,5707056,5829054,3094463,1498734,1595729,11044873,5559602,5485271,1563164,765449,797715
0.0 Scen,2021,000,State of Texas,27430846,13627415,13803431,11537397,5707644,5829753,3111505,1507454,1604051,11205047,5639964,5565083,1576897,772353,804544
0.0 Scen,2022,000,State of Texas,27619758,13722284,13897474,11536122,5706908,5829214,3127711,1515776,1611935,11365689,5720539,5645150,1590236,779061,811175
0.0 Scen,2023,000,State of Texas,27805264,13815398,13989866,11532082,5704758,5827324,3143074,1523667,1619407,11526811,5801342,5725469,1603297,785631,817666
0.0 Scen,2024,000,State of Texas,27987306,13906726,14080580,11525253,5701193,5824060,3157628,1531153,1626475,11688388,5882353,5806035,1616037,792027,824010
0.0 Scen,2025,000,State of Texas,28165689,13996238,14169451,11515558,5696235,5819323,3171310,1538223,1633087,11850277,5963483,5886794,1628544,798297,830247
0.0 Scen,2026,000,State of Texas,28340192,14083885,14256307,11502873,5689825,5813048,3184103,1544875,1639228,12012361,6044693,5967668,1640855,804492,836363
0.0 Scen,2027,000,State of Texas,28510652,14169549,14341103,11487277,5682006,5805271,3196030,1551109,1644921,12174404,6125873,6048531,1652941,810561,842380
0.0 Scen,2028,000,State of Texas,28676463,14252954,14423509,11468557,5672685,5795872,3206959,1556858,1650101,12336099,6206865,6129234,1664848,816546,848302
0.0 Scen,2029,000,State of Texas,28837655,14334160,14503495,11446905,5661991,5784914,3216979,1562187,1654792,12497186,6287534,6209652,1676585,822448,854137
0.0 Scen,2030,000,State of Texas,28994210,14413184,14581026,11422646,5650078,5772568,3226030,1567080,1658950,12657347,6367725,6289622,1688187,828301,859886
0.0 Scen,2031,000,State of Texas,29146457,14490160,14656297,11396367,5637247,5759120,3234143,1571511,1662632,12816396,6447366,6369030,1699551,834036,865515
0.0 Scen,2032,000,State of Texas,29293370,14564701,14728669,11367218,5623144,5744074,3241349,1575537,1665812,12974084,6526353,6447731,1710719,839667,871052
0.0 Scen,2033,000,State of Texas,29435223,14636896,14798327,11335635,5607978,5727657,3247634,1579130,1668504,13130320,6604594,6525726,1721634,845194,876440
0.0 Scen,2034,000,State of Texas,29572471,14706992,14865479,11302165,5592012,5710153,3252994,1582318,1670676,13285000,6682068,6602932,1732312,850594,881718
0.0 Scen,2035,000,State of Texas,29705207,14775053,14930154,11266963,5575313,5691650,3257502,1585124,1672378,13438061,6758753,6679308,1742681,855863,886818
0.0 Scen,2036,000,State of Texas,29833585,14841133,14992452,11230247,5558011,5672236,3261169,1587544,1673625,13589467,6834614,6754853,1752702,860964,891738
0.0 Scen,2037,000,State of Texas,29957694,14905262,15052432,11192095,5540129,5651966,3264011,1589582,1674429,13739253,6909678,6829575,1762335,865873,896462
0.0 Scen,2038,000,State of Texas,30077600,14967469,15110131,11152586,5521670,5630916,3266092,1591301,1674791,13887383,6983921,6903462,1771539,870577,900962
0.0 Scen,2039,000,State of Texas,30193458,15027883,15165575,11111958,5502805,5609153,3267439,1592694,1674745,14033866,7057378,6976488,1780195,875006,905189
0.0 Scen,2040,000,State of Texas,30305304,15086476,15218828,11070270,5483517,5586753,3268073,1593785,1674288,14178639,7129996,7048643,1788322,879178,909144
0.0 Scen,2041,000,State of Texas,30413550,15143434,15270116,11027819,5463960,5563859,3268052,1594585,1673467,14321798,7201831,7119967,1795881,883058,912823
0.0 Scen,2042,000,State of Texas,30517688,15198538,15319150,10984154,5443896,5540258,3267414,1595136,1672278,14463387,7272922,7190465,1802733,886584,916149
0.0 Scen,2043,000,State of Texas,30617890,15251826,15366064,10939414,5423420,5515994,3266139,1595402,1670737,14603450,7343234,7260216,1808887,889770,919117
0.0 Scen,2044,000,State of Texas,30714751,15303593,15411158,10893932,5402678,5491254,3264325,1595449,1668876,14742139,7412884,7329255,1814355,892582,921773
0.0 Scen,2045,000,State of Texas,30808219,15353870,15454349,10847689,5381647,5466042,3262009,1595281,1666728,14879458,7481888,7397570,1819063,895054,924009
0.0 Scen,2046,000,State of Texas,30899220,15403110,15496110,10801316,5360692,5440624,3259230,1594922,1664308,15015541,7550309,7465232,1823133,897187,925946
0.0 Scen,2047,000,State of Texas,30988290,15451534,15536756,10755155,5339909,5415246,3256029,1594381,1661648,15150552,7618250,7532302,1826554,898994,927560
0.0 Scen,2048,000,State of Texas,31075662,15499235,15576427,10709395,5319414,5389981,3252441,1593661,1658780,15284484,7685691,7598793,1829342,900469,928873
0.0 Scen,2049,000,State of Texas,31161596,15546367,15615229,10664191,5299227,5364964,3248472,1592802,1655670,15417467,7752714,7664753,1831466,901624,929842
0.0 Scen,2050,000,State of Texas,31246355,15592984,15653371,10619646,5279377,5340269,3244154,1591786,1652368,15549474,7819309,7730165,1833081,902512,930569
0.0 Scen,2010,001,Anderson County,58458,35521,22937,35792,19716,16076,12222,8883,3339,9287,6363,2924,1157,559,598
0.0 Scen,2011,001,Anderson County,58635,35619,23016,35808,19728,16080,12245,8895,3350,9418,6433,2985,1164,563,601
0.0 Scen,2012,001,Anderson County,58840,35727,23113,35836,19744,16092,12269,8906,3363,9562,6509,3053,1173,568,605
0.0 Scen,2013,001,Anderson County,59027,35827,23200,35858,19759,16099,12290,8918,3372,9700,6580,3120,1179,570,609
0.0 Scen,2014,001,Anderson County,59220,35938,23282,35876,19772,16104,12315,8934,3381,9844,6657,3187,1185,575,610
0.0 Scen,2015,001,Anderson County,59412,36039,23373,35889,19782,16107,12339,8945,3394,9990,6732,3258,1194,580,614
0.0 Scen,2016,001,Anderson County,59590,36129,23461,35895,19786,16109,12359,8953,3406,10134,6805,3329,1202,585,617
0.0 Scen,2017,001,Anderson County,59763,36225,23538,35902,19795,16107,12365,8956,3409,10283,6881,3402,1213,593,620
0.0 Scen,2018,001,Anderson County,59914,36305,23609,35883,19786,16097,12380,8964,3416,10428,6956,3472,1223,599,624
0.0 Scen,2019,001,Anderson County,60058,36383,23675,35855,19776,16079,12388,8968,3420,10582,7035,3547,1233,604,629
0.0 Scen,2020,001,Anderson County,60186,36433,23753,35840,19768,16072,12379,8956,3423,10726,7103,3623,1241,606,635
0.0 Scen,2021,001,Anderson County,60338,36508,23830,35817,19755,16062,12389,8962,3427,10879,7178,3701,1253,613,640
0.0 Scen,2022,001,Anderson County,60467,36556,23911,35778,19729,16049,12391,8956,3435,11033,7252,3781,1265,619,646
0.0 Scen,2023,001,Anderson County,60599,36606,23993,35737,19705,16032,12393,8944,3449,11191,7330,3861,1278,627,651
0.0 Scen,2024,001,Anderson County,60723,36653,24070,35694,19681,16013,12395,8940,3455,11345,7401,3944,1289,631,658
0.0 Scen,2025,001,Anderson County,60825,36689,24136,35640,19657,15983,12395,8931,3464,11488,7463,4025,1302,638,664
0.0 Scen,2026,001,Anderson County,60925,36724,24201,35574,19623,15951,12392,8919,3473,11641,7534,4107,1318,648,670
0.0 Scen,2027,001,Anderson County,61021,36753,24268,35512,19591,15921,12394,8914,3480,11786,7594,4192,1329,654,675
0.0 Scen,2028,001,Anderson County,61102,36775,24327,35438,19554,15884,12394,8902,3492,11934,7660,4274,1336,659,677
0.0 Scen,2029,001,Anderson County,61176,36791,24385,35358,19515,15843,12389,8886,3503,12073,7719,4354,1356,671,685
0.0 Scen,2030,001,Anderson County,61244,36798,24446,35267,19463,15804,12390,8873,3517,12208,7781,4427,1379,681,698
0.0 Scen,2031,001,Anderson County,61309,36808,24501,35170,19411,15759,12388,8857,3531,12354,7848,4506,1397,692,705
0.0 Scen,2032,001,Anderson County,61360,36805,24555,35069,19357,15712,12384,8839,3545,12496,7910,4586,1411,699,712
0.0 Scen,2033,001,Anderson County,61369,36776,24593,34952,19291,15661,12366,8812,3554,12631,7969,4662,1420,704,716
0.0 Scen,2034,001,Anderson County,61399,36759,24640,34840,19231,15609,12351,8784,3567,12774,8033,4741,1434,711,723
0.0 Scen,2035,001,Anderson County,61413,36730,24683,34720,19163,15557,12331,8755,3576,12914,8095,4819,1448,717,731
0.0 Scen,2036,001,Anderson County,61413,36691,24722,34595,19091,15504,12303,8719,3584,13053,8156,4897,1462,725,737
0.0 Scen,2037,001,Anderson County,61403,36652,24751,34467,19016,15451,12280,8690,3590,13189,8220,4969,1467,726,741
0.0 Scen,2038,001,Anderson County,61393,36615,24778,34338,18945,15393,12248,8652,3596,13333,8288,5045,1474,730,744
0.0 Scen,2039,001,Anderson County,61369,36573,24796,34199,18869,15330,12214,8614,3600,13473,8355,5118,1483,735,748
0.0 Scen,2040,001,Anderson County,61342,36525,24817,34058,18790,15268,12179,8579,3600,13613,8417,5196,1492,739,753
0.0 Scen,2041,001,Anderson County,61323,36488,24835,33925,18715,15210,12143,8544,3599,13755,8486,5269,1500,743,757
0.0 Scen,2042,001,Anderson County,61297,36437,24860,33793,18637,15156,12106,8505,3601,13900,8554,5346,1498,741,757
0.0 Scen,2043,001,Anderson County,61266,36381,24885,33653,18552,15101,12073,8468,3605,14039,8619,5420,1501,742,759
0.0 Scen,2044,001,Anderson County,61217,36321,24896,33503,18464,15039,12034,8430,3604,14179,8686,5493,1501,741,760
0.0 Scen,2045,001,Anderson County,61170,36259,24911,33368,18383,14985,11986,8388,3598,14315,8747,5568,1501,741,760
0.0 Scen,2046,001,Anderson County,61134,36207,24927,33233,18304,14929,11944,8351,3593,14453,8812,5641,1504,740,764
0.0 Scen,2047,001,Anderson County,61090,36154,24936,33089,18223,14866,11902,8312,3590,14594,8876,5718,1505,743,762
0.0 Scen,2048,001,Anderson County,61077,36110,24967,32965,18149,14816,11870,8279,3591,14735,8940,5795,1507,742,765
0.0 Scen,2049,001,Anderson County,61054,36065,24989,32840,18078,14762,11831,8239,3592,14875,9004,5871,1508,744,764
0.0 Scen,2050,001,Anderson County,61012,36011,25001,32708,18005,14703,11790,8201,3589,15009,9061,5948,1505,744,761
0.0 Scen,2010,003,Andrews County,14786,7368,7418,7083,3462,3621,199,101,98,7195,3655,3540,309,150,159
0.0 Scen,2011,003,Andrews County,14957,7456,7501,7101,3471,3630,200,102,98,7342,3731,3611,314,152,162
0.0 Scen,2012,003,Andrews County,15124,7537,7587,7115,3476,3639,201,102,99,7489,3804,3685,319,155,164
0.0 Scen,2013,003,Andrews County,15293,7622,7671,7129,3482,3647,201,102,99,7639,3881,3758,324,157,167
0.0 Scen,2014,003,Andrews County,15466,7709,7757,7141,3487,3654,202,102,100,7794,3960,3834,329,160,169
0.0 Scen,2015,003,Andrews County,15634,7796,7838,7150,3491,3659,203,103,100,7946,4039,3907,335,163,172
0.0 Scen,2016,003,Andrews County,15796,7875,7921,7153,3492,3661,204,103,101,8096,4111,3985,343,169,174
0.0 Scen,2017,003,Andrews County,15966,7962,8004,7161,3494,3667,204,104,100,8251,4191,4060,350,173,177
0.0 Scen,2018,003,Andrews County,16128,8044,8084,7170,3499,3671,206,106,100,8394,4263,4131,358,176,182
0.0 Scen,2019,003,Andrews County,16290,8127,8163,7173,3501,3672,205,104,101,8548,4342,4206,364,180,184
0.0 Scen,2020,003,Andrews County,16450,8210,8240,7172,3502,3670,206,105,101,8699,4419,4280,373,184,189
0.0 Scen,2021,003,Andrews County,16613,8294,8319,7175,3506,3669,208,106,102,8850,4494,4356,380,188,192
0.0 Scen,2022,003,Andrews County,16778,8376,8402,7176,3509,3667,211,108,103,9005,4569,4436,386,190,196
0.0 Scen,2023,003,Andrews County,16936,8460,8476,7173,3513,3660,213,110,103,9156,4642,4514,394,195,199
0.0 Scen,2024,003,Andrews County,17082,8525,8557,7168,3512,3656,212,108,104,9300,4706,4594,402,199,203
0.0 Scen,2025,003,Andrews County,17244,8607,8637,7171,3516,3655,216,111,105,9447,4776,4671,410,204,206
0.0 Scen,2026,003,Andrews County,17398,8678,8720,7168,3513,3655,218,112,106,9591,4843,4748,421,210,211
0.0 Scen,2027,003,Andrews County,17547,8750,8797,7164,3514,3650,220,113,107,9734,4909,4825,429,214,215
0.0 Scen,2028,003,Andrews County,17691,8824,8867,7162,3518,3644,220,113,107,9874,4977,4897,435,216,219
0.0 Scen,2029,003,Andrews County,17834,8898,8936,7157,3517,3640,220,113,107,10014,5048,4966,443,220,223
0.0 Scen,2030,003,Andrews County,17973,8976,8997,7151,3522,3629,219,113,106,10154,5116,5038,449,225,224
0.0 Scen,2031,003,Andrews County,18122,9057,9065,7152,3527,3625,220,113,107,10295,5187,5108,455,230,225
0.0 Scen,2032,003,Andrews County,18272,9137,9135,7153,3530,3623,220,113,107,10438,5260,5178,461,234,227
0.0 Scen,2033,003,Andrews County,18410,9210,9200,7150,3532,3618,220,113,107,10577,5330,5247,463,235,228
0.0 Scen,2034,003,Andrews County,18548,9282,9266,7147,3535,3612,222,114,108,10710,5395,5315,469,238,231
0.0 Scen,2035,003,Andrews County,18695,9362,9333,7147,3535,3612,222,114,108,10850,5471,5379,476,242,234
0.0 Scen,2036,003,Andrews County,18833,9434,9399,7138,3531,3607,221,113,108,10992,5545,5447,482,245,237
0.0 Scen,2037,003,Andrews County,18976,9507,9469,7137,3534,3603,220,113,107,11130,5612,5518,489,248,241
0.0 Scen,2038,003,Andrews County,19114,9578,9536,7130,3530,3600,219,112,107,11272,5685,5587,493,251,242
0.0 Scen,2039,003,Andrews County,19241,9646,9595,7118,3527,3591,218,112,106,11405,5751,5654,500,256,244
0.0 Scen,2040,003,Andrews County,19378,9719,9659,7108,3526,3582,217,111,106,11545,5821,5724,508,261,247
0.0 Scen,2041,003,Andrews County,19524,9796,9728,7104,3527,3577,216,111,105,11687,5891,5796,517,267,250
0.0 Scen,2042,003,Andrews County,19658,9868,9790,7090,3524,3566,215,110,105,11826,5962,5864,527,272,255
0.0 Scen,2043,003,Andrews County,19794,9940,9854,7079,3521,3558,214,110,104,11965,6033,5932,536,276,260
0.0 Scen,2044,003,Andrews County,19923,10005,9918,7067,3517,3550,213,109,104,12101,6100,6001,542,279,263
0.0 Scen,2045,003,Andrews County,20049,10073,9976,7051,3511,3540,211,109,102,12239,6170,6069,548,283,265
0.0 Scen,2046,003,Andrews County,20177,10138,10039,7037,3507,3530,210,108,102,12376,6236,6140,554,287,267
0.0 Scen,2047,003,Andrews County,20309,10205,10104,7023,3501,3522,209,108,101,12515,6305,6210,562,291,271
0.0 Scen,2048,003,Andrews County,20439,10273,10166,7008,3495,3513,208,107,101,12654,6377,6277,569,294,275
0.0 Scen,2049,003,Andrews County,20562,10341,10221,6991,3493,3498,207,107,100,12789,6444,6345,575,297,278
0.0 Scen,2050,003,Andrews County,20682,10406,10276,6975,3491,3484,205,106,99,12919,6508,6411,583,301,282
0.0 Scen,2010,005,Angelina County,86771,42515,44256,54889,26691,28198,12840,6048,6792,17145,8899,8246,1897,877,1020
0.0 Scen,2011,005,Angelina County,87283,42789,44494,54922,26717,28205,12930,6100,6830,17506,9080,8426,1925,892,1033
0.0 Scen,2012,005,Angelina County,87834,43078,44756,54973,26749,28224,13030,6153,6877,17878,9268,8610,1953,908,1045
0.0 Scen,2013,005,Angelina County,88400,43374,45026,55035,26787,28248,13134,6210,6924,18244,9452,8792,1987,925,1062
0.0 Scen,2014,005,Angelina County,88956,43658,45298,55090,26822,28268,13232,6264,6968,18615,9631,8984,2019,941,1078
0.0 Scen,2015,005,Angelina County,89485,43932,45553,55142,26857,28285,13314,6310,7004,18972,9802,9170,2057,963,1094
0.0 Scen,2016,005,Angelina County,89986,44193,45793,55161,26877,28284,13410,6361,7049,19329,9976,9353,2086,979,1107
0.0 Scen,2017,005,Angelina County,90497,44453,46044,55192,26902,28290,13487,6404,7083,19696,10151,9545,2122,996,1126
0.0 Scen,2018,005,Angelina County,90992,44705,46287,55208,26919,28289,13572,6448,7124,20057,10326,9731,2155,1012,1143
0.0 Scen,2019,005,Angelina County,91489,44955,46534,55220,26930,28290,13648,6488,7160,20431,10507,9924,2190,1030,1160
0.0 Scen,2020,005,Angelina County,91979,45200,46779,55219,26936,28283,13725,6527,7198,20807,10687,10120,2228,1050,1178
0.0 Scen,2021,005,Angelina County,92494,45464,47030,55242,26956,28286,13802,6564,7238,21185,10875,10310,2265,1069,1196
0.0 Scen,2022,005,Angelina County,92987,45722,47265,55240,26969,28271,13868,6596,7272,21575,11068,10507,2304,1089,1215
0.0 Scen,2023,005,Angelina County,93475,45976,47499,55222,26969,28253,13936,6633,7303,21969,11263,10706,2348,1111,1237
0.0 Scen,2024,005,Angelina County,93934,46225,47709,55199,26971,28228,13979,6659,7320,22373,11464,10909,2383,1131,1252
0.0 Scen,2025,005,Angelina County,94404,46480,47924,55164,26964,28200,14037,6694,7343,22775,11667,11108,2428,1155,1273
0.0 Scen,2026,005,Angelina County,94863,46711,48152,55117,26951,28166,14087,6716,7371,23196,11872,11324,2463,1172,1291
0.0 Scen,2027,005,Angelina County,95312,46941,48371,55051,26926,28125,14127,6735,7392,23628,12087,11541,2506,1193,1313
0.0 Scen,2028,005,Angelina County,95755,47169,48586,54979,26895,28084,14175,6760,7415,24054,12301,11753,2547,1213,1334
0.0 Scen,2029,005,Angelina County,96178,47391,48787,54889,26859,28030,14214,6780,7434,24487,12518,11969,2588,1234,1354
0.0 Scen,2030,005,Angelina County,96610,47611,48999,54789,26813,27976,14256,6800,7456,24931,12739,12192,2634,1259,1375
0.0 Scen,2031,005,Angelina County,97028,47831,49197,54696,26776,27920,14295,6822,7473,25361,12953,12408,2676,1280,1396
0.0 Scen,2032,005,Angelina County,97397,48023,49374,54566,26721,27845,14321,6835,7486,25794,13168,12626,2716,1299,1417
0.0 Scen,2033,005,Angelina County,97771,48214,49557,54434,26660,27774,14347,6847,7500,26231,13389,12842,2759,1318,1441
0.0 Scen,2034,005,Angelina County,98131,48408,49723,54304,26610,27694,14374,6865,7509,26656,13596,13060,2797,1337,1460
0.0 Scen,2035,005,Angelina County,98460,48583,49877,54149,26542,27607,14398,6880,7518,27079,13805,13274,2834,1356,1478
0.0 Scen,2036,005,Angelina County,98786,48756,50030,54007,26480,27527,14411,6888,7523,27498,14013,13485,2870,1375,1495
0.0 Scen,2037,005,Angelina County,99118,48939,50179,53866,26424,27442,14426,6900,7526,27916,14219,13697,2910,1396,1514
0.0 Scen,2038,005,Angelina County,99418,49114,50304,53708,26358,27350,14432,6913,7519,28330,14424,13906,2948,1419,1529
0.0 Scen,2039,005,Angelina County,99724,49285,50439,53552,26294,27258,14437,6920,7517,28748,14633,14115,2987,1438,1549
0.0 Scen,2040,005,Angelina County,100020,49442,50578,53407,26237,27170,14433,6920,7513,29161,14833,14328,3019,1452,1567
0.0 Scen,2041,005,Angelina County,100303,49596,50707,53246,26166,27080,14427,6921,7506,29577,15040,14537,3053,1469,1584
0.0 Scen,2042,005,Angelina County,100595,49759,50836,53093,26105,26988,14420,6920,7500,29996,15246,14750,3086,1488,1598
0.0 Scen,2043,005,Angelina County,100872,49912,50960,52933,26038,26895,14415,6923,7492,30405,15446,14959,3119,1505,1614
0.0 Scen,2044,005,Angelina County,101129,50057,51072,52769,25970,26799,14398,6922,7476,30810,15644,15166,3152,1521,1631
0.0 Scen,2045,005,Angelina County,101391,50194,51197,52612,25905,26707,14386,6919,7467,31211,15834,15377,3182,1536,1646
0.0 Scen,2046,005,Angelina County,101661,50348,51313,52450,25841,26609,14373,6917,7456,31626,16038,15588,3212,1552,1660
0.0 Scen,2047,005,Angelina County,101926,50496,51430,52286,25775,26511,14360,6916,7444,32039,16239,15800,3241,1566,1675
0.0 Scen,2048,005,Angelina County,102196,50645,51551,52133,25713,26420,14338,6911,7427,32450,16438,16012,3275,1583,1692
0.0 Scen,2049,005,Angelina County,102460,50791,51669,51967,25645,26322,14326,6912,7414,32863,16636,16227,3304,1598,1706
0.0 Scen,2050,005,Angelina County,102725,50943,51782,51808,25581,26227,14303,6905,7398,33282,16843,16439,3332,1614,1718
0.0 Scen,2010,007,Aransas County,23158,11485,11673,16350,8034,8316,258,147,111,5690,2878,2812,860,426,434
0.0 Scen,2011,007,Aransas County,23139,11466,11673,16239,7968,8271,260,148,112,5772,2920,2852,868,430,438
0.0 Scen,2012,007,Aransas County,23119,11445,11674,16123,7897,8226,262,149,113,5858,2965,2893,876,434,442
0.0 Scen,2013,007,Aransas County,23098,11423,11675,16008,7828,8180,264,150,114,5943,3008,2935,883,437,446
0.0 Scen,2014,007,Aransas County,23080,11406,11674,15897,7766,8131,266,151,115,6025,3048,2977,892,441,451
0.0 Scen,2015,007,Aransas County,23063,11386,11677,15780,7694,8086,268,152,116,6115,3094,3021,900,446,454
0.0 Scen,2016,007,Aransas County,23046,11376,11670,15669,7634,8035,270,153,117,6198,3137,3061,909,452,457
0.0 Scen,2017,007,Aransas County,23019,11353,11666,15549,7568,7981,271,153,118,6281,3176,3105,918,456,462
0.0 Scen,2018,007,Aransas County,22990,11329,11661,15424,7498,7926,273,154,119,6366,3217,3149,927,460,467
0.0 Scen,2019,007,Aransas County,22958,11303,11655,15303,7431,7872,274,155,119,6446,3254,3192,935,463,472
0.0 Scen,2020,007,Aransas County,22926,11279,11647,15176,7363,7813,273,154,119,6533,3296,3237,944,466,478
0.0 Scen,2021,007,Aransas County,22896,11264,11632,15057,7302,7755,276,157,119,6612,3335,3277,951,470,481
0.0 Scen,2022,007,Aransas County,22845,11236,11609,14920,7233,7687,276,157,119,6691,3372,3319,958,474,484
0.0 Scen,2023,007,Aransas County,22802,11215,11587,14781,7159,7622,276,157,119,6778,3419,3359,967,480,487
0.0 Scen,2024,007,Aransas County,22753,11187,11566,14638,7083,7555,278,158,120,6863,3461,3402,974,485,489
0.0 Scen,2025,007,Aransas County,22690,11148,11542,14497,7010,7487,278,157,121,6940,3497,3443,975,484,491
0.0 Scen,2026,007,Aransas County,22620,11109,11511,14346,6932,7414,279,157,122,7014,3531,3483,981,489,492
0.0 Scen,2027,007,Aransas County,22544,11067,11477,14186,6849,7337,279,157,122,7092,3568,3524,987,493,494
0.0 Scen,2028,007,Aransas County,22469,11031,11438,14031,6774,7257,279,157,122,7165,3602,3563,994,498,496
0.0 Scen,2029,007,Aransas County,22392,10997,11395,13871,6700,7171,279,157,122,7245,3642,3603,997,498,499
0.0 Scen,2030,007,Aransas County,22325,10966,11359,13718,6625,7093,279,157,122,7322,3681,3641,1006,503,503
0.0 Scen,2031,007,Aransas County,22244,10933,11311,13560,6552,7008,279,157,122,7399,3720,3679,1006,504,502
0.0 Scen,2032,007,Aransas County,22171,10904,11267,13409,6486,6923,278,156,122,7476,3757,3719,1008,505,503
0.0 Scen,2033,007,Aransas County,22104,10874,11230,13266,6420,6846,277,156,121,7552,3793,3759,1009,505,504
0.0 Scen,2034,007,Aransas County,22040,10847,11193,13120,6352,6768,276,155,121,7632,3834,3798,1012,506,506
0.0 Scen,2035,007,Aransas County,21976,10827,11149,12981,6292,6689,276,155,121,7705,3873,3832,1014,507,507
0.0 Scen,2036,007,Aransas County,21913,10805,11108,12850,6234,6616,276,155,121,7772,3909,3863,1015,507,508
0.0 Scen,2037,007,Aransas County,21863,10791,11072,12725,6182,6543,276,155,121,7847,3947,3900,1015,507,508
0.0 Scen,2038,007,Aransas County,21809,10772,11037,12607,6130,6477,275,154,121,7910,3977,3933,1017,511,506
0.0 Scen,2039,007,Aransas County,21773,10765,11008,12502,6086,6416,274,153,121,7981,4014,3967,1016,512,504
0.0 Scen,2040,007,Aransas County,21732,10754,10978,12393,6040,6353,274,153,121,8051,4049,4002,1014,512,502
0.0 Scen,2041,007,Aransas County,21706,10752,10954,12299,6002,6297,271,150,121,8122,4087,4035,1014,513,501
0.0 Scen,2042,007,Aransas County,21683,10757,10926,12210,5970,6240,270,150,120,8191,4124,4067,1012,513,499
0.0 Scen,2043,007,Aransas County,21668,10762,10906,12131,5940,6191,268,149,119,8259,4160,4099,1010,513,497
0.0 Scen,2044,007,Aransas County,21646,10762,10884,12047,5909,6138,265,147,118,8328,4196,4132,1006,510,496
0.0 Scen,2045,007,Aransas County,21633,10768,10865,11968,5882,6086,262,145,117,8399,4232,4167,1004,509,495
0.0 Scen,2046,007,Aransas County,21630,10780,10850,11895,5857,6038,262,146,116,8468,4268,4200,1005,509,496
0.0 Scen,2047,007,Aransas County,21627,10792,10835,11827,5836,5991,260,145,115,8539,4304,4235,1001,507,494
0.0 Scen,2048,007,Aransas County,21630,10803,10827,11763,5810,5953,258,144,114,8607,4342,4265,1002,507,495
0.0 Scen,2049,007,Aransas County,21640,10821,10819,11705,5793,5912,255,142,113,8676,4379,4297,1004,507,497
0.0 Scen,2050,007,Aransas County,21648,10836,10812,11649,5773,5876,251,140,111,8744,4415,4329,1004,508,496
0.0 Scen,2010,009,Archer County,9054,4563,4491,8182,4101,4081,34,20,14,675,372,303,163,70,93
0.0 Scen,2011,009,Archer County,9050,4556,4494,8167,4088,4079,34,20,14,685,377,308,164,71,93
0.0 Scen,2012,009,Archer County,9044,4547,4497,8151,4075,4076,34,20,14,694,381,313,165,71,94
0.0 Scen,2013,009,Archer County,9041,4538,4503,8140,4062,4078,34,20,14,702,384,318,165,72,93
0.0 Scen,2014,009,Archer County,9031,4526,4505,8120,4045,4075,34,20,14,711,389,322,166,72,94
0.0 Scen,2015,009,Archer County,9034,4527,4507,8112,4040,4072,34,20,14,721,394,327,167,73,94
0.0 Scen,2016,009,Archer County,9032,4522,4510,8097,4028,4069,34,20,14,733,401,332,168,73,95
0.0 Scen,2017,009,Archer County,9035,4529,4506,8088,4028,4060,34,20,14,745,408,337,168,73,95
0.0 Scen,2018,009,Archer County,9037,4531,4506,8078,4024,4054,34,20,14,755,413,342,170,74,96
0.0 Scen,2019,009,Archer County,9039,4532,4507,8068,4017,4051,34,20,14,765,420,345,172,75,97
0.0 Scen,2020,009,Archer County,9060,4544,4516,8068,4018,4050,34,20,14,783,430,353,175,76,99
0.0 Scen,2021,009,Archer County,9065,4547,4518,8063,4015,4048,34,20,14,791,435,356,177,77,100
0.0 Scen,2022,009,Archer County,9084,4555,4529,8064,4014,4050,34,20,14,806,443,363,180,78,102
0.0 Scen,2023,009,Archer County,9098,4563,4535,8061,4013,4048,34,20,14,820,450,370,183,80,103
0.0 Scen,2024,009,Archer County,9110,4566,4544,8059,4009,4050,34,20,14,832,456,376,185,81,104
0.0 Scen,2025,009,Archer County,9132,4582,4550,8068,4018,4050,34,20,14,842,461,381,188,83,105
0.0 Scen,2026,009,Archer County,9143,4590,4553,8066,4018,4048,34,20,14,853,468,385,190,84,106
0.0 Scen,2027,009,Archer County,9163,4603,4560,8070,4021,4049,34,20,14,867,476,391,192,86,106
0.0 Scen,2028,009,Archer County,9178,4608,4570,8070,4021,4049,33,19,14,882,482,400,193,86,107
0.0 Scen,2029,009,Archer County,9196,4620,4576,8072,4024,4048,33,19,14,895,489,406,196,88,108
0.0 Scen,2030,009,Archer County,9202,4622,4580,8062,4017,4045,33,19,14,909,497,412,198,89,109
0.0 Scen,2031,009,Archer County,9203,4628,4575,8048,4013,4035,33,19,14,923,506,417,199,90,109
0.0 Scen,2032,009,Archer County,9202,4626,4576,8035,4005,4030,33,19,14,934,512,422,200,90,110
0.0 Scen,2033,009,Archer County,9196,4623,4573,8015,3994,4021,33,19,14,946,518,428,202,92,110
0.0 Scen,2034,009,Archer County,9185,4619,4566,7989,3982,4007,34,20,14,958,524,434,204,93,111
0.0 Scen,2035,009,Archer County,9168,4615,4553,7958,3970,3988,34,20,14,971,531,440,205,94,111
0.0 Scen,2036,009,Archer County,9144,4603,4541,7923,3953,3970,34,20,14,981,536,445,206,94,112
0.0 Scen,2037,009,Archer County,9117,4592,4525,7884,3935,3949,34,20,14,992,542,450,207,95,112
0.0 Scen,2038,009,Archer County,9085,4577,4508,7841,3914,3927,34,20,14,1002,548,454,208,95,113
0.0 Scen,2039,009,Archer County,9054,4563,4491,7798,3893,3905,34,20,14,1013,554,459,209,96,113
0.0 Scen,2040,009,Archer County,9015,4543,4472,7748,3868,3880,34,20,14,1023,559,464,210,96,114
0.0 Scen,2041,009,Archer County,8981,4530,4451,7704,3850,3854,33,19,14,1033,564,469,211,97,114
0.0 Scen,2042,009,Archer County,8951,4516,4435,7662,3830,3832,33,19,14,1043,569,474,213,98,115
0.0 Scen,2043,009,Archer County,8912,4499,4413,7614,3809,3805,33,19,14,1052,573,479,213,98,115
0.0 Scen,2044,009,Archer County,8874,4480,4394,7568,3787,3781,33,19,14,1061,577,484,212,97,115
0.0 Scen,2045,009,Archer County,8834,4462,4372,7521,3766,3755,33,19,14,1070,581,489,210,96,114
0.0 Scen,2046,009,Archer County,8798,4444,4354,7477,3745,3732,33,19,14,1079,585,494,209,95,114
0.0 Scen,2047,009,Archer County,8763,4425,4338,7435,3722,3713,33,19,14,1087,589,498,208,95,113
0.0 Scen,2048,009,Archer County,8735,4413,4322,7399,3707,3692,33,19,14,1094,592,502,209,95,114
0.0 Scen,2049,009,Archer County,8707,4403,4304,7364,3693,3671,32,18,14,1102,596,506,209,96,113
0.0 Scen,2050,009,Archer County,8679,4391,4288,7328,3677,3651,32,18,14,1110,600,510,209,96,113
0.0 Scen,2010,011,Armstrong County,1901,928,973,1725,844,881,11,6,5,124,61,63,41,17,24
0.0 Scen,2011,011,Armstrong County,1907,932,975,1729,847,882,11,6,5,126,62,64,41,17,24
0.0 Scen,2012,011,Armstrong County,1910,934,976,1730,848,882,11,6,5,128,63,65,41,17,24
0.0 Scen,2013,011,Armstrong County,1912,936,976,1730,849,881,11,6,5,130,64,66,41,17,24
0.0 Scen,2014,011,Armstrong County,1912,936,976,1728,848,880,11,6,5,132,65,67,41,17,24
0.0 Scen,2015,011,Armstrong County,1918,941,977,1732,852,880,11,6,5,134,66,68,41,17,24
0.0 Scen,2016,011,Armstrong County,1920,943,977,1732,853,879,11,6,5,136,67,69,41,17,24
0.0 Scen,2017,011,Armstrong County,1924,948,976,1734,857,877,11,6,5,138,68,70,41,17,24
0.0 Scen,2018,011,Armstrong County,1931,954,977,1739,862,877,11,6,5,140,69,71,41,17,24
0.0 Scen,2019,011,Armstrong County,1930,954,976,1736,861,875,11,6,5,142,70,72,41,17,24
0.0 Scen,2020,011,Armstrong County,1924,950,974,1729,858,871,11,6,5,143,69,74,41,17,24
0.0 Scen,2021,011,Armstrong County,1920,948,972,1722,854,868,11,6,5,146,71,75,41,17,24
0.0 Scen,2022,011,Armstrong County,1919,947,972,1718,852,866,11,6,5,149,72,77,41,17,24
0.0 Scen,2023,011,Armstrong County,1914,945,969,1711,848,863,11,6,5,151,74,77,41,17,24
0.0 Scen,2024,011,Armstrong County,1916,945,971,1711,848,863,11,6,5,153,74,79,41,17,24
0.0 Scen,2025,011,Armstrong County,1912,941,971,1705,842,863,11,6,5,155,76,79,41,17,24
0.0 Scen,2026,011,Armstrong County,1908,937,971,1700,838,862,11,6,5,157,76,81,40,17,23
0.0 Scen,2027,011,Armstrong County,1908,938,970,1698,838,860,11,6,5,159,77,82,40,17,23
0.0 Scen,2028,011,Armstrong County,1902,935,967,1690,834,856,11,6,5,161,78,83,40,17,23
0.0 Scen,2029,011,Armstrong County,1896,933,963,1682,831,851,11,6,5,163,79,84,40,17,23
0.0 Scen,2030,011,Armstrong County,1886,928,958,1670,825,845,11,6,5,165,80,85,40,17,23
0.0 Scen,2031,011,Armstrong County,1879,924,955,1661,820,841,11,6,5,167,81,86,40,17,23
0.0 Scen,2032,011,Armstrong County,1871,917,954,1649,811,838,11,6,5,170,83,87,41,17,24
0.0 Scen,2033,011,Armstrong County,1867,915,952,1643,808,835,11,6,5,172,84,88,41,17,24
0.0 Scen,2034,011,Armstrong County,1864,915,949,1638,807,831,11,6,5,174,85,89,41,17,24
0.0 Scen,2035,011,Armstrong County,1853,908,945,1625,799,826,11,6,5,176,86,90,41,17,24
0.0 Scen,2036,011,Armstrong County,1841,903,938,1613,794,819,11,6,5,176,86,90,41,17,24
0.0 Scen,2037,011,Armstrong County,1830,899,931,1601,789,812,11,6,5,177,87,90,41,17,24
0.0 Scen,2038,011,Armstrong County,1822,898,924,1592,787,805,11,6,5,178,88,90,41,17,24
0.0 Scen,2039,011,Armstrong County,1811,894,917,1580,782,798,11,6,5,179,89,90,41,17,24
0.0 Scen,2040,011,Armstrong County,1802,890,912,1569,777,792,11,6,5,181,90,91,41,17,24
0.0 Scen,2041,011,Armstrong County,1793,889,904,1560,776,784,11,6,5,181,90,91,41,17,24
0.0 Scen,2042,011,Armstrong County,1783,885,898,1550,772,778,11,6,5,181,90,91,41,17,24
0.0 Scen,2043,011,Armstrong County,1773,883,890,1538,769,769,11,6,5,183,91,92,41,17,24
0.0 Scen,2044,011,Armstrong County,1763,881,882,1529,767,762,11,6,5,183,91,92,40,17,23
0.0 Scen,2045,011,Armstrong County,1754,877,877,1519,763,756,11,6,5,184,91,93,40,17,23
0.0 Scen,2046,011,Armstrong County,1747,877,870,1511,762,749,11,6,5,185,92,93,40,17,23
0.0 Scen,2047,011,Armstrong County,1739,875,864,1502,760,742,11,6,5,186,92,94,40,17,23
0.0 Scen,2048,011,Armstrong County,1728,869,859,1492,754,738,11,6,5,186,92,94,39,17,22
0.0 Scen,2049,011,Armstrong County,1721,866,855,1484,751,733,11,6,5,187,92,95,39,17,22
0.0 Scen,2050,011,Armstrong County,1713,863,850,1475,747,728,11,6,5,188,93,95,39,17,22
0.0 Scen,2010,013,Atascosa County,44911,22130,22781,16295,7902,8393,256,142,114,27785,13810,13975,575,276,299
0.0 Scen,2011,013,Atascosa County,45224,22285,22939,16279,7895,8384,258,143,115,28106,13967,14139,581,280,301
0.0 Scen,2012,013,Atascosa County,45548,22441,23107,16274,7893,8381,259,143,116,28430,14122,14308,585,283,302
0.0 Scen,2013,013,Atascosa County,45875,22604,23271,16257,7887,8370,262,145,117,28766,14287,14479,590,285,305
0.0 Scen,2014,013,Atascosa County,46214,22773,23441,16251,7888,8363,264,145,119,29104,14452,14652,595,288,307
0.0 Scen,2015,013,Atascosa County,46552,22944,23608,16231,7881,8350,266,147,119,29453,14624,14829,602,292,310
0.0 Scen,2016,013,Atascosa County,46905,23121,23784,16218,7876,8342,269,149,120,29808,14800,15008,610,296,314
0.0 Scen,2017,013,Atascosa County,47251,23293,23958,16205,7868,8337,271,150,121,30160,14975,15185,615,300,315
0.0 Scen,2018,013,Atascosa County,47635,23487,24148,16199,7863,8336,274,152,122,30535,15164,15371,627,308,319
0.0 Scen,2019,013,Atascosa County,48007,23667,24340,16178,7848,8330,276,153,123,30920,15355,15565,633,311,322
0.0 Scen,2020,013,Atascosa County,48394,23864,24530,16164,7845,8319,276,154,122,31314,15549,15765,640,316,324
0.0 Scen,2021,013,Atascosa County,48793,24053,24740,16151,7835,8316,279,155,124,31714,15741,15973,649,322,327
0.0 Scen,2022,013,Atascosa County,49188,24250,24938,16135,7829,8306,282,156,126,32114,15938,16176,657,327,330
0.0 Scen,2023,013,Atascosa County,49573,24447,25126,16117,7822,8295,282,157,125,32509,16136,16373,665,332,333
0.0 Scen,2024,013,Atascosa County,49953,24635,25318,16105,7817,8288,284,158,126,32896,16328,16568,668,332,336
0.0 Scen,2025,013,Atascosa County,50329,24821,25508,16088,7808,8280,288,162,126,33277,16516,16761,676,335,341
0.0 Scen,2026,013,Atascosa County,50693,25003,25690,16063,7794,8269,293,163,130,33659,16710,16949,678,336,342
0.0 Scen,2027,013,Atascosa County,51033,25174,25859,16037,7785,8252,296,165,131,34019,16887,17132,681,337,344
0.0 Scen,2028,013,Atascosa County,51369,25343,26026,16001,7768,8233,300,167,133,34384,17069,17315,684,339,345
0.0 Scen,2029,013,Atascosa County,51692,25505,26187,15974,7756,8218,302,168,134,34730,17241,17489,686,340,346
0.0 Scen,2030,013,Atascosa County,51994,25662,26332,15932,7740,8192,305,169,136,35069,17412,17657,688,341,347
0.0 Scen,2031,013,Atascosa County,52282,25807,26475,15890,7722,8168,308,170,138,35393,17572,17821,691,343,348
0.0 Scen,2032,013,Atascosa County,52547,25941,26606,15838,7701,8137,310,171,139,35705,17724,17981,694,345,349
0.0 Scen,2033,013,Atascosa County,52814,26076,26738,15791,7680,8111,313,172,141,36014,17877,18137,696,347,349
0.0 Scen,2034,013,Atascosa County,53075,26215,26860,15747,7665,8082,315,173,142,36315,18028,18287,698,349,349
0.0 Scen,2035,013,Atascosa County,53313,26337,26976,15694,7642,8052,316,174,142,36604,18171,18433,699,350,349
0.0 Scen,2036,013,Atascosa County,53553,26462,27091,15643,7621,8022,317,175,142,36896,18318,18578,697,348,349
0.0 Scen,2037,013,Atascosa County,53786,26586,27200,15585,7596,7989,318,176,142,37185,18465,18720,698,349,349
0.0 Scen,2038,013,Atascosa County,54001,26696,27305,15533,7578,7955,319,176,143,37453,18594,18859,696,348,348
0.0 Scen,2039,013,Atascosa County,54211,26814,27397,15470,7553,7917,319,176,143,37729,18738,18991,693,347,346
0.0 Scen,2040,013,Atascosa County,54440,26936,27504,15416,7535,7881,319,175,144,38010,18879,19131,695,347,348
0.0 Scen,2041,013,Atascosa County,54659,27043,27616,15361,7515,7846,318,175,143,38288,19007,19281,692,346,346
0.0 Scen,2042,013,Atascosa County,54881,27161,27720,15309,7496,7813,317,174,143,38564,19147,19417,691,344,347
0.0 Scen,2043,013,Atascosa County,55113,27283,27830,15258,7477,7781,315,172,143,38849,19288,19561,691,346,345
0.0 Scen,2044,013,Atascosa County,55341,27406,27935,15199,7455,7744,312,169,143,39142,19437,19705,688,345,343
0.0 Scen,2045,013,Atascosa County,55573,27529,28044,15147,7437,7710,310,167,143,39426,19579,19847,690,346,344
0.0 Scen,2046,013,Atascosa County,55794,27653,28141,15106,7424,7682,309,166,143,39694,19718,19976,685,345,340
0.0 Scen,2047,013,Atascosa County,56043,27793,28250,15066,7413,7653,308,165,143,39985,19870,20115,684,345,339
0.0 Scen,2048,013,Atascosa County,56284,27927,28357,15024,7402,7622,307,164,143,40270,20015,20255,683,346,337
0.0 Scen,2049,013,Atascosa County,56535,28071,28464,14989,7394,7595,308,165,143,40557,20167,20390,681,345,336
0.0 Scen,2050,013,Atascosa County,56773,28198,28575,14953,7382,7571,307,163,144,40836,20310,20526,677,343,334
0.0 Scen,2010,015,Austin County,28417,14073,14344,18657,9121,9536,2622,1290,1332,6641,3429,3212,497,233,264
0.0 Scen,2011,015,Austin County,28521,14132,14389,18606,9099,9507,2643,1302,1341,6770,3495,3275,502,236,266
0.0 Scen,2012,015,Austin County,28642,14196,14446,18565,9081,9484,2664,1313,1351,6906,3563,3343,507,239,268
0.0 Scen,2013,015,Austin County,28763,14263,14500,18515,9060,9455,2691,1327,1364,7043,3634,3409,514,242,272
0.0 Scen,2014,015,Austin County,28887,14334,14553,18469,9040,9429,2716,1343,1373,7181,3706,3475,521,245,276
0.0 Scen,2015,015,Austin County,29022,14409,14613,18428,9020,9408,2741,1358,1383,7326,3782,3544,527,249,278
0.0 Scen,2016,015,Austin County,29151,14481,14670,18390,9002,9388,2764,1373,1391,7463,3851,3612,534,255,279
0.0 Scen,2017,015,Austin County,29293,14555,14738,18348,8982,9366,2793,1387,1406,7613,3928,3685,539,258,281
0.0 Scen,2018,015,Austin County,29421,14624,14797,18308,8964,9344,2818,1401,1417,7749,3997,3752,546,262,284
0.0 Scen,2019,015,Austin County,29566,14699,14867,18272,8944,9328,2841,1416,1425,7900,4073,3827,553,266,287
0.0 Scen,2020,015,Austin County,29718,14777,14941,18240,8925,9315,2866,1431,1435,8051,4151,3900,561,270,291
0.0 Scen,2021,015,Austin County,29856,14840,15016,18213,8908,9305,2883,1439,1444,8192,4220,3972,568,273,295
0.0 Scen,2022,015,Austin County,30006,14912,15094,18183,8891,9292,2906,1450,1456,8344,4294,4050,573,277,296
0.0 Scen,2023,015,Austin County,30144,14974,15170,18154,8872,9282,2913,1451,1462,8494,4370,4124,583,281,302
0.0 Scen,2024,015,Austin County,30276,15032,15244,18124,8854,9270,2923,1453,1470,8640,4439,4201,589,286,303
0.0 Scen,2025,015,Austin County,30388,15083,15305,18087,8835,9252,2926,1451,1475,8779,4506,4273,596,291,305
0.0 Scen,2026,015,Austin County,30497,15133,15364,18040,8813,9227,2930,1451,1479,8924,4576,4348,603,293,310
0.0 Scen,2027,015,Austin County,30597,15184,15413,17979,8787,9192,2939,1453,1486,9068,4646,4422,611,298,313
0.0 Scen,2028,015,Austin County,30676,15227,15449,17906,8758,9148,2941,1452,1489,9211,4716,4495,618,301,317
0.0 Scen,2029,015,Austin County,30761,15267,15494,17841,8729,9112,2943,1453,1490,9354,4782,4572,623,303,320
0.0 Scen,2030,015,Austin County,30831,15306,15525,17766,8696,9070,2943,1454,1489,9491,4849,4642,631,307,324
0.0 Scen,2031,015,Austin County,30906,15347,15559,17695,8666,9029,2942,1453,1489,9631,4917,4714,638,311,327
0.0 Scen,2032,015,Austin County,30968,15379,15589,17611,8626,8985,2945,1455,1490,9766,4981,4785,646,317,329
0.0 Scen,2033,015,Austin County,31023,15402,15621,17526,8585,8941,2944,1454,1490,9900,5044,4856,653,319,334
0.0 Scen,2034,015,Austin County,31073,15433,15640,17429,8540,8889,2945,1457,1488,10040,5113,4927,659,323,336
0.0 Scen,2035,015,Austin County,31126,15457,15669,17339,8497,8842,2939,1453,1486,10179,5180,4999,669,327,342
0.0 Scen,2036,015,Austin County,31175,15482,15693,17243,8453,8790,2940,1453,1487,10317,5245,5072,675,331,344
0.0 Scen,2037,015,Austin County,31217,15509,15708,17143,8408,8735,2939,1453,1486,10453,5313,5140,682,335,347
0.0 Scen,2038,015,Austin County,31265,15528,15737,17048,8362,8686,2930,1448,1482,10597,5382,5215,690,336,354
0.0 Scen,2039,015,Austin County,31311,15562,15749,16958,8327,8631,2926,1446,1480,10732,5449,5283,695,340,355
0.0 Scen,2040,015,Austin County,31363,15592,15771,16866,8284,8582,2926,1447,1479,10868,5517,5351,703,344,359
0.0 Scen,2041,015,Austin County,31423,15625,15798,16773,8245,8528,2929,1445,1484,11009,5587,5422,712,348,364
0.0 Scen,2042,015,Austin County,31464,15656,15808,16673,8202,8471,2928,1446,1482,11144,5655,5489,719,353,366
0.0 Scen,2043,015,Austin County,31523,15692,15831,16589,8164,8425,2933,1450,1483,11278,5723,5555,723,355,368
0.0 Scen,2044,015,Austin County,31585,15731,15854,16511,8132,8379,2937,1453,1484,11409,5788,5621,728,358,370
0.0 Scen,2045,015,Austin County,31634,15759,15875,16429,8098,8331,2938,1453,1485,11537,5849,5688,730,359,371
0.0 Scen,2046,015,Austin County,31700,15798,15902,16356,8068,8288,2938,1453,1485,11672,5916,5756,734,361,373
0.0 Scen,2047,015,Austin County,31771,15845,15926,16296,8046,8250,2936,1456,1480,11804,5982,5822,735,361,374
0.0 Scen,2048,015,Austin County,31851,15892,15959,16238,8022,8216,2940,1460,1480,11934,6046,5888,739,364,375
0.0 Scen,2049,015,Austin County,31924,15937,15987,16172,7995,8177,2943,1464,1479,12066,6112,5954,743,366,377
0.0 Scen,2050,015,Austin County,32018,15990,16028,16121,7974,8147,2948,1469,1479,12201,6179,6022,748,368,380
0.0 Scen,2010,017,Bailey County,7165,3621,3544,2745,1320,1425,67,42,25,4283,2227,2056,70,32,38
0.0 Scen,2011,017,Bailey County,7231,3656,3575,2737,1317,1420,68,43,25,4355,2263,2092,71,33,38
0.0 Scen,2012,017,Bailey County,7309,3695,3614,2730,1314,1416,69,43,26,4438,2305,2133,72,33,39
0.0 Scen,2013,017,Bailey County,7378,3731,3647,2721,1312,1409,70,44,26,4514,2341,2173,73,34,39
0.0 Scen,2014,017,Bailey County,7448,3769,3679,2712,1310,1402,71,44,27,4591,2381,2210,74,34,40
0.0 Scen,2015,017,Bailey County,7526,3812,3714,2708,1312,1396,72,45,27,4671,2420,2251,75,35,40
0.0 Scen,2016,017,Bailey County,7605,3852,3753,2700,1306,1394,72,45,27,4756,2465,2291,77,36,41
0.0 Scen,2017,017,Bailey County,7674,3886,3788,2689,1300,1389,73,46,27,4835,2504,2331,77,36,41
0.0 Scen,2018,017,Bailey County,7752,3926,3826,2678,1295,1383,72,45,27,4923,2549,2374,79,37,42
0.0 Scen,2019,017,Bailey County,7829,3968,3861,2670,1293,1377,72,45,27,5008,2592,2416,79,38,41
0.0 Scen,2020,017,Bailey County,7908,4010,3898,2660,1289,1371,72,45,27,5095,2637,2458,81,39,42
0.0 Scen,2021,017,Bailey County,7979,4046,3933,2645,1281,1364,71,45,26,5181,2680,2501,82,40,42
0.0 Scen,2022,017,Bailey County,8060,4091,3969,2636,1279,1357,70,45,25,5271,2727,2544,83,40,43
0.0 Scen,2023,017,Bailey County,8138,4130,4008,2623,1272,1351,70,45,25,5360,2771,2589,85,42,43
0.0 Scen,2024,017,Bailey County,8220,4172,4048,2614,1269,1345,70,45,25,5450,2816,2634,86,42,44
0.0 Scen,2025,017,Bailey County,8304,4214,4090,2601,1261,1340,70,45,25,5546,2865,2681,87,43,44
0.0 Scen,2026,017,Bailey County,8385,4255,4130,2591,1257,1334,70,45,25,5636,2910,2726,88,43,45
0.0 Scen,2027,017,Bailey County,8470,4296,4174,2584,1252,1332,70,45,25,5727,2955,2772,89,44,45
0.0 Scen,2028,017,Bailey County,8548,4332,4216,2570,1246,1324,70,45,25,5818,2997,2821,90,44,46
0.0 Scen,2029,017,Bailey County,8626,4369,4257,2560,1242,1318,70,45,25,5905,3037,2868,91,45,46
0.0 Scen,2030,017,Bailey County,8705,4409,4296,2552,1241,1311,69,45,24,5992,3078,2914,92,45,47
0.0 Scen,2031,017,Bailey County,8782,4448,4334,2542,1237,1305,69,45,24,6078,3120,2958,93,46,47
0.0 Scen,2032,017,Bailey County,8861,4483,4378,2536,1234,1302,68,44,24,6162,3159,3003,95,46,49
0.0 Scen,2033,017,Bailey County,8937,4518,4419,2529,1230,1299,67,43,24,6245,3198,3047,96,47,49
0.0 Scen,2034,017,Bailey County,9011,4555,4456,2525,1231,1294,66,42,24,6323,3235,3088,97,47,50
0.0 Scen,2035,017,Bailey County,9082,4589,4493,2520,1228,1292,66,42,24,6398,3271,3127,98,48,50
0.0 Scen,2036,017,Bailey County,9153,4624,4529,2521,1230,1291,65,41,24,6468,3305,3163,99,48,51
0.0 Scen,2037,017,Bailey County,9227,4663,4564,2521,1233,1288,64,41,23,6542,3340,3202,100,49,51
0.0 Scen,2038,017,Bailey County,9290,4696,4594,2515,1231,1284,64,41,23,6610,3375,3235,101,49,52
0.0 Scen,2039,017,Bailey County,9360,4731,4629,2514,1231,1283,63,40,23,6681,3410,3271,102,50,52
0.0 Scen,2040,017,Bailey County,9429,4764,4665,2511,1229,1282,62,39,23,6753,3446,3307,103,50,53
0.0 Scen,2041,017,Bailey County,9490,4797,4693,2503,1227,1276,62,39,23,6821,3480,3341,104,51,53
0.0 Scen,2042,017,Bailey County,9554,4830,4724,2499,1228,1271,59,37,22,6891,3514,3377,105,51,54
0.0 Scen,2043,017,Bailey County,9614,4863,4751,2494,1228,1266,58,36,22,6956,3547,3409,106,52,54
0.0 Scen,2044,017,Bailey County,9685,4903,4782,2493,1231,1262,58,36,22,7027,3584,3443,107,52,55
0.0 Scen,2045,017,Bailey County,9750,4937,4813,2493,1233,1260,57,35,22,7093,3616,3477,107,53,54
0.0 Scen,2046,017,Bailey County,9819,4974,4845,2492,1236,1256,56,34,22,7163,3651,3512,108,53,55
0.0 Scen,2047,017,Bailey County,9880,5002,4878,2490,1234,1256,55,33,22,7227,3682,3545,108,53,55
0.0 Scen,2048,017,Bailey County,9945,5038,4907,2489,1237,1252,54,32,22,7293,3716,3577,109,53,56
0.0 Scen,2049,017,Bailey County,10011,5071,4940,2489,1237,1252,53,31,22,7360,3749,3611,109,54,55
0.0 Scen,2050,017,Bailey County,10074,5102,4972,2484,1236,1248,53,31,22,7428,3782,3646,109,53,56
0.0 Scen,2010,019,Bandera County,20485,10172,10313,16576,8200,8376,90,50,40,3415,1739,1676,404,183,221
0.0 Scen,2011,019,Bandera County,20435,10133,10302,16485,8141,8344,90,50,40,3452,1757,1695,408,185,223
0.0 Scen,2012,019,Bandera County,20389,10095,10294,16399,8084,8315,90,50,40,3490,1775,1715,410,186,224
0.0 Scen,2013,019,Bandera County,20336,10056,10280,16309,8030,8279,90,50,40,3523,1788,1735,414,188,226
0.0 Scen,2014,019,Bandera County,20291,10023,10268,16220,7975,8245,90,50,40,3564,1808,1756,417,190,227
0.0 Scen,2015,019,Bandera County,20252,9991,10261,16137,7922,8215,90,50,40,3604,1826,1778,421,193,228
0.0 Scen,2016,019,Bandera County,20210,9953,10257,16053,7868,8185,89,49,40,3642,1840,1802,426,196,230
0.0 Scen,2017,019,Bandera County,20182,9932,10250,15978,7824,8154,88,49,39,3686,1860,1826,430,199,231
0.0 Scen,2018,019,Bandera County,20155,9903,10252,15905,7773,8132,88,49,39,3726,1879,1847,436,202,234
0.0 Scen,2019,019,Bandera County,20134,9888,10246,15836,7733,8103,89,50,39,3768,1900,1868,441,205,236
0.0 Scen,2020,019,Bandera County,20107,9863,10244,15763,7687,8076,90,50,40,3807,1918,1889,447,208,239
0.0 Scen,2021,019,Bandera County,20081,9845,10236,15691,7645,8046,91,51,40,3847,1939,1908,452,210,242
0.0 Scen,2022,019,Bandera County,20059,9830,10229,15629,7609,8020,92,51,41,3884,1958,1926,454,212,242
0.0 Scen,2023,019,Bandera County,20026,9806,10220,15556,7566,7990,93,52,41,3918,1973,1945,459,215,244
0.0 Scen,2024,019,Bandera County,19981,9782,10199,15475,7523,7952,94,52,42,3952,1991,1961,460,216,244
0.0 Scen,2025,019,Bandera County,19926,9751,10175,15380,7472,7908,95,53,42,3988,2008,1980,463,218,245
0.0 Scen,2026,019,Bandera County,19875,9723,10152,15289,7428,7861,96,53,43,4023,2022,2001,467,220,247
0.0 Scen,2027,019,Bandera County,19809,9684,10125,15182,7371,7811,98,54,44,4060,2037,2023,469,222,247
0.0 Scen,2028,019,Bandera County,19741,9643,10098,15070,7311,7759,100,55,45,4096,2052,2044,475,225,250
0.0 Scen,2029,019,Bandera County,19664,9607,10057,14962,7263,7699,101,55,46,4123,2062,2061,478,227,251
0.0 Scen,2030,019,Bandera County,19566,9554,10012,14838,7199,7639,103,56,47,4143,2071,2072,482,228,254
0.0 Scen,2031,019,Bandera County,19472,9510,9962,14718,7142,7576,104,56,48,4164,2082,2082,486,230,256
0.0 Scen,2032,019,Bandera County,19372,9463,9909,14597,7086,7511,104,55,49,4182,2091,2091,489,231,258
0.0 Scen,2033,019,Bandera County,19269,9411,9858,14477,7028,7449,104,55,49,4199,2097,2102,489,231,258
0.0 Scen,2034,019,Bandera County,19146,9350,9796,14338,6961,7377,105,55,50,4212,2102,2110,491,232,259
0.0 Scen,2035,019,Bandera County,19018,9292,9726,14200,6898,7302,105,55,50,4222,2108,2114,491,231,260
0.0 Scen,2036,019,Bandera County,18895,9233,9662,14063,6836,7227,105,54,51,4236,2113,2123,491,230,261
0.0 Scen,2037,019,Bandera County,18767,9173,9594,13922,6768,7154,105,55,50,4250,2121,2129,490,229,261
0.0 Scen,2038,019,Bandera County,18640,9113,9527,13782,6702,7080,104,54,50,4265,2129,2136,489,228,261
0.0 Scen,2039,019,Bandera County,18512,9057,9455,13640,6637,7003,104,55,49,4280,2138,2142,488,227,261
0.0 Scen,2040,019,Bandera County,18394,9002,9392,13503,6574,6929,106,55,51,4298,2147,2151,487,226,261
0.0 Scen,2041,019,Bandera County,18277,8954,9323,13374,6515,6859,106,55,51,4311,2158,2153,486,226,260
0.0 Scen,2042,019,Bandera County,18169,8904,9265,13250,6457,6793,104,54,50,4332,2169,2163,483,224,259
0.0 Scen,2043,019,Bandera County,18063,8862,9201,13131,6407,6724,102,53,49,4349,2179,2170,481,223,258
0.0 Scen,2044,019,Bandera County,17953,8821,9132,13009,6357,6652,100,52,48,4366,2190,2176,478,222,256
0.0 Scen,2045,019,Bandera County,17850,8781,9069,12896,6309,6587,98,51,47,4380,2200,2180,476,221,255
0.0 Scen,2046,019,Bandera County,17752,8741,9011,12788,6262,6526,97,50,47,4394,2208,2186,473,221,252
0.0 Scen,2047,019,Bandera County,17664,8709,8955,12685,6218,6467,97,50,47,4411,2220,2191,471,221,250
0.0 Scen,2048,019,Bandera County,17572,8677,8895,12587,6180,6407,95,49,46,4422,2228,2194,468,220,248
0.0 Scen,2049,019,Bandera County,17502,8651,8851,12504,6147,6357,94,48,46,4438,2237,2201,466,219,247
0.0 Scen,2050,019,Bandera County,17434,8623,8811,12424,6113,6311,93,47,46,4454,2245,2209,463,218,245
0.0 Scen,2010,021,Bastrop County,74171,37997,36174,42446,21197,21249,5535,2969,2566,24190,12833,11357,2000,998,1002
0.0 Scen,2011,021,Bastrop County,74501,38149,36352,42444,21189,21255,5540,2969,2571,24502,12984,11518,2015,1007,1008
0.0 Scen,2012,021,Bastrop County,74839,38303,36536,42434,21179,21255,5550,2971,2579,24822,13136,11686,2033,1017,1016
0.0 Scen,2013,021,Bastrop County,75175,38461,36714,42422,21171,21251,5558,2974,2584,25143,13290,11853,2052,1026,1026
0.0 Scen,2014,021,Bastrop County,75509,38618,36891,42399,21153,21246,5570,2978,2592,25474,13451,12023,2066,1036,1030
0.0 Scen,2015,021,Bastrop County,75875,38797,37078,42393,21147,21246,5574,2979,2595,25817,13620,12197,2091,1051,1040
0.0 Scen,2016,021,Bastrop County,76206,38950,37256,42375,21131,21244,5579,2982,2597,26150,13783,12367,2102,1054,1048
0.0 Scen,2017,021,Bastrop County,76568,39123,37445,42357,21118,21239,5591,2985,2606,26491,13951,12540,2129,1069,1060
0.0 Scen,2018,021,Bastrop County,76935,39289,37646,42346,21104,21242,5600,2988,2612,26842,14120,12722,2147,1077,1070
0.0 Scen,2019,021,Bastrop County,77327,39481,37846,42345,21089,21256,5605,2992,2613,27208,14310,12898,2169,1090,1079
0.0 Scen,2020,021,Bastrop County,77713,39660,38053,42329,21073,21256,5619,2995,2624,27573,14492,13081,2192,1100,1092
0.0 Scen,2021,021,Bastrop County,78124,39858,38266,42311,21054,21257,5636,3006,2630,27957,14683,13274,2220,1115,1105
0.0 Scen,2022,021,Bastrop County,78525,40045,38480,42292,21034,21258,5646,3011,2635,28348,14877,13471,2239,1123,1116
0.0 Scen,2023,021,Bastrop County,78940,40243,38697,42269,21015,21254,5657,3017,2640,28745,15072,13673,2269,1139,1130
0.0 Scen,2024,021,Bastrop County,79318,40420,38898,42217,20979,21238,5667,3023,2644,29144,15268,13876,2290,1150,1140
0.0 Scen,2025,021,Bastrop County,79706,40598,39108,42163,20945,21218,5681,3029,2652,29540,15460,14080,2322,1164,1158
0.0 Scen,2026,021,Bastrop County,80090,40787,39303,42104,20913,21191,5689,3034,2655,29945,15660,14285,2352,1180,1172
0.0 Scen,2027,021,Bastrop County,80435,40944,39491,42000,20857,21143,5703,3039,2664,30353,15855,14498,2379,1193,1186
0.0 Scen,2028,021,Bastrop County,80744,41092,39652,41876,20791,21085,5705,3038,2667,30755,16056,14699,2408,1207,1201
0.0 Scen,2029,021,Bastrop County,81045,41227,39818,41745,20718,21027,5711,3038,2673,31155,16250,14905,2434,1221,1213
0.0 Scen,2030,021,Bastrop County,81327,41375,39952,41591,20647,20944,5713,3039,2674,31554,16450,15104,2469,1239,1230
0.0 Scen,2031,021,Bastrop County,81569,41484,40085,41420,20557,20863,5720,3041,2679,31932,16632,15300,2497,1254,1243
0.0 Scen,2032,021,Bastrop County,81795,41592,40203,41237,20467,20770,5723,3042,2681,32307,16815,15492,2528,1268,1260
0.0 Scen,2033,021,Bastrop County,81967,41669,40298,41031,20366,20665,5723,3040,2683,32664,16985,15679,2549,1278,1271
0.0 Scen,2034,021,Bastrop County,82113,41737,40376,40811,20254,20557,5725,3044,2681,33008,17150,15858,2569,1289,1280
0.0 Scen,2035,021,Bastrop County,82230,41790,40440,40589,20143,20446,5719,3042,2677,33332,17307,16025,2590,1298,1292
0.0 Scen,2036,021,Bastrop County,82320,41829,40491,40344,20024,20320,5713,3039,2674,33651,17459,16192,2612,1307,1305
0.0 Scen,2037,021,Bastrop County,82393,41861,40532,40092,19895,20197,5711,3038,2673,33959,17607,16352,2631,1321,1310
0.0 Scen,2038,021,Bastrop County,82442,41883,40559,39840,19768,20072,5705,3035,2670,34245,17746,16499,2652,1334,1318
0.0 Scen,2039,021,Bastrop County,82493,41902,40591,39599,19653,19946,5697,3029,2668,34529,17880,16649,2668,1340,1328
0.0 Scen,2040,021,Bastrop County,82528,41916,40612,39342,19525,19817,5702,3032,2670,34805,18011,16794,2679,1348,1331
0.0 Scen,2041,021,Bastrop County,82549,41921,40628,39091,19405,19686,5695,3027,2668,35074,18137,16937,2689,1352,1337
0.0 Scen,2042,021,Bastrop County,82576,41922,40654,38848,19283,19565,5684,3018,2666,35344,18262,17082,2700,1359,1341
0.0 Scen,2043,021,Bastrop County,82593,41925,40668,38606,19172,19434,5675,3011,2664,35603,18379,17224,2709,1363,1346
0.0 Scen,2044,021,Bastrop County,82605,41930,40675,38369,19064,19305,5662,3001,2661,35857,18498,17359,2717,1367,1350
0.0 Scen,2045,021,Bastrop County,82616,41933,40683,38139,18960,19179,5653,2995,2658,36105,18611,17494,2719,1367,1352
0.0 Scen,2046,021,Bastrop County,82648,41954,40694,37915,18861,19054,5653,2995,2658,36352,18725,17627,2728,1373,1355
0.0 Scen,2047,021,Bastrop County,82677,41966,40711,37700,18764,18936,5645,2988,2657,36604,18844,17760,2728,1370,1358
0.0 Scen,2048,021,Bastrop County,82707,41982,40725,37495,18672,18823,5638,2983,2655,36839,18954,17885,2735,1373,1362
0.0 Scen,2049,021,Bastrop County,82736,42000,40736,37299,18586,18713,5625,2975,2650,37074,19067,18007,2738,1372,1366
0.0 Scen,2050,021,Bastrop County,82786,42031,40755,37109,18502,18607,5623,2972,2651,37310,19178,18132,2744,1379,1365
0.0 Scen,2010,023,Baylor County,3726,1795,1931,3147,1527,1620,71,38,33,455,208,247,53,22,31
0.0 Scen,2011,023,Baylor County,3714,1788,1926,3127,1516,1611,71,38,33,463,212,251,53,22,31
0.0 Scen,2012,023,Baylor County,3706,1787,1919,3111,1511,1600,71,38,33,471,216,255,53,22,31
0.0 Scen,2013,023,Baylor County,3698,1782,1916,3094,1501,1593,71,38,33,480,221,259,53,22,31
0.0 Scen,2014,023,Baylor County,3689,1780,1909,3076,1494,1582,71,38,33,489,226,263,53,22,31
0.0 Scen,2015,023,Baylor County,3687,1780,1907,3065,1489,1576,71,38,33,498,231,267,53,22,31
0.0 Scen,2016,023,Baylor County,3678,1778,1900,3046,1482,1564,71,38,33,508,236,272,53,22,31
0.0 Scen,2017,023,Baylor County,3671,1777,1894,3030,1476,1554,71,38,33,517,241,276,53,22,31
0.0 Scen,2018,023,Baylor County,3663,1776,1887,3013,1469,1544,71,38,33,526,247,279,53,22,31
0.0 Scen,2019,023,Baylor County,3653,1776,1877,2995,1464,1531,70,37,33,536,253,283,52,22,30
0.0 Scen,2020,023,Baylor County,3644,1775,1869,2979,1459,1520,68,36,32,545,258,287,52,22,30
0.0 Scen,2021,023,Baylor County,3642,1775,1867,2966,1453,1513,69,36,33,555,264,291,52,22,30
0.0 Scen,2022,023,Baylor County,3638,1776,1862,2952,1449,1503,70,36,34,564,269,295,52,22,30
0.0 Scen,2023,023,Baylor County,3630,1774,1856,2934,1441,1493,71,37,34,573,274,299,52,22,30
0.0 Scen,2024,023,Baylor County,3625,1771,1854,2918,1433,1485,71,36,35,584,280,304,52,22,30
0.0 Scen,2025,023,Baylor County,3614,1764,1850,2897,1421,1476,72,37,35,593,284,309,52,22,30
0.0 Scen,2026,023,Baylor County,3602,1759,1843,2877,1412,1465,70,36,34,603,289,314,52,22,30
0.0 Scen,2027,023,Baylor County,3595,1751,1844,2860,1399,1461,70,36,34,613,294,319,52,22,30
0.0 Scen,2028,023,Baylor County,3586,1746,1840,2842,1389,1453,68,35,33,624,300,324,52,22,30
0.0 Scen,2029,023,Baylor County,3573,1738,1835,2820,1377,1443,68,35,33,634,305,329,51,21,30
0.0 Scen,2030,023,Baylor County,3562,1734,1828,2801,1368,1433,67,35,32,643,310,333,51,21,30
0.0 Scen,2031,023,Baylor County,3553,1732,1821,2782,1360,1422,65,34,31,654,316,338,52,22,30
0.0 Scen,2032,023,Baylor County,3544,1730,1814,2764,1353,1411,64,34,30,663,321,342,53,22,31
0.0 Scen,2033,023,Baylor County,3535,1726,1809,2747,1344,1403,63,34,29,672,326,346,53,22,31
0.0 Scen,2034,023,Baylor County,3527,1725,1802,2733,1339,1394,61,33,28,681,331,350,52,22,30
0.0 Scen,2035,023,Baylor County,3521,1724,1797,2721,1334,1387,59,32,27,690,336,354,51,22,29
0.0 Scen,2036,023,Baylor County,3507,1720,1787,2699,1325,1374,59,32,27,699,341,358,50,22,28
0.0 Scen,2037,023,Baylor County,3500,1720,1780,2687,1322,1365,58,31,27,706,345,361,49,22,27
0.0 Scen,2038,023,Baylor County,3488,1719,1769,2669,1316,1353,57,31,26,714,350,364,48,22,26
0.0 Scen,2039,023,Baylor County,3479,1714,1765,2653,1306,1347,57,31,26,722,355,367,47,22,25
0.0 Scen,2040,023,Baylor County,3468,1708,1760,2637,1298,1339,56,30,26,729,358,371,46,22,24
0.0 Scen,2041,023,Baylor County,3452,1700,1752,2618,1288,1330,55,29,26,735,362,373,44,21,23
0.0 Scen,2042,023,Baylor County,3436,1698,1738,2599,1283,1316,54,29,25,741,366,375,42,20,22
0.0 Scen,2043,023,Baylor County,3424,1696,1728,2582,1278,1304,53,28,25,748,370,378,41,20,21
0.0 Scen,2044,023,Baylor County,3412,1696,1716,2566,1275,1291,51,27,24,755,374,381,40,20,20
0.0 Scen,2045,023,Baylor County,3404,1696,1708,2553,1271,1282,50,27,23,762,378,384,39,20,19
0.0 Scen,2046,023,Baylor County,3390,1693,1697,2535,1266,1269,48,26,22,769,382,387,38,19,19
0.0 Scen,2047,023,Baylor County,3385,1695,1690,2524,1264,1260,47,26,21,776,386,390,38,19,19
0.0 Scen,2048,023,Baylor County,3374,1691,1683,2507,1257,1250,46,25,21,783,390,393,38,19,19
0.0 Scen,2049,023,Baylor County,3366,1689,1677,2493,1252,1241,45,24,21,790,394,396,38,19,19
0.0 Scen,2050,023,Baylor County,3356,1687,1669,2479,1247,1232,43,23,20,796,398,398,38,19,19
0.0 Scen,2010,025,Bee County,31861,19063,12798,10967,6679,4288,2525,2334,191,17906,9817,8089,463,233,230
0.0 Scen,2011,025,Bee County,32013,19143,12870,10954,6676,4278,2527,2334,193,18064,9897,8167,468,236,232
0.0 Scen,2012,025,Bee County,32184,19231,12953,10951,6676,4275,2529,2334,195,18229,9981,8248,475,240,235
0.0 Scen,2013,025,Bee County,32361,19321,13040,10945,6674,4271,2533,2336,197,18400,10067,8333,483,244,239
0.0 Scen,2014,025,Bee County,32540,19420,13120,10939,6674,4265,2536,2337,199,18574,10160,8414,491,249,242
0.0 Scen,2015,025,Bee County,32707,19511,13196,10933,6676,4257,2539,2338,201,18738,10244,8494,497,253,244
0.0 Scen,2016,025,Bee County,32882,19601,13281,10922,6673,4249,2542,2337,205,18914,10334,8580,504,257,247
0.0 Scen,2017,025,Bee County,33073,19705,13368,10914,6671,4243,2544,2337,207,19099,10434,8665,516,263,253
0.0 Scen,2018,025,Bee County,33239,19795,13444,10893,6663,4230,2549,2341,208,19275,10524,8751,522,267,255
0.0 Scen,2019,025,Bee County,33412,19883,13529,10873,6654,4219,2547,2337,210,19465,10621,8844,527,271,256
0.0 Scen,2020,025,Bee County,33577,19968,13609,10849,6642,4207,2544,2332,212,19648,10717,8931,536,277,259
0.0 Scen,2021,025,Bee County,33743,20052,13691,10821,6626,4195,2544,2330,214,19838,10817,9021,540,279,261
0.0 Scen,2022,025,Bee County,33905,20134,13771,10790,6610,4180,2542,2326,216,20025,10913,9112,548,285,263
0.0 Scen,2023,025,Bee County,34081,20227,13854,10762,6592,4170,2542,2326,216,20224,11022,9202,553,287,266
0.0 Scen,2024,025,Bee County,34248,20314,13934,10726,6574,4152,2539,2323,216,20423,11126,9297,560,291,269
0.0 Scen,2025,025,Bee County,34407,20399,14008,10688,6556,4132,2535,2319,216,20621,11232,9389,563,292,271
0.0 Scen,2026,025,Bee County,34577,20491,14086,10662,6544,4118,2530,2315,215,20819,11338,9481,566,294,272
0.0 Scen,2027,025,Bee County,34730,20571,14159,10619,6522,4097,2529,2314,215,21015,11441,9574,567,294,273
0.0 Scen,2028,025,Bee County,34878,20648,14230,10579,6502,4077,2522,2307,215,21205,11542,9663,572,297,275
0.0 Scen,2029,025,Bee County,35030,20730,14300,10538,6481,4057,2519,2304,215,21398,11646,9752,575,299,276
0.0 Scen,2030,025,Bee County,35187,20821,14366,10501,6464,4037,2518,2303,215,21593,11755,9838,575,299,276
0.0 Scen,2031,025,Bee County,35316,20891,14425,10451,6438,4013,2507,2293,214,21775,11855,9920,583,305,278
0.0 Scen,2032,025,Bee County,35440,20958,14482,10401,6410,3991,2504,2290,214,21946,11949,9997,589,309,280
0.0 Scen,2033,025,Bee County,35550,21022,14528,10347,6380,3967,2497,2285,212,22116,12046,10070,590,311,279
0.0 Scen,2034,025,Bee County,35648,21067,14581,10291,6344,3947,2489,2277,212,22274,12133,10141,594,313,281
0.0 Scen,2035,025,Bee County,35754,21120,14634,10245,6314,3931,2482,2271,211,22430,12221,10209,597,314,283
0.0 Scen,2036,025,Bee County,35842,21166,14676,10185,6276,3909,2474,2263,211,22579,12311,10268,604,316,288
0.0 Scen,2037,025,Bee County,35934,21219,14715,10134,6246,3888,2463,2254,209,22730,12400,10330,607,319,288
0.0 Scen,2038,025,Bee County,36025,21271,14754,10086,6219,3867,2452,2244,208,22877,12488,10389,610,320,290
0.0 Scen,2039,025,Bee County,36111,21315,14796,10034,6188,3846,2441,2234,207,23022,12571,10451,614,322,292
0.0 Scen,2040,025,Bee County,36191,21359,14832,9980,6154,3826,2431,2225,206,23164,12655,10509,616,325,291
0.0 Scen,2041,025,Bee County,36267,21402,14865,9929,6124,3805,2418,2213,205,23302,12739,10563,618,326,292
0.0 Scen,2042,025,Bee County,36328,21425,14903,9871,6085,3786,2408,2204,204,23427,12807,10620,622,329,293
0.0 Scen,2043,025,Bee County,36410,21473,14937,9817,6050,3767,2403,2200,203,23564,12890,10674,626,333,293
0.0 Scen,2044,025,Bee County,36467,21501,14966,9764,6018,3746,2393,2191,202,23682,12957,10725,628,335,293
0.0 Scen,2045,025,Bee County,36533,21532,15001,9712,5984,3728,2378,2178,200,23812,13034,10778,631,336,295
0.0 Scen,2046,025,Bee County,36591,21561,15030,9652,5946,3706,2367,2169,198,23937,13108,10829,635,338,297
0.0 Scen,2047,025,Bee County,36662,21596,15066,9596,5908,3688,2354,2158,196,24070,13188,10882,642,342,300
0.0 Scen,2048,025,Bee County,36723,21624,15099,9532,5863,3669,2348,2155,193,24198,13263,10935,645,343,302
0.0 Scen,2049,025,Bee County,36789,21656,15133,9479,5830,3649,2334,2143,191,24330,13339,10991,646,344,302
0.0 Scen,2050,025,Bee County,36851,21690,15161,9428,5797,3631,2325,2135,190,24450,13413,11037,648,345,303
0.0 Scen,2010,027,Bell County,310235,153464,156771,157289,78356,78933,63380,31551,31829,67010,33574,33436,22556,9983,12573
0.0 Scen,2011,027,Bell County,314656,155702,158954,158941,79225,79716,64331,32015,32316,68401,34263,34138,22983,10199,12784
0.0 Scen,2012,027,Bell County,319057,157933,161124,160603,80096,80507,65263,32476,32787,69788,34945,34843,23403,10416,12987
0.0 Scen,2013,027,Bell County,323355,160107,163248,162185,80920,81265,66179,32924,33255,71162,35621,35541,23829,10642,13187
0.0 Scen,2014,027,Bell County,327455,162201,165254,163648,81689,81959,67065,33357,33708,72514,36293,36221,24228,10862,13366
0.0 Scen,2015,027,Bell County,331392,164187,167205,164977,82382,82595,67947,33780,34167,73844,36955,36889,24624,11070,13554
0.0 Scen,2016,027,Bell County,335175,166075,169100,166205,83007,83198,68800,34188,34612,75161,37609,37552,25009,11271,13738
0.0 Scen,2017,027,Bell County,338716,167855,170861,167276,83551,83725,69611,34591,35020,76443,38247,38196,25386,11466,13920
0.0 Scen,2018,027,Bell County,342159,169574,172585,168255,84055,84200,70415,34967,35448,77734,38883,38851,25755,11669,14086
0.0 Scen,2019,027,Bell County,345515,171262,174253,169174,84525,84649,71205,35356,35849,79015,39519,39496,26121,11862,14259
0.0 Scen,2020,027,Bell County,348738,172871,175867,169973,84936,85037,71969,35720,36249,80307,40161,40146,26489,12054,14435
0.0 Scen,2021,027,Bell County,351912,174463,177449,170737,85329,85408,72727,36086,36641,81600,40800,40800,26848,12248,14600
0.0 Scen,2022,027,Bell County,355019,176010,179009,171419,85675,85744,73492,36452,37040,82904,41450,41454,27204,12433,14771
0.0 Scen,2023,027,Bell County,358044,177508,180536,172031,85980,86051,74226,36802,37424,84203,42096,42107,27584,12630,14954
0.0 Scen,2024,027,Bell County,360940,178949,181991,172593,86262,86331,74935,37141,37794,85513,42752,42761,27899,12794,15105
0.0 Scen,2025,027,Bell County,363812,180389,183423,173099,86510,86589,75603,37469,38134,86826,43402,43424,28284,13008,15276
0.0 Scen,2026,027,Bell County,366615,181772,184843,173550,86731,86819,76273,37775,38498,88165,44070,44095,28627,13196,15431
0.0 Scen,2027,027,Bell County,369350,183124,186226,173942,86924,87018,76916,38077,38839,89535,44756,44779,28957,13367,15590
0.0 Scen,2028,027,Bell County,372123,184498,187625,174332,87106,87226,77551,38377,39174,90915,45440,45475,29325,13575,15750
0.0 Scen,2029,027,Bell County,374867,185882,188985,174722,87302,87420,78150,38658,39492,92319,46149,46170,29676,13773,15903
0.0 Scen,2030,027,Bell County,377619,187217,190402,175073,87461,87612,78761,38937,39824,93737,46846,46891,30048,13973,16075
0.0 Scen,2031,027,Bell County,380402,188602,191800,175463,87657,87806,79344,39210,40134,95173,47559,47614,30422,14176,16246
0.0 Scen,2032,027,Bell County,383208,189999,193209,175892,87872,88020,79910,39475,40435,96602,48269,48333,30804,14383,16421
0.0 Scen,2033,027,Bell County,385978,191401,194577,176369,88117,88252,80453,39733,40720,98014,48979,49035,31142,14572,16570
0.0 Scen,2034,027,Bell County,388761,192821,195940,176874,88374,88500,81011,39990,41021,99419,49685,49734,31457,14772,16685
0.0 Scen,2035,027,Bell County,391615,194231,197384,177398,88650,88748,81538,40238,41300,100800,50375,50425,31879,14968,16911
0.0 Scen,2036,027,Bell County,394415,195663,198752,177969,88951,89018,82039,40489,41550,102204,51073,51131,32203,15150,17053
0.0 Scen,2037,027,Bell County,397312,197112,200200,178573,89266,89307,82590,40730,41860,103572,51755,51817,32577,15361,17216
0.0 Scen,2038,027,Bell County,400105,198533,201572,179188,89591,89597,83080,40961,42119,104926,52434,52492,32911,15547,17364
0.0 Scen,2039,027,Bell County,402899,199965,202934,179798,89928,89870,83559,41188,42371,106272,53106,53166,33270,15743,17527
0.0 Scen,2040,027,Bell County,405601,201375,204226,180412,90273,90139,84002,41410,42592,107589,53767,53822,33598,15925,17673
0.0 Scen,2041,027,Bell County,408270,202772,205498,181021,90606,90415,84445,41625,42820,108903,54432,54471,33901,16109,17792
0.0 Scen,2042,027,Bell County,410862,204090,206772,181585,90922,90663,84872,41822,43050,110171,55063,55108,34234,16283,17951
0.0 Scen,2043,027,Bell County,413365,205414,207951,182142,91235,90907,85256,42016,43240,111443,55701,55742,34524,16462,18062
0.0 Scen,2044,027,Bell County,415804,206686,209118,182658,91523,91135,85644,42202,43442,112692,56330,56362,34810,16631,18179
0.0 Scen,2045,027,Bell County,418212,207907,210305,183137,91795,91342,86040,42382,43658,113933,56961,56972,35102,16769,18333
0.0 Scen,2046,027,Bell County,420460,209116,211344,183557,92041,91516,86360,42553,43807,115151,57570,57581,35392,16952,18440
0.0 Scen,2047,027,Bell County,422666,210267,212399,183942,92270,91672,86706,42718,43988,116358,58183,58175,35660,17096,18564
0.0 Scen,2048,027,Bell County,424780,211398,213382,184293,92477,91816,86984,42872,44112,117579,58798,58781,35924,17251,18673
0.0 Scen,2049,027,Bell County,426840,212468,214372,184594,92666,91928,87310,43022,44288,118774,59398,59376,36162,17382,18780
0.0 Scen,2050,027,Bell County,428845,213543,215302,184871,92831,92040,87601,43170,44431,119960,60000,59960,36413,17542,18871
0.0 Scen,2010,029,Bexar County,1714773,840840,873933,519123,257680,261443,118460,58934,59526,1006958,491194,515764,70232,33032,37200
0.0 Scen,2011,029,Bexar County,1731475,849406,882069,520363,258401,261962,119424,59419,60005,1020336,497985,522351,71352,33601,37751
0.0 Scen,2012,029,Bexar County,1748077,857948,890129,521673,259163,262510,120394,59922,60472,1033554,504694,528860,72456,34169,38287
0.0 Scen,2013,029,Bexar County,1764354,866371,897983,522879,259875,263004,121321,60383,60938,1046604,511385,535219,73550,34728,38822
0.0 Scen,2014,029,Bexar County,1780534,874631,905903,523957,260527,263430,122241,60834,61407,1059709,517987,541722,74627,35283,39344
0.0 Scen,2015,029,Bexar County,1796183,882687,913496,524746,261010,263736,123160,61289,61871,1072605,524573,548032,75672,35815,39857
0.0 Scen,2016,029,Bexar County,1811616,890578,921038,525368,261383,263985,124032,61728,62304,1085513,531121,554392,76703,36346,40357
0.0 Scen,2017,029,Bexar County,1826797,898364,928433,525844,261649,264195,124950,62167,62783,1098282,537681,560601,77721,36867,40854
0.0 Scen,2018,029,Bexar County,1841689,905968,935721,526145,261834,264311,125815,62606,63209,1110957,544118,566839,78772,37410,41362
0.0 Scen,2019,029,Bexar County,1856437,913476,942961,526316,261933,264383,126673,63038,63635,1123700,550600,573100,79748,37905,41843
0.0 Scen,2020,029,Bexar County,1870689,920772,949917,526356,261950,264406,127494,63440,64054,1136160,556980,579180,80679,38402,42277
0.0 Scen,2021,029,Bexar County,1884650,927816,956834,526163,261858,264305,128242,63790,64452,1148662,563317,585345,81583,38851,42732
0.0 Scen,2022,029,Bexar County,1897937,934695,963242,525714,261635,264079,128954,64144,64810,1160838,569598,591240,82431,39318,43113
0.0 Scen,2023,029,Bexar County,1911207,941517,969690,525188,261392,263796,129676,64507,65169,1173055,575824,597231,83288,39794,43494
0.0 Scen,2024,029,Bexar County,1924050,948052,975998,524445,261040,263405,130352,64828,65524,1185108,581962,603146,84145,40222,43923
0.0 Scen,2025,029,Bexar County,1936446,954482,981964,523505,260563,262942,130920,65145,65775,1197156,588151,609005,84865,40623,44242
0.0 Scen,2026,029,Bexar County,1948649,960698,987951,522461,260048,262413,131562,65428,66134,1208915,594171,614744,85711,41051,44660
0.0 Scen,2027,029,Bexar County,1960491,966694,993797,521314,259494,261820,132101,65693,66408,1220660,600108,620552,86416,41399,45017
0.0 Scen,2028,029,Bexar County,1971808,972557,999251,519975,258827,261148,132599,65934,66665,1232041,605962,626079,87193,41834,45359
0.0 Scen,2029,029,Bexar County,1982720,978144,1004576,518437,258065,260372,133018,66155,66863,1243412,611759,631653,87853,42165,45688
0.0 Scen,2030,029,Bexar County,1992798,983239,1009559,516654,257143,259511,133428,66338,67090,1254239,617279,636960,88477,42479,45998
0.0 Scen,2031,029,Bexar County,2002750,988458,1014292,514883,256295,258588,133780,66518,67262,1265001,622809,642192,89086,42836,46250
0.0 Scen,2032,029,Bexar County,2012642,993598,1019044,512871,255288,257583,134133,66680,67453,1275808,628396,647412,89830,43234,46596
0.0 Scen,2033,029,Bexar County,2021640,998238,1023402,510919,254344,256575,134450,66832,67618,1285842,633516,652326,90429,43546,46883
0.0 Scen,2034,029,Bexar County,2030483,1002874,1027609,508828,253339,255489,134758,66982,67776,1295865,638688,657177,91032,43865,47167
0.0 Scen,2035,029,Bexar County,2039291,1007512,1031779,506725,252301,254424,135034,67126,67908,1305875,643873,662002,91657,44212,47445
0.0 Scen,2036,029,Bexar County,2047667,1011924,1035743,504667,251326,253341,135336,67256,68080,1315385,648781,666604,92279,44561,47718
0.0 Scen,2037,029,Bexar County,2055304,1016000,1039304,502498,250304,252194,135576,67389,68187,1324470,653488,670982,92760,44819,47941
0.0 Scen,2038,029,Bexar County,2063199,1020197,1043002,500390,249326,251064,135832,67514,68318,1333610,658185,675425,93367,45172,48195
0.0 Scen,2039,029,Bexar County,2070796,1024326,1046470,498285,248321,249964,136111,67647,68464,1342402,662843,679559,93998,45515,48483
0.0 Scen,2040,029,Bexar County,2078166,1028270,1049896,496117,247323,248794,136371,67766,68605,1351121,667378,683743,94557,45803,48754
0.0 Scen,2041,029,Bexar County,2085143,1032133,1053010,494058,246361,247697,136592,67872,68720,1359424,671773,687651,95069,46127,48942
0.0 Scen,2042,029,Bexar County,2091918,1035787,1056131,491920,245423,246497,136788,67982,68806,1367562,675973,691589,95648,46409,49239
0.0 Scen,2043,029,Bexar County,2098308,1039279,1059029,489794,244465,245329,137024,68092,68932,1375362,680017,695345,96128,46705,49423
0.0 Scen,2044,029,Bexar County,2104563,1042680,1061883,487640,243465,244175,137234,68201,69033,1383063,684064,698999,96626,46950,49676
0.0 Scen,2045,029,Bexar County,2110586,1046114,1064472,485436,242451,242985,137434,68307,69127,1390600,688121,702479,97116,47235,49881
0.0 Scen,2046,029,Bexar County,2116236,1049205,1067031,483229,241459,241770,137630,68414,69216,1397869,691892,705977,97508,47440,50068
0.0 Scen,2047,029,Bexar County,2121771,1052413,1069358,481026,240447,240579,137770,68511,69259,1405057,695743,709314,97918,47712,50206
0.0 Scen,2048,029,Bexar County,2126879,1055316,1071563,478789,239438,239351,137907,68611,69296,1411887,699379,712508,98296,47888,50408
0.0 Scen,2049,029,Bexar County,2132073,1058246,1073827,476548,238414,238134,138158,68702,69456,1418719,702997,715722,98648,48133,50515
0.0 Scen,2050,029,Bexar County,2136918,1061099,1075819,474327,237411,236916,138279,68793,69486,1425341,706589,718752,98971,48306,50665
0.0 Scen,2010,031,Blanco County,10497,5300,5197,8336,4146,4190,62,41,21,1909,1029,880,190,84,106
0.0 Scen,2011,031,Blanco County,10490,5298,5192,8291,4124,4167,62,41,21,1944,1047,897,193,86,107
0.0 Scen,2012,031,Blanco County,10481,5293,5188,8244,4100,4144,61,40,21,1980,1066,914,196,87,109
0.0 Scen,2013,031,Blanco County,10473,5293,5180,8197,4079,4118,61,40,21,2016,1085,931,199,89,110
0.0 Scen,2014,031,Blanco County,10469,5291,5178,8151,4056,4095,61,40,21,2055,1105,950,202,90,112
0.0 Scen,2015,031,Blanco County,10467,5289,5178,8112,4035,4077,61,40,21,2090,1123,967,204,91,113
0.0 Scen,2016,031,Blanco County,10458,5279,5179,8071,4010,4061,61,40,21,2122,1138,984,204,91,113
0.0 Scen,2017,031,Blanco County,10459,5278,5181,8031,3986,4045,62,41,21,2157,1156,1001,209,95,114
0.0 Scen,2018,031,Blanco County,10468,5280,5188,8001,3967,4034,63,42,21,2193,1175,1018,211,96,115
0.0 Scen,2019,031,Blanco County,10471,5279,5192,7967,3946,4021,63,42,21,2226,1192,1034,215,99,116
0.0 Scen,2020,031,Blanco County,10480,5280,5200,7936,3926,4010,63,42,21,2263,1211,1052,218,101,117
0.0 Scen,2021,031,Blanco County,10493,5287,5206,7910,3913,3997,63,42,21,2298,1229,1069,222,103,119
0.0 Scen,2022,031,Blanco County,10497,5289,5208,7877,3895,3982,63,42,21,2332,1247,1085,225,105,120
0.0 Scen,2023,031,Blanco County,10511,5295,5216,7853,3883,3970,63,42,21,2365,1263,1102,230,107,123
0.0 Scen,2024,031,Blanco County,10515,5300,5215,7819,3867,3952,63,42,21,2400,1282,1118,233,109,124
0.0 Scen,2025,031,Blanco County,10527,5306,5221,7792,3852,3940,63,42,21,2437,1301,1136,235,111,124
0.0 Scen,2026,031,Blanco County,10543,5315,5228,7767,3838,3929,63,42,21,2474,1322,1152,239,113,126
0.0 Scen,2027,031,Blanco County,10544,5313,5231,7730,3818,3912,63,42,21,2508,1338,1170,243,115,128
0.0 Scen,2028,031,Blanco County,10548,5314,5234,7695,3802,3893,63,42,21,2542,1353,1189,248,117,131
0.0 Scen,2029,031,Blanco County,10546,5314,5232,7656,3783,3873,63,42,21,2575,1370,1205,252,119,133
0.0 Scen,2030,031,Blanco County,10533,5307,5226,7607,3759,3848,63,42,21,2608,1386,1222,255,120,135
0.0 Scen,2031,031,Blanco County,10516,5300,5216,7560,3737,3823,63,42,21,2635,1400,1235,258,121,137
0.0 Scen,2032,031,Blanco County,10505,5295,5210,7514,3716,3798,63,42,21,2669,1417,1252,259,120,139
0.0 Scen,2033,031,Blanco County,10488,5286,5202,7460,3689,3771,63,42,21,2704,1434,1270,261,121,140
0.0 Scen,2034,031,Blanco County,10458,5276,5182,7397,3661,3736,63,42,21,2735,1451,1284,263,122,141
0.0 Scen,2035,031,Blanco County,10432,5266,5166,7336,3634,3702,62,42,20,2769,1467,1302,265,123,142
0.0 Scen,2036,031,Blanco County,10394,5252,5142,7267,3605,3662,61,42,19,2799,1481,1318,267,124,143
0.0 Scen,2037,031,Blanco County,10357,5238,5119,7205,3579,3626,59,41,18,2824,1493,1331,269,125,144
0.0 Scen,2038,031,Blanco County,10317,5220,5097,7140,3550,3590,57,40,17,2848,1504,1344,272,126,146
0.0 Scen,2039,031,Blanco County,10272,5202,5070,7069,3518,3551,56,39,17,2874,1518,1356,273,127,146
0.0 Scen,2040,031,Blanco County,10235,5186,5049,7006,3488,3518,53,37,16,2902,1533,1369,274,128,146
0.0 Scen,2041,031,Blanco County,10200,5169,5031,6941,3456,3485,52,36,16,2932,1548,1384,275,129,146
0.0 Scen,2042,031,Blanco County,10167,5157,5010,6884,3431,3453,50,35,15,2958,1562,1396,275,129,146
0.0 Scen,2043,031,Blanco County,10130,5144,4986,6826,3408,3418,48,34,14,2980,1572,1408,276,130,146
0.0 Scen,2044,031,Blanco County,10100,5130,4970,6776,3385,3391,47,33,14,3002,1583,1419,275,129,146
0.0 Scen,2045,031,Blanco County,10073,5121,4952,6728,3366,3362,46,32,14,3024,1593,1431,275,130,145
0.0 Scen,2046,031,Blanco County,10053,5118,4935,6685,3349,3336,45,32,13,3048,1606,1442,275,131,144
0.0 Scen,2047,031,Blanco County,10033,5111,4922,6648,3334,3314,43,30,13,3068,1616,1452,274,131,143
0.0 Scen,2048,031,Blanco County,10026,5109,4917,6619,3322,3297,41,29,12,3091,1627,1464,275,131,144
0.0 Scen,2049,031,Blanco County,10021,5112,4909,6589,3311,3278,40,28,12,3116,1641,1475,276,132,144
0.0 Scen,2050,031,Blanco County,10022,5117,4905,6566,3304,3262,39,27,12,3141,1653,1488,276,133,143
0.0 Scen,2010,033,Borden County,641,335,306,539,280,259,0,0,0,95,53,42,7,2,5
0.0 Scen,2011,033,Borden County,643,336,307,540,280,260,0,0,0,96,54,42,7,2,5
0.0 Scen,2012,033,Borden County,646,338,308,542,282,260,0,0,0,97,54,43,7,2,5
0.0 Scen,2013,033,Borden County,648,340,308,543,283,260,0,0,0,98,55,43,7,2,5
0.0 Scen,2014,033,Borden County,650,342,308,544,285,259,0,0,0,99,55,44,7,2,5
0.0 Scen,2015,033,Borden County,654,344,310,547,286,261,0,0,0,100,56,44,7,2,5
0.0 Scen,2016,033,Borden County,658,346,312,550,288,262,0,0,0,101,56,45,7,2,5
0.0 Scen,2017,033,Borden County,660,347,313,551,288,263,0,0,0,102,57,45,7,2,5
0.0 Scen,2018,033,Borden County,660,347,313,550,288,262,0,0,0,103,57,46,7,2,5
0.0 Scen,2019,033,Borden County,664,350,314,553,290,263,0,0,0,104,58,46,7,2,5
0.0 Scen,2020,033,Borden County,668,352,316,556,292,264,0,0,0,105,58,47,7,2,5
0.0 Scen,2021,033,Borden County,670,353,317,557,292,265,0,0,0,106,59,47,7,2,5
0.0 Scen,2022,033,Borden County,673,353,320,559,292,267,0,0,0,107,59,48,7,2,5
0.0 Scen,2023,033,Borden County,678,357,321,563,295,268,0,0,0,108,60,48,7,2,5
0.0 Scen,2024,033,Borden County,679,357,322,563,295,268,0,0,0,109,60,49,7,2,5
0.0 Scen,2025,033,Borden County,682,359,323,565,296,269,0,0,0,110,61,49,7,2,5
0.0 Scen,2026,033,Borden County,686,361,325,567,297,270,0,0,0,112,62,50,7,2,5
0.0 Scen,2027,033,Borden County,689,362,327,568,297,271,0,0,0,114,63,51,7,2,5
0.0 Scen,2028,033,Borden County,692,364,328,569,298,271,0,0,0,116,64,52,7,2,5
0.0 Scen,2029,033,Borden County,692,364,328,567,297,270,0,0,0,118,65,53,7,2,5
0.0 Scen,2030,033,Borden County,692,364,328,565,296,269,0,0,0,120,66,54,7,2,5
0.0 Scen,2031,033,Borden County,693,365,328,564,296,268,0,0,0,122,67,55,7,2,5
0.0 Scen,2032,033,Borden County,691,364,327,560,294,266,0,0,0,124,68,56,7,2,5
0.0 Scen,2033,033,Borden County,688,362,326,555,291,264,0,0,0,126,69,57,7,2,5
0.0 Scen,2034,033,Borden County,686,360,326,551,288,263,0,0,0,128,70,58,7,2,5
0.0 Scen,2035,033,Borden County,683,358,325,546,285,261,0,0,0,130,71,59,7,2,5
0.0 Scen,2036,033,Borden County,679,356,323,542,283,259,0,0,0,130,71,59,7,2,5
0.0 Scen,2037,033,Borden County,676,354,322,538,281,257,0,0,0,131,71,60,7,2,5
0.0 Scen,2038,033,Borden County,675,354,321,535,280,255,0,0,0,133,72,61,7,2,5
0.0 Scen,2039,033,Borden County,672,354,318,531,279,252,0,0,0,134,73,61,7,2,5
0.0 Scen,2040,033,Borden County,668,351,317,527,277,250,0,0,0,134,72,62,7,2,5
0.0 Scen,2041,033,Borden County,663,349,314,523,275,248,0,0,0,133,72,61,7,2,5
0.0 Scen,2042,033,Borden County,661,348,313,521,275,246,0,0,0,133,71,62,7,2,5
0.0 Scen,2043,033,Borden County,655,346,309,516,273,243,0,0,0,132,71,61,7,2,5
0.0 Scen,2044,033,Borden County,653,344,309,514,272,242,0,0,0,132,70,62,7,2,5
0.0 Scen,2045,033,Borden County,650,342,308,511,270,241,0,0,0,132,70,62,7,2,5
0.0 Scen,2046,033,Borden County,648,339,309,509,268,241,0,0,0,132,69,63,7,2,5
0.0 Scen,2047,033,Borden County,643,337,306,505,266,239,0,0,0,131,69,62,7,2,5
0.0 Scen,2048,033,Borden County,638,336,302,500,265,235,0,0,0,131,69,62,7,2,5
0.0 Scen,2049,033,Borden County,634,335,299,496,264,232,0,0,0,131,69,62,7,2,5
0.0 Scen,2050,033,Borden County,630,334,296,492,263,229,0,0,0,131,69,62,7,2,5
0.0 Scen,2010,035,Bosque County,18212,9053,9159,14701,7204,7497,277,153,124,2926,1555,1371,308,141,167
0.0 Scen,2011,035,Bosque County,18181,9043,9138,14611,7163,7448,280,155,125,2979,1582,1397,311,143,168
0.0 Scen,2012,035,Bosque County,18157,9030,9127,14528,7121,7407,283,156,127,3032,1609,1423,314,144,170
0.0 Scen,2013,035,Bosque County,18147,9025,9122,14454,7084,7370,285,158,127,3091,1637,1454,317,146,171
0.0 Scen,2014,035,Bosque County,18144,9026,9118,14390,7053,7337,288,160,128,3147,1666,1481,319,147,172
0.0 Scen,2015,035,Bosque County,18157,9032,9125,14337,7024,7313,291,162,129,3206,1697,1509,323,149,174
0.0 Scen,2016,035,Bosque County,18178,9046,9132,14288,7000,7288,294,164,130,3269,1730,1539,327,152,175
0.0 Scen,2017,035,Bosque County,18201,9059,9142,14238,6974,7264,298,166,132,3333,1764,1569,332,155,177
0.0 Scen,2018,035,Bosque County,18234,9077,9157,14199,6956,7243,301,167,134,3397,1797,1600,337,157,180
0.0 Scen,2019,035,Bosque County,18268,9092,9176,14158,6931,7227,305,169,136,3461,1830,1631,344,162,182
0.0 Scen,2020,035,Bosque County,18316,9116,9200,14125,6915,7210,310,171,139,3529,1863,1666,352,167,185
0.0 Scen,2021,035,Bosque County,18348,9133,9215,14085,6896,7189,310,171,139,3595,1896,1699,358,170,188
0.0 Scen,2022,035,Bosque County,18386,9153,9233,14038,6871,7167,313,172,141,3672,1937,1735,363,173,190
0.0 Scen,2023,035,Bosque County,18425,9174,9251,13997,6852,7145,316,173,143,3745,1973,1772,367,176,191
0.0 Scen,2024,035,Bosque County,18453,9193,9260,13948,6832,7116,317,174,143,3817,2008,1809,371,179,192
0.0 Scen,2025,035,Bosque County,18486,9208,9278,13906,6808,7098,319,175,144,3886,2044,1842,375,181,194
0.0 Scen,2026,035,Bosque County,18509,9218,9291,13855,6781,7074,320,176,144,3954,2078,1876,380,183,197
0.0 Scen,2027,035,Bosque County,18517,9223,9294,13794,6752,7042,321,177,144,4018,2109,1909,384,185,199
0.0 Scen,2028,035,Bosque County,18525,9228,9297,13729,6723,7006,322,177,145,4085,2142,1943,389,186,203
0.0 Scen,2029,035,Bosque County,18526,9235,9291,13664,6696,6968,323,178,145,4147,2174,1973,392,187,205
0.0 Scen,2030,035,Bosque County,18535,9246,9289,13600,6671,6929,326,180,146,4212,2205,2007,397,190,207
0.0 Scen,2031,035,Bosque County,18529,9248,9281,13528,6639,6889,328,182,146,4272,2235,2037,401,192,209
0.0 Scen,2032,035,Bosque County,18520,9252,9268,13455,6610,6845,330,183,147,4328,2264,2064,407,195,212
0.0 Scen,2033,035,Bosque County,18511,9252,9259,13377,6575,6802,331,184,147,4394,2297,2097,409,196,213
0.0 Scen,2034,035,Bosque County,18502,9248,9254,13303,6543,6760,331,183,148,4457,2325,2132,411,197,214
0.0 Scen,2035,035,Bosque County,18488,9241,9247,13226,6508,6718,332,184,148,4516,2351,2165,414,198,216
0.0 Scen,2036,035,Bosque County,18484,9238,9246,13161,6478,6683,333,184,149,4573,2377,2196,417,199,218
0.0 Scen,2037,035,Bosque County,18477,9232,9245,13094,6446,6648,334,185,149,4632,2403,2229,417,198,219
0.0 Scen,2038,035,Bosque County,18459,9225,9234,13024,6419,6605,333,183,150,4688,2427,2261,414,196,218
0.0 Scen,2039,035,Bosque County,18449,9227,9222,12963,6396,6567,333,183,150,4740,2453,2287,413,195,218
0.0 Scen,2040,035,Bosque County,18443,9227,9216,12907,6373,6534,332,182,150,4792,2478,2314,412,194,218
0.0 Scen,2041,035,Bosque County,18442,9228,9214,12853,6350,6503,331,181,150,4847,2504,2343,411,193,218
0.0 Scen,2042,035,Bosque County,18454,9234,9220,12804,6330,6474,331,180,151,4907,2530,2377,412,194,218
0.0 Scen,2043,035,Bosque County,18464,9247,9217,12759,6316,6443,331,181,150,4960,2554,2406,414,196,218
0.0 Scen,2044,035,Bosque County,18483,9258,9225,12720,6300,6420,329,179,150,5018,2582,2436,416,197,219
0.0 Scen,2045,035,Bosque County,18487,9264,9223,12669,6279,6390,327,178,149,5075,2609,2466,416,198,218
0.0 Scen,2046,035,Bosque County,18511,9282,9229,12634,6268,6366,325,177,148,5134,2638,2496,418,199,219
0.0 Scen,2047,035,Bosque County,18542,9303,9239,12605,6260,6345,324,176,148,5193,2668,2525,420,199,221
0.0 Scen,2048,035,Bosque County,18583,9327,9256,12584,6253,6331,323,175,148,5255,2700,2555,421,199,222
0.0 Scen,2049,035,Bosque County,18617,9351,9266,12560,6246,6314,322,174,148,5315,2731,2584,420,200,220
0.0 Scen,2050,035,Bosque County,18655,9373,9282,12540,6240,6300,321,173,148,5371,2759,2612,423,201,222
0.0 Scen,2010,037,Bowie County,92565,46758,45807,61343,30197,31146,22230,11207,11023,6062,3892,2170,2930,1462,1468
0.0 Scen,2011,037,Bowie County,92922,46957,45965,61423,30254,31169,22405,11294,11111,6139,3933,2206,2955,1476,1479
0.0 Scen,2012,037,Bowie County,93220,47138,46082,61459,30300,31159,22564,11378,11186,6220,3974,2246,2977,1486,1491
0.0 Scen,2013,037,Bowie County,93542,47333,46209,61496,30339,31157,22742,11479,11263,6299,4013,2286,3005,1502,1503
0.0 Scen,2014,037,Bowie County,93854,47517,46337,61534,30382,31152,22902,11560,11342,6383,4057,2326,3035,1518,1517
0.0 Scen,2015,037,Bowie County,94162,47698,46464,61574,30428,31146,23071,11646,11425,6460,4095,2365,3057,1529,1528
0.0 Scen,2016,037,Bowie County,94473,47879,46594,61610,30469,31141,23235,11730,11505,6543,4138,2405,3085,1542,1543
0.0 Scen,2017,037,Bowie County,94783,48071,46712,61660,30519,31141,23390,11818,11572,6621,4177,2444,3112,1557,1555
0.0 Scen,2018,037,Bowie County,95119,48256,46863,61709,30563,31146,23560,11898,11662,6705,4221,2484,3145,1574,1571
0.0 Scen,2019,037,Bowie County,95436,48443,46993,61749,30611,31138,23724,11978,11746,6791,4264,2527,3172,1590,1582
0.0 Scen,2020,037,Bowie County,95735,48620,47115,61774,30645,31129,23885,12065,11820,6873,4305,2568,3203,1605,1598
0.0 Scen,2021,037,Bowie County,96044,48786,47258,61802,30664,31138,24044,12153,11891,6961,4349,2612,3237,1620,1617
0.0 Scen,2022,037,Bowie County,96323,48941,47382,61812,30683,31129,24189,12227,11962,7046,4390,2656,3276,1641,1635
0.0 Scen,2023,037,Bowie County,96609,49091,47518,61819,30694,31125,24338,12301,12037,7138,4435,2703,3314,1661,1653
0.0 Scen,2024,037,Bowie County,96895,49233,47662,61829,30700,31129,24494,12376,12118,7221,4476,2745,3351,1681,1670
0.0 Scen,2025,037,Bowie County,97155,49371,47784,61824,30707,31117,24632,12445,12187,7312,4522,2790,3387,1697,1690
0.0 Scen,2026,037,Bowie County,97390,49496,47894,61806,30704,31102,24760,12515,12245,7401,4564,2837,3423,1713,1710
0.0 Scen,2027,037,Bowie County,97641,49634,48007,61784,30703,31081,24897,12585,12312,7496,4611,2885,3464,1735,1729
0.0 Scen,2028,037,Bowie County,97860,49750,48110,61742,30689,31053,25028,12649,12379,7588,4655,2933,3502,1757,1745
0.0 Scen,2029,037,Bowie County,98037,49835,48202,61680,30661,31019,25139,12702,12437,7673,4692,2981,3545,1780,1765
0.0 Scen,2030,037,Bowie County,98206,49920,48286,61623,30642,30981,25245,12754,12491,7758,4730,3028,3580,1794,1786
0.0 Scen,2031,037,Bowie County,98344,49998,48346,61536,30607,30929,25346,12807,12539,7845,4772,3073,3617,1812,1805
0.0 Scen,2032,037,Bowie County,98464,50067,48397,61449,30570,30879,25442,12862,12580,7923,4804,3119,3650,1831,1819
0.0 Scen,2033,037,Bowie County,98552,50112,48440,61339,30524,30815,25528,12904,12624,7993,4832,3161,3692,1852,1840
0.0 Scen,2034,037,Bowie County,98616,50149,48467,61229,30477,30752,25611,12945,12666,8067,4862,3205,3709,1865,1844
0.0 Scen,2035,037,Bowie County,98689,50178,48511,61110,30423,30687,25688,12983,12705,8140,4894,3246,3751,1878,1873
0.0 Scen,2036,037,Bowie County,98721,50205,48516,60983,30371,30612,25749,13018,12731,8209,4921,3288,3780,1895,1885
0.0 Scen,2037,037,Bowie County,98773,50223,48550,60851,30316,30535,25838,13057,12781,8276,4947,3329,3808,1903,1905
0.0 Scen,2038,037,Bowie County,98775,50232,48543,60710,30256,30454,25904,13093,12811,8339,4970,3369,3822,1913,1909
0.0 Scen,2039,037,Bowie County,98776,50236,48540,60571,30200,30371,25957,13116,12841,8402,4997,3405,3846,1923,1923
0.0 Scen,2040,037,Bowie County,98772,50244,48528,60426,30140,30286,26021,13152,12869,8460,5018,3442,3865,1934,1931
0.0 Scen,2041,037,Bowie County,98768,50250,48518,60298,30089,30209,26077,13181,12896,8518,5042,3476,3875,1938,1937
0.0 Scen,2042,037,Bowie County,98749,50261,48488,60148,30031,30117,26142,13219,12923,8572,5067,3505,3887,1944,1943
0.0 Scen,2043,037,Bowie County,98711,50247,48464,60000,29967,30033,26187,13242,12945,8624,5088,3536,3900,1950,1950
0.0 Scen,2044,037,Bowie County,98689,50245,48444,59862,29911,29951,26237,13267,12970,8679,5111,3568,3911,1956,1955
0.0 Scen,2045,037,Bowie County,98681,50261,48420,59728,29859,29869,26301,13306,12995,8732,5131,3601,3920,1965,1955
0.0 Scen,2046,037,Bowie County,98672,50265,48407,59596,29805,29791,26359,13338,13021,8783,5151,3632,3934,1971,1963
0.0 Scen,2047,037,Bowie County,98652,50269,48383,59463,29751,29712,26417,13372,13045,8831,5170,3661,3941,1976,1965
0.0 Scen,2048,037,Bowie County,98623,50257,48366,59328,29691,29637,26468,13400,13068,8878,5186,3692,3949,1980,1969
0.0 Scen,2049,037,Bowie County,98626,50280,48346,59214,29647,29567,26524,13438,13086,8927,5206,3721,3961,1989,1972
0.0 Scen,2050,037,Bowie County,98626,50293,48333,59099,29601,29498,26585,13475,13110,8974,5223,3751,3968,1994,1974
0.0 Scen,2010,039,Brazoria County,313166,159000,154166,166674,83696,82978,36880,19378,17502,86643,44846,41797,22969,11080,11889
0.0 Scen,2011,039,Brazoria County,315954,160391,155563,167518,84118,83400,37115,19500,17615,87999,45516,42483,23322,11257,12065
0.0 Scen,2012,039,Brazoria County,318655,161747,156908,168307,84511,83796,37354,19632,17722,89340,46178,43162,23654,11426,12228
0.0 Scen,2013,039,Brazoria County,321287,163064,158223,169084,84905,84179,37568,19744,17824,90680,46843,43837,23955,11572,12383
0.0 Scen,2014,039,Brazoria County,323792,164307,159485,169798,85262,84536,37753,19834,17919,92024,47507,44517,24217,11704,12513
0.0 Scen,2015,039,Brazoria County,326288,165560,160728,170473,85611,84862,37954,19943,18011,93385,48175,45210,24476,11831,12645
0.0 Scen,2016,039,Brazoria County,328722,166747,161975,171125,85930,85195,38148,20031,18117,94744,48843,45901,24705,11943,12762
0.0 Scen,2017,039,Brazoria County,331039,167891,163148,171679,86209,85470,38340,20125,18215,96108,49511,46597,24912,12046,12866
0.0 Scen,2018,039,Brazoria County,333371,169053,164318,172203,86465,85738,38546,20232,18314,97508,50208,47300,25114,12148,12966
0.0 Scen,2019,039,Brazoria County,335572,170125,165447,172659,86683,85976,38724,20315,18409,98894,50888,48006,25295,12239,13056
0.0 Scen,2020,039,Brazoria County,337724,171146,166578,173048,86845,86203,38883,20385,18498,100305,51586,48719,25488,12330,13158
0.0 Scen,2021,039,Brazoria County,339883,172185,167698,173455,87028,86427,39052,20466,18586,101732,52284,49448,25644,12407,13237
0.0 Scen,2022,039,Brazoria County,342069,173233,168836,173822,87183,86639,39225,20548,18677,103182,52997,50185,25840,12505,13335
0.0 Scen,2023,039,Brazoria County,344248,174286,169962,174181,87348,86833,39394,20628,18766,104640,53713,50927,26033,12597,13436
0.0 Scen,2024,039,Brazoria County,346409,175349,171060,174513,87497,87016,39570,20729,18841,106116,54436,51680,26210,12687,13523
0.0 Scen,2025,039,Brazoria County,348495,176361,172134,174783,87614,87169,39713,20794,18919,107606,55177,52429,26393,12776,13617
0.0 Scen,2026,039,Brazoria County,350584,177337,173247,175029,87720,87309,39884,20864,19020,109070,55888,53182,26601,12865,13736
0.0 Scen,2027,039,Brazoria County,352614,178318,174296,175234,87811,87423,40028,20935,19093,110554,56614,53940,26798,12958,13840
0.0 Scen,2028,039,Brazoria County,354631,179319,175312,175394,87887,87507,40175,21003,19172,112031,57338,54693,27031,13091,13940
0.0 Scen,2029,039,Brazoria County,356610,180284,176326,175558,87971,87587,40312,21063,19249,113478,58050,55428,27262,13200,14062
0.0 Scen,2030,039,Brazoria County,358541,181212,177329,175679,88016,87663,40436,21124,19312,114949,58763,56186,27477,13309,14168
0.0 Scen,2031,039,Brazoria County,360488,182151,178337,175806,88057,87749,40545,21176,19369,116394,59480,56914,27743,13438,14305
0.0 Scen,2032,039,Brazoria County,362366,183072,179294,175897,88094,87803,40639,21216,19423,117798,60163,57635,28032,13599,14433
0.0 Scen,2033,039,Brazoria County,364153,183936,180217,175974,88121,87853,40703,21245,19458,119184,60844,58340,28292,13726,14566
0.0 Scen,2034,039,Brazoria County,365824,184789,181035,176017,88140,87877,40748,21265,19483,120553,61522,59031,28506,13862,14644
0.0 Scen,2035,039,Brazoria County,367523,185604,181919,176048,88144,87904,40780,21284,19496,121856,62167,59689,28839,14009,14830
0.0 Scen,2036,039,Brazoria County,369131,186396,182735,176043,88137,87906,40789,21290,19499,123175,62807,60368,29124,14162,14962
0.0 Scen,2037,039,Brazoria County,370592,187106,183486,176005,88117,87888,40774,21289,19485,124445,63430,61015,29368,14270,15098
0.0 Scen,2038,039,Brazoria County,372023,187844,184179,175923,88082,87841,40757,21286,19471,125689,64042,61647,29654,14434,15220
0.0 Scen,2039,039,Brazoria County,373366,188501,184865,175820,88030,87790,40713,21264,19449,126919,64647,62272,29914,14560,15354
0.0 Scen,2040,039,Brazoria County,374615,189122,185493,175700,87972,87728,40663,21241,19422,128106,65230,62876,30146,14679,15467
0.0 Scen,2041,039,Brazoria County,375766,189703,186063,175516,87889,87627,40615,21217,19398,129286,65818,63468,30349,14779,15570
0.0 Scen,2042,039,Brazoria County,376827,190257,186570,175326,87806,87520,40546,21192,19354,130416,66373,64043,30539,14886,15653
0.0 Scen,2043,039,Brazoria County,377854,190799,187055,175122,87716,87406,40446,21150,19296,131557,66946,64611,30729,14987,15742
0.0 Scen,2044,039,Brazoria County,378758,191263,187495,174890,87628,87262,40365,21108,19257,132655,67468,65187,30848,15059,15789
0.0 Scen,2045,039,Brazoria County,379632,191695,187937,174632,87519,87113,40274,21064,19210,133745,68010,65735,30981,15102,15879
0.0 Scen,2046,039,Brazoria County,380449,192142,188307,174350,87401,86949,40166,21018,19148,134833,68542,66291,31100,15181,15919
0.0 Scen,2047,039,Brazoria County,381227,192570,188657,174083,87291,86792,40063,20971,19092,135887,69072,66815,31194,15236,15958
0.0 Scen,2048,039,Brazoria County,381959,192980,188979,173807,87192,86615,39925,20919,19006,136959,69598,67361,31268,15271,15997
0.0 Scen,2049,039,Brazoria County,382732,193401,189331,173542,87091,86451,39838,20870,18968,138021,70124,67897,31331,15316,16015
0.0 Scen,2050,039,Brazoria County,383428,193786,189642,173288,86994,86294,39722,20820,18902,139061,70642,68419,31357,15330,16027
0.0 Scen,2010,041,Brazos County,194851,98630,96221,115252,57972,57280,20827,9967,10860,45405,23529,21876,13367,7162,6205
0.0 Scen,2011,041,Brazos County,197298,99876,97422,115943,58329,57614,21080,10092,10988,46664,24161,22503,13611,7294,6317
0.0 Scen,2012,041,Brazos County,198707,100583,98124,115796,58259,57537,21305,10205,11100,47816,24737,23079,13790,7382,6408
0.0 Scen,2013,041,Brazos County,199972,101204,98768,115528,58110,57418,21529,10318,11211,48953,25306,23647,13962,7470,6492
0.0 Scen,2014,041,Brazos County,201377,101869,99508,115393,58003,57390,21745,10428,11317,50101,25885,24216,14138,7553,6585
0.0 Scen,2015,041,Brazos County,203056,102667,100389,115546,58041,57505,21965,10538,11427,51245,26461,24784,14300,7627,6673
0.0 Scen,2016,041,Brazos County,205297,103785,101512,116169,58343,57826,22190,10656,11534,52433,27057,25376,14505,7729,6776
0.0 Scen,2017,041,Brazos County,207638,104972,102666,116904,58715,58189,22402,10771,11631,53639,27672,25967,14693,7814,6879
0.0 Scen,2018,041,Brazos County,210001,106169,103832,117656,59096,58560,22628,10883,11745,54834,28278,26556,14883,7912,6971
0.0 Scen,2019,041,Brazos County,212378,107381,104997,118419,59491,58928,22840,10991,11849,56039,28886,27153,15080,8013,7067
0.0 Scen,2020,041,Brazos County,214735,108583,106152,119177,59879,59298,23047,11102,11945,57228,29483,27745,15283,8119,7164
0.0 Scen,2021,041,Brazos County,216985,109718,107267,119841,60209,59632,23252,11210,12042,58422,30083,28339,15470,8216,7254
0.0 Scen,2022,041,Brazos County,219183,110818,108365,120489,60538,59951,23457,11314,12143,59601,30668,28933,15636,8298,7338
0.0 Scen,2023,041,Brazos County,221344,111911,109433,121097,60849,60248,23657,11419,12238,60792,31262,29530,15798,8381,7417
0.0 Scen,2024,041,Brazos County,223469,112986,110483,121679,61142,60537,23851,11525,12326,61983,31861,30122,15956,8458,7498
0.0 Scen,2025,041,Brazos County,225562,114038,111524,122237,61427,60810,24061,11626,12435,63171,32457,30714,16093,8528,7565
0.0 Scen,2026,041,Brazos County,227588,115062,112526,122738,61688,61050,24252,11723,12529,64366,33053,31313,16232,8598,7634
0.0 Scen,2027,041,Brazos County,229565,116076,113489,123204,61935,61269,24446,11820,12626,65565,33658,31907,16350,8663,7687
0.0 Scen,2028,041,Brazos County,231507,117044,114463,123611,62146,61465,24633,11914,12719,66773,34260,32513,16490,8724,7766
0.0 Scen,2029,041,Brazos County,233281,117955,115326,123889,62303,61586,24809,12005,12804,67994,34872,33122,16589,8775,7814
0.0 Scen,2030,041,Brazos County,234965,118802,116163,124078,62399,61679,24979,12094,12885,69242,35498,33744,16666,8811,7855
0.0 Scen,2031,041,Brazos County,236642,119631,117011,124255,62488,61767,25150,12179,12971,70509,36133,34376,16728,8831,7897
0.0 Scen,2032,041,Brazos County,238346,120488,117858,124428,62573,61855,25313,12267,13046,71810,36785,35025,16795,8863,7932
0.0 Scen,2033,041,Brazos County,240070,121360,118710,124617,62663,61954,25480,12356,13124,73122,37441,35681,16851,8900,7951
0.0 Scen,2034,041,Brazos County,241861,122257,119604,124854,62782,62072,25637,12441,13196,74451,38102,36349,16919,8932,7987
0.0 Scen,2035,041,Brazos County,243748,123191,120557,125111,62911,62200,25793,12524,13269,75819,38785,37034,17025,8971,8054
0.0 Scen,2036,041,Brazos County,245632,124139,121493,125399,63059,62340,25933,12600,13333,77182,39468,37714,17118,9012,8106
0.0 Scen,2037,041,Brazos County,247550,125096,122454,125708,63218,62490,26070,12670,13400,78575,40161,38414,17197,9047,8150
0.0 Scen,2038,041,Brazos County,249525,126092,123433,126043,63390,62653,26209,12743,13466,79976,40863,39113,17297,9096,8201
0.0 Scen,2039,041,Brazos County,251537,127113,124424,126402,63586,62816,26341,12815,13526,81408,41574,39834,17386,9138,8248
0.0 Scen,2040,041,Brazos County,253555,128139,125416,126774,63778,62996,26463,12882,13581,82840,42293,40547,17478,9186,8292
0.0 Scen,2041,041,Brazos County,255635,129187,126448,127195,63999,63196,26578,12944,13634,84287,43017,41270,17575,9227,8348
0.0 Scen,2042,041,Brazos County,257724,130246,127478,127616,64223,63393,26694,13010,13684,85743,43743,42000,17671,9270,8401
0.0 Scen,2043,041,Brazos County,259838,131320,128518,128042,64449,63593,26817,13081,13736,87215,44478,42737,17764,9312,8452
0.0 Scen,2044,041,Brazos County,261973,132409,129564,128496,64692,63804,26925,13142,13783,88701,45220,43481,17851,9355,8496
0.0 Scen,2045,041,Brazos County,264114,133506,130608,128952,64940,64012,27035,13208,13827,90189,45963,44226,17938,9395,8543
0.0 Scen,2046,041,Brazos County,266288,134621,131667,129427,65201,64226,27146,13270,13876,91687,46715,44972,18028,9435,8593
0.0 Scen,2047,041,Brazos County,268464,135736,132728,129918,65468,64450,27246,13326,13920,93193,47469,45724,18107,9473,8634
0.0 Scen,2048,041,Brazos County,270630,136856,133774,130409,65740,64669,27335,13385,13950,94697,48222,46475,18189,9509,8680
0.0 Scen,2049,041,Brazos County,272787,137959,134828,130901,66007,64894,27439,13443,13996,96192,48971,47221,18255,9538,8717
0.0 Scen,2050,041,Brazos County,274958,139084,135874,131399,66288,65111,27532,13494,14038,97705,49731,47974,18322,9571,8751
0.0 Scen,2010,043,Brewster County,9232,4636,4596,5011,2528,2483,79,62,17,3918,1939,1979,224,107,117
0.0 Scen,2011,043,Brewster County,9295,4667,4628,5002,2519,2483,79,62,17,3985,1976,2009,229,110,119
0.0 Scen,2012,043,Brewster County,9354,4698,4656,4991,2512,2479,79,62,17,4050,2011,2039,234,113,121
0.0 Scen,2013,043,Brewster County,9408,4726,4682,4978,2505,2473,79,62,17,4113,2043,2070,238,116,122
0.0 Scen,2014,043,Brewster County,9451,4750,4701,4961,2497,2464,79,62,17,4168,2072,2096,243,119,124
0.0 Scen,2015,043,Brewster County,9493,4770,4723,4934,2480,2454,79,62,17,4233,2107,2126,247,121,126
0.0 Scen,2016,043,Brewster County,9562,4800,4762,4920,2470,2450,79,62,17,4310,2143,2167,253,125,128
0.0 Scen,2017,043,Brewster County,9631,4835,4796,4904,2462,2442,79,62,17,4388,2183,2205,260,128,132
0.0 Scen,2018,043,Brewster County,9688,4867,4821,4883,2455,2428,80,62,18,4464,2220,2244,261,130,131
0.0 Scen,2019,043,Brewster County,9749,4901,4848,4859,2443,2416,81,63,18,4540,2261,2279,269,134,135
0.0 Scen,2020,043,Brewster County,9808,4932,4876,4835,2433,2402,82,63,19,4617,2300,2317,274,136,138
0.0 Scen,2021,043,Brewster County,9858,4956,4902,4809,2417,2392,82,63,19,4689,2338,2351,278,138,140
0.0 Scen,2022,043,Brewster County,9918,4990,4928,4788,2406,2382,83,63,20,4767,2381,2386,280,140,140
0.0 Scen,2023,043,Brewster County,9979,5019,4960,4765,2393,2372,84,64,20,4844,2418,2426,286,144,142
0.0 Scen,2024,043,Brewster County,10040,5048,4992,4746,2382,2364,83,62,21,4919,2457,2462,292,147,145
0.0 Scen,2025,043,Brewster County,10104,5078,5026,4727,2370,2357,84,63,21,4996,2495,2501,297,150,147
0.0 Scen,2026,043,Brewster County,10171,5104,5067,4714,2359,2355,84,63,21,5073,2530,2543,300,152,148
0.0 Scen,2027,043,Brewster County,10236,5135,5101,4694,2348,2346,85,64,21,5149,2566,2583,308,157,151
0.0 Scen,2028,043,Brewster County,10289,5159,5130,4666,2332,2334,88,66,22,5221,2601,2620,314,160,154
0.0 Scen,2029,043,Brewster County,10349,5185,5164,4640,2315,2325,89,67,22,5303,2641,2662,317,162,155
0.0 Scen,2030,043,Brewster County,10405,5208,5197,4616,2301,2315,87,65,22,5381,2678,2703,321,164,157
0.0 Scen,2031,043,Brewster County,10466,5240,5226,4593,2290,2303,89,67,22,5460,2718,2742,324,165,159
0.0 Scen,2032,043,Brewster County,10526,5263,5263,4568,2271,2297,87,65,22,5543,2760,2783,328,167,161
0.0 Scen,2033,043,Brewster County,10589,5292,5297,4545,2257,2288,87,65,22,5626,2802,2824,331,168,163
0.0 Scen,2034,043,Brewster County,10645,5317,5328,4517,2240,2277,88,67,21,5707,2841,2866,333,169,164
0.0 Scen,2035,043,Brewster County,10718,5356,5362,4496,2232,2264,88,67,21,5798,2887,2911,336,170,166
0.0 Scen,2036,043,Brewster County,10783,5389,5394,4468,2218,2250,88,67,21,5888,2933,2955,339,171,168
0.0 Scen,2037,043,Brewster County,10859,5425,5434,4452,2212,2240,87,66,21,5978,2976,3002,342,171,171
0.0 Scen,2038,043,Brewster County,10943,5473,5470,4436,2206,2230,87,66,21,6077,3028,3049,343,173,170
0.0 Scen,2039,043,Brewster County,11018,5512,5506,4414,2194,2220,86,65,21,6173,3078,3095,345,175,170
0.0 Scen,2040,043,Brewster County,11094,5552,5542,4392,2184,2208,86,64,22,6266,3126,3140,350,178,172
0.0 Scen,2041,043,Brewster County,11169,5593,5576,4373,2175,2198,85,63,22,6360,3175,3185,351,180,171
0.0 Scen,2042,043,Brewster County,11258,5638,5620,4355,2166,2189,85,62,23,6463,3228,3235,355,182,173
0.0 Scen,2043,043,Brewster County,11348,5691,5657,4339,2163,2176,85,62,23,6567,3282,3285,357,184,173
0.0 Scen,2044,043,Brewster County,11442,5743,5699,4327,2158,2169,86,62,24,6671,3337,3334,358,186,172
0.0 Scen,2045,043,Brewster County,11538,5799,5739,4307,2151,2156,87,63,24,6783,3397,3386,361,188,173
0.0 Scen,2046,043,Brewster County,11632,5848,5784,4291,2144,2147,87,62,25,6890,3452,3438,364,190,174
0.0 Scen,2047,043,Brewster County,11727,5897,5830,4277,2139,2138,87,61,26,7000,3507,3493,363,190,173
0.0 Scen,2048,043,Brewster County,11839,5958,5881,4271,2138,2133,87,60,27,7115,3568,3547,366,192,174
0.0 Scen,2049,043,Brewster County,11953,6023,5930,4265,2139,2126,87,60,27,7232,3629,3603,369,195,174
0.0 Scen,2050,043,Brewster County,12068,6086,5982,4257,2138,2119,87,60,27,7350,3690,3660,374,198,176
0.0 Scen,2010,045,Briscoe County,1637,815,822,1163,574,589,40,17,23,411,211,200,23,13,10
0.0 Scen,2011,045,Briscoe County,1650,823,827,1167,577,590,40,17,23,420,216,204,23,13,10
0.0 Scen,2012,045,Briscoe County,1660,829,831,1169,578,591,40,17,23,428,221,207,23,13,10
0.0 Scen,2013,045,Briscoe County,1664,831,833,1166,576,590,40,17,23,436,226,210,22,12,10
0.0 Scen,2014,045,Briscoe County,1674,838,836,1169,579,590,40,17,23,443,230,213,22,12,10
0.0 Scen,2015,045,Briscoe County,1683,842,841,1170,579,591,40,17,23,451,234,217,22,12,10
0.0 Scen,2016,045,Briscoe County,1689,846,843,1168,578,590,40,17,23,458,238,220,23,13,10
0.0 Scen,2017,045,Briscoe County,1697,850,847,1167,578,589,40,17,23,467,242,225,23,13,10
0.0 Scen,2018,045,Briscoe County,1704,854,850,1168,580,588,40,17,23,474,245,229,22,12,10
0.0 Scen,2019,045,Briscoe County,1716,861,855,1172,583,589,40,17,23,482,249,233,22,12,10
0.0 Scen,2020,045,Briscoe County,1724,865,859,1174,584,590,40,17,23,488,252,236,22,12,10
0.0 Scen,2021,045,Briscoe County,1731,868,863,1174,584,590,40,17,23,495,255,240,22,12,10
0.0 Scen,2022,045,Briscoe County,1738,872,866,1174,583,591,39,17,22,503,260,243,22,12,10
0.0 Scen,2023,045,Briscoe County,1741,873,868,1168,578,590,39,17,22,511,265,246,23,13,10
0.0 Scen,2024,045,Briscoe County,1747,875,872,1167,576,591,39,17,22,518,269,249,23,13,10
0.0 Scen,2025,045,Briscoe County,1750,878,872,1164,575,589,39,17,22,524,273,251,23,13,10
0.0 Scen,2026,045,Briscoe County,1755,881,874,1161,573,588,38,17,21,533,278,255,23,13,10
0.0 Scen,2027,045,Briscoe County,1758,883,875,1155,571,584,38,17,21,542,282,260,23,13,10
0.0 Scen,2028,045,Briscoe County,1764,886,878,1153,570,583,38,17,21,550,286,264,23,13,10
0.0 Scen,2029,045,Briscoe County,1767,888,879,1148,568,580,38,17,21,558,290,268,23,13,10
0.0 Scen,2030,045,Briscoe County,1768,889,879,1141,565,576,38,17,21,566,294,272,23,13,10
0.0 Scen,2031,045,Briscoe County,1772,892,880,1137,564,573,37,17,20,575,298,277,23,13,10
0.0 Scen,2032,045,Briscoe County,1774,894,880,1131,562,569,37,17,20,583,302,281,23,13,10
0.0 Scen,2033,045,Briscoe County,1775,896,879,1125,560,565,36,17,19,591,306,285,23,13,10
0.0 Scen,2034,045,Briscoe County,1777,899,878,1121,559,562,34,16,18,599,311,288,23,13,10
0.0 Scen,2035,045,Briscoe County,1780,901,879,1116,556,560,34,16,18,607,316,291,23,13,10
0.0 Scen,2036,045,Briscoe County,1786,904,882,1113,554,559,34,16,18,616,321,295,23,13,10
0.0 Scen,2037,045,Briscoe County,1784,904,880,1102,548,554,33,16,17,626,327,299,23,13,10
0.0 Scen,2038,045,Briscoe County,1788,908,880,1097,547,550,33,16,17,635,332,303,23,13,10
0.0 Scen,2039,045,Briscoe County,1791,911,880,1091,545,546,33,16,17,644,337,307,23,13,10
0.0 Scen,2040,045,Briscoe County,1793,913,880,1085,542,543,32,16,16,653,342,311,23,13,10
0.0 Scen,2041,045,Briscoe County,1797,916,881,1081,541,540,31,15,16,662,347,315,23,13,10
0.0 Scen,2042,045,Briscoe County,1799,919,880,1075,540,535,30,14,16,671,352,319,23,13,10
0.0 Scen,2043,045,Briscoe County,1807,925,882,1075,541,534,29,14,15,680,357,323,23,13,10
0.0 Scen,2044,045,Briscoe County,1810,926,884,1070,538,532,28,13,15,689,362,327,23,13,10
0.0 Scen,2045,045,Briscoe County,1815,928,887,1067,535,532,28,13,15,697,367,330,23,13,10
0.0 Scen,2046,045,Briscoe County,1821,934,887,1067,537,530,28,13,15,703,371,332,23,13,10
0.0 Scen,2047,045,Briscoe County,1827,938,889,1067,538,529,28,13,15,709,374,335,23,13,10
0.0 Scen,2048,045,Briscoe County,1833,942,891,1065,538,527,28,13,15,717,378,339,23,13,10
0.0 Scen,2049,045,Briscoe County,1838,946,892,1063,538,525,28,13,15,724,382,342,23,13,10
0.0 Scen,2050,045,Briscoe County,1839,947,892,1056,535,521,28,13,15,732,386,346,23,13,10
0.0 Scen,2010,047,Brooks County,7223,3579,3644,573,277,296,19,11,8,6590,3273,3317,41,18,23
0.0 Scen,2011,047,Brooks County,7291,3615,3676,577,281,296,19,11,8,6654,3305,3349,41,18,23
0.0 Scen,2012,047,Brooks County,7359,3648,3711,579,282,297,19,11,8,6719,3337,3382,42,18,24
0.0 Scen,2013,047,Brooks County,7424,3682,3742,582,285,297,19,11,8,6780,3367,3413,43,19,24
0.0 Scen,2014,047,Brooks County,7488,3714,3774,583,287,296,19,11,8,6842,3397,3445,44,19,25
0.0 Scen,2015,047,Brooks County,7545,3745,3800,582,289,293,19,11,8,6899,3425,3474,45,20,25
0.0 Scen,2016,047,Brooks County,7602,3777,3825,583,291,292,19,11,8,6954,3455,3499,46,20,26
0.0 Scen,2017,047,Brooks County,7660,3808,3852,586,292,294,19,11,8,7008,3484,3524,47,21,26
0.0 Scen,2018,047,Brooks County,7723,3839,3884,588,295,293,19,11,8,7068,3512,3556,48,21,27
0.0 Scen,2019,047,Brooks County,7780,3869,3911,587,295,292,19,11,8,7125,3541,3584,49,22,27
0.0 Scen,2020,047,Brooks County,7837,3899,3938,589,298,291,19,11,8,7179,3568,3611,50,22,28
0.0 Scen,2021,047,Brooks County,7899,3933,3966,590,300,290,19,11,8,7239,3599,3640,51,23,28
0.0 Scen,2022,047,Brooks County,7964,3967,3997,592,302,290,19,11,8,7301,3631,3670,52,23,29
0.0 Scen,2023,047,Brooks County,8028,4002,4026,592,302,290,19,11,8,7364,3665,3699,53,24,29
0.0 Scen,2024,047,Brooks County,8087,4034,4053,593,304,289,19,11,8,7422,3695,3727,53,24,29
0.0 Scen,2025,047,Brooks County,8152,4070,4082,594,306,288,19,11,8,7486,3729,3757,53,24,29
0.0 Scen,2026,047,Brooks County,8204,4097,4107,592,305,287,19,11,8,7540,3757,3783,53,24,29
0.0 Scen,2027,047,Brooks County,8272,4132,4140,592,305,287,19,11,8,7609,3792,3817,52,24,28
0.0 Scen,2028,047,Brooks County,8330,4164,4166,594,306,288,19,11,8,7665,3823,3842,52,24,28
0.0 Scen,2029,047,Brooks County,8396,4202,4194,594,306,288,19,11,8,7731,3861,3870,52,24,28
0.0 Scen,2030,047,Brooks County,8458,4232,4226,593,306,287,19,11,8,7794,3891,3903,52,24,28
0.0 Scen,2031,047,Brooks County,8522,4269,4253,593,306,287,19,11,8,7858,3928,3930,52,24,28
0.0 Scen,2032,047,Brooks County,8589,4306,4283,590,304,286,19,11,8,7928,3967,3961,52,24,28
0.0 Scen,2033,047,Brooks County,8656,4340,4316,589,302,287,19,11,8,7995,4002,3993,53,25,28
0.0 Scen,2034,047,Brooks County,8725,4379,4346,589,302,287,19,11,8,8063,4041,4022,54,25,29
0.0 Scen,2035,047,Brooks County,8789,4413,4376,587,301,286,19,11,8,8128,4075,4053,55,26,29
0.0 Scen,2036,047,Brooks County,8859,4451,4408,585,299,286,19,11,8,8199,4115,4084,56,26,30
0.0 Scen,2037,047,Brooks County,8928,4487,4441,585,299,286,19,11,8,8267,4150,4117,57,27,30
0.0 Scen,2038,047,Brooks County,8996,4526,4470,584,298,286,19,11,8,8336,4190,4146,57,27,30
0.0 Scen,2039,047,Brooks County,9067,4563,4504,583,297,286,19,11,8,8407,4227,4180,58,28,30
0.0 Scen,2040,047,Brooks County,9135,4598,4537,576,293,283,19,11,8,8481,4266,4215,59,28,31
0.0 Scen,2041,047,Brooks County,9200,4638,4562,572,291,281,19,11,8,8549,4307,4242,60,29,31
0.0 Scen,2042,047,Brooks County,9268,4677,4591,568,290,278,19,11,8,8620,4347,4273,61,29,32
0.0 Scen,2043,047,Brooks County,9336,4714,4622,564,289,275,19,11,8,8691,4384,4307,62,30,32
0.0 Scen,2044,047,Brooks County,9406,4751,4655,560,287,273,19,11,8,8764,4423,4341,63,30,33
0.0 Scen,2045,047,Brooks County,9479,4789,4690,558,285,273,19,11,8,8838,4462,4376,64,31,33
0.0 Scen,2046,047,Brooks County,9550,4830,4720,554,284,270,19,11,8,8913,4504,4409,64,31,33
0.0 Scen,2047,047,Brooks County,9619,4867,4752,552,283,269,19,11,8,8985,4543,4442,63,30,33
0.0 Scen,2048,047,Brooks County,9689,4908,4781,547,281,266,19,11,8,9060,4586,4474,63,30,33
0.0 Scen,2049,047,Brooks County,9769,4954,4815,545,281,264,19,11,8,9142,4632,4510,63,30,33
0.0 Scen,2050,047,Brooks County,9848,4996,4852,543,280,263,19,11,8,9223,4675,4548,63,30,33
0.0 Scen,2010,049,Brown County,38106,18838,19268,28478,13923,14555,1303,716,587,7453,3764,3689,872,435,437
0.0 Scen,2011,049,Brown County,38187,18882,19305,28426,13900,14526,1315,722,593,7567,3821,3746,879,439,440
0.0 Scen,2012,049,Brown County,38281,18931,19350,28384,13881,14503,1327,728,599,7683,3879,3804,887,443,444
0.0 Scen,2013,049,Brown County,38392,18993,19399,28355,13874,14481,1342,736,606,7799,3936,3863,896,447,449
0.0 Scen,2014,049,Brown County,38513,19060,19453,28330,13866,14464,1360,747,613,7918,3995,3923,905,452,453
0.0 Scen,2015,049,Brown County,38639,19122,19517,28302,13852,14450,1376,754,622,8043,4058,3985,918,458,460
0.0 Scen,2016,049,Brown County,38754,19180,19574,28264,13833,14431,1397,766,631,8165,4119,4046,928,462,466
0.0 Scen,2017,049,Brown County,38858,19233,19625,28219,13814,14405,1418,775,643,8285,4178,4107,936,466,470
0.0 Scen,2018,049,Brown County,38976,19294,19682,28184,13800,14384,1439,786,653,8411,4239,4172,942,469,473
0.0 Scen,2019,049,Brown County,39073,19344,19729,28136,13776,14360,1456,797,659,8532,4298,4234,949,473,476
0.0 Scen,2020,049,Brown County,39167,19387,19780,28077,13747,14330,1477,806,671,8655,4356,4299,958,478,480
0.0 Scen,2021,049,Brown County,39254,19428,19826,28021,13718,14303,1498,818,680,8771,4410,4361,964,482,482
0.0 Scen,2022,049,Brown County,39342,19467,19875,27964,13690,14274,1513,824,689,8893,4467,4426,972,486,486
0.0 Scen,2023,049,Brown County,39412,19503,19909,27888,13652,14236,1529,834,695,9013,4526,4487,982,491,491
0.0 Scen,2024,049,Brown County,39477,19537,19940,27810,13616,14194,1545,842,703,9131,4584,4547,991,495,496
0.0 Scen,2025,049,Brown County,39524,19560,19964,27718,13574,14144,1559,849,710,9249,4638,4611,998,499,499
0.0 Scen,2026,049,Brown County,39546,19571,19975,27610,13528,14082,1566,851,715,9362,4689,4673,1008,503,505
0.0 Scen,2027,049,Brown County,39591,19596,19995,27505,13476,14029,1583,862,721,9488,4753,4735,1015,505,510
0.0 Scen,2028,049,Brown County,39608,19602,20006,27390,13420,13970,1589,864,725,9607,4810,4797,1022,508,514
0.0 Scen,2029,049,Brown County,39617,19611,20006,27260,13359,13901,1598,868,730,9729,4869,4860,1030,515,515
0.0 Scen,2030,049,Brown County,39626,19621,20005,27132,13301,13831,1606,872,734,9850,4929,4921,1038,519,519
0.0 Scen,2031,049,Brown County,39622,19626,19996,26996,13241,13755,1609,872,737,9967,4987,4980,1050,526,524
0.0 Scen,2032,049,Brown County,39606,19620,19986,26853,13173,13680,1613,873,740,10079,5043,5036,1061,531,530
0.0 Scen,2033,049,Brown County,39578,19612,19966,26713,13111,13602,1618,874,744,10182,5094,5088,1065,533,532
0.0 Scen,2034,049,Brown County,39536,19595,19941,26567,13044,13523,1617,871,746,10282,5144,5138,1070,536,534
0.0 Scen,2035,049,Brown County,39489,19587,19902,26410,12976,13434,1617,870,747,10383,5199,5184,1079,542,537
0.0 Scen,2036,049,Brown County,39441,19560,19881,26261,12902,13359,1614,865,749,10477,5246,5231,1089,547,542
0.0 Scen,2037,049,Brown County,39383,19543,19840,26114,12838,13276,1611,863,748,10564,5291,5273,1094,551,543
0.0 Scen,2038,049,Brown County,39339,19528,19811,25976,12777,13199,1605,858,747,10657,5338,5319,1101,555,546
0.0 Scen,2039,049,Brown County,39304,19524,19780,25844,12719,13125,1607,861,746,10746,5386,5360,1107,558,549
0.0 Scen,2040,049,Brown County,39250,19502,19748,25704,12653,13051,1605,860,745,10831,5429,5402,1110,560,550
0.0 Scen,2041,049,Brown County,39213,19492,19721,25574,12598,12976,1606,861,745,10917,5470,5447,1116,563,553
0.0 Scen,2042,049,Brown County,39172,19483,19689,25447,12543,12904,1602,858,744,11005,5517,5488,1118,565,553
0.0 Scen,2043,049,Brown County,39140,19479,19661,25327,12491,12836,1609,864,745,11086,5558,5528,1118,566,552
0.0 Scen,2044,049,Brown County,39102,19468,19634,25201,12437,12764,1615,866,749,11166,5598,5568,1120,567,553
0.0 Scen,2045,049,Brown County,39054,19458,19596,25073,12384,12689,1617,869,748,11241,5636,5605,1123,569,554
0.0 Scen,2046,049,Brown County,39013,19446,19567,24958,12338,12620,1615,867,748,11316,5671,5645,1124,570,554
0.0 Scen,2047,049,Brown County,38962,19431,19531,24830,12281,12549,1616,867,749,11391,5711,5680,1125,572,553
0.0 Scen,2048,049,Brown County,38926,19423,19503,24717,12234,12483,1617,868,749,11469,5751,5718,1123,570,553
0.0 Scen,2049,049,Brown County,38887,19415,19472,24605,12187,12418,1620,870,750,11539,5788,5751,1123,570,553
0.0 Scen,2050,049,Brown County,38850,19408,19442,24488,12137,12351,1620,871,749,11620,5830,5790,1122,570,552
0.0 Scen,2010,051,Burleson County,17187,8504,8683,11696,5725,5971,2064,990,1074,3166,1661,1505,261,128,133
0.0 Scen,2011,051,Burleson County,17203,8512,8691,11671,5712,5959,2067,992,1075,3202,1679,1523,263,129,134
0.0 Scen,2012,051,Burleson County,17223,8522,8701,11652,5703,5949,2073,995,1078,3234,1695,1539,264,129,135
0.0 Scen,2013,051,Burleson County,17238,8529,8709,11629,5691,5938,2072,995,1077,3272,1712,1560,265,131,134
0.0 Scen,2014,051,Burleson County,17268,8547,8721,11607,5683,5924,2082,999,1083,3311,1732,1579,268,133,135
0.0 Scen,2015,051,Burleson County,17287,8554,8733,11582,5669,5913,2089,1005,1084,3348,1748,1600,268,132,136
0.0 Scen,2016,051,Burleson County,17308,8571,8737,11554,5660,5894,2096,1010,1086,3387,1768,1619,271,133,138
0.0 Scen,2017,051,Burleson County,17347,8593,8754,11537,5650,5887,2105,1016,1089,3431,1793,1638,274,134,140
0.0 Scen,2018,051,Burleson County,17373,8608,8765,11515,5641,5874,2114,1020,1094,3468,1813,1655,276,134,142
0.0 Scen,2019,051,Burleson County,17403,8623,8780,11498,5635,5863,2122,1020,1102,3506,1832,1674,277,136,141
0.0 Scen,2020,051,Burleson County,17437,8641,8796,11479,5630,5849,2134,1026,1108,3543,1848,1695,281,137,144
0.0 Scen,2021,051,Burleson County,17474,8659,8815,11473,5628,5845,2135,1024,1111,3582,1868,1714,284,139,145
0.0 Scen,2022,051,Burleson County,17507,8685,8822,11465,5627,5838,2137,1027,1110,3619,1889,1730,286,142,144
0.0 Scen,2023,051,Burleson County,17539,8700,8839,11447,5617,5830,2142,1031,1111,3658,1908,1750,292,144,148
0.0 Scen,2024,051,Burleson County,17565,8717,8848,11428,5608,5820,2147,1035,1112,3696,1928,1768,294,146,148
0.0 Scen,2025,051,Burleson County,17581,8719,8862,11409,5598,5811,2146,1033,1113,3729,1942,1787,297,146,151
0.0 Scen,2026,051,Burleson County,17594,8722,8872,11384,5587,5797,2146,1031,1115,3763,1956,1807,301,148,153
0.0 Scen,2027,051,Burleson County,17615,8730,8885,11361,5575,5786,2148,1032,1116,3804,1975,1829,302,148,154
0.0 Scen,2028,051,Burleson County,17621,8729,8892,11333,5560,5773,2148,1031,1117,3836,1990,1846,304,148,156
0.0 Scen,2029,051,Burleson County,17619,8728,8891,11295,5540,5755,2142,1030,1112,3875,2008,1867,307,150,157
0.0 Scen,2030,051,Burleson County,17623,8735,8888,11261,5524,5737,2138,1032,1106,3914,2027,1887,310,152,158
0.0 Scen,2031,051,Burleson County,17617,8731,8886,11224,5506,5718,2126,1024,1102,3952,2046,1906,315,155,160
0.0 Scen,2032,051,Burleson County,17602,8725,8877,11190,5492,5698,2116,1018,1098,3976,2056,1920,320,159,161
0.0 Scen,2033,051,Burleson County,17584,8722,8862,11142,5471,5671,2110,1016,1094,4009,2074,1935,323,161,162
0.0 Scen,2034,051,Burleson County,17556,8711,8845,11104,5455,5649,2094,1008,1086,4031,2084,1947,327,164,163
0.0 Scen,2035,051,Burleson County,17523,8695,8828,11061,5434,5627,2080,1004,1076,4053,2092,1961,329,165,164
0.0 Scen,2036,051,Burleson County,17498,8683,8815,11017,5415,5602,2076,1002,1074,4073,2100,1973,332,166,166
0.0 Scen,2037,051,Burleson County,17468,8675,8793,10976,5401,5575,2066,1000,1066,4092,2107,1985,334,167,167
0.0 Scen,2038,051,Burleson County,17433,8657,8776,10934,5383,5551,2055,993,1062,4108,2113,1995,336,168,168
0.0 Scen,2039,051,Burleson County,17408,8644,8764,10898,5366,5532,2047,990,1057,4125,2119,2006,338,169,169
0.0 Scen,2040,051,Burleson County,17375,8633,8742,10860,5353,5507,2038,986,1052,4137,2124,2013,340,170,170
0.0 Scen,2041,051,Burleson County,17338,8614,8724,10814,5332,5482,2036,983,1053,4146,2128,2018,342,171,171
0.0 Scen,2042,051,Burleson County,17302,8597,8705,10771,5309,5462,2031,983,1048,4157,2134,2023,343,171,172
0.0 Scen,2043,051,Burleson County,17271,8588,8683,10734,5295,5439,2027,982,1045,4166,2139,2027,344,172,172
0.0 Scen,2044,051,Burleson County,17237,8568,8669,10699,5280,5419,2016,973,1043,4179,2144,2035,343,171,172
0.0 Scen,2045,051,Burleson County,17208,8559,8649,10666,5268,5398,2010,969,1041,4189,2150,2039,343,172,171
0.0 Scen,2046,051,Burleson County,17178,8551,8627,10632,5257,5375,2006,967,1039,4199,2155,2044,341,172,169
0.0 Scen,2047,051,Burleson County,17147,8540,8607,10599,5247,5352,2000,964,1036,4209,2159,2050,339,170,169
0.0 Scen,2048,051,Burleson County,17123,8532,8591,10571,5238,5333,1995,962,1033,4217,2163,2054,340,169,171
0.0 Scen,2049,051,Burleson County,17097,8527,8570,10543,5230,5313,1990,961,1029,4224,2166,2058,340,170,170
0.0 Scen,2050,051,Burleson County,17082,8525,8557,10523,5225,5298,1985,958,1027,4234,2171,2063,340,171,169
0.0 Scen,2010,053,Burnet County,42750,20989,21761,32530,15745,16785,700,365,335,8652,4481,4171,868,398,470
0.0 Scen,2011,053,Burnet County,42795,21011,21784,32379,15666,16713,710,371,339,8827,4570,4257,879,404,475
0.0 Scen,2012,053,Burnet County,42837,21033,21804,32222,15587,16635,720,376,344,9004,4659,4345,891,411,480
0.0 Scen,2013,053,Burnet County,42908,21074,21834,32084,15520,16564,731,382,349,9189,4754,4435,904,418,486
0.0 Scen,2014,053,Burnet County,42978,21106,21872,31939,15445,16494,740,386,354,9382,4850,4532,917,425,492
0.0 Scen,2015,053,Burnet County,43071,21147,21924,31816,15377,16439,752,392,360,9572,4947,4625,931,431,500
0.0 Scen,2016,053,Burnet County,43164,21191,21973,31692,15314,16378,762,396,366,9764,5043,4721,946,438,508
0.0 Scen,2017,053,Burnet County,43239,21222,22017,31553,15237,16316,776,403,373,9951,5136,4815,959,446,513
0.0 Scen,2018,053,Burnet County,43326,21265,22061,31421,15168,16253,781,406,375,10148,5236,4912,976,455,521
0.0 Scen,2019,053,Burnet County,43435,21317,22118,31298,15104,16194,794,413,381,10353,5337,5016,990,463,527
0.0 Scen,2020,053,Burnet County,43529,21366,22163,31161,15034,16127,803,419,384,10556,5440,5116,1009,473,536
0.0 Scen,2021,053,Burnet County,43624,21410,22214,31035,14970,16065,812,424,388,10754,5536,5218,1023,480,543
0.0 Scen,2022,053,Burnet County,43720,21455,22265,30909,14908,16001,821,430,391,10948,5627,5321,1042,490,552
0.0 Scen,2023,053,Burnet County,43825,21507,22318,30781,14846,15935,831,435,396,11151,5726,5425,1062,500,562
0.0 Scen,2024,053,Burnet County,43917,21548,22369,30647,14778,15869,836,440,396,11349,5819,5530,1085,511,574
0.0 Scen,2025,053,Burnet County,44004,21587,22417,30511,14713,15798,849,445,404,11543,5911,5632,1101,518,583
0.0 Scen,2026,053,Burnet County,44090,21631,22459,30381,14652,15729,857,449,408,11734,6003,5731,1118,527,591
0.0 Scen,2027,053,Burnet County,44169,21676,22493,30235,14582,15653,865,455,410,11930,6101,5829,1139,538,601
0.0 Scen,2028,053,Burnet County,44226,21697,22529,30078,14501,15577,873,459,414,12118,6189,5929,1157,548,609
0.0 Scen,2029,053,Burnet County,44261,21720,22541,29905,14421,15484,880,462,418,12305,6282,6023,1171,555,616
0.0 Scen,2030,053,Burnet County,44299,21742,22557,29731,14337,15394,889,466,423,12493,6377,6116,1186,562,624
0.0 Scen,2031,053,Burnet County,44328,21758,22570,29549,14248,15301,893,469,424,12682,6471,6211,1204,570,634
0.0 Scen,2032,053,Burnet County,44338,21773,22565,29359,14160,15199,896,471,425,12864,6563,6301,1219,579,640
0.0 Scen,2033,053,Burnet County,44344,21783,22561,29157,14065,15092,903,476,427,13053,6656,6397,1231,586,645
0.0 Scen,2034,053,Burnet County,44344,21797,22547,28949,13972,14977,909,479,430,13243,6753,6490,1243,593,650
0.0 Scen,2035,053,Burnet County,44354,21809,22545,28747,13879,14868,915,483,432,13433,6847,6586,1259,600,659
0.0 Scen,2036,053,Burnet County,44362,21829,22533,28546,13794,14752,921,487,434,13624,6941,6683,1271,607,664
0.0 Scen,2037,053,Burnet County,44357,21842,22515,28339,13702,14637,926,492,434,13811,7035,6776,1281,613,668
0.0 Scen,2038,053,Burnet County,44370,21861,22509,28150,13619,14531,932,496,436,13996,7127,6869,1292,619,673
0.0 Scen,2039,053,Burnet County,44393,21883,22510,27958,13531,14427,937,499,438,14193,7227,6966,1305,626,679
0.0 Scen,2040,053,Burnet County,44408,21905,22503,27761,13445,14316,944,502,442,14384,7325,7059,1319,633,686
0.0 Scen,2041,053,Burnet County,44434,21928,22506,27585,13372,14213,946,501,445,14575,7417,7158,1328,638,690
0.0 Scen,2042,053,Burnet County,44478,21965,22513,27416,13299,14117,954,508,446,14769,7514,7255,1339,644,695
0.0 Scen,2043,053,Burnet County,44498,21986,22512,27232,13218,14014,958,510,448,14957,7607,7350,1351,651,700
0.0 Scen,2044,053,Burnet County,44530,22011,22519,27065,13148,13917,958,509,449,15145,7698,7447,1362,656,706
0.0 Scen,2045,053,Burnet County,44576,22046,22530,26905,13079,13826,960,511,449,15337,7791,7546,1374,665,709
0.0 Scen,2046,053,Burnet County,44619,22084,22535,26745,13016,13729,962,512,450,15525,7883,7642,1387,673,714
0.0 Scen,2047,053,Burnet County,44675,22119,22556,26605,12957,13648,963,512,451,15705,7971,7734,1402,679,723
0.0 Scen,2048,053,Burnet County,44739,22165,22574,26472,12905,13567,967,516,451,15889,8060,7829,1411,684,727
0.0 Scen,2049,053,Burnet County,44821,22218,22603,26344,12852,13492,967,516,451,16081,8156,7925,1429,694,735
0.0 Scen,2050,053,Burnet County,44902,22276,22626,26220,12805,13415,965,517,448,16271,8250,8021,1446,704,742
0.0 Scen,2010,055,Caldwell County,38066,19180,18886,16841,8457,8384,2456,1261,1195,17922,9036,8886,847,426,421
0.0 Scen,2011,055,Caldwell County,38241,19264,18977,16816,8442,8374,2460,1266,1194,18112,9127,8985,853,429,424
0.0 Scen,2012,055,Caldwell County,38446,19369,19077,16810,8442,8368,2471,1274,1197,18306,9221,9085,859,432,427
0.0 Scen,2013,055,Caldwell County,38668,19481,19187,16809,8443,8366,2479,1280,1199,18515,9325,9190,865,433,432
0.0 Scen,2014,055,Caldwell County,38903,19602,19301,16819,8448,8371,2492,1290,1202,18719,9426,9293,873,438,435
0.0 Scen,2015,055,Caldwell County,39139,19715,19424,16823,8451,8372,2504,1294,1210,18924,9524,9400,888,446,442
0.0 Scen,2016,055,Caldwell County,39359,19831,19528,16823,8453,8370,2507,1297,1210,19131,9629,9502,898,452,446
0.0 Scen,2017,055,Caldwell County,39598,19951,19647,16821,8453,8368,2522,1304,1218,19348,9738,9610,907,456,451
0.0 Scen,2018,055,Caldwell County,39823,20065,19758,16815,8448,8367,2532,1312,1220,19555,9840,9715,921,465,456
0.0 Scen,2019,055,Caldwell County,40046,20181,19865,16804,8449,8355,2544,1319,1225,19767,9944,9823,931,469,462
0.0 Scen,2020,055,Caldwell County,40260,20292,19968,16790,8442,8348,2548,1323,1225,19977,10051,9926,945,476,469
0.0 Scen,2021,055,Caldwell County,40492,20415,20077,16777,8438,8339,2557,1329,1228,20199,10165,10034,959,483,476
0.0 Scen,2022,055,Caldwell County,40709,20525,20184,16758,8426,8332,2564,1334,1230,20412,10271,10141,975,494,481
0.0 Scen,2023,055,Caldwell County,40909,20626,20283,16727,8411,8316,2567,1336,1231,20625,10377,10248,990,502,488
0.0 Scen,2024,055,Caldwell County,41111,20734,20377,16696,8396,8300,2572,1341,1231,20840,10488,10352,1003,509,494
0.0 Scen,2025,055,Caldwell County,41282,20812,20470,16649,8371,8278,2568,1335,1233,21047,10589,10458,1018,517,501
0.0 Scen,2026,055,Caldwell County,41449,20903,20546,16592,8348,8244,2565,1335,1230,21259,10694,10565,1033,526,507
0.0 Scen,2027,055,Caldwell County,41612,20986,20626,16535,8321,8214,2561,1333,1228,21468,10797,10671,1048,535,513
0.0 Scen,2028,055,Caldwell County,41755,21055,20700,16471,8290,8181,2555,1328,1227,21670,10896,10774,1059,541,518
0.0 Scen,2029,055,Caldwell County,41885,21123,20762,16406,8261,8145,2542,1321,1221,21867,10995,10872,1070,546,524
0.0 Scen,2030,055,Caldwell County,42011,21194,20817,16328,8226,8102,2537,1321,1216,22063,11094,10969,1083,553,530
0.0 Scen,2031,055,Caldwell County,42119,21248,20871,16253,8191,8062,2525,1313,1212,22246,11185,11061,1095,559,536
0.0 Scen,2032,055,Caldwell County,42210,21295,20915,16165,8149,8016,2515,1306,1209,22424,11276,11148,1106,564,542
0.0 Scen,2033,055,Caldwell County,42293,21331,20962,16084,8107,7977,2499,1297,1202,22591,11357,11234,1119,570,549
0.0 Scen,2034,055,Caldwell County,42358,21366,20992,15994,8066,7928,2478,1284,1194,22756,11438,11318,1130,578,552
0.0 Scen,2035,055,Caldwell County,42416,21394,21022,15904,8025,7879,2458,1273,1185,22908,11511,11397,1146,585,561
0.0 Scen,2036,055,Caldwell County,42469,21424,21045,15816,7983,7833,2435,1266,1169,23058,11583,11475,1160,592,568
0.0 Scen,2037,055,Caldwell County,42505,21440,21065,15715,7931,7784,2424,1260,1164,23195,11650,11545,1171,599,572
0.0 Scen,2038,055,Caldwell County,42541,21454,21087,15624,7885,7739,2403,1252,1151,23335,11715,11620,1179,602,577
0.0 Scen,2039,055,Caldwell County,42573,21474,21099,15532,7839,7693,2383,1243,1140,23468,11782,11686,1190,610,580
0.0 Scen,2040,055,Caldwell County,42586,21471,21115,15438,7788,7650,2371,1239,1132,23583,11831,11752,1194,613,581
0.0 Scen,2041,055,Caldwell County,42597,21475,21122,15347,7742,7605,2355,1231,1124,23695,11887,11808,1200,615,585
0.0 Scen,2042,055,Caldwell County,42609,21483,21126,15254,7699,7555,2344,1226,1118,23808,11940,11868,1203,618,585
0.0 Scen,2043,055,Caldwell County,42604,21480,21124,15164,7655,7509,2332,1221,1111,23904,11987,11917,1204,617,587
0.0 Scen,2044,055,Caldwell County,42606,21478,21128,15075,7611,7464,2314,1212,1102,24007,12034,11973,1210,621,589
0.0 Scen,2045,055,Caldwell County,42592,21469,21123,14979,7558,7421,2296,1204,1092,24101,12083,12018,1216,624,592
0.0 Scen,2046,055,Caldwell County,42586,21459,21127,14896,7514,7382,2283,1196,1087,24186,12121,12065,1221,628,593
0.0 Scen,2047,055,Caldwell County,42579,21456,21123,14802,7466,7336,2268,1189,1079,24282,12169,12113,1227,632,595
0.0 Scen,2048,055,Caldwell County,42579,21453,21126,14721,7424,7297,2257,1183,1074,24368,12211,12157,1233,635,598
0.0 Scen,2049,055,Caldwell County,42564,21456,21108,14627,7383,7244,2246,1178,1068,24453,12257,12196,1238,638,600
0.0 Scen,2050,055,Caldwell County,42544,21444,21100,14545,7341,7204,2233,1171,1062,24529,12295,12234,1237,637,600
0.0 Scen,2010,057,Calhoun County,21381,10847,10534,9794,4927,4867,519,263,256,9922,5026,4896,1146,631,515
0.0 Scen,2011,057,Calhoun County,21500,10899,10601,9759,4904,4855,523,266,257,10063,5094,4969,1155,635,520
0.0 Scen,2012,057,Calhoun County,21620,10948,10672,9730,4879,4851,526,269,257,10201,5161,5040,1163,639,524
0.0 Scen,2013,057,Calhoun County,21751,11006,10745,9703,4863,4840,530,272,258,10349,5231,5118,1169,640,529
0.0 Scen,2014,057,Calhoun County,21872,11063,10809,9670,4846,4824,532,273,259,10493,5300,5193,1177,644,533
0.0 Scen,2015,057,Calhoun County,22007,11121,10886,9644,4828,4816,537,275,262,10637,5367,5270,1189,651,538
0.0 Scen,2016,057,Calhoun County,22132,11177,10955,9610,4807,4803,538,277,261,10779,5433,5346,1205,660,545
0.0 Scen,2017,057,Calhoun County,22257,11236,11021,9580,4791,4789,543,279,264,10920,5500,5420,1214,666,548
0.0 Scen,2018,057,Calhoun County,22388,11297,11091,9557,4776,4781,546,281,265,11062,5568,5494,1223,672,551
0.0 Scen,2019,057,Calhoun County,22520,11357,11163,9528,4758,4770,546,282,264,11208,5636,5572,1238,681,557
0.0 Scen,2020,057,Calhoun County,22648,11415,11233,9495,4736,4759,549,284,265,11357,5710,5647,1247,685,562
0.0 Scen,2021,057,Calhoun County,22770,11471,11299,9465,4718,4747,552,285,267,11495,5777,5718,1258,691,567
0.0 Scen,2022,057,Calhoun County,22893,11529,11364,9430,4698,4732,555,286,269,11639,5847,5792,1269,698,571
0.0 Scen,2023,057,Calhoun County,23014,11588,11426,9391,4677,4714,555,286,269,11787,5921,5866,1281,704,577
0.0 Scen,2024,057,Calhoun County,23131,11644,11487,9352,4657,4695,556,287,269,11929,5990,5939,1294,710,584
0.0 Scen,2025,057,Calhoun County,23241,11699,11542,9309,4634,4675,556,288,268,12070,6061,6009,1306,716,590
0.0 Scen,2026,057,Calhoun County,23373,11765,11608,9277,4617,4660,556,289,267,12220,6136,6084,1320,723,597
0.0 Scen,2027,057,Calhoun County,23484,11818,11666,9231,4594,4637,556,289,267,12359,6205,6154,1338,730,608
0.0 Scen,2028,057,Calhoun County,23595,11882,11713,9189,4574,4615,555,290,265,12501,6279,6222,1350,739,611
0.0 Scen,2029,057,Calhoun County,23710,11937,11773,9142,4548,4594,559,291,268,12640,6351,6289,1369,747,622
0.0 Scen,2030,057,Calhoun County,23795,11978,11817,9082,4517,4565,560,291,269,12772,6417,6355,1381,753,628
0.0 Scen,2031,057,Calhoun County,23879,12020,11859,9024,4489,4535,561,292,269,12907,6486,6421,1387,753,634
0.0 Scen,2032,057,Calhoun County,23968,12064,11904,8969,4461,4508,562,293,269,13040,6554,6486,1397,756,641
0.0 Scen,2033,057,Calhoun County,24059,12110,11949,8919,4437,4482,562,293,269,13169,6619,6550,1409,761,648
0.0 Scen,2034,057,Calhoun County,24142,12154,11988,8865,4411,4454,561,293,268,13297,6683,6614,1419,767,652
0.0 Scen,2035,057,Calhoun County,24222,12190,12032,8813,4381,4432,560,293,267,13422,6748,6674,1427,768,659
0.0 Scen,2036,057,Calhoun County,24303,12235,12068,8765,4362,4403,557,292,265,13541,6807,6734,1440,774,666
0.0 Scen,2037,057,Calhoun County,24377,12269,12108,8714,4336,4378,556,291,265,13660,6867,6793,1447,775,672
0.0 Scen,2038,057,Calhoun County,24445,12302,12143,8668,4314,4354,551,286,265,13773,6926,6847,1453,776,677
0.0 Scen,2039,057,Calhoun County,24523,12341,12182,8625,4292,4333,550,285,265,13888,6984,6904,1460,780,680
0.0 Scen,2040,057,Calhoun County,24592,12381,12211,8577,4274,4303,546,283,263,14004,7042,6962,1465,782,683
0.0 Scen,2041,057,Calhoun County,24653,12404,12249,8528,4247,4281,540,279,261,14120,7097,7023,1465,781,684
0.0 Scen,2042,057,Calhoun County,24726,12442,12284,8489,4229,4260,537,277,260,14235,7156,7079,1465,780,685
0.0 Scen,2043,057,Calhoun County,24779,12465,12314,8443,4207,4236,534,275,259,14335,7206,7129,1467,777,690
0.0 Scen,2044,057,Calhoun County,24838,12493,12345,8405,4188,4217,531,274,257,14436,7256,7180,1466,775,691
0.0 Scen,2045,057,Calhoun County,24887,12522,12365,8363,4168,4195,526,272,254,14537,7308,7229,1461,774,687
0.0 Scen,2046,057,Calhoun County,24951,12555,12396,8327,4148,4179,522,270,252,14643,7365,7278,1459,772,687
0.0 Scen,2047,057,Calhoun County,25007,12584,12423,8288,4131,4157,517,268,249,14743,7415,7328,1459,770,689
0.0 Scen,2048,057,Calhoun County,25051,12604,12447,8251,4114,4137,509,264,245,14834,7457,7377,1457,769,688
0.0 Scen,2049,057,Calhoun County,25117,12638,12479,8218,4099,4119,504,262,242,14937,7510,7427,1458,767,691
0.0 Scen,2050,057,Calhoun County,25175,12667,12508,8189,4087,4102,499,259,240,15030,7556,7474,1457,765,692
0.0 Scen,2010,059,Callahan County,13544,6607,6937,12065,5863,6202,135,68,67,1025,528,497,319,148,171
0.0 Scen,2011,059,Callahan County,13557,6616,6941,12061,5863,6198,136,69,67,1037,534,503,323,150,173
0.0 Scen,2012,059,Callahan County,13564,6617,6947,12049,5854,6195,137,69,68,1050,541,509,328,153,175
0.0 Scen,2013,059,Callahan County,13572,6623,6949,12040,5850,6190,137,69,68,1062,548,514,333,156,177
0.0 Scen,2014,059,Callahan County,13578,6624,6954,12028,5842,6186,138,69,69,1073,553,520,339,160,179
0.0 Scen,2015,059,Callahan County,13586,6631,6955,12022,5841,6181,139,70,69,1084,559,525,341,161,180
0.0 Scen,2016,059,Callahan County,13597,6638,6959,12013,5838,6175,140,70,70,1096,565,531,348,165,183
0.0 Scen,2017,059,Callahan County,13606,6645,6961,12007,5836,6171,140,71,69,1107,571,536,352,167,185
0.0 Scen,2018,059,Callahan County,13628,6660,6968,12010,5841,6169,141,71,70,1120,578,542,357,170,187
0.0 Scen,2019,059,Callahan County,13652,6672,6980,12015,5843,6172,142,72,70,1134,585,549,361,172,189
0.0 Scen,2020,059,Callahan County,13680,6691,6989,12021,5849,6172,142,73,69,1151,594,557,366,175,191
0.0 Scen,2021,059,Callahan County,13711,6709,7002,12028,5855,6173,144,74,70,1168,603,565,371,177,194
0.0 Scen,2022,059,Callahan County,13740,6726,7014,12035,5861,6174,146,75,71,1184,612,572,375,178,197
0.0 Scen,2023,059,Callahan County,13780,6749,7031,12050,5872,6178,147,76,71,1202,621,581,381,180,201
0.0 Scen,2024,059,Callahan County,13815,6762,7053,12064,5873,6191,148,77,71,1221,631,590,382,181,201
0.0 Scen,2025,059,Callahan County,13845,6779,7066,12072,5878,6194,149,78,71,1237,640,597,387,183,204
0.0 Scen,2026,059,Callahan County,13878,6797,7081,12083,5882,6201,150,79,71,1250,648,602,395,188,207
0.0 Scen,2027,059,Callahan County,13911,6818,7093,12095,5890,6205,152,81,71,1265,656,609,399,191,208
0.0 Scen,2028,059,Callahan County,13948,6838,7110,12105,5898,6207,154,82,72,1283,664,619,406,194,212
0.0 Scen,2029,059,Callahan County,13968,6846,7122,12104,5899,6205,157,83,74,1298,670,628,409,194,215
0.0 Scen,2030,059,Callahan County,13988,6858,7130,12105,5901,6204,159,84,75,1312,678,634,412,195,217
0.0 Scen,2031,059,Callahan County,13995,6865,7130,12095,5897,6198,158,84,74,1327,687,640,415,197,218
0.0 Scen,2032,059,Callahan County,14004,6874,7130,12088,5898,6190,159,84,75,1338,693,645,419,199,220
0.0 Scen,2033,059,Callahan County,13999,6872,7127,12068,5890,6178,160,84,76,1350,699,651,421,199,222
0.0 Scen,2034,059,Callahan County,13986,6867,7119,12037,5876,6161,161,84,77,1363,706,657,425,201,224
0.0 Scen,2035,059,Callahan County,13980,6870,7110,12016,5872,6144,163,85,78,1374,712,662,427,201,226
0.0 Scen,2036,059,Callahan County,13964,6866,7098,11987,5862,6125,165,86,79,1384,718,666,428,200,228
0.0 Scen,2037,059,Callahan County,13945,6858,7087,11958,5848,6110,164,86,78,1393,723,670,430,201,229
0.0 Scen,2038,059,Callahan County,13931,6858,7073,11936,5845,6091,163,85,78,1400,727,673,432,201,231
0.0 Scen,2039,059,Callahan County,13910,6848,7062,11908,5832,6076,163,85,78,1406,729,677,433,202,231
0.0 Scen,2040,059,Callahan County,13885,6838,7047,11878,5821,6057,162,84,78,1411,730,681,434,203,231
0.0 Scen,2041,059,Callahan County,13866,6833,7033,11853,5813,6040,161,84,77,1416,731,685,436,205,231
0.0 Scen,2042,059,Callahan County,13841,6824,7017,11823,5803,6020,161,84,77,1421,733,688,436,204,232
0.0 Scen,2043,059,Callahan County,13828,6824,7004,11808,5801,6007,161,85,76,1423,734,689,436,204,232
0.0 Scen,2044,059,Callahan County,13808,6818,6990,11784,5794,5990,162,85,77,1425,735,690,437,204,233
0.0 Scen,2045,059,Callahan County,13792,6813,6979,11769,5790,5979,161,85,76,1427,735,692,435,203,232
0.0 Scen,2046,059,Callahan County,13778,6807,6971,11753,5784,5969,160,84,76,1429,735,694,436,204,232
0.0 Scen,2047,059,Callahan County,13763,6807,6956,11739,5783,5956,159,84,75,1431,736,695,434,204,230
0.0 Scen,2048,059,Callahan County,13750,6805,6945,11723,5780,5943,158,83,75,1436,739,697,433,203,230
0.0 Scen,2049,059,Callahan County,13737,6803,6934,11710,5777,5933,157,83,74,1438,740,698,432,203,229
0.0 Scen,2050,059,Callahan County,13742,6813,6929,11714,5786,5928,156,82,74,1441,742,699,431,203,228
0.0 Scen,2010,061,Cameron County,406220,195394,210826,43427,21930,21497,1192,703,489,357747,170860,186887,3854,1901,1953
0.0 Scen,2011,061,Cameron County,411740,198175,213565,42900,21629,21271,1204,709,495,363735,173912,189823,3901,1925,1976
0.0 Scen,2012,061,Cameron County,417278,200981,216297,42374,21333,21041,1218,717,501,369737,176979,192758,3949,1952,1997
0.0 Scen,2013,061,Cameron County,422892,203828,219064,41849,21039,20810,1228,722,506,375819,180091,195728,3996,1976,2020
0.0 Scen,2014,061,Cameron County,428608,206726,221882,41325,20750,20575,1244,732,512,381995,183243,198752,4044,2001,2043
0.0 Scen,2015,061,Cameron County,434392,209653,224739,40796,20458,20338,1258,740,518,388245,186430,201815,4093,2025,2068
0.0 Scen,2016,061,Cameron County,440241,212616,227625,40277,20173,20104,1271,746,525,394557,189648,204909,4136,2049,2087
0.0 Scen,2017,061,Cameron County,446105,215616,230489,39751,19881,19870,1287,754,533,400890,192911,207979,4177,2070,2107
0.0 Scen,2018,061,Cameron County,452098,218654,233444,39224,19597,19627,1302,763,539,407349,196201,211148,4223,2093,2130
0.0 Scen,2019,061,Cameron County,458162,221751,236411,38709,19315,19394,1317,772,545,413870,199550,214320,4266,2114,2152
0.0 Scen,2020,061,Cameron County,464304,224882,239422,38207,19045,19162,1330,778,552,420460,202926,217534,4307,2133,2174
0.0 Scen,2021,061,Cameron County,470533,228094,242439,37689,18767,18922,1349,787,562,427146,206386,220760,4349,2154,2195
0.0 Scen,2022,061,Cameron County,476917,231357,245560,37191,18503,18688,1364,796,568,433972,209883,224089,4390,2175,2215
0.0 Scen,2023,061,Cameron County,483399,234657,248742,36690,18236,18454,1379,803,576,440893,213421,227472,4437,2197,2240
0.0 Scen,2024,061,Cameron County,489863,237976,251887,36201,17983,18218,1388,806,582,447796,216967,230829,4478,2220,2258
0.0 Scen,2025,061,Cameron County,496365,241349,255016,35729,17741,17988,1402,812,590,454714,220554,234160,4520,2242,2278
0.0 Scen,2026,061,Cameron County,502864,244657,258207,35252,17490,17762,1412,815,597,461634,224088,237546,4566,2264,2302
0.0 Scen,2027,061,Cameron County,509320,248016,261304,34791,17248,17543,1423,819,604,468505,227666,240839,4601,2283,2318
0.0 Scen,2028,061,Cameron County,515790,251332,264458,34322,17003,17319,1430,822,608,475396,231202,244194,4642,2305,2337
0.0 Scen,2029,061,Cameron County,522073,254579,267494,33876,16767,17109,1431,821,610,482090,234669,247421,4676,2322,2354
0.0 Scen,2030,061,Cameron County,528434,257845,270589,33446,16547,16899,1439,822,617,488836,238138,250698,4713,2338,2375
0.0 Scen,2031,061,Cameron County,534772,261118,273654,33014,16329,16685,1445,822,623,495570,241611,253959,4743,2356,2387
0.0 Scen,2032,061,Cameron County,541098,264392,276706,32597,16117,16480,1448,820,628,502281,245085,257196,4772,2370,2402
0.0 Scen,2033,061,Cameron County,547406,267677,279729,32176,15903,16273,1453,822,631,508974,248563,260411,4803,2389,2414
0.0 Scen,2034,061,Cameron County,553802,271008,282794,31757,15694,16063,1453,821,632,515778,252097,263681,4814,2396,2418
0.0 Scen,2035,061,Cameron County,560121,274325,285796,31346,15491,15855,1451,817,634,522470,255606,266864,4854,2411,2443
0.0 Scen,2036,061,Cameron County,566493,277650,288843,30941,15289,15652,1450,814,636,529231,259130,270101,4871,2417,2454
0.0 Scen,2037,061,Cameron County,572986,281012,291974,30544,15092,15452,1449,811,638,536097,262679,273418,4896,2430,2466
0.0 Scen,2038,061,Cameron County,579511,284426,295085,30145,14900,15245,1442,802,640,543008,266279,276729,4916,2445,2471
0.0 Scen,2039,061,Cameron County,586030,287802,298228,29764,14709,15055,1435,797,638,549901,269846,280055,4930,2450,2480
0.0 Scen,2040,061,Cameron County,592589,291248,301341,29390,14526,14864,1433,795,638,556811,273462,283349,4955,2465,2490
0.0 Scen,2041,061,Cameron County,599301,294794,304507,29011,14346,14665,1431,792,639,563891,277185,286706,4968,2471,2497
0.0 Scen,2042,061,Cameron County,605976,298281,307695,28648,14168,14480,1431,792,639,570919,280847,290072,4978,2474,2504
0.0 Scen,2043,061,Cameron County,612814,301870,310944,28294,13994,14300,1427,791,636,578097,284601,293496,4996,2484,2512
0.0 Scen,2044,061,Cameron County,619785,305543,314242,27948,13825,14123,1424,789,635,585409,288439,296970,5004,2490,2514
0.0 Scen,2045,061,Cameron County,626732,309198,317534,27609,13660,13949,1419,784,635,592691,292258,300433,5013,2496,2517
0.0 Scen,2046,061,Cameron County,633789,312897,320892,27274,13501,13773,1421,783,638,600064,296107,303957,5030,2506,2524
0.0 Scen,2047,061,Cameron County,640889,316659,324230,26956,13347,13609,1416,778,638,607477,300018,307459,5040,2516,2524
0.0 Scen,2048,061,Cameron County,648085,320450,327635,26643,13198,13445,1411,774,637,614987,303959,311028,5044,2519,2525
0.0 Scen,2049,061,Cameron County,655389,324306,331083,26354,13061,13293,1410,770,640,622569,307950,314619,5056,2525,2531
0.0 Scen,2050,061,Cameron County,662685,328171,334514,26068,12924,13144,1408,767,641,630144,311946,318198,5065,2534,2531
0.0 Scen,2010,063,Camp County,12401,6086,6315,7298,3519,3779,2133,991,1142,2648,1417,1231,322,159,163
0.0 Scen,2011,063,Camp County,12457,6117,6340,7287,3512,3775,2148,1002,1146,2697,1442,1255,325,161,164
0.0 Scen,2012,063,Camp County,12515,6147,6368,7275,3505,3770,2164,1011,1153,2745,1467,1278,331,164,167
0.0 Scen,2013,063,Camp County,12587,6180,6407,7267,3497,3770,2183,1021,1162,2801,1495,1306,336,167,169
0.0 Scen,2014,063,Camp County,12654,6212,6442,7254,3488,3766,2200,1031,1169,2858,1523,1335,342,170,172
0.0 Scen,2015,063,Camp County,12730,6250,6480,7248,3482,3766,2218,1042,1176,2915,1552,1363,349,174,175
0.0 Scen,2016,063,Camp County,12793,6280,6513,7234,3470,3764,2234,1051,1183,2969,1580,1389,356,179,177
0.0 Scen,2017,063,Camp County,12864,6318,6546,7218,3462,3756,2250,1060,1190,3033,1613,1420,363,183,180
0.0 Scen,2018,063,Camp County,12924,6344,6580,7193,3447,3746,2266,1066,1200,3094,1645,1449,371,186,185
0.0 Scen,2019,063,Camp County,12989,6380,6609,7176,3439,3737,2281,1074,1207,3156,1678,1478,376,189,187
0.0 Scen,2020,063,Camp County,13059,6415,6644,7160,3432,3728,2293,1081,1212,3222,1710,1512,384,192,192
0.0 Scen,2021,063,Camp County,13138,6457,6681,7148,3428,3720,2310,1092,1218,3290,1743,1547,390,194,196
0.0 Scen,2022,063,Camp County,13213,6499,6714,7134,3423,3711,2320,1097,1223,3357,1778,1579,402,201,201
0.0 Scen,2023,063,Camp County,13286,6537,6749,7125,3420,3705,2321,1096,1225,3428,1815,1613,412,206,206
0.0 Scen,2024,063,Camp County,13361,6574,6787,7111,3411,3700,2325,1099,1226,3504,1853,1651,421,211,210
0.0 Scen,2025,063,Camp County,13421,6602,6819,7081,3396,3685,2330,1099,1231,3582,1892,1690,428,215,213
0.0 Scen,2026,063,Camp County,13479,6633,6846,7062,3388,3674,2327,1098,1229,3657,1930,1727,433,217,216
0.0 Scen,2027,063,Camp County,13542,6662,6880,7044,3379,3665,2326,1096,1230,3734,1969,1765,438,218,220
0.0 Scen,2028,063,Camp County,13603,6695,6908,7025,3371,3654,2323,1095,1228,3809,2006,1803,446,223,223
0.0 Scen,2029,063,Camp County,13663,6728,6935,7004,3361,3643,2319,1095,1224,3885,2044,1841,455,228,227
0.0 Scen,2030,063,Camp County,13734,6771,6963,6991,3360,3631,2315,1095,1220,3962,2083,1879,466,233,233
0.0 Scen,2031,063,Camp County,13790,6799,6991,6968,3349,3619,2316,1096,1220,4032,2117,1915,474,237,237
0.0 Scen,2032,063,Camp County,13842,6829,7013,6946,3341,3605,2308,1093,1215,4106,2153,1953,482,242,240
0.0 Scen,2033,063,Camp County,13899,6865,7034,6926,3335,3591,2306,1094,1212,4177,2190,1987,490,246,244
0.0 Scen,2034,063,Camp County,13946,6891,7055,6900,3324,3576,2300,1092,1208,4246,2224,2022,500,251,249
0.0 Scen,2035,063,Camp County,13994,6917,7077,6879,3316,3563,2293,1091,1202,4316,2258,2058,506,252,254
0.0 Scen,2036,063,Camp County,14039,6943,7096,6857,3311,3546,2289,1090,1199,4382,2287,2095,511,255,256
0.0 Scen,2037,063,Camp County,14081,6969,7112,6836,3305,3531,2283,1089,1194,4446,2317,2129,516,258,258
0.0 Scen,2038,063,Camp County,14122,6997,7125,6808,3295,3513,2279,1091,1188,4511,2349,2162,524,262,262
0.0 Scen,2039,063,Camp County,14156,7013,7143,6783,3283,3500,2273,1089,1184,4570,2376,2194,530,265,265
0.0 Scen,2040,063,Camp County,14211,7049,7162,6764,3279,3485,2277,1095,1182,4631,2404,2227,539,271,268
0.0 Scen,2041,063,Camp County,14253,7070,7183,6742,3271,3471,2271,1093,1178,4693,2431,2262,547,275,272
0.0 Scen,2042,063,Camp County,14294,7098,7196,6719,3265,3454,2267,1094,1173,4753,2460,2293,555,279,276
0.0 Scen,2043,063,Camp County,14344,7131,7213,6700,3262,3438,2269,1098,1171,4812,2488,2324,563,283,280
0.0 Scen,2044,063,Camp County,14388,7161,7227,6674,3256,3418,2268,1099,1169,4874,2517,2357,572,289,283
0.0 Scen,2045,063,Camp County,14427,7186,7241,6653,3250,3403,2263,1098,1165,4933,2546,2387,578,292,286
0.0 Scen,2046,063,Camp County,14478,7218,7260,6637,3247,3390,2260,1098,1162,4993,2575,2418,588,298,290
0.0 Scen,2047,063,Camp County,14535,7253,7282,6626,3244,3382,2260,1101,1159,5054,2606,2448,595,302,293
0.0 Scen,2048,063,Camp County,14592,7286,7306,6617,3244,3373,2260,1102,1158,5114,2635,2479,601,305,296
0.0 Scen,2049,063,Camp County,14644,7325,7319,6610,3249,3361,2256,1104,1152,5170,2662,2508,608,310,298
0.0 Scen,2050,063,Camp County,14696,7357,7339,6603,3251,3352,2255,1107,1148,5225,2687,2538,613,312,301
0.0 Scen,2010,065,Carson County,6182,3042,3140,5473,2690,2783,35,17,18,525,253,272,149,82,67
0.0 Scen,2011,065,Carson County,6187,3045,3142,5470,2688,2782,35,17,18,532,257,275,150,83,67
0.0 Scen,2012,065,Carson County,6192,3046,3146,5467,2685,2782,35,17,18,539,261,278,151,83,68
0.0 Scen,2013,065,Carson County,6188,3044,3144,5456,2678,2778,35,17,18,546,265,281,151,84,67
0.0 Scen,2014,065,Carson County,6192,3043,3149,5452,2673,2779,35,17,18,553,269,284,152,84,68
0.0 Scen,2015,065,Carson County,6189,3039,3150,5441,2664,2777,35,17,18,560,273,287,153,85,68
0.0 Scen,2016,065,Carson County,6193,3038,3155,5437,2659,2778,35,17,18,567,277,290,154,85,69
0.0 Scen,2017,065,Carson County,6197,3042,3155,5435,2658,2777,34,17,17,573,281,292,155,86,69
0.0 Scen,2018,065,Carson County,6205,3044,3161,5435,2656,2779,34,17,17,580,285,295,156,86,70
0.0 Scen,2019,065,Carson County,6220,3054,3166,5441,2662,2779,35,17,18,588,289,299,156,86,70
0.0 Scen,2020,065,Carson County,6235,3060,3175,5446,2664,2782,35,17,18,596,293,303,158,86,72
0.0 Scen,2021,065,Carson County,6255,3068,3187,5456,2666,2790,35,17,18,605,298,307,159,87,72
0.0 Scen,2022,065,Carson County,6268,3076,3192,5459,2669,2790,35,17,18,614,303,311,160,87,73
0.0 Scen,2023,065,Carson County,6287,3088,3199,5468,2675,2793,35,17,18,623,308,315,161,88,73
0.0 Scen,2024,065,Carson County,6300,3094,3206,5472,2677,2795,35,17,18,631,312,319,162,88,74
0.0 Scen,2025,065,Carson County,6312,3101,3211,5476,2681,2795,35,17,18,637,314,323,164,89,75
0.0 Scen,2026,065,Carson County,6330,3108,3222,5484,2683,2801,35,17,18,645,318,327,166,90,76
0.0 Scen,2027,065,Carson County,6347,3118,3229,5490,2687,2803,35,17,18,653,322,331,169,92,77
0.0 Scen,2028,065,Carson County,6366,3127,3239,5497,2689,2808,35,17,18,663,328,335,171,93,78
0.0 Scen,2029,065,Carson County,6390,3140,3250,5511,2697,2814,35,17,18,671,332,339,173,94,79
0.0 Scen,2030,065,Carson County,6408,3151,3257,5519,2703,2816,35,17,18,679,336,343,175,95,80
0.0 Scen,2031,065,Carson County,6429,3163,3266,5529,2709,2820,35,17,18,688,341,347,177,96,81
0.0 Scen,2032,065,Carson County,6441,3169,3272,5533,2712,2821,35,17,18,696,345,351,177,95,82
0.0 Scen,2033,065,Carson County,6450,3176,3274,5534,2715,2819,35,17,18,703,349,354,178,95,83
0.0 Scen,2034,065,Carson County,6451,3177,3274,5528,2712,2816,35,17,18,710,353,357,178,95,83
0.0 Scen,2035,065,Carson County,6449,3176,3273,5518,2707,2811,35,17,18,718,357,361,178,95,83
0.0 Scen,2036,065,Carson County,6449,3173,3276,5510,2700,2810,35,17,18,725,361,364,179,95,84
0.0 Scen,2037,065,Carson County,6455,3182,3273,5508,2704,2804,35,17,18,733,366,367,179,95,84
0.0 Scen,2038,065,Carson County,6452,3184,3268,5499,2702,2797,35,17,18,738,370,368,180,95,85
0.0 Scen,2039,065,Carson County,6446,3182,3264,5487,2697,2790,35,17,18,744,373,371,180,95,85
0.0 Scen,2040,065,Carson County,6444,3184,3260,5480,2697,2783,35,17,18,749,376,373,180,94,86
0.0 Scen,2041,065,Carson County,6438,3184,3254,5472,2696,2776,35,17,18,752,377,375,179,94,85
0.0 Scen,2042,065,Carson County,6430,3181,3249,5462,2693,2769,35,17,18,755,378,377,178,93,85
0.0 Scen,2043,065,Carson County,6420,3178,3242,5449,2689,2760,35,17,18,758,379,379,178,93,85
0.0 Scen,2044,065,Carson County,6414,3177,3237,5440,2687,2753,35,17,18,762,381,381,177,92,85
0.0 Scen,2045,065,Carson County,6409,3179,3230,5433,2688,2745,35,17,18,765,382,383,176,92,84
0.0 Scen,2046,065,Carson County,6404,3178,3226,5426,2687,2739,35,17,18,768,383,385,175,91,84
0.0 Scen,2047,065,Carson County,6404,3181,3223,5427,2691,2736,34,16,18,769,383,386,174,91,83
0.0 Scen,2048,065,Carson County,6401,3184,3217,5424,2695,2729,33,15,18,770,384,386,174,90,84
0.0 Scen,2049,065,Carson County,6398,3186,3212,5420,2695,2725,32,14,18,772,386,386,174,91,83
0.0 Scen,2050,065,Carson County,6400,3188,3212,5422,2697,2725,31,13,18,774,388,386,173,90,83
0.0 Scen,2010,067,Cass County,30464,14777,15687,23522,11485,12037,5299,2471,2828,1053,550,503,590,271,319
0.0 Scen,2011,067,Cass County,30460,14778,15682,23490,11470,12020,5299,2472,2827,1072,560,512,599,276,323
0.0 Scen,2012,067,Cass County,30464,14781,15683,23465,11457,12008,5299,2474,2825,1092,570,522,608,280,328
0.0 Scen,2013,067,Cass County,30469,14784,15685,23446,11450,11996,5296,2473,2823,1110,578,532,617,283,334
0.0 Scen,2014,067,Cass County,30472,14790,15682,23421,11438,11983,5296,2476,2820,1129,588,541,626,288,338
0.0 Scen,2015,067,Cass County,30486,14800,15686,23405,11429,11976,5300,2481,2819,1147,598,549,634,292,342
0.0 Scen,2016,067,Cass County,30496,14806,15690,23384,11418,11966,5303,2483,2820,1166,608,558,643,297,346
0.0 Scen,2017,067,Cass County,30497,14811,15686,23357,11406,11951,5303,2485,2818,1188,619,569,649,301,348
0.0 Scen,2018,067,Cass County,30503,14815,15688,23332,11392,11940,5303,2487,2816,1210,630,580,658,306,352
0.0 Scen,2019,067,Cass County,30519,14826,15693,23310,11380,11930,5305,2491,2814,1231,641,590,673,314,359
0.0 Scen,2020,067,Cass County,30531,14838,15693,23287,11370,11917,5308,2496,2812,1254,653,601,682,319,363
0.0 Scen,2021,067,Cass County,30558,14857,15701,23269,11365,11904,5317,2502,2815,1280,664,616,692,326,366
0.0 Scen,2022,067,Cass County,30555,14858,15697,23242,11352,11890,5310,2499,2811,1302,676,626,701,331,370
0.0 Scen,2023,067,Cass County,30566,14866,15700,23218,11342,11876,5310,2501,2809,1325,686,639,713,337,376
0.0 Scen,2024,067,Cass County,30570,14876,15694,23185,11328,11857,5316,2508,2808,1346,698,648,723,342,381
0.0 Scen,2025,067,Cass County,30563,14881,15682,23140,11309,11831,5319,2512,2807,1367,710,657,737,350,387
0.0 Scen,2026,067,Cass County,30561,14883,15678,23099,11290,11809,5323,2516,2807,1391,721,670,748,356,392
0.0 Scen,2027,067,Cass County,30546,14880,15666,23045,11266,11779,5325,2518,2807,1414,732,682,762,364,398
0.0 Scen,2028,067,Cass County,30526,14876,15650,22988,11241,11747,5326,2519,2807,1436,744,692,776,372,404
0.0 Scen,2029,067,Cass County,30501,14875,15626,22922,11214,11708,5326,2522,2804,1462,759,703,791,380,411
0.0 Scen,2030,067,Cass County,30473,14867,15606,22846,11178,11668,5332,2526,2806,1487,773,714,808,390,418
0.0 Scen,2031,067,Cass County,30439,14856,15583,22780,11151,11629,5326,2522,2804,1513,788,725,820,395,425
0.0 Scen,2032,067,Cass County,30394,14841,15553,22693,11113,11580,5324,2520,2804,1541,804,737,836,404,432
0.0 Scen,2033,067,Cass County,30352,14825,15527,22617,11080,11537,5319,2519,2800,1566,815,751,850,411,439
0.0 Scen,2034,067,Cass County,30311,14811,15500,22545,11051,11494,5311,2515,2796,1589,826,763,866,419,447
0.0 Scen,2035,067,Cass County,30250,14786,15464,22460,11012,11448,5301,2512,2789,1611,837,774,878,425,453
0.0 Scen,2036,067,Cass County,30198,14768,15430,22377,10975,11402,5298,2515,2783,1632,847,785,891,431,460
0.0 Scen,2037,067,Cass County,30147,14743,15404,22298,10939,11359,5290,2510,2780,1653,857,796,906,437,469
0.0 Scen,2038,067,Cass County,30107,14729,15378,22230,10911,11319,5287,2511,2776,1673,866,807,917,441,476
0.0 Scen,2039,067,Cass County,30059,14715,15344,22156,10882,11274,5280,2509,2771,1692,875,817,931,449,482
0.0 Scen,2040,067,Cass County,30007,14702,15305,22081,10850,11231,5274,2512,2762,1712,885,827,940,455,485
0.0 Scen,2041,067,Cass County,29954,14682,15272,22006,10815,11191,5269,2513,2756,1730,895,835,949,459,490
0.0 Scen,2042,067,Cass County,29905,14667,15238,21933,10781,11152,5258,2513,2745,1753,908,845,961,465,496
0.0 Scen,2043,067,Cass County,29865,14655,15210,21870,10752,11118,5248,2513,2735,1773,918,855,974,472,502
0.0 Scen,2044,067,Cass County,29826,14644,15182,21808,10729,11079,5244,2514,2730,1792,926,866,982,475,507
0.0 Scen,2045,067,Cass County,29780,14629,15151,21750,10701,11049,5232,2513,2719,1807,934,873,991,481,510
0.0 Scen,2046,067,Cass County,29744,14620,15124,21691,10677,11014,5224,2514,2710,1824,942,882,1005,487,518
0.0 Scen,2047,067,Cass County,29716,14617,15099,21646,10658,10988,5216,2516,2700,1843,952,891,1011,491,520
0.0 Scen,2048,067,Cass County,29684,14609,15075,21595,10635,10960,5205,2517,2688,1861,961,900,1023,496,527
0.0 Scen,2049,067,Cass County,29651,14604,15047,21539,10612,10927,5197,2519,2678,1879,971,908,1036,502,534
0.0 Scen,2050,067,Cass County,29609,14596,15013,21484,10592,10892,5182,2516,2666,1898,980,918,1045,508,537
0.0 Scen,2010,069,Castro County,8062,4084,3978,3004,1495,1509,149,76,73,4828,2475,2353,81,38,43
0.0 Scen,2011,069,Castro County,8130,4119,4011,2989,1486,1503,150,77,73,4909,2517,2392,82,39,43
0.0 Scen,2012,069,Castro County,8202,4156,4046,2972,1478,1494,151,77,74,4996,2562,2434,83,39,44
0.0 Scen,2013,069,Castro County,8280,4196,4084,2957,1471,1486,152,78,74,5087,2607,2480,84,40,44
0.0 Scen,2014,069,Castro County,8357,4238,4119,2945,1469,1476,153,78,75,5174,2651,2523,85,40,45
0.0 Scen,2015,069,Castro County,8442,4283,4159,2933,1463,1470,155,79,76,5268,2700,2568,86,41,45
0.0 Scen,2016,069,Castro County,8525,4322,4203,2922,1457,1465,156,80,76,5360,2744,2616,87,41,46
0.0 Scen,2017,069,Castro County,8612,4365,4247,2909,1450,1459,158,81,77,5457,2792,2665,88,42,46
0.0 Scen,2018,069,Castro County,8700,4407,4293,2898,1444,1454,159,82,77,5554,2839,2715,89,42,47
0.0 Scen,2019,069,Castro County,8790,4450,4340,2887,1438,1449,160,83,77,5653,2886,2767,90,43,47
0.0 Scen,2020,069,Castro County,8889,4500,4389,2879,1435,1444,162,84,78,5757,2938,2819,91,43,48
0.0 Scen,2021,069,Castro County,8982,4544,4438,2870,1430,1440,165,86,79,5855,2984,2871,92,44,48
0.0 Scen,2022,069,Castro County,9069,4581,4488,2858,1423,1435,167,87,80,5951,3027,2924,93,44,49
0.0 Scen,2023,069,Castro County,9156,4620,4536,2844,1414,1430,169,88,81,6049,3073,2976,94,45,49
0.0 Scen,2024,069,Castro County,9241,4660,4581,2830,1405,1425,171,89,82,6146,3121,3025,94,45,49
0.0 Scen,2025,069,Castro County,9334,4703,4631,2825,1400,1425,173,90,83,6241,3167,3074,95,46,49
0.0 Scen,2026,069,Castro County,9418,4740,4678,2808,1389,1419,175,91,84,6340,3215,3125,95,45,50
0.0 Scen,2027,069,Castro County,9502,4782,4720,2803,1387,1416,177,92,85,6426,3257,3169,96,46,50
0.0 Scen,2028,069,Castro County,9576,4819,4757,2786,1378,1408,177,91,86,6517,3304,3213,96,46,50
0.0 Scen,2029,069,Castro County,9656,4860,4796,2774,1372,1402,179,92,87,6606,3349,3257,97,47,50
0.0 Scen,2030,069,Castro County,9732,4896,4836,2766,1368,1398,180,92,88,6686,3389,3297,100,47,53
0.0 Scen,2031,069,Castro County,9810,4932,4878,2759,1364,1395,181,92,89,6769,3428,3341,101,48,53
0.0 Scen,2032,069,Castro County,9889,4975,4914,2745,1357,1388,184,95,89,6856,3473,3383,104,50,54
0.0 Scen,2033,069,Castro County,9970,5015,4955,2736,1353,1383,186,96,90,6942,3515,3427,106,51,55
0.0 Scen,2034,069,Castro County,10041,5051,4990,2724,1348,1376,189,97,92,7020,3554,3466,108,52,56
0.0 Scen,2035,069,Castro County,10116,5089,5027,2715,1345,1370,191,98,93,7100,3593,3507,110,53,57
0.0 Scen,2036,069,Castro County,10186,5129,5057,2700,1340,1360,191,98,93,7183,3637,3546,112,54,58
0.0 Scen,2037,069,Castro County,10251,5162,5089,2685,1331,1354,191,98,93,7262,3678,3584,113,55,58
0.0 Scen,2038,069,Castro County,10324,5200,5124,2670,1323,1347,191,98,93,7348,3723,3625,115,56,59
0.0 Scen,2039,069,Castro County,10386,5231,5155,2652,1315,1337,191,98,93,7426,3761,3665,117,57,60
0.0 Scen,2040,069,Castro County,10446,5259,5187,2634,1306,1328,191,98,93,7503,3798,3705,118,57,61
0.0 Scen,2041,069,Castro County,10517,5296,5221,2622,1303,1319,190,97,93,7586,3838,3748,119,58,61
0.0 Scen,2042,069,Castro County,10582,5328,5254,2609,1297,1312,190,97,93,7663,3876,3787,120,58,62
0.0 Scen,2043,069,Castro County,10650,5366,5284,2597,1294,1303,190,97,93,7741,3916,3825,122,59,63
0.0 Scen,2044,069,Castro County,10715,5396,5319,2585,1290,1295,190,97,93,7817,3950,3867,123,59,64
0.0 Scen,2045,069,Castro County,10794,5439,5355,2580,1289,1291,190,97,93,7900,3993,3907,124,60,64
0.0 Scen,2046,069,Castro County,10860,5470,5390,2567,1282,1285,190,97,93,7978,4031,3947,125,60,65
0.0 Scen,2047,069,Castro County,10933,5508,5425,2557,1276,1281,190,97,93,8061,4074,3987,125,61,64
0.0 Scen,2048,069,Castro County,11013,5549,5464,2552,1274,1278,190,97,93,8145,4117,4028,126,61,65
0.0 Scen,2049,069,Castro County,11084,5588,5496,2538,1268,1270,190,97,93,8229,4161,4068,127,62,65
0.0 Scen,2050,069,Castro County,11159,5626,5533,2527,1264,1263,190,97,93,8315,4203,4112,127,62,65
0.0 Scen,2010,071,Chambers County,35096,17661,17435,24767,12357,12410,2817,1426,1391,6635,3454,3181,877,424,453
0.0 Scen,2011,071,Chambers County,35305,17762,17543,24851,12392,12459,2835,1436,1399,6735,3506,3229,884,428,456
0.0 Scen,2012,071,Chambers County,35515,17860,17655,24926,12421,12505,2856,1448,1408,6841,3559,3282,892,432,460
0.0 Scen,2013,071,Chambers County,35728,17960,17768,25002,12452,12550,2879,1459,1420,6948,3613,3335,899,436,463
0.0 Scen,2014,071,Chambers County,35947,18070,17877,25084,12492,12592,2899,1469,1430,7057,3670,3387,907,439,468
0.0 Scen,2015,071,Chambers County,36165,18179,17986,25163,12531,12632,2918,1477,1441,7171,3727,3444,913,444,469
0.0 Scen,2016,071,Chambers County,36385,18285,18100,25244,12566,12678,2939,1485,1454,7281,3785,3496,921,449,472
0.0 Scen,2017,071,Chambers County,36605,18384,18221,25324,12596,12728,2956,1494,1462,7397,3843,3554,928,451,477
0.0 Scen,2018,071,Chambers County,36828,18492,18336,25410,12634,12776,2969,1500,1469,7511,3901,3610,938,457,481
0.0 Scen,2019,071,Chambers County,37057,18592,18465,25497,12665,12832,2982,1504,1478,7632,3961,3671,946,462,484
0.0 Scen,2020,071,Chambers County,37277,18691,18586,25576,12694,12882,2992,1507,1485,7753,4023,3730,956,467,489
0.0 Scen,2021,071,Chambers County,37521,18806,18715,25675,12737,12938,3005,1513,1492,7877,4084,3793,964,472,492
0.0 Scen,2022,071,Chambers County,37761,18919,18842,25767,12777,12990,3012,1517,1495,8007,4148,3859,975,477,498
0.0 Scen,2023,071,Chambers County,37998,19029,18969,25863,12820,13043,3017,1518,1499,8134,4209,3925,984,482,502
0.0 Scen,2024,071,Chambers County,38234,19139,19095,25961,12860,13101,3022,1526,1496,8258,4269,3989,993,484,509
0.0 Scen,2025,071,Chambers County,38458,19243,19215,26045,12895,13150,3028,1528,1500,8381,4327,4054,1004,493,511
0.0 Scen,2026,071,Chambers County,38658,19334,19324,26116,12924,13192,3028,1530,1498,8505,4383,4122,1009,497,512
0.0 Scen,2027,071,Chambers County,38868,19426,19442,26186,12955,13231,3033,1532,1501,8629,4438,4191,1020,501,519
0.0 Scen,2028,071,Chambers County,39033,19498,19535,26233,12971,13262,3030,1529,1501,8742,4491,4251,1028,507,521
0.0 Scen,2029,071,Chambers County,39191,19570,19621,26276,12990,13286,3021,1522,1499,8853,4544,4309,1041,514,527
0.0 Scen,2030,071,Chambers County,39346,19637,19709,26308,13001,13307,3020,1523,1497,8966,4593,4373,1052,520,532
0.0 Scen,2031,071,Chambers County,39466,19687,19779,26320,13003,13317,3010,1518,1492,9070,4640,4430,1066,526,540
0.0 Scen,2032,071,Chambers County,39578,19735,19843,26327,13003,13324,2997,1510,1487,9173,4688,4485,1081,534,547
0.0 Scen,2033,071,Chambers County,39666,19771,19895,26318,12994,13324,2988,1506,1482,9269,4731,4538,1091,540,551
0.0 Scen,2034,071,Chambers County,39742,19804,19938,26299,12986,13313,2978,1497,1481,9361,4773,4588,1104,548,556
0.0 Scen,2035,071,Chambers County,39787,19821,19966,26257,12963,13294,2969,1490,1479,9451,4817,4634,1110,551,559
0.0 Scen,2036,071,Chambers County,39834,19837,19997,26218,12941,13277,2960,1485,1475,9537,4853,4684,1119,558,561
0.0 Scen,2037,071,Chambers County,39858,19842,20016,26158,12911,13247,2948,1477,1471,9620,4889,4731,1132,565,567
0.0 Scen,2038,071,Chambers County,39863,19836,20027,26094,12876,13218,2937,1467,1470,9695,4926,4769,1137,567,570
0.0 Scen,2039,071,Chambers County,39856,19828,20028,26018,12834,13184,2923,1460,1463,9769,4961,4808,1146,573,573
0.0 Scen,2040,071,Chambers County,39836,19813,20023,25937,12792,13145,2913,1454,1459,9834,4990,4844,1152,577,575
0.0 Scen,2041,071,Chambers County,39815,19802,20013,25855,12750,13105,2902,1447,1455,9901,5026,4875,1157,579,578
0.0 Scen,2042,071,Chambers County,39783,19777,20006,25772,12701,13071,2891,1444,1447,9960,5052,4908,1160,580,580
0.0 Scen,2043,071,Chambers County,39739,19747,19992,25678,12650,13028,2878,1437,1441,10017,5079,4938,1166,581,585
0.0 Scen,2044,071,Chambers County,39692,19717,19975,25588,12601,12987,2864,1428,1436,10073,5109,4964,1167,579,588
0.0 Scen,2045,071,Chambers County,39640,19692,19948,25498,12554,12944,2849,1424,1425,10128,5137,4991,1165,577,588
0.0 Scen,2046,071,Chambers County,39601,19669,19932,25420,12513,12907,2836,1420,1416,10182,5161,5021,1163,575,588
0.0 Scen,2047,071,Chambers County,39560,19647,19913,25334,12467,12867,2825,1417,1408,10239,5189,5050,1162,574,588
0.0 Scen,2048,071,Chambers County,39516,19624,19892,25248,12422,12826,2814,1414,1400,10293,5216,5077,1161,572,589
0.0 Scen,2049,071,Chambers County,39479,19609,19870,25166,12383,12783,2807,1414,1393,10345,5241,5104,1161,571,590
0.0 Scen,2050,071,Chambers County,39446,19599,19847,25090,12350,12740,2799,1413,1386,10400,5266,5134,1157,570,587
0.0 Scen,2010,073,Cherokee County,50845,25850,24995,31892,15561,16331,7401,3982,3419,10499,5826,4673,1053,481,572
0.0 Scen,2011,073,Cherokee County,51085,25978,25107,31873,15560,16313,7419,3988,3431,10729,5943,4786,1064,487,577
0.0 Scen,2012,073,Cherokee County,51340,26108,25232,31857,15557,16300,7442,3996,3446,10966,6062,4904,1075,493,582
0.0 Scen,2013,073,Cherokee County,51614,26251,25363,31852,15559,16293,7466,4008,3458,11208,6185,5023,1088,499,589
0.0 Scen,2014,073,Cherokee County,51909,26405,25504,31852,15564,16288,7495,4023,3472,11459,6312,5147,1103,506,597
0.0 Scen,2015,073,Cherokee County,52212,26568,25644,31855,15572,16283,7527,4042,3485,11709,6440,5269,1121,514,607
0.0 Scen,2016,073,Cherokee County,52501,26726,25775,31852,15577,16275,7561,4060,3501,11951,6563,5388,1137,526,611
0.0 Scen,2017,073,Cherokee County,52793,26881,25912,31843,15577,16266,7590,4075,3515,12207,6691,5516,1153,538,615
0.0 Scen,2018,073,Cherokee County,53082,27036,26046,31843,15583,16260,7615,4089,3526,12459,6821,5638,1165,543,622
0.0 Scen,2019,073,Cherokee County,53386,27190,26196,31843,15588,16255,7643,4102,3541,12720,6949,5771,1180,551,629
0.0 Scen,2020,073,Cherokee County,53662,27332,26330,31818,15579,16239,7670,4119,3551,12977,7074,5903,1197,560,637
0.0 Scen,2021,073,Cherokee County,53962,27492,26470,31801,15576,16225,7700,4139,3561,13247,7209,6038,1214,568,646
0.0 Scen,2022,073,Cherokee County,54249,27633,26616,31781,15569,16212,7723,4150,3573,13512,7336,6176,1233,578,655
0.0 Scen,2023,073,Cherokee County,54548,27779,26769,31755,15557,16198,7753,4169,3584,13780,7463,6317,1260,590,670
0.0 Scen,2024,073,Cherokee County,54824,27915,26909,31719,15544,16175,7773,4179,3594,14052,7592,6460,1280,600,680
0.0 Scen,2025,073,Cherokee County,55111,28056,27055,31681,15529,16152,7802,4194,3608,14325,7721,6604,1303,612,691
0.0 Scen,2026,073,Cherokee County,55386,28187,27199,31627,15504,16123,7830,4207,3623,14603,7851,6752,1326,625,701
0.0 Scen,2027,073,Cherokee County,55661,28322,27339,31570,15480,16090,7863,4224,3639,14881,7982,6899,1347,636,711
0.0 Scen,2028,073,Cherokee County,55922,28448,27474,31505,15456,16049,7882,4228,3654,15160,8112,7048,1375,652,723
0.0 Scen,2029,073,Cherokee County,56171,28563,27608,31425,15419,16006,7904,4237,3667,15442,8243,7199,1400,664,736
0.0 Scen,2030,073,Cherokee County,56407,28679,27728,31338,15382,15956,7923,4242,3681,15719,8377,7342,1427,678,749
0.0 Scen,2031,073,Cherokee County,56651,28803,27848,31247,15345,15902,7941,4251,3690,16010,8516,7494,1453,691,762
0.0 Scen,2032,073,Cherokee County,56880,28914,27966,31152,15301,15851,7962,4261,3701,16287,8647,7640,1479,705,774
0.0 Scen,2033,073,Cherokee County,57109,29032,28077,31056,15262,15794,7979,4266,3713,16568,8786,7782,1506,718,788
0.0 Scen,2034,073,Cherokee County,57318,29143,28175,30949,15216,15733,7996,4273,3723,16849,8927,7922,1524,727,797
0.0 Scen,2035,073,Cherokee County,57536,29258,28278,30844,15171,15673,8006,4277,3729,17134,9069,8065,1552,741,811
0.0 Scen,2036,073,Cherokee County,57750,29367,28383,30743,15125,15618,8016,4282,3734,17414,9205,8209,1577,755,822
0.0 Scen,2037,073,Cherokee County,57959,29471,28488,30641,15081,15560,8024,4282,3742,17693,9342,8351,1601,766,835
0.0 Scen,2038,073,Cherokee County,58163,29582,28581,30531,15034,15497,8033,4287,3746,17977,9484,8493,1622,777,845
0.0 Scen,2039,073,Cherokee County,58392,29703,28689,30449,15002,15447,8039,4289,3750,18268,9628,8640,1636,784,852
0.0 Scen,2040,073,Cherokee County,58604,29823,28781,30358,14968,15390,8039,4288,3751,18553,9771,8782,1654,796,858
0.0 Scen,2041,073,Cherokee County,58831,29936,28895,30275,14928,15347,8035,4282,3753,18847,9918,8929,1674,808,866
0.0 Scen,2042,073,Cherokee County,59058,30047,29011,30197,14894,15303,8036,4283,3753,19132,10054,9078,1693,816,877
0.0 Scen,2043,073,Cherokee County,59277,30164,29113,30116,14863,15253,8035,4284,3751,19417,10192,9225,1709,825,884
0.0 Scen,2044,073,Cherokee County,59505,30281,29224,30040,14833,15207,8032,4282,3750,19707,10333,9374,1726,833,893
0.0 Scen,2045,073,Cherokee County,59741,30401,29340,29975,14809,15166,8030,4281,3749,19999,10473,9526,1737,838,899
0.0 Scen,2046,073,Cherokee County,59975,30521,29454,29900,14777,15123,8032,4282,3750,20289,10614,9675,1754,848,906
0.0 Scen,2047,073,Cherokee County,60205,30636,29569,29834,14753,15081,8029,4279,3750,20575,10749,9826,1767,855,912
0.0 Scen,2048,073,Cherokee County,60458,30766,29692,29780,14737,15043,8026,4275,3751,20870,10891,9979,1782,863,919
0.0 Scen,2049,073,Cherokee County,60700,30887,29813,29723,14715,15008,8019,4271,3748,21164,11032,10132,1794,869,925
0.0 Scen,2050,073,Cherokee County,60948,31012,29936,29666,14695,14971,8014,4267,3747,21462,11175,10287,1806,875,931
0.0 Scen,2010,075,Childress County,7041,4121,2920,4327,2232,2095,684,552,132,1885,1262,623,145,75,70
0.0 Scen,2011,075,Childress County,7073,4146,2927,4325,2237,2088,686,554,132,1914,1278,636,148,77,71
0.0 Scen,2012,075,Childress County,7104,4164,2940,4327,2239,2088,688,555,133,1939,1292,647,150,78,72
0.0 Scen,2013,075,Childress County,7137,4185,2952,4329,2244,2085,690,556,134,1965,1305,660,153,80,73
0.0 Scen,2014,075,Childress County,7163,4199,2964,4322,2243,2079,691,555,136,1994,1320,674,156,81,75
0.0 Scen,2015,075,Childress County,7195,4216,2979,4322,2244,2078,695,557,138,2019,1332,687,159,83,76
0.0 Scen,2016,075,Childress County,7215,4226,2989,4316,2244,2072,695,556,139,2043,1343,700,161,83,78
0.0 Scen,2017,075,Childress County,7236,4234,3002,4314,2243,2071,690,551,139,2067,1354,713,165,86,79
0.0 Scen,2018,075,Childress County,7265,4245,3020,4313,2242,2071,694,552,142,2089,1364,725,169,87,82
0.0 Scen,2019,075,Childress County,7289,4253,3036,4308,2238,2070,697,553,144,2112,1373,739,172,89,83
0.0 Scen,2020,075,Childress County,7317,4262,3055,4305,2234,2071,696,551,145,2141,1387,754,175,90,85
0.0 Scen,2021,075,Childress County,7348,4275,3073,4302,2231,2071,696,550,146,2172,1402,770,178,92,86
0.0 Scen,2022,075,Childress County,7376,4286,3090,4303,2233,2070,695,548,147,2196,1412,784,182,93,89
0.0 Scen,2023,075,Childress County,7407,4300,3107,4303,2231,2072,694,546,148,2226,1428,798,184,95,89
0.0 Scen,2024,075,Childress County,7435,4311,3124,4299,2229,2070,694,545,149,2255,1441,814,187,96,91
0.0 Scen,2025,075,Childress County,7474,4333,3141,4299,2230,2069,695,545,150,2288,1459,829,192,99,93
0.0 Scen,2026,075,Childress County,7501,4347,3154,4294,2229,2065,690,542,148,2321,1475,846,196,101,95
0.0 Scen,2027,075,Childress County,7533,4362,3171,4295,2232,2063,691,542,149,2346,1485,861,201,103,98
0.0 Scen,2028,075,Childress County,7574,4387,3187,4296,2235,2061,694,544,150,2380,1504,876,204,104,100
0.0 Scen,2029,075,Childress County,7610,4405,3205,4294,2233,2061,697,547,150,2412,1520,892,207,105,102
0.0 Scen,2030,075,Childress County,7655,4430,3225,4300,2240,2060,695,545,150,2449,1538,911,211,107,104
0.0 Scen,2031,075,Childress County,7695,4450,3245,4300,2239,2061,697,547,150,2483,1555,928,215,109,106
0.0 Scen,2032,075,Childress County,7735,4474,3261,4301,2243,2058,698,547,151,2517,1573,944,219,111,108
0.0 Scen,2033,075,Childress County,7775,4501,3274,4303,2248,2055,699,548,151,2550,1592,958,223,113,110
0.0 Scen,2034,075,Childress County,7818,4524,3294,4310,2255,2055,697,545,152,2584,1609,975,227,115,112
0.0 Scen,2035,075,Childress County,7856,4544,3312,4315,2259,2056,696,544,152,2616,1625,991,229,116,113
0.0 Scen,2036,075,Childress County,7894,4565,3329,4317,2261,2056,697,545,152,2650,1643,1007,230,116,114
0.0 Scen,2037,075,Childress County,7936,4588,3348,4322,2263,2059,696,544,152,2685,1663,1022,233,118,115
0.0 Scen,2038,075,Childress County,7970,4606,3364,4321,2263,2058,697,545,152,2717,1680,1037,235,118,117
0.0 Scen,2039,075,Childress County,8009,4630,3379,4324,2267,2057,696,544,152,2750,1699,1051,239,120,119
0.0 Scen,2040,075,Childress County,8042,4648,3394,4327,2270,2057,696,544,152,2779,1714,1065,240,120,120
0.0 Scen,2041,075,Childress County,8092,4675,3417,4340,2277,2063,696,544,152,2813,1732,1081,243,122,121
0.0 Scen,2042,075,Childress County,8132,4699,3433,4347,2284,2063,696,544,152,2846,1750,1096,243,121,122
0.0 Scen,2043,075,Childress County,8171,4719,3452,4354,2288,2066,696,544,152,2877,1766,1111,244,121,123
0.0 Scen,2044,075,Childress County,8213,4744,3469,4363,2295,2068,695,543,152,2908,1784,1124,247,122,125
0.0 Scen,2045,075,Childress County,8253,4764,3489,4372,2299,2073,696,544,152,2937,1798,1139,248,123,125
0.0 Scen,2046,075,Childress County,8288,4785,3503,4377,2304,2073,692,540,152,2970,1816,1154,249,125,124
0.0 Scen,2047,075,Childress County,8333,4812,3521,4387,2314,2073,690,538,152,3005,1834,1171,251,126,125
0.0 Scen,2048,075,Childress County,8367,4828,3539,4391,2318,2073,687,535,152,3038,1850,1188,251,125,126
0.0 Scen,2049,075,Childress County,8415,4854,3561,4403,2324,2079,686,535,151,3073,1869,1204,253,126,127
0.0 Scen,2050,075,Childress County,8460,4879,3581,4411,2328,2083,684,533,151,3110,1890,1220,255,128,127
0.0 Scen,2010,077,Clay County,10752,5283,5469,9941,4896,5045,53,32,21,467,216,251,291,139,152
0.0 Scen,2011,077,Clay County,10745,5278,5467,9924,4886,5038,53,32,21,474,220,254,294,140,154
0.0 Scen,2012,077,Clay County,10739,5271,5468,9909,4874,5035,53,32,21,481,224,257,296,141,155
0.0 Scen,2013,077,Clay County,10736,5265,5471,9894,4862,5032,53,32,21,489,228,261,300,143,157
0.0 Scen,2014,077,Clay County,10731,5261,5470,9878,4852,5026,53,32,21,497,233,264,303,144,159
0.0 Scen,2015,077,Clay County,10737,5262,5475,9872,4846,5026,53,32,21,505,238,267,307,146,161
0.0 Scen,2016,077,Clay County,10747,5265,5482,9868,4841,5027,53,32,21,515,243,272,311,149,162
0.0 Scen,2017,077,Clay County,10766,5274,5492,9873,4842,5031,53,32,21,526,249,277,314,151,163
0.0 Scen,2018,077,Clay County,10780,5281,5499,9873,4841,5032,53,32,21,537,255,282,317,153,164
0.0 Scen,2019,077,Clay County,10791,5285,5506,9869,4837,5032,53,32,21,549,261,288,320,155,165
0.0 Scen,2020,077,Clay County,10805,5292,5513,9868,4837,5031,53,32,21,561,267,294,323,156,167
0.0 Scen,2021,077,Clay County,10823,5301,5522,9871,4838,5033,53,32,21,573,273,300,326,158,168
0.0 Scen,2022,077,Clay County,10838,5309,5529,9869,4838,5031,53,32,21,586,279,307,330,160,170
0.0 Scen,2023,077,Clay County,10851,5318,5533,9867,4838,5029,53,32,21,599,286,313,332,162,170
0.0 Scen,2024,077,Clay County,10856,5321,5535,9860,4834,5026,53,32,21,611,292,319,332,163,169
0.0 Scen,2025,077,Clay County,10863,5323,5540,9855,4829,5026,53,32,21,623,299,324,332,163,169
0.0 Scen,2026,077,Clay County,10864,5326,5538,9844,4825,5019,53,32,21,634,305,329,333,164,169
0.0 Scen,2027,077,Clay County,10859,5325,5534,9825,4817,5008,53,32,21,646,312,334,335,164,171
0.0 Scen,2028,077,Clay County,10852,5322,5530,9806,4807,4999,53,32,21,657,318,339,336,165,171
0.0 Scen,2029,077,Clay County,10838,5320,5518,9778,4797,4981,53,32,21,668,324,344,339,167,172
0.0 Scen,2030,077,Clay County,10833,5319,5514,9759,4788,4971,53,32,21,680,331,349,341,168,173
0.0 Scen,2031,077,Clay County,10827,5316,5511,9739,4777,4962,53,32,21,691,337,354,344,170,174
0.0 Scen,2032,077,Clay County,10815,5313,5502,9711,4766,4945,53,32,21,704,344,360,347,171,176
0.0 Scen,2033,077,Clay County,10800,5308,5492,9684,4755,4929,53,32,21,714,349,365,349,172,177
0.0 Scen,2034,077,Clay County,10778,5297,5481,9650,4738,4912,53,32,21,724,354,370,351,173,178
0.0 Scen,2035,077,Clay County,10753,5286,5467,9613,4721,4892,53,32,21,734,359,375,353,174,179
0.0 Scen,2036,077,Clay County,10727,5277,5450,9576,4706,4870,53,32,21,743,364,379,355,175,180
0.0 Scen,2037,077,Clay County,10701,5269,5432,9539,4692,4847,53,32,21,752,369,383,357,176,181
0.0 Scen,2038,077,Clay County,10672,5260,5412,9501,4679,4822,53,32,21,759,372,387,359,177,182
0.0 Scen,2039,077,Clay County,10643,5249,5394,9461,4662,4799,53,32,21,768,377,391,361,178,183
0.0 Scen,2040,077,Clay County,10613,5235,5378,9421,4643,4778,52,31,21,777,382,395,363,179,184
0.0 Scen,2041,077,Clay County,10580,5223,5357,9378,4626,4752,51,30,21,786,387,399,365,180,185
0.0 Scen,2042,077,Clay County,10553,5213,5340,9341,4611,4730,51,30,21,795,392,403,366,180,186
0.0 Scen,2043,077,Clay County,10530,5205,5325,9309,4599,4710,50,29,21,803,396,407,368,181,187
0.0 Scen,2044,077,Clay County,10491,5187,5304,9263,4579,4684,49,28,21,811,400,411,368,180,188
0.0 Scen,2045,077,Clay County,10462,5177,5285,9226,4565,4661,49,28,21,819,404,415,368,180,188
0.0 Scen,2046,077,Clay County,10432,5162,5270,9189,4546,4643,49,28,21,827,408,419,367,180,187
0.0 Scen,2047,077,Clay County,10406,5153,5253,9157,4533,4624,50,29,21,834,412,422,365,179,186
0.0 Scen,2048,077,Clay County,10382,5143,5239,9130,4522,4608,47,27,20,841,415,426,364,179,185
0.0 Scen,2049,077,Clay County,10364,5135,5229,9103,4508,4595,48,28,20,849,420,429,364,179,185
0.0 Scen,2050,077,Clay County,10343,5131,5212,9077,4501,4576,47,27,20,857,425,432,362,178,184
0.0 Scen,2010,079,Cochran County,3127,1535,1592,1329,651,678,110,50,60,1654,820,834,34,14,20
0.0 Scen,2011,079,Cochran County,3165,1556,1609,1336,655,681,111,51,60,1684,836,848,34,14,20
0.0 Scen,2012,079,Cochran County,3202,1575,1627,1342,658,684,111,51,60,1715,852,863,34,14,20
0.0 Scen,2013,079,Cochran County,3243,1596,1647,1348,660,688,112,52,60,1749,870,879,34,14,20
0.0 Scen,2014,079,Cochran County,3287,1621,1666,1358,667,691,114,53,61,1781,887,894,34,14,20
0.0 Scen,2015,079,Cochran County,3331,1646,1685,1366,673,693,116,54,62,1815,905,910,34,14,20
0.0 Scen,2016,079,Cochran County,3378,1670,1708,1375,677,698,118,55,63,1851,924,927,34,14,20
0.0 Scen,2017,079,Cochran County,3416,1686,1730,1378,677,701,119,55,64,1885,940,945,34,14,20
0.0 Scen,2018,079,Cochran County,3457,1709,1748,1380,681,699,120,55,65,1924,960,964,33,13,20
0.0 Scen,2019,079,Cochran County,3498,1730,1768,1384,683,701,121,56,65,1960,978,982,33,13,20
0.0 Scen,2020,079,Cochran County,3538,1749,1789,1387,683,704,121,56,65,1997,997,1000,33,13,20
0.0 Scen,2021,079,Cochran County,3576,1769,1807,1389,684,705,121,57,64,2033,1015,1018,33,13,20
0.0 Scen,2022,079,Cochran County,3616,1792,1824,1392,687,705,121,57,64,2070,1035,1035,33,13,20
0.0 Scen,2023,079,Cochran County,3653,1814,1839,1393,690,703,120,57,63,2107,1054,1053,33,13,20
0.0 Scen,2024,079,Cochran County,3694,1836,1858,1395,692,703,119,56,63,2147,1075,1072,33,13,20
0.0 Scen,2025,079,Cochran County,3735,1861,1874,1398,696,702,118,56,62,2185,1095,1090,34,14,20
0.0 Scen,2026,079,Cochran County,3774,1886,1888,1397,697,700,119,57,62,2225,1119,1106,33,13,20
0.0 Scen,2027,079,Cochran County,3816,1908,1908,1401,699,702,118,57,61,2264,1139,1125,33,13,20
0.0 Scen,2028,079,Cochran County,3848,1924,1924,1396,697,699,117,56,61,2302,1158,1144,33,13,20
0.0 Scen,2029,079,Cochran County,3882,1944,1938,1392,697,695,117,57,60,2340,1177,1163,33,13,20
0.0 Scen,2030,079,Cochran County,3914,1958,1956,1387,695,692,117,57,60,2377,1193,1184,33,13,20
0.0 Scen,2031,079,Cochran County,3937,1969,1968,1380,691,689,116,56,60,2408,1209,1199,33,13,20
0.0 Scen,2032,079,Cochran County,3968,1985,1983,1377,690,687,116,56,60,2441,1225,1216,34,14,20
0.0 Scen,2033,079,Cochran County,3992,1995,1997,1370,686,684,113,54,59,2476,1242,1234,33,13,20
0.0 Scen,2034,079,Cochran County,4016,2008,2008,1363,682,681,114,54,60,2505,1258,1247,34,14,20
0.0 Scen,2035,079,Cochran County,4046,2019,2027,1358,677,681,113,54,59,2541,1274,1267,34,14,20
0.0 Scen,2036,079,Cochran County,4075,2035,2040,1356,677,679,113,54,59,2572,1290,1282,34,14,20
0.0 Scen,2037,079,Cochran County,4103,2050,2053,1352,675,677,112,54,58,2605,1307,1298,34,14,20
0.0 Scen,2038,079,Cochran County,4129,2062,2067,1346,671,675,113,54,59,2636,1323,1313,34,14,20
0.0 Scen,2039,079,Cochran County,4159,2080,2079,1342,670,672,113,55,58,2670,1341,1329,34,14,20
0.0 Scen,2040,079,Cochran County,4183,2090,2093,1337,667,670,113,54,59,2699,1355,1344,34,14,20
0.0 Scen,2041,079,Cochran County,4208,2103,2105,1332,664,668,113,55,58,2729,1370,1359,34,14,20
0.0 Scen,2042,079,Cochran County,4234,2115,2119,1326,661,665,113,54,59,2761,1386,1375,34,14,20
0.0 Scen,2043,079,Cochran County,4256,2126,2130,1320,658,662,112,54,58,2790,1400,1390,34,14,20
0.0 Scen,2044,079,Cochran County,4282,2137,2145,1314,654,660,112,53,59,2822,1416,1406,34,14,20
0.0 Scen,2045,079,Cochran County,4305,2147,2158,1309,651,658,111,53,58,2851,1429,1422,34,14,20
0.0 Scen,2046,079,Cochran County,4329,2158,2171,1303,648,655,111,52,59,2882,1445,1437,33,13,20
0.0 Scen,2047,079,Cochran County,4354,2173,2181,1301,648,653,110,52,58,2910,1460,1450,33,13,20
0.0 Scen,2048,079,Cochran County,4377,2185,2192,1297,646,651,109,51,58,2939,1475,1464,32,13,19
0.0 Scen,2049,079,Cochran County,4405,2201,2204,1293,645,648,108,51,57,2972,1492,1480,32,13,19
0.0 Scen,2050,079,Cochran County,4427,2211,2216,1285,640,645,107,51,56,3004,1507,1497,31,13,18
0.0 Scen,2010,081,Coke County,3320,1626,1694,2651,1279,1372,7,5,2,602,312,290,60,30,30
0.0 Scen,2011,081,Coke County,3308,1619,1689,2630,1267,1363,7,5,2,610,316,294,61,31,30
0.0 Scen,2012,081,Coke County,3297,1612,1685,2609,1256,1353,7,5,2,619,320,299,62,31,31
0.0 Scen,2013,081,Coke County,3285,1605,1680,2587,1244,1343,7,5,2,628,324,304,63,32,31
0.0 Scen,2014,081,Coke County,3270,1598,1672,2564,1233,1331,7,5,2,636,328,308,63,32,31
0.0 Scen,2015,081,Coke County,3260,1593,1667,2545,1222,1323,7,5,2,644,333,311,64,33,31
0.0 Scen,2016,081,Coke County,3249,1587,1662,2524,1211,1313,7,5,2,653,338,315,65,33,32
0.0 Scen,2017,081,Coke County,3240,1586,1654,2505,1204,1301,7,5,2,662,343,319,66,34,32
0.0 Scen,2018,081,Coke County,3226,1582,1644,2481,1195,1286,7,5,2,671,348,323,67,34,33
0.0 Scen,2019,081,Coke County,3215,1577,1638,2458,1184,1274,7,5,2,682,353,329,68,35,33
0.0 Scen,2020,081,Coke County,3209,1574,1635,2441,1175,1266,7,5,2,692,359,333,69,35,34
0.0 Scen,2021,081,Coke County,3203,1573,1630,2423,1167,1256,7,5,2,703,365,338,70,36,34
0.0 Scen,2022,081,Coke County,3199,1570,1629,2407,1159,1248,7,5,2,715,371,344,70,35,35
0.0 Scen,2023,081,Coke County,3199,1571,1628,2394,1153,1241,7,5,2,727,377,350,71,36,35
0.0 Scen,2024,081,Coke County,3199,1572,1627,2381,1147,1234,7,5,2,739,384,355,72,36,36
0.0 Scen,2025,081,Coke County,3202,1575,1627,2370,1142,1228,7,5,2,752,391,361,73,37,36
0.0 Scen,2026,081,Coke County,3199,1573,1626,2352,1132,1220,7,5,2,766,399,367,74,37,37
0.0 Scen,2027,081,Coke County,3194,1573,1621,2336,1126,1210,7,5,2,777,405,372,74,37,37
0.0 Scen,2028,081,Coke County,3189,1570,1619,2319,1117,1202,7,5,2,788,411,377,75,37,38
0.0 Scen,2029,081,Coke County,3186,1570,1616,2302,1110,1192,7,5,2,801,417,384,76,38,38
0.0 Scen,2030,081,Coke County,3182,1569,1613,2287,1104,1183,7,5,2,812,422,390,76,38,38
0.0 Scen,2031,081,Coke County,3176,1566,1610,2270,1096,1174,7,5,2,823,427,396,76,38,38
0.0 Scen,2032,081,Coke County,3168,1566,1602,2251,1090,1161,7,5,2,834,433,401,76,38,38
0.0 Scen,2033,081,Coke County,3166,1567,1599,2240,1086,1154,7,5,2,844,438,406,75,38,37
0.0 Scen,2034,081,Coke County,3159,1564,1595,2223,1078,1145,7,5,2,854,443,411,75,38,37
0.0 Scen,2035,081,Coke County,3154,1562,1592,2208,1071,1137,7,5,2,864,448,416,75,38,37
0.0 Scen,2036,081,Coke County,3144,1559,1585,2188,1063,1125,7,5,2,874,453,421,75,38,37
0.0 Scen,2037,081,Coke County,3134,1554,1580,2167,1053,1114,7,5,2,884,458,426,76,38,38
0.0 Scen,2038,081,Coke County,3125,1551,1574,2148,1045,1103,7,5,2,894,463,431,76,38,38
0.0 Scen,2039,081,Coke County,3112,1546,1566,2127,1036,1091,7,5,2,902,467,435,76,38,38
0.0 Scen,2040,081,Coke County,3105,1547,1558,2109,1031,1078,7,5,2,912,472,440,77,39,38
0.0 Scen,2041,081,Coke County,3097,1544,1553,2091,1023,1068,7,5,2,922,477,445,77,39,38
0.0 Scen,2042,081,Coke County,3090,1542,1548,2074,1016,1058,7,5,2,932,482,450,77,39,38
0.0 Scen,2043,081,Coke County,3080,1539,1541,2053,1006,1047,7,5,2,942,488,454,78,40,38
0.0 Scen,2044,081,Coke County,3072,1535,1537,2036,997,1039,7,5,2,952,494,458,77,39,38
0.0 Scen,2045,081,Coke County,3064,1533,1531,2021,991,1030,7,5,2,959,498,461,77,39,38
0.0 Scen,2046,081,Coke County,3054,1528,1526,2004,982,1022,7,5,2,967,503,464,76,38,38
0.0 Scen,2047,081,Coke County,3053,1530,1523,1995,980,1015,7,5,2,975,507,468,76,38,38
0.0 Scen,2048,081,Coke County,3050,1529,1521,1984,976,1008,7,5,2,984,511,473,75,37,38
0.0 Scen,2049,081,Coke County,3050,1530,1520,1975,972,1003,7,5,2,992,515,477,76,38,38
0.0 Scen,2050,081,Coke County,3045,1531,1514,1962,968,994,7,5,2,1000,520,480,76,38,38
0.0 Scen,2010,083,Coleman County,8895,4416,4479,7123,3542,3581,186,95,91,1419,697,722,167,82,85
0.0 Scen,2011,083,Coleman County,8886,4410,4476,7087,3522,3565,188,96,92,1442,709,733,169,83,86
0.0 Scen,2012,083,Coleman County,8880,4406,4474,7056,3504,3552,190,97,93,1463,721,742,171,84,87
0.0 Scen,2013,083,Coleman County,8881,4402,4479,7033,3489,3544,192,98,94,1484,731,753,172,84,88
0.0 Scen,2014,083,Coleman County,8883,4400,4483,7008,3474,3534,194,99,95,1507,742,765,174,85,89
0.0 Scen,2015,083,Coleman County,8888,4402,4486,6985,3462,3523,196,100,96,1531,754,777,176,86,90
0.0 Scen,2016,083,Coleman County,8891,4399,4492,6959,3445,3514,197,100,97,1556,766,790,179,88,91
0.0 Scen,2017,083,Coleman County,8883,4393,4490,6928,3427,3501,198,101,97,1579,778,801,178,87,91
0.0 Scen,2018,083,Coleman County,8890,4388,4502,6904,3408,3496,199,101,98,1608,792,816,179,87,92
0.0 Scen,2019,083,Coleman County,8899,4396,4503,6883,3399,3484,199,102,97,1636,807,829,181,88,93
0.0 Scen,2020,083,Coleman County,8900,4395,4505,6856,3383,3473,199,102,97,1662,821,841,183,89,94
0.0 Scen,2021,083,Coleman County,8908,4400,4508,6831,3369,3462,199,103,96,1693,838,855,185,90,95
0.0 Scen,2022,083,Coleman County,8921,4406,4515,6813,3358,3455,200,104,96,1720,852,868,188,92,96
0.0 Scen,2023,083,Coleman County,8931,4411,4520,6789,3346,3443,201,105,96,1752,867,885,189,93,96
0.0 Scen,2024,083,Coleman County,8938,4415,4523,6765,3333,3432,202,106,96,1779,881,898,192,95,97
0.0 Scen,2025,083,Coleman County,8945,4422,4523,6741,3323,3418,202,106,96,1808,898,910,194,95,99
0.0 Scen,2026,083,Coleman County,8950,4427,4523,6715,3312,3403,202,106,96,1838,914,924,195,95,100
0.0 Scen,2027,083,Coleman County,8958,4431,4527,6692,3301,3391,202,106,96,1867,928,939,197,96,101
0.0 Scen,2028,083,Coleman County,8963,4436,4527,6668,3290,3378,203,106,97,1892,942,950,200,98,102
0.0 Scen,2029,083,Coleman County,8967,4438,4529,6646,3279,3367,203,106,97,1916,953,963,202,100,102
0.0 Scen,2030,083,Coleman County,8968,4443,4525,6619,3270,3349,204,106,98,1943,968,975,202,99,103
0.0 Scen,2031,083,Coleman County,8971,4445,4526,6594,3258,3336,204,106,98,1971,982,989,202,99,103
0.0 Scen,2032,083,Coleman County,8975,4449,4526,6572,3251,3321,205,106,99,1996,993,1003,202,99,103
0.0 Scen,2033,083,Coleman County,8976,4453,4523,6545,3239,3306,205,106,99,2023,1009,1014,203,99,104
0.0 Scen,2034,083,Coleman County,8975,4454,4521,6521,3227,3294,206,106,100,2045,1022,1023,203,99,104
0.0 Scen,2035,083,Coleman County,8973,4458,4515,6495,3216,3279,207,107,100,2066,1035,1031,205,100,105
0.0 Scen,2036,083,Coleman County,8974,4463,4511,6472,3207,3265,206,106,100,2091,1049,1042,205,101,104
0.0 Scen,2037,083,Coleman County,8973,4463,4510,6449,3195,3254,206,106,100,2112,1060,1052,206,102,104
0.0 Scen,2038,083,Coleman County,8973,4467,4506,6426,3187,3239,205,105,100,2134,1072,1062,208,103,105
0.0 Scen,2039,083,Coleman County,8972,4469,4503,6403,3177,3226,204,105,99,2156,1084,1072,209,103,106
0.0 Scen,2040,083,Coleman County,8969,4472,4497,6375,3165,3210,203,104,99,2182,1100,1082,209,103,106
0.0 Scen,2041,083,Coleman County,8977,4484,4493,6359,3163,3196,202,104,98,2206,1113,1093,210,104,106
0.0 Scen,2042,083,Coleman County,8976,4482,4494,6337,3152,3185,201,103,98,2227,1123,1104,211,104,107
0.0 Scen,2043,083,Coleman County,8983,4490,4493,6323,3147,3176,200,103,97,2250,1135,1115,210,105,105
0.0 Scen,2044,083,Coleman County,8988,4496,4492,6307,3142,3165,199,102,97,2272,1147,1125,210,105,105
0.0 Scen,2045,083,Coleman County,8995,4505,4490,6294,3141,3153,197,101,96,2294,1158,1136,210,105,105
0.0 Scen,2046,083,Coleman County,9003,4509,4494,6279,3134,3145,196,100,96,2318,1170,1148,210,105,105
0.0 Scen,2047,083,Coleman County,9012,4515,4497,6267,3130,3137,194,99,95,2341,1181,1160,210,105,105
0.0 Scen,2048,083,Coleman County,9027,4524,4503,6262,3131,3131,192,97,95,2363,1191,1172,210,105,105
0.0 Scen,2049,083,Coleman County,9050,4542,4508,6262,3136,3126,191,97,94,2387,1204,1183,210,105,105
0.0 Scen,2050,083,Coleman County,9063,4553,4510,6253,3136,3117,189,95,94,2411,1217,1194,210,105,105
0.0 Scen,2010,085,Collin County,782341,384363,397978,493492,242557,250935,64715,30250,34465,115354,58542,56812,108780,53014,55766
0.0 Scen,2011,085,Collin County,788520,387453,401067,495759,243693,252066,65299,30545,34754,117181,59448,57733,110281,53767,56514
0.0 Scen,2012,085,Collin County,794273,390349,403924,497753,244704,253049,65843,30817,35026,118975,60344,58631,111702,54484,57218
0.0 Scen,2013,085,Collin County,799680,393047,406633,499548,245584,253964,66379,31095,35284,120739,61228,59511,113014,55140,57874
0.0 Scen,2014,085,Collin County,804739,395532,409207,501167,246351,254816,66872,31338,35534,122463,62094,60369,114237,55749,58488
0.0 Scen,2015,085,Collin County,809437,397825,411612,502536,246998,255538,67345,31574,35771,124176,62946,61230,115380,56307,59073
0.0 Scen,2016,085,Collin County,813710,399949,413761,503661,247561,256100,67771,31781,35990,125869,63787,62082,116409,56820,59589
0.0 Scen,2017,085,Collin County,817772,401916,415856,504648,247995,256653,68186,31987,36199,127539,64607,62932,117399,57327,60072
0.0 Scen,2018,085,Collin County,821494,403688,417806,505454,248334,257120,68590,32191,36399,129209,65438,63771,118241,57725,60516
0.0 Scen,2019,085,Collin County,825160,405459,419701,506212,248654,257558,68963,32373,36590,130877,66267,64610,119108,58165,60943
0.0 Scen,2020,085,Collin County,828675,407150,421525,506844,248919,257925,69349,32566,36783,132565,67109,65456,119917,58556,61361
0.0 Scen,2021,085,Collin County,832218,408785,423433,507477,249179,258298,69706,32730,36976,134269,67942,66327,120766,58934,61832
0.0 Scen,2022,085,Collin County,835854,410530,425324,508177,249424,258753,70049,32897,37152,135988,68796,67192,121640,59413,62227
0.0 Scen,2023,085,Collin County,839384,412166,427218,508875,249712,259163,70384,33054,37330,137718,69640,68078,122407,59760,62647
0.0 Scen,2024,085,Collin County,843054,413869,429185,509562,249970,259592,70691,33213,37478,139474,70511,68963,123327,60175,63152
0.0 Scen,2025,085,Collin County,846917,415779,431138,510301,250301,260000,71006,33358,37648,141250,71388,69862,124360,60732,63628
0.0 Scen,2026,085,Collin County,850453,417445,433008,510975,250583,260392,71289,33499,37790,143021,72252,70769,125168,61111,64057
0.0 Scen,2027,085,Collin County,854221,419357,434864,511632,250882,260750,71559,33633,37926,144821,73137,71684,126209,61705,64504
0.0 Scen,2028,085,Collin County,858050,421210,436840,512284,251200,261084,71816,33769,38047,146615,74018,72597,127335,62223,65112
0.0 Scen,2029,085,Collin County,861652,422917,438735,512752,251394,261358,72030,33877,38153,148415,74895,73520,128455,62751,65704
0.0 Scen,2030,085,Collin County,865233,424710,440523,513226,251643,261583,72236,33985,38251,150209,75779,74430,129562,63303,66259
0.0 Scen,2031,085,Collin County,868609,426348,442261,513525,251758,261767,72409,34077,38332,151987,76650,75337,130688,63863,66825
0.0 Scen,2032,085,Collin County,871575,427836,443739,513608,251821,261787,72548,34157,38391,153727,77507,76220,131692,64351,67341
0.0 Scen,2033,085,Collin County,874510,429325,445185,513516,251822,261694,72662,34220,38442,155435,78343,77092,132897,64940,67957
0.0 Scen,2034,085,Collin County,877010,430575,446435,513190,251657,261533,72728,34267,38461,157099,79172,77927,133993,65479,68514
0.0 Scen,2035,085,Collin County,879106,431724,447382,512604,251431,261173,72775,34303,38472,158681,79948,78733,135046,66042,69004
0.0 Scen,2036,085,Collin County,880971,432644,448327,511822,251089,260733,72775,34312,38463,160265,80714,79551,136109,66529,69580
0.0 Scen,2037,085,Collin County,882472,433533,448939,510847,250648,260199,72728,34311,38417,161755,81456,80299,137142,67118,70024
0.0 Scen,2038,085,Collin County,883473,434085,449388,509508,250044,259464,72668,34290,38378,163218,82161,81057,138079,67590,70489
0.0 Scen,2039,085,Collin County,884108,434444,449664,507988,249350,258638,72547,34237,38310,164594,82836,81758,138979,68021,70958
0.0 Scen,2040,085,Collin County,884212,434574,449638,506217,248534,257683,72374,34174,38200,165932,83504,82428,139689,68362,71327
0.0 Scen,2041,085,Collin County,884106,434573,449533,504222,247613,256609,72197,34096,38101,167182,84102,83080,140505,68762,71743
0.0 Scen,2042,085,Collin County,883281,434238,449043,501936,246515,255421,71958,34001,37957,168390,84697,83693,140997,69025,71972
0.0 Scen,2043,085,Collin County,882321,433774,448547,499540,245382,254158,71685,33893,37792,169555,85263,84292,141541,69236,72305
0.0 Scen,2044,085,Collin County,880855,433133,447722,496839,244106,252733,71422,33774,37648,170579,85746,84833,142015,69507,72508
0.0 Scen,2045,085,Collin County,878934,432294,446640,493983,242757,251226,71085,33639,37446,171613,86245,85368,142253,69653,72600
0.0 Scen,2046,085,Collin County,876709,431209,445500,490999,241321,249678,70757,33491,37266,172575,86721,85854,142378,69676,72702
0.0 Scen,2047,085,Collin County,874381,430090,444291,487936,239865,248071,70381,33338,37043,173471,87142,86329,142593,69745,72848
0.0 Scen,2048,085,Collin County,871587,428827,442760,484759,238367,246392,70005,33172,36833,174349,87558,86791,142474,69730,72744
0.0 Scen,2049,085,Collin County,868959,427565,441394,481582,236862,244720,69577,32994,36583,175161,87942,87219,142639,69767,72872
0.0 Scen,2050,085,Collin County,865919,426144,439775,478369,235346,243023,69168,32814,36354,175942,88317,87625,142440,69667,72773
0.0 Scen,2010,087,Collingsworth County,3057,1498,1559,1937,954,983,122,52,70,916,452,464,82,40,42
0.0 Scen,2011,087,Collingsworth County,3075,1510,1565,1934,953,981,122,53,69,936,463,473,83,41,42
0.0 Scen,2012,087,Collingsworth County,3092,1520,1572,1930,952,978,122,53,69,957,474,483,83,41,42
0.0 Scen,2013,087,Collingsworth County,3109,1533,1576,1925,952,973,122,54,68,978,485,493,84,42,42
0.0 Scen,2014,087,Collingsworth County,3125,1541,1584,1919,951,968,123,54,69,998,494,504,85,42,43
0.0 Scen,2015,087,Collingsworth County,3145,1554,1591,1916,952,964,124,55,69,1020,505,515,85,42,43
0.0 Scen,2016,087,Collingsworth County,3164,1564,1600,1913,951,962,125,55,70,1040,516,524,86,42,44
0.0 Scen,2017,087,Collingsworth County,3182,1575,1607,1906,948,958,126,56,70,1064,529,535,86,42,44
0.0 Scen,2018,087,Collingsworth County,3211,1591,1620,1911,953,958,126,56,70,1087,540,547,87,42,45
0.0 Scen,2019,087,Collingsworth County,3232,1601,1631,1907,950,957,127,57,70,1111,551,560,87,43,44
0.0 Scen,2020,087,Collingsworth County,3263,1616,1647,1912,952,960,127,57,70,1136,564,572,88,43,45
0.0 Scen,2021,087,Collingsworth County,3284,1630,1654,1909,951,958,127,58,69,1159,577,582,89,44,45
0.0 Scen,2022,087,Collingsworth County,3307,1643,1664,1907,952,955,128,58,70,1182,589,593,90,44,46
0.0 Scen,2023,087,Collingsworth County,3328,1659,1669,1900,952,948,128,58,70,1208,603,605,92,46,46
0.0 Scen,2024,087,Collingsworth County,3351,1673,1678,1896,953,943,129,58,71,1233,616,617,93,46,47
0.0 Scen,2025,087,Collingsworth County,3374,1690,1684,1893,954,939,128,58,70,1259,631,628,94,47,47
0.0 Scen,2026,087,Collingsworth County,3400,1703,1697,1891,953,938,127,57,70,1287,646,641,95,47,48
0.0 Scen,2027,087,Collingsworth County,3424,1718,1706,1888,952,936,128,58,70,1312,660,652,96,48,48
0.0 Scen,2028,087,Collingsworth County,3447,1730,1717,1883,950,933,126,57,69,1340,675,665,98,48,50
0.0 Scen,2029,087,Collingsworth County,3470,1745,1725,1879,951,928,125,57,68,1367,688,679,99,49,50
0.0 Scen,2030,087,Collingsworth County,3500,1760,1740,1881,953,928,124,56,68,1395,702,693,100,49,51
0.0 Scen,2031,087,Collingsworth County,3527,1776,1751,1877,952,925,123,56,67,1426,718,708,101,50,51
0.0 Scen,2032,087,Collingsworth County,3556,1790,1766,1876,950,926,123,56,67,1454,733,721,103,51,52
0.0 Scen,2033,087,Collingsworth County,3584,1807,1777,1872,948,924,123,57,66,1484,750,734,105,52,53
0.0 Scen,2034,087,Collingsworth County,3608,1821,1787,1865,946,919,123,57,66,1513,765,748,107,53,54
0.0 Scen,2035,087,Collingsworth County,3633,1837,1796,1861,945,916,123,58,65,1541,780,761,108,54,54
0.0 Scen,2036,087,Collingsworth County,3656,1848,1808,1857,943,914,121,56,65,1569,795,774,109,54,55
0.0 Scen,2037,087,Collingsworth County,3678,1863,1815,1849,940,909,120,56,64,1599,812,787,110,55,55
0.0 Scen,2038,087,Collingsworth County,3689,1867,1822,1836,933,903,119,55,64,1623,824,799,111,55,56
0.0 Scen,2039,087,Collingsworth County,3708,1879,1829,1828,930,898,118,55,63,1650,838,812,112,56,56
0.0 Scen,2040,087,Collingsworth County,3724,1886,1838,1819,926,893,117,54,63,1675,850,825,113,56,57
0.0 Scen,2041,087,Collingsworth County,3746,1899,1847,1814,925,889,116,54,62,1702,863,839,114,57,57
0.0 Scen,2042,087,Collingsworth County,3763,1906,1857,1807,921,886,115,53,62,1727,875,852,114,57,57
0.0 Scen,2043,087,Collingsworth County,3782,1918,1864,1801,918,883,114,53,61,1753,889,864,114,58,56
0.0 Scen,2044,087,Collingsworth County,3801,1928,1873,1794,915,879,114,53,61,1779,902,877,114,58,56
0.0 Scen,2045,087,Collingsworth County,3822,1939,1883,1791,912,879,113,53,60,1804,915,889,114,59,55
0.0 Scen,2046,087,Collingsworth County,3839,1948,1891,1784,910,874,112,52,60,1829,928,901,114,58,56
0.0 Scen,2047,087,Collingsworth County,3857,1959,1898,1779,907,872,111,52,59,1854,942,912,113,58,55
0.0 Scen,2048,087,Collingsworth County,3879,1972,1907,1775,906,869,112,52,60,1880,957,923,112,57,55
0.0 Scen,2049,087,Collingsworth County,3900,1988,1912,1771,907,864,112,52,60,1906,972,934,111,57,54
0.0 Scen,2050,087,Collingsworth County,3920,2001,1919,1768,908,860,111,51,60,1931,986,945,110,56,54
0.0 Scen,2010,089,Colorado County,20874,10347,10527,12496,6119,6377,2636,1259,1377,5452,2831,2621,290,138,152
0.0 Scen,2011,089,Colorado County,20895,10364,10531,12391,6072,6319,2653,1267,1386,5557,2885,2672,294,140,154
0.0 Scen,2012,089,Colorado County,20931,10387,10544,12290,6027,6263,2669,1275,1394,5675,2943,2732,297,142,155
0.0 Scen,2013,089,Colorado County,20970,10409,10561,12198,5983,6215,2688,1284,1404,5783,2998,2785,301,144,157
0.0 Scen,2014,089,Colorado County,21012,10434,10578,12110,5943,6167,2702,1289,1413,5896,3056,2840,304,146,158
0.0 Scen,2015,089,Colorado County,21055,10461,10594,12024,5905,6119,2711,1293,1418,6013,3116,2897,307,147,160
0.0 Scen,2016,089,Colorado County,21109,10491,10618,11941,5865,6076,2724,1301,1423,6133,3175,2958,311,150,161
0.0 Scen,2017,089,Colorado County,21156,10521,10635,11862,5831,6031,2731,1305,1426,6248,3232,3016,315,153,162
0.0 Scen,2018,089,Colorado County,21215,10549,10666,11790,5797,5993,2744,1310,1434,6360,3287,3073,321,155,166
0.0 Scen,2019,089,Colorado County,21280,10585,10695,11720,5765,5955,2754,1315,1439,6479,3346,3133,327,159,168
0.0 Scen,2020,089,Colorado County,21339,10614,10725,11656,5734,5922,2761,1316,1445,6591,3403,3188,331,161,170
0.0 Scen,2021,089,Colorado County,21408,10648,10760,11592,5702,5890,2770,1319,1451,6711,3463,3248,335,164,171
0.0 Scen,2022,089,Colorado County,21475,10685,10790,11526,5672,5854,2780,1325,1455,6828,3520,3308,341,168,173
0.0 Scen,2023,089,Colorado County,21541,10717,10824,11465,5645,5820,2783,1324,1459,6947,3577,3370,346,171,175
0.0 Scen,2024,089,Colorado County,21596,10748,10848,11400,5615,5785,2785,1326,1459,7061,3634,3427,350,173,177
0.0 Scen,2025,089,Colorado County,21664,10773,10891,11337,5581,5756,2795,1329,1466,7175,3687,3488,357,176,181
0.0 Scen,2026,089,Colorado County,21707,10796,10911,11261,5547,5714,2792,1328,1464,7293,3744,3549,361,177,184
0.0 Scen,2027,089,Colorado County,21753,10817,10936,11182,5511,5671,2796,1329,1467,7409,3797,3612,366,180,186
0.0 Scen,2028,089,Colorado County,21798,10837,10961,11109,5476,5633,2794,1329,1465,7523,3850,3673,372,182,190
0.0 Scen,2029,089,Colorado County,21835,10852,10983,11027,5436,5591,2787,1330,1457,7643,3901,3742,378,185,193
0.0 Scen,2030,089,Colorado County,21878,10873,11005,10945,5398,5547,2790,1329,1461,7760,3958,3802,383,188,195
0.0 Scen,2031,089,Colorado County,21908,10889,11019,10857,5353,5504,2782,1329,1453,7881,4016,3865,388,191,197
0.0 Scen,2032,089,Colorado County,21934,10909,11025,10771,5314,5457,2773,1326,1447,7997,4075,3922,393,194,199
0.0 Scen,2033,089,Colorado County,21964,10934,11030,10679,5275,5404,2769,1326,1443,8119,4137,3982,397,196,201
0.0 Scen,2034,089,Colorado County,21999,10956,11043,10594,5237,5357,2765,1325,1440,8240,4197,4043,400,197,203
0.0 Scen,2035,089,Colorado County,22030,10974,11056,10505,5196,5309,2758,1322,1436,8364,4259,4105,403,197,206
0.0 Scen,2036,089,Colorado County,22068,10998,11070,10416,5156,5260,2757,1323,1434,8488,4320,4168,407,199,208
0.0 Scen,2037,089,Colorado County,22092,11017,11075,10326,5114,5212,2749,1320,1429,8607,4382,4225,410,201,209
0.0 Scen,2038,089,Colorado County,22129,11039,11090,10244,5075,5169,2746,1320,1426,8727,4442,4285,412,202,210
0.0 Scen,2039,089,Colorado County,22167,11062,11105,10159,5035,5124,2746,1322,1424,8849,4503,4346,413,202,211
0.0 Scen,2040,089,Colorado County,22218,11100,11118,10082,5005,5077,2746,1326,1420,8976,4567,4409,414,202,212
0.0 Scen,2041,089,Colorado County,22265,11128,11137,10007,4971,5036,2745,1328,1417,9098,4627,4471,415,202,213
0.0 Scen,2042,089,Colorado County,22308,11156,11152,9927,4936,4991,2743,1328,1415,9223,4690,4533,415,202,213
0.0 Scen,2043,089,Colorado County,22365,11187,11178,9860,4903,4957,2741,1330,1411,9349,4752,4597,415,202,213
0.0 Scen,2044,089,Colorado County,22426,11221,11205,9799,4875,4924,2739,1330,1409,9472,4813,4659,416,203,213
0.0 Scen,2045,089,Colorado County,22490,11262,11228,9733,4850,4883,2744,1335,1409,9595,4872,4723,418,205,213
0.0 Scen,2046,089,Colorado County,22555,11300,11255,9669,4824,4845,2748,1338,1410,9719,4932,4787,419,206,213
0.0 Scen,2047,089,Colorado County,22620,11339,11281,9610,4798,4812,2747,1340,1407,9844,4994,4850,419,207,212
0.0 Scen,2048,089,Colorado County,22697,11383,11314,9560,4779,4781,2748,1341,1407,9969,5055,4914,420,208,212
0.0 Scen,2049,089,Colorado County,22778,11430,11348,9507,4757,4750,2752,1345,1407,10098,5120,4978,421,208,213
0.0 Scen,2050,089,Colorado County,22864,11480,11384,9461,4738,4723,2754,1346,1408,10229,5187,5042,420,209,211
0.0 Scen,2010,091,Comal County,108472,53254,55218,77387,38020,39367,1606,859,747,26989,13247,13742,2490,1128,1362
0.0 Scen,2011,091,Comal County,108722,53379,55343,77215,37930,39285,1619,866,753,27378,13446,13932,2510,1137,1373
0.0 Scen,2012,091,Comal County,108958,53488,55470,77028,37824,39204,1630,871,759,27770,13645,14125,2530,1148,1382
0.0 Scen,2013,091,Comal County,109200,53609,55591,76839,37723,39116,1643,879,764,28170,13849,14321,2548,1158,1390
0.0 Scen,2014,091,Comal County,109446,53725,55721,76645,37613,39032,1657,887,770,28573,14054,14519,2571,1171,1400
0.0 Scen,2015,091,Comal County,109695,53842,55853,76452,37505,38947,1670,894,776,28976,14258,14718,2597,1185,1412
0.0 Scen,2016,091,Comal County,109908,53930,55978,76216,37368,38848,1686,903,783,29390,14464,14926,2616,1195,1421
0.0 Scen,2017,091,Comal County,110170,54047,56123,76035,37260,38775,1702,912,790,29798,14672,15126,2635,1203,1432
0.0 Scen,2018,091,Comal County,110406,54145,56261,75814,37125,38689,1718,919,799,30219,14887,15332,2655,1214,1441
0.0 Scen,2019,091,Comal County,110645,54241,56404,75592,36993,38599,1729,925,804,30653,15103,15550,2671,1220,1451
0.0 Scen,2020,091,Comal County,110894,54350,56544,75366,36861,38505,1744,933,811,31092,15324,15768,2692,1232,1460
0.0 Scen,2021,091,Comal County,111155,54468,56687,75158,36743,38415,1753,936,817,31536,15548,15988,2708,1241,1467
0.0 Scen,2022,091,Comal County,111449,54607,56842,74968,36635,38333,1767,942,825,31988,15779,16209,2726,1251,1475
0.0 Scen,2023,091,Comal County,111714,54725,56989,74750,36508,38242,1778,945,833,32442,16014,16428,2744,1258,1486
0.0 Scen,2024,091,Comal County,111974,54847,57127,74533,36391,38142,1781,941,840,32897,16247,16650,2763,1268,1495
0.0 Scen,2025,091,Comal County,112228,54970,57258,74313,36278,38035,1784,939,845,33352,16476,16876,2779,1277,1502
0.0 Scen,2026,091,Comal County,112478,55093,57385,74082,36158,37924,1788,937,851,33816,16713,17103,2792,1285,1507
0.0 Scen,2027,091,Comal County,112695,55202,57493,73835,36035,37800,1788,934,854,34265,16940,17325,2807,1293,1514
0.0 Scen,2028,091,Comal County,112864,55279,57585,73559,35894,37665,1780,926,854,34708,17163,17545,2817,1296,1521
0.0 Scen,2029,091,Comal County,113039,55367,57672,73267,35750,37517,1782,924,858,35155,17385,17770,2835,1308,1527
0.0 Scen,2030,091,Comal County,113146,55426,57720,72939,35587,37352,1775,919,856,35586,17603,17983,2846,1317,1529
0.0 Scen,2031,091,Comal County,113242,55475,57767,72593,35414,37179,1768,912,856,36022,17827,18195,2859,1322,1537
0.0 Scen,2032,091,Comal County,113262,55484,57778,72205,35218,36987,1754,904,850,36436,18035,18401,2867,1327,1540
0.0 Scen,2033,091,Comal County,113254,55487,57767,71797,35020,36777,1742,898,844,36840,18237,18603,2875,1332,1543
0.0 Scen,2034,091,Comal County,113208,55478,57730,71365,34814,36551,1728,888,840,37238,18440,18798,2877,1336,1541
0.0 Scen,2035,091,Comal County,113145,55459,57686,70916,34597,36319,1716,881,835,37633,18642,18991,2880,1339,1541
0.0 Scen,2036,091,Comal County,113053,55435,57618,70444,34382,36062,1702,874,828,38025,18840,19185,2882,1339,1543
0.0 Scen,2037,091,Comal County,112956,55406,57550,69973,34165,35808,1689,865,824,38413,19035,19378,2881,1341,1540
0.0 Scen,2038,091,Comal County,112833,55368,57465,69494,33945,35549,1668,853,815,38791,19230,19561,2880,1340,1540
0.0 Scen,2039,091,Comal County,112693,55328,57365,68989,33712,35277,1650,845,805,39174,19428,19746,2880,1343,1537
0.0 Scen,2040,091,Comal County,112556,55284,57272,68491,33486,35005,1635,837,798,39555,19618,19937,2875,1343,1532
0.0 Scen,2041,091,Comal County,112430,55250,57180,67996,33257,34739,1625,833,792,39933,19812,20121,2876,1348,1528
0.0 Scen,2042,091,Comal County,112295,55210,57085,67486,33026,34460,1614,829,785,40321,20008,20313,2874,1347,1527
0.0 Scen,2043,091,Comal County,112157,55177,56980,66986,32807,34179,1600,822,778,40705,20204,20501,2866,1344,1522
0.0 Scen,2044,091,Comal County,112033,55144,56889,66497,32587,33910,1584,814,770,41094,20404,20690,2858,1339,1519
0.0 Scen,2045,091,Comal County,111919,55116,56803,66017,32375,33642,1571,805,766,41479,20601,20878,2852,1335,1517
0.0 Scen,2046,091,Comal County,111808,55096,56712,65546,32166,33380,1553,794,759,41867,20805,21062,2842,1331,1511
0.0 Scen,2047,091,Comal County,111737,55101,56636,65104,31974,33130,1538,787,751,42264,21013,21251,2831,1327,1504
0.0 Scen,2048,091,Comal County,111678,55103,56575,64681,31786,32895,1525,781,744,42656,21216,21440,2816,1320,1496
0.0 Scen,2049,091,Comal County,111643,55129,56514,64268,31611,32657,1513,776,737,43057,21424,21633,2805,1318,1487
0.0 Scen,2050,091,Comal County,111647,55170,56477,63893,31452,32441,1505,772,733,43458,21634,21824,2791,1312,1479
0.0 Scen,2010,093,Comanche County,13974,6885,7089,10145,4922,5223,25,11,14,3605,1865,1740,199,87,112
0.0 Scen,2011,093,Comanche County,13987,6894,7093,10093,4898,5195,25,11,14,3668,1897,1771,201,88,113
0.0 Scen,2012,093,Comanche County,13999,6901,7098,10038,4869,5169,25,11,14,3734,1933,1801,202,88,114
0.0 Scen,2013,093,Comanche County,14024,6916,7108,9993,4849,5144,25,11,14,3802,1966,1836,204,90,114
0.0 Scen,2014,093,Comanche County,14056,6933,7123,9951,4829,5122,25,11,14,3873,2002,1871,207,91,116
0.0 Scen,2015,093,Comanche County,14092,6954,7138,9909,4809,5100,25,11,14,3947,2040,1907,211,94,117
0.0 Scen,2016,093,Comanche County,14122,6971,7151,9863,4788,5075,25,11,14,4022,2079,1943,212,93,119
0.0 Scen,2017,093,Comanche County,14167,6998,7169,9830,4774,5056,25,11,14,4098,2119,1979,214,94,120
0.0 Scen,2018,093,Comanche County,14213,7020,7193,9796,4756,5040,25,11,14,4174,2158,2016,218,95,123
0.0 Scen,2019,093,Comanche County,14263,7049,7214,9757,4737,5020,25,11,14,4258,2203,2055,223,98,125
0.0 Scen,2020,093,Comanche County,14316,7071,7245,9724,4717,5007,25,11,14,4340,2243,2097,227,100,127
0.0 Scen,2021,093,Comanche County,14372,7098,7274,9695,4701,4994,25,11,14,4424,2286,2138,228,100,128
0.0 Scen,2022,093,Comanche County,14419,7119,7300,9650,4676,4974,26,11,15,4513,2331,2182,230,101,129
0.0 Scen,2023,093,Comanche County,14468,7144,7324,9613,4659,4954,27,12,15,4596,2371,2225,232,102,130
0.0 Scen,2024,093,Comanche County,14514,7173,7341,9566,4639,4927,28,12,16,4687,2419,2268,233,103,130
0.0 Scen,2025,093,Comanche County,14555,7197,7358,9516,4616,4900,29,13,16,4774,2463,2311,236,105,131
0.0 Scen,2026,093,Comanche County,14608,7223,7385,9471,4594,4877,30,13,17,4870,2510,2360,237,106,131
0.0 Scen,2027,093,Comanche County,14662,7255,7407,9432,4578,4854,31,14,17,4959,2555,2404,240,108,132
0.0 Scen,2028,093,Comanche County,14702,7275,7427,9381,4556,4825,32,14,18,5044,2595,2449,245,110,135
0.0 Scen,2029,093,Comanche County,14750,7302,7448,9338,4539,4799,32,14,18,5131,2637,2494,249,112,137
0.0 Scen,2030,093,Comanche County,14790,7326,7464,9293,4520,4773,32,14,18,5212,2678,2534,253,114,139
0.0 Scen,2031,093,Comanche County,14842,7355,7487,9251,4502,4749,32,14,18,5303,2723,2580,256,116,140
0.0 Scen,2032,093,Comanche County,14880,7373,7507,9213,4484,4729,32,14,18,5378,2759,2619,257,116,141
0.0 Scen,2033,093,Comanche County,14920,7395,7525,9171,4468,4703,32,14,18,5458,2796,2662,259,117,142
0.0 Scen,2034,093,Comanche County,14959,7414,7545,9132,4452,4680,32,14,18,5533,2829,2704,262,119,143
0.0 Scen,2035,093,Comanche County,14991,7431,7560,9091,4435,4656,32,14,18,5603,2861,2742,265,121,144
0.0 Scen,2036,093,Comanche County,15034,7455,7579,9061,4426,4635,32,14,18,5674,2893,2781,267,122,145
0.0 Scen,2037,093,Comanche County,15066,7470,7596,9021,4408,4613,32,14,18,5743,2924,2819,270,124,146
0.0 Scen,2038,093,Comanche County,15109,7496,7613,8990,4400,4590,32,14,18,5816,2958,2858,271,124,147
0.0 Scen,2039,093,Comanche County,15152,7519,7633,8961,4390,4571,32,14,18,5886,2990,2896,273,125,148
0.0 Scen,2040,093,Comanche County,15198,7546,7652,8937,4384,4553,32,14,18,5953,3021,2932,276,127,149
0.0 Scen,2041,093,Comanche County,15250,7577,7673,8917,4379,4538,32,14,18,6023,3056,2967,278,128,150
0.0 Scen,2042,093,Comanche County,15299,7605,7694,8900,4376,4524,32,14,18,6089,3088,3001,278,127,151
0.0 Scen,2043,093,Comanche County,15348,7630,7718,8880,4366,4514,32,14,18,6156,3122,3034,280,128,152
0.0 Scen,2044,093,Comanche County,15402,7659,7743,8867,4361,4506,31,14,17,6224,3157,3067,280,127,153
0.0 Scen,2045,093,Comanche County,15455,7686,7769,8851,4353,4498,31,14,17,6291,3191,3100,282,128,154
0.0 Scen,2046,093,Comanche County,15519,7727,7792,8844,4356,4488,31,14,17,6363,3228,3135,281,129,152
0.0 Scen,2047,093,Comanche County,15570,7754,7816,8826,4348,4478,31,14,17,6431,3263,3168,282,129,153
0.0 Scen,2048,093,Comanche County,15638,7792,7846,8821,4348,4473,31,14,17,6503,3300,3203,283,130,153
0.0 Scen,2049,093,Comanche County,15703,7828,7875,8810,4347,4463,31,13,18,6577,3337,3240,285,131,154
0.0 Scen,2050,093,Comanche County,15778,7866,7912,8810,4349,4461,30,12,18,6652,3373,3279,286,132,154
0.0 Scen,2010,095,Concho County,4087,2793,1294,1810,928,882,57,53,4,2173,1783,390,47,29,18
0.0 Scen,2011,095,Concho County,4099,2800,1299,1810,929,881,57,53,4,2185,1789,396,47,29,18
0.0 Scen,2012,095,Concho County,4113,2809,1304,1810,929,881,57,53,4,2199,1798,401,47,29,18
0.0 Scen,2013,095,Concho County,4130,2819,1311,1813,931,882,57,53,4,2213,1806,407,47,29,18
0.0 Scen,2014,095,Concho County,4144,2825,1319,1813,929,884,57,53,4,2227,1814,413,47,29,18
0.0 Scen,2015,095,Concho County,4156,2833,1323,1810,929,881,57,53,4,2241,1821,420,48,30,18
0.0 Scen,2016,095,Concho County,4176,2845,1331,1811,929,882,57,53,4,2259,1833,426,49,30,19
0.0 Scen,2017,095,Concho County,4188,2852,1336,1807,927,880,57,53,4,2274,1841,433,50,31,19
0.0 Scen,2018,095,Concho County,4199,2858,1341,1805,926,879,57,53,4,2286,1848,438,51,31,20
0.0 Scen,2019,095,Concho County,4203,2857,1346,1796,919,877,57,53,4,2298,1853,445,52,32,20
0.0 Scen,2020,095,Concho County,4213,2859,1354,1790,913,877,57,53,4,2313,1861,452,53,32,21
0.0 Scen,2021,095,Concho County,4225,2862,1363,1784,908,876,57,53,4,2330,1868,462,54,33,21
0.0 Scen,2022,095,Concho County,4236,2864,1372,1781,905,876,57,53,4,2344,1874,470,54,32,22
0.0 Scen,2023,095,Concho County,4240,2866,1374,1770,899,871,57,53,4,2359,1882,477,54,32,22
0.0 Scen,2024,095,Concho County,4251,2875,1376,1765,899,866,57,53,4,2374,1890,484,55,33,22
0.0 Scen,2025,095,Concho County,4264,2885,1379,1761,901,860,57,53,4,2391,1898,493,55,33,22
0.0 Scen,2026,095,Concho County,4272,2891,1381,1754,899,855,57,53,4,2405,1905,500,56,34,22
0.0 Scen,2027,095,Concho County,4282,2895,1387,1747,896,851,57,53,4,2423,1913,510,55,33,22
0.0 Scen,2028,095,Concho County,4288,2897,1391,1739,892,847,57,53,4,2437,1919,518,55,33,22
0.0 Scen,2029,095,Concho County,4300,2905,1395,1731,889,842,57,53,4,2456,1929,527,56,34,22
0.0 Scen,2030,095,Concho County,4309,2908,1401,1727,887,840,57,53,4,2469,1934,535,56,34,22
0.0 Scen,2031,095,Concho County,4315,2911,1404,1716,881,835,57,53,4,2486,1943,543,56,34,22
0.0 Scen,2032,095,Concho County,4328,2917,1411,1716,881,835,57,53,4,2499,1949,550,56,34,22
0.0 Scen,2033,095,Concho County,4339,2925,1414,1711,881,830,57,53,4,2514,1956,558,57,35,22
0.0 Scen,2034,095,Concho County,4343,2925,1418,1703,876,827,57,53,4,2526,1961,565,57,35,22
0.0 Scen,2035,095,Concho County,4355,2934,1421,1697,874,823,57,53,4,2544,1972,572,57,35,22
0.0 Scen,2036,095,Concho County,4362,2937,1425,1692,871,821,57,53,4,2557,1979,578,56,34,22
0.0 Scen,2037,095,Concho County,4371,2941,1430,1689,870,819,57,53,4,2571,1986,585,54,32,22
0.0 Scen,2038,095,Concho County,4380,2950,1430,1685,872,813,57,53,4,2584,1993,591,54,32,22
0.0 Scen,2039,095,Concho County,4384,2952,1432,1676,868,808,57,53,4,2597,1999,598,54,32,22
0.0 Scen,2040,095,Concho County,4386,2954,1432,1666,864,802,57,53,4,2610,2005,605,53,32,21
0.0 Scen,2041,095,Concho County,4386,2955,1431,1658,862,796,57,53,4,2618,2008,610,53,32,21
0.0 Scen,2042,095,Concho County,4388,2955,1433,1648,858,790,57,53,4,2630,2012,618,53,32,21
0.0 Scen,2043,095,Concho County,4392,2958,1434,1638,853,785,57,53,4,2644,2020,624,53,32,21
0.0 Scen,2044,095,Concho County,4400,2963,1437,1635,854,781,57,53,4,2654,2024,630,54,32,22
0.0 Scen,2045,095,Concho County,4412,2972,1440,1631,854,777,57,53,4,2668,2031,637,56,34,22
0.0 Scen,2046,095,Concho County,4415,2972,1443,1623,850,773,57,53,4,2681,2037,644,54,32,22
0.0 Scen,2047,095,Concho County,4422,2972,1450,1621,850,771,57,53,4,2690,2037,653,54,32,22
0.0 Scen,2048,095,Concho County,4426,2974,1452,1616,850,766,56,52,4,2700,2040,660,54,32,22
0.0 Scen,2049,095,Concho County,4434,2978,1456,1610,848,762,56,52,4,2714,2046,668,54,32,22
0.0 Scen,2050,095,Concho County,4447,2981,1466,1612,848,764,56,52,4,2726,2050,676,53,31,22
0.0 Scen,2010,097,Cooke County,38437,19056,19381,30255,14799,15456,1018,557,461,5997,3186,2811,1167,514,653
0.0 Scen,2011,097,Cooke County,38573,19126,19447,30254,14798,15456,1024,559,465,6114,3247,2867,1181,522,659
0.0 Scen,2012,097,Cooke County,38725,19201,19524,30265,14806,15459,1027,559,468,6236,3306,2930,1197,530,667
0.0 Scen,2013,097,Cooke County,38892,19281,19611,30286,14815,15471,1037,562,475,6358,3368,2990,1211,536,675
0.0 Scen,2014,097,Cooke County,39067,19368,19699,30318,14830,15488,1044,564,480,6479,3430,3049,1226,544,682
0.0 Scen,2015,097,Cooke County,39256,19472,19784,30346,14849,15497,1054,569,485,6610,3497,3113,1246,557,689
0.0 Scen,2016,097,Cooke County,39436,19570,19866,30368,14864,15504,1063,574,489,6744,3565,3179,1261,567,694
0.0 Scen,2017,097,Cooke County,39616,19665,19951,30388,14877,15511,1071,577,494,6877,3633,3244,1280,578,702
0.0 Scen,2018,097,Cooke County,39813,19771,20042,30415,14892,15523,1087,586,501,7011,3703,3308,1300,590,710
0.0 Scen,2019,097,Cooke County,39996,19867,20129,30436,14907,15529,1094,589,505,7147,3772,3375,1319,599,720
0.0 Scen,2020,097,Cooke County,40175,19965,20210,30449,14919,15530,1104,595,509,7280,3841,3439,1342,610,732
0.0 Scen,2021,097,Cooke County,40359,20062,20297,30457,14926,15531,1114,601,513,7423,3913,3510,1365,622,743
0.0 Scen,2022,097,Cooke County,40549,20168,20381,30474,14943,15531,1122,606,516,7567,3986,3581,1386,633,753
0.0 Scen,2023,097,Cooke County,40734,20261,20473,30485,14950,15535,1132,612,520,7705,4054,3651,1412,645,767
0.0 Scen,2024,097,Cooke County,40910,20350,20560,30486,14950,15536,1143,619,524,7851,4127,3724,1430,654,776
0.0 Scen,2025,097,Cooke County,41081,20437,20644,30474,14947,15527,1152,622,530,8000,4201,3799,1455,667,788
0.0 Scen,2026,097,Cooke County,41239,20527,20712,30450,14939,15511,1163,630,533,8153,4279,3874,1473,679,794
0.0 Scen,2027,097,Cooke County,41404,20605,20799,30430,14926,15504,1172,635,537,8303,4353,3950,1499,691,808
0.0 Scen,2028,097,Cooke County,41546,20676,20870,30394,14906,15488,1181,640,541,8449,4424,4025,1522,706,816
0.0 Scen,2029,097,Cooke County,41686,20749,20937,30345,14884,15461,1189,644,545,8601,4501,4100,1551,720,831
0.0 Scen,2030,097,Cooke County,41797,20799,20998,30287,14853,15434,1196,649,547,8741,4566,4175,1573,731,842
0.0 Scen,2031,097,Cooke County,41912,20856,21056,30234,14832,15402,1195,648,547,8886,4634,4252,1597,742,855
0.0 Scen,2032,097,Cooke County,42015,20910,21105,30167,14802,15365,1193,648,545,9030,4705,4325,1625,755,870
0.0 Scen,2033,097,Cooke County,42113,20957,21156,30097,14767,15330,1196,649,547,9169,4771,4398,1651,770,881
0.0 Scen,2034,097,Cooke County,42193,20997,21196,30018,14732,15286,1197,648,549,9305,4836,4469,1673,781,892
0.0 Scen,2035,097,Cooke County,42272,21035,21237,29938,14698,15240,1196,647,549,9445,4900,4545,1693,790,903
0.0 Scen,2036,097,Cooke County,42333,21065,21268,29848,14659,15189,1193,644,549,9577,4962,4615,1715,800,915
0.0 Scen,2037,097,Cooke County,42404,21102,21302,29765,14622,15143,1194,645,549,9712,5025,4687,1733,810,923
0.0 Scen,2038,097,Cooke County,42475,21140,21335,29686,14584,15102,1190,643,547,9847,5093,4754,1752,820,932
0.0 Scen,2039,097,Cooke County,42536,21170,21366,29601,14544,15057,1187,641,546,9978,5155,4823,1770,830,940
0.0 Scen,2040,097,Cooke County,42601,21204,21397,29524,14508,15016,1183,639,544,10106,5217,4889,1788,840,948
0.0 Scen,2041,097,Cooke County,42669,21242,21427,29448,14475,14973,1182,640,542,10231,5278,4953,1808,849,959
0.0 Scen,2042,097,Cooke County,42736,21284,21452,29376,14446,14930,1180,640,540,10352,5336,5016,1828,862,966
0.0 Scen,2043,097,Cooke County,42806,21324,21482,29309,14419,14890,1181,643,538,10474,5392,5082,1842,870,972
0.0 Scen,2044,097,Cooke County,42870,21362,21508,29240,14392,14848,1180,644,536,10594,5450,5144,1856,876,980
0.0 Scen,2045,097,Cooke County,42949,21411,21538,29185,14374,14811,1179,644,535,10717,5510,5207,1868,883,985
0.0 Scen,2046,097,Cooke County,43022,21457,21565,29128,14355,14773,1177,643,534,10834,5566,5268,1883,893,990
0.0 Scen,2047,097,Cooke County,43104,21509,21595,29076,14335,14741,1174,643,531,10959,5631,5328,1895,900,995
0.0 Scen,2048,097,Cooke County,43186,21560,21626,29027,14320,14707,1175,645,530,11073,5687,5386,1911,908,1003
0.0 Scen,2049,097,Cooke County,43275,21615,21660,28985,14309,14676,1174,644,530,11193,5746,5447,1923,916,1007
0.0 Scen,2050,097,Cooke County,43366,21667,21699,28948,14301,14647,1172,646,526,11309,5798,5511,1937,922,1015
0.0 Scen,2010,099,Coryell County,75388,36892,38496,46776,22973,23803,11450,5452,5998,11973,6058,5915,5189,2409,2780
0.0 Scen,2011,099,Coryell County,76215,37305,38910,47193,23182,24011,11583,5515,6068,12172,6157,6015,5267,2451,2816
0.0 Scen,2012,099,Coryell County,76957,37635,39322,47541,23323,24218,11709,5574,6135,12369,6256,6113,5338,2482,2856
0.0 Scen,2013,099,Coryell County,77600,37896,39704,47816,23409,24407,11818,5621,6197,12563,6351,6212,5403,2515,2888
0.0 Scen,2014,099,Coryell County,78195,38130,40065,48041,23469,24572,11926,5664,6262,12751,6444,6307,5477,2553,2924
0.0 Scen,2015,099,Coryell County,78725,38339,40386,48211,23508,24703,12030,5709,6321,12938,6535,6403,5546,2587,2959
0.0 Scen,2016,099,Coryell County,79225,38538,40687,48352,23537,24815,12134,5753,6381,13123,6627,6496,5616,2621,2995
0.0 Scen,2017,099,Coryell County,79749,38760,40989,48520,23595,24925,12240,5798,6442,13308,6716,6592,5681,2651,3030
0.0 Scen,2018,099,Coryell County,80264,38976,41288,48685,23649,25036,12334,5834,6500,13495,6806,6689,5750,2687,3063
0.0 Scen,2019,099,Coryell County,80794,39215,41579,48864,23721,25143,12427,5873,6554,13685,6900,6785,5818,2721,3097
0.0 Scen,2020,099,Coryell County,81351,39472,41879,49063,23804,25259,12516,5910,6606,13880,7000,6880,5892,2758,3134
0.0 Scen,2021,099,Coryell County,81913,39739,42174,49269,23892,25377,12600,5950,6650,14078,7098,6980,5966,2799,3167
0.0 Scen,2022,099,Coryell County,82477,40017,42460,49474,23996,25478,12676,5982,6694,14281,7199,7082,6046,2840,3206
0.0 Scen,2023,099,Coryell County,83054,40306,42748,49685,24100,25585,12761,6022,6739,14483,7300,7183,6125,2884,3241
0.0 Scen,2024,099,Coryell County,83607,40583,43024,49891,24201,25690,12838,6055,6783,14690,7409,7281,6188,2918,3270
0.0 Scen,2025,099,Coryell County,84176,40862,43314,50090,24297,25793,12918,6092,6826,14906,7515,7391,6262,2958,3304
0.0 Scen,2026,099,Coryell County,84757,41151,43606,50295,24400,25895,13001,6131,6870,15116,7618,7498,6345,3002,3343
0.0 Scen,2027,099,Coryell County,85343,41445,43898,50502,24507,25995,13081,6170,6911,15337,7725,7612,6423,3043,3380
0.0 Scen,2028,099,Coryell County,85937,41759,44178,50701,24611,26090,13161,6216,6945,15568,7843,7725,6507,3089,3418
0.0 Scen,2029,099,Coryell County,86551,42068,44483,50926,24726,26200,13243,6254,6989,15788,7952,7836,6594,3136,3458
0.0 Scen,2030,099,Coryell County,87176,42381,44795,51165,24844,26321,13320,6292,7028,16010,8061,7949,6681,3184,3497
0.0 Scen,2031,099,Coryell County,87794,42692,45102,51393,24962,26431,13398,6327,7071,16236,8174,8062,6767,3229,3538
0.0 Scen,2032,099,Coryell County,88398,42986,45412,51622,25069,26553,13478,6366,7112,16454,8282,8172,6844,3269,3575
0.0 Scen,2033,099,Coryell County,88972,43284,45688,51830,25180,26650,13551,6400,7151,16669,8390,8279,6922,3314,3608
0.0 Scen,2034,099,Coryell County,89520,43572,45948,52028,25284,26744,13627,6436,7191,16877,8493,8384,6988,3359,3629
0.0 Scen,2035,099,Coryell County,90059,43840,46219,52196,25379,26817,13689,6463,7226,17090,8598,8492,7084,3400,3684
0.0 Scen,2036,099,Coryell County,90572,44105,46467,52374,25472,26902,13751,6491,7260,17292,8697,8595,7155,3445,3710
0.0 Scen,2037,099,Coryell County,91035,44346,46689,52517,25552,26965,13811,6522,7289,17483,8789,8694,7224,3483,3741
0.0 Scen,2038,099,Coryell County,91500,44592,46908,52655,25630,27025,13870,6553,7317,17682,8887,8795,7293,3522,3771
0.0 Scen,2039,099,Coryell County,91933,44812,47121,52781,25699,27082,13924,6578,7346,17868,8979,8889,7360,3556,3804
0.0 Scen,2040,099,Coryell County,92342,45039,47303,52895,25765,27130,13974,6608,7366,18052,9075,8977,7421,3591,3830
0.0 Scen,2041,099,Coryell County,92727,45246,47481,52998,25825,27173,14030,6637,7393,18224,9163,9061,7475,3621,3854
0.0 Scen,2042,099,Coryell County,93073,45438,47635,53076,25876,27200,14069,6657,7412,18395,9251,9144,7533,3654,3879
0.0 Scen,2043,099,Coryell County,93410,45624,47786,53146,25920,27226,14107,6678,7429,18569,9342,9227,7588,3684,3904
0.0 Scen,2044,099,Coryell County,93739,45806,47933,53208,25959,27249,14141,6695,7446,18744,9434,9310,7646,3718,3928
0.0 Scen,2045,099,Coryell County,94033,45968,48065,53261,25994,27267,14174,6713,7461,18910,9521,9389,7688,3740,3948
0.0 Scen,2046,099,Coryell County,94321,46131,48190,53314,26033,27281,14202,6728,7474,19070,9603,9467,7735,3767,3968
0.0 Scen,2047,099,Coryell County,94598,46290,48308,53355,26065,27290,14225,6738,7487,19239,9694,9545,7779,3793,3986
0.0 Scen,2048,099,Coryell County,94876,46453,48423,53394,26095,27299,14259,6758,7501,19404,9784,9620,7819,3816,4003
0.0 Scen,2049,099,Coryell County,95151,46607,48544,53436,26132,27304,14288,6772,7516,19569,9865,9704,7858,3838,4020
0.0 Scen,2050,099,Coryell County,95405,46751,48654,53466,26158,27308,14311,6784,7527,19734,9952,9782,7894,3857,4037
0.0 Scen,2010,101,Cottle County,1505,713,792,1043,492,551,129,59,70,316,151,165,17,11,6
0.0 Scen,2011,101,Cottle County,1516,720,796,1047,495,552,130,60,70,322,154,168,17,11,6
0.0 Scen,2012,101,Cottle County,1524,725,799,1049,498,551,130,59,71,328,157,171,17,11,6
0.0 Scen,2013,101,Cottle County,1534,732,802,1052,501,551,131,60,71,334,160,174,17,11,6
0.0 Scen,2014,101,Cottle County,1546,740,806,1057,505,552,133,61,72,339,163,176,17,11,6
0.0 Scen,2015,101,Cottle County,1553,745,808,1056,505,551,135,63,72,345,166,179,17,11,6
0.0 Scen,2016,101,Cottle County,1561,751,810,1055,507,548,138,64,74,351,169,182,17,11,6
0.0 Scen,2017,101,Cottle County,1568,755,813,1055,507,548,140,65,75,356,172,184,17,11,6
0.0 Scen,2018,101,Cottle County,1574,760,814,1054,508,546,142,66,76,361,175,186,17,11,6
0.0 Scen,2019,101,Cottle County,1579,764,815,1053,508,545,144,67,77,366,179,187,16,10,6
0.0 Scen,2020,101,Cottle County,1587,770,817,1053,509,544,146,68,78,372,183,189,16,10,6
0.0 Scen,2021,101,Cottle County,1591,777,814,1049,511,538,148,69,79,378,187,191,16,10,6
0.0 Scen,2022,101,Cottle County,1597,782,815,1047,512,535,150,70,80,384,190,194,16,10,6
0.0 Scen,2023,101,Cottle County,1606,788,818,1047,512,535,152,71,81,390,194,196,17,11,6
0.0 Scen,2024,101,Cottle County,1610,791,819,1045,512,533,153,71,82,395,197,198,17,11,6
0.0 Scen,2025,101,Cottle County,1614,796,818,1042,513,529,152,71,81,403,201,202,17,11,6
0.0 Scen,2026,101,Cottle County,1618,798,820,1040,512,528,151,70,81,410,205,205,17,11,6
0.0 Scen,2027,101,Cottle County,1618,799,819,1033,509,524,152,71,81,416,208,208,17,11,6
0.0 Scen,2028,101,Cottle County,1616,800,816,1024,506,518,152,71,81,423,212,211,17,11,6
0.0 Scen,2029,101,Cottle County,1615,799,816,1016,501,515,151,71,80,431,216,215,17,11,6
0.0 Scen,2030,101,Cottle County,1616,798,818,1010,497,513,151,71,80,438,219,219,17,11,6
0.0 Scen,2031,101,Cottle County,1620,804,816,1008,500,508,150,71,79,445,222,223,17,11,6
0.0 Scen,2032,101,Cottle County,1622,806,816,1005,500,505,149,70,79,451,225,226,17,11,6
0.0 Scen,2033,101,Cottle County,1627,810,817,1003,500,503,150,71,79,457,228,229,17,11,6
0.0 Scen,2034,101,Cottle County,1630,811,819,1000,499,501,150,70,80,463,231,232,17,11,6
0.0 Scen,2035,101,Cottle County,1634,813,821,996,497,499,152,71,81,469,234,235,17,11,6
0.0 Scen,2036,101,Cottle County,1637,816,821,993,498,495,152,70,82,475,237,238,17,11,6
0.0 Scen,2037,101,Cottle County,1638,818,820,989,497,492,151,70,81,481,240,241,17,11,6
0.0 Scen,2038,101,Cottle County,1641,820,821,986,497,489,150,69,81,488,243,245,17,11,6
0.0 Scen,2039,101,Cottle County,1648,827,821,988,501,487,149,69,80,494,246,248,17,11,6
0.0 Scen,2040,101,Cottle County,1650,828,822,984,499,485,149,69,80,500,249,251,17,11,6
0.0 Scen,2041,101,Cottle County,1653,829,824,982,497,485,148,69,79,506,252,254,17,11,6
0.0 Scen,2042,101,Cottle County,1653,829,824,978,496,482,147,68,79,511,254,257,17,11,6
0.0 Scen,2043,101,Cottle County,1657,831,826,977,495,482,146,68,78,517,257,260,17,11,6
0.0 Scen,2044,101,Cottle County,1660,832,828,977,496,481,145,67,78,521,258,263,17,11,6
0.0 Scen,2045,101,Cottle County,1666,835,831,978,496,482,145,68,77,526,260,266,17,11,6
0.0 Scen,2046,101,Cottle County,1669,836,833,977,496,481,144,67,77,531,262,269,17,11,6
0.0 Scen,2047,101,Cottle County,1672,839,833,977,497,480,143,67,76,535,264,271,17,11,6
0.0 Scen,2048,101,Cottle County,1673,840,833,975,497,478,142,66,76,539,266,273,17,11,6
0.0 Scen,2049,101,Cottle County,1676,844,832,975,498,477,141,66,75,543,269,274,17,11,6
0.0 Scen,2050,101,Cottle County,1678,846,832,972,497,475,140,65,75,549,273,276,17,11,6
0.0 Scen,2010,103,Crane County,4375,2145,2230,1761,839,922,122,62,60,2409,1202,1207,83,42,41
0.0 Scen,2011,103,Crane County,4425,2173,2252,1767,843,924,123,63,60,2451,1224,1227,84,43,41
0.0 Scen,2012,103,Crane County,4476,2200,2276,1772,847,925,124,63,61,2495,1247,1248,85,43,42
0.0 Scen,2013,103,Crane County,4525,2228,2297,1780,852,928,125,64,61,2535,1268,1267,85,44,41
0.0 Scen,2014,103,Crane County,4580,2255,2325,1787,855,932,125,64,61,2582,1292,1290,86,44,42
0.0 Scen,2015,103,Crane County,4643,2287,2356,1795,860,935,126,65,61,2634,1317,1317,88,45,43
0.0 Scen,2016,103,Crane County,4705,2320,2385,1804,866,938,127,65,62,2684,1343,1341,90,46,44
0.0 Scen,2017,103,Crane County,4773,2358,2415,1815,872,943,128,66,62,2739,1373,1366,91,47,44
0.0 Scen,2018,103,Crane County,4842,2395,2447,1826,881,945,130,67,63,2794,1400,1394,92,47,45
0.0 Scen,2019,103,Crane County,4905,2432,2473,1833,885,948,132,68,64,2848,1431,1417,92,48,44
0.0 Scen,2020,103,Crane County,4966,2462,2504,1840,888,952,134,69,65,2898,1456,1442,94,49,45
0.0 Scen,2021,103,Crane County,5031,2499,2532,1845,893,952,136,70,66,2955,1486,1469,95,50,45
0.0 Scen,2022,103,Crane County,5087,2527,2560,1847,892,955,138,71,67,3005,1513,1492,97,51,46
0.0 Scen,2023,103,Crane County,5141,2555,2586,1848,891,957,140,72,68,3055,1540,1515,98,52,46
0.0 Scen,2024,103,Crane County,5202,2586,2616,1855,894,961,142,73,69,3106,1567,1539,99,52,47
0.0 Scen,2025,103,Crane County,5268,2619,2649,1864,899,965,142,73,69,3162,1594,1568,100,53,47
0.0 Scen,2026,103,Crane County,5328,2651,2677,1871,903,968,143,74,69,3213,1621,1592,101,53,48
0.0 Scen,2027,103,Crane County,5383,2679,2704,1869,903,966,144,75,69,3267,1646,1621,103,55,48
0.0 Scen,2028,103,Crane County,5432,2704,2728,1866,902,964,146,76,70,3316,1671,1645,104,55,49
0.0 Scen,2029,103,Crane County,5480,2731,2749,1864,902,962,145,76,69,3366,1697,1669,105,56,49
0.0 Scen,2030,103,Crane County,5522,2755,2767,1856,899,957,145,75,70,3415,1725,1690,106,56,50
0.0 Scen,2031,103,Crane County,5567,2777,2790,1851,896,955,146,75,71,3463,1749,1714,107,57,50
0.0 Scen,2032,103,Crane County,5613,2795,2818,1848,892,956,147,75,72,3510,1771,1739,108,57,51
0.0 Scen,2033,103,Crane County,5651,2813,2838,1840,887,953,148,76,72,3554,1792,1762,109,58,51
0.0 Scen,2034,103,Crane County,5691,2831,2860,1835,885,950,148,76,72,3598,1812,1786,110,58,52
0.0 Scen,2035,103,Crane County,5733,2851,2882,1830,882,948,147,76,71,3644,1834,1810,112,59,53
0.0 Scen,2036,103,Crane County,5761,2866,2895,1818,877,941,146,75,71,3685,1855,1830,112,59,53
0.0 Scen,2037,103,Crane County,5795,2884,2911,1812,874,938,145,75,70,3726,1876,1850,112,59,53
0.0 Scen,2038,103,Crane County,5828,2899,2929,1801,867,934,145,75,70,3769,1898,1871,113,59,54
0.0 Scen,2039,103,Crane County,5856,2912,2944,1788,861,927,144,75,69,3810,1916,1894,114,60,54
0.0 Scen,2040,103,Crane County,5884,2926,2958,1773,855,918,143,74,69,3853,1937,1916,115,60,55
0.0 Scen,2041,103,Crane County,5910,2943,2967,1759,851,908,143,75,68,3893,1956,1937,115,61,54
0.0 Scen,2042,103,Crane County,5938,2957,2981,1748,847,901,142,74,68,3932,1975,1957,116,61,55
0.0 Scen,2043,103,Crane County,5968,2973,2995,1739,843,896,141,74,67,3973,1995,1978,115,61,54
0.0 Scen,2044,103,Crane County,5996,2989,3007,1727,840,887,140,73,67,4015,2016,1999,114,60,54
0.0 Scen,2045,103,Crane County,6031,3009,3022,1719,838,881,139,73,66,4059,2038,2021,114,60,54
0.0 Scen,2046,103,Crane County,6057,3021,3036,1709,834,875,138,72,66,4098,2056,2042,112,59,53
0.0 Scen,2047,103,Crane County,6085,3035,3050,1700,829,871,138,72,66,4136,2075,2061,111,59,52
0.0 Scen,2048,103,Crane County,6120,3053,3067,1691,826,865,137,71,66,4181,2098,2083,111,58,53
0.0 Scen,2049,103,Crane County,6153,3071,3082,1680,820,860,137,71,66,4225,2121,2104,111,59,52
0.0 Scen,2050,103,Crane County,6182,3089,3093,1669,818,851,136,70,66,4266,2142,2124,111,59,52
0.0 Scen,2010,105,Crockett County,3719,1831,1888,1312,651,661,13,9,4,2352,1144,1208,42,27,15
0.0 Scen,2011,105,Crockett County,3764,1856,1908,1323,658,665,13,9,4,2386,1162,1224,42,27,15
0.0 Scen,2012,105,Crockett County,3808,1881,1927,1332,664,668,13,9,4,2421,1181,1240,42,27,15
0.0 Scen,2013,105,Crockett County,3855,1908,1947,1341,671,670,13,9,4,2459,1201,1258,42,27,15
0.0 Scen,2014,105,Crockett County,3905,1935,1970,1352,677,675,13,9,4,2498,1222,1276,42,27,15
0.0 Scen,2015,105,Crockett County,3956,1961,1995,1364,682,682,13,9,4,2537,1243,1294,42,27,15
0.0 Scen,2016,105,Crockett County,3999,1984,2015,1371,686,685,13,9,4,2573,1262,1311,42,27,15
0.0 Scen,2017,105,Crockett County,4045,2009,2036,1377,691,686,13,9,4,2613,1282,1331,42,27,15
0.0 Scen,2018,105,Crockett County,4093,2034,2059,1385,696,689,13,9,4,2653,1302,1351,42,27,15
0.0 Scen,2019,105,Crockett County,4139,2058,2081,1392,699,693,13,9,4,2692,1323,1369,42,27,15
0.0 Scen,2020,105,Crockett County,4192,2085,2107,1402,704,698,13,9,4,2735,1345,1390,42,27,15
0.0 Scen,2021,105,Crockett County,4230,2103,2127,1406,705,701,13,9,4,2769,1362,1407,42,27,15
0.0 Scen,2022,105,Crockett County,4271,2125,2146,1405,705,700,13,9,4,2811,1384,1427,42,27,15
0.0 Scen,2023,105,Crockett County,4316,2146,2170,1407,705,702,13,9,4,2854,1405,1449,42,27,15
0.0 Scen,2024,105,Crockett County,4357,2164,2193,1403,701,702,13,9,4,2899,1427,1472,42,27,15
0.0 Scen,2025,105,Crockett County,4396,2185,2211,1400,700,700,13,9,4,2941,1449,1492,42,27,15
0.0 Scen,2026,105,Crockett County,4429,2201,2228,1393,695,698,13,9,4,2981,1470,1511,42,27,15
0.0 Scen,2027,105,Crockett County,4465,2221,2244,1388,694,694,13,9,4,3022,1491,1531,42,27,15
0.0 Scen,2028,105,Crockett County,4499,2237,2262,1383,690,693,12,8,4,3062,1512,1550,42,27,15
0.0 Scen,2029,105,Crockett County,4524,2249,2275,1377,686,691,12,8,4,3094,1529,1565,41,26,15
0.0 Scen,2030,105,Crockett County,4549,2259,2290,1369,680,689,12,8,4,3127,1545,1582,41,26,15
0.0 Scen,2031,105,Crockett County,4567,2269,2298,1357,675,682,12,8,4,3157,1560,1597,41,26,15
0.0 Scen,2032,105,Crockett County,4590,2282,2308,1348,671,677,12,8,4,3189,1577,1612,41,26,15
0.0 Scen,2033,105,Crockett County,4613,2291,2322,1340,667,673,12,8,4,3220,1590,1630,41,26,15
0.0 Scen,2034,105,Crockett County,4631,2298,2333,1330,661,669,12,8,4,3248,1603,1645,41,26,15
0.0 Scen,2035,105,Crockett County,4654,2307,2347,1324,657,667,12,8,4,3277,1616,1661,41,26,15
0.0 Scen,2036,105,Crockett County,4673,2318,2355,1314,653,661,12,8,4,3306,1631,1675,41,26,15
0.0 Scen,2037,105,Crockett County,4695,2330,2365,1304,648,656,12,8,4,3338,1648,1690,41,26,15
0.0 Scen,2038,105,Crockett County,4723,2345,2378,1302,648,654,12,8,4,3368,1663,1705,41,26,15
0.0 Scen,2039,105,Crockett County,4748,2358,2390,1294,644,650,12,8,4,3401,1680,1721,41,26,15
0.0 Scen,2040,105,Crockett County,4769,2370,2399,1284,640,644,12,8,4,3433,1697,1736,40,25,15
0.0 Scen,2041,105,Crockett County,4795,2385,2410,1278,638,640,12,8,4,3465,1714,1751,40,25,15
0.0 Scen,2042,105,Crockett County,4821,2401,2420,1270,637,633,12,8,4,3499,1731,1768,40,25,15
0.0 Scen,2043,105,Crockett County,4853,2418,2435,1262,633,629,12,8,4,3539,1752,1787,40,25,15
0.0 Scen,2044,105,Crockett County,4876,2430,2446,1252,629,623,12,8,4,3573,1769,1804,39,24,15
0.0 Scen,2045,105,Crockett County,4901,2443,2458,1244,624,620,12,8,4,3607,1788,1819,38,23,15
0.0 Scen,2046,105,Crockett County,4934,2462,2472,1240,624,616,12,8,4,3645,1808,1837,37,22,15
0.0 Scen,2047,105,Crockett County,4960,2478,2482,1231,621,610,12,8,4,3680,1827,1853,37,22,15
0.0 Scen,2048,105,Crockett County,4990,2492,2498,1224,618,606,12,8,4,3718,1845,1873,36,21,15
0.0 Scen,2049,105,Crockett County,5021,2510,2511,1217,616,601,12,8,4,3756,1865,1891,36,21,15
0.0 Scen,2050,105,Crockett County,5053,2526,2527,1212,614,598,12,8,4,3793,1883,1910,36,21,15
0.0 Scen,2010,107,Crosby County,6059,2917,3142,2625,1245,1380,199,92,107,3171,1547,1624,64,33,31
0.0 Scen,2011,107,Crosby County,6099,2939,3160,2615,1241,1374,201,93,108,3219,1572,1647,64,33,31
0.0 Scen,2012,107,Crosby County,6131,2956,3175,2596,1233,1363,202,93,109,3270,1597,1673,63,33,30
0.0 Scen,2013,107,Crosby County,6175,2977,3198,2584,1226,1358,203,94,109,3324,1624,1700,64,33,31
0.0 Scen,2014,107,Crosby County,6213,2998,3215,2566,1218,1348,202,93,109,3382,1654,1728,63,33,30
0.0 Scen,2015,107,Crosby County,6255,3020,3235,2550,1212,1338,201,93,108,3439,1681,1758,65,34,31
0.0 Scen,2016,107,Crosby County,6297,3042,3255,2536,1205,1331,199,92,107,3497,1711,1786,65,34,31
0.0 Scen,2017,107,Crosby County,6342,3071,3271,2522,1203,1319,199,92,107,3555,1741,1814,66,35,31
0.0 Scen,2018,107,Crosby County,6388,3096,3292,2505,1196,1309,198,91,107,3618,1774,1844,67,35,32
0.0 Scen,2019,107,Crosby County,6434,3123,3311,2493,1193,1300,197,91,106,3676,1803,1873,68,36,32
0.0 Scen,2020,107,Crosby County,6473,3143,3330,2479,1186,1293,196,90,106,3729,1831,1898,69,36,33
0.0 Scen,2021,107,Crosby County,6512,3164,3348,2464,1179,1285,194,90,104,3784,1858,1926,70,37,33
0.0 Scen,2022,107,Crosby County,6564,3191,3373,2459,1178,1281,194,90,104,3840,1886,1954,71,37,34
0.0 Scen,2023,107,Crosby County,6604,3211,3393,2445,1170,1275,192,89,103,3895,1914,1981,72,38,34
0.0 Scen,2024,107,Crosby County,6647,3231,3416,2437,1166,1271,193,90,103,3945,1938,2007,72,37,35
0.0 Scen,2025,107,Crosby County,6682,3250,3432,2421,1160,1261,193,90,103,3995,1962,2033,73,38,35
0.0 Scen,2026,107,Crosby County,6715,3266,3449,2407,1155,1252,192,89,103,4042,1984,2058,74,38,36
0.0 Scen,2027,107,Crosby County,6753,3288,3465,2397,1149,1248,191,90,101,4090,2010,2080,75,39,36
0.0 Scen,2028,107,Crosby County,6795,3308,3487,2386,1144,1242,191,90,101,4143,2035,2108,75,39,36
0.0 Scen,2029,107,Crosby County,6839,3331,3508,2381,1144,1237,191,90,101,4191,2057,2134,76,40,36
0.0 Scen,2030,107,Crosby County,6880,3349,3531,2372,1139,1233,193,90,103,4238,2080,2158,77,40,37
0.0 Scen,2031,107,Crosby County,6919,3373,3546,2362,1139,1223,194,91,103,4286,2103,2183,77,40,37
0.0 Scen,2032,107,Crosby County,6946,3388,3558,2351,1137,1214,194,91,103,4325,2121,2204,76,39,37
0.0 Scen,2033,107,Crosby County,6979,3408,3571,2341,1134,1207,193,91,102,4369,2144,2225,76,39,37
0.0 Scen,2034,107,Crosby County,7004,3424,3580,2329,1131,1198,193,92,101,4406,2162,2244,76,39,37
0.0 Scen,2035,107,Crosby County,7031,3440,3591,2316,1126,1190,192,92,100,4447,2183,2264,76,39,37
0.0 Scen,2036,107,Crosby County,7058,3456,3602,2304,1122,1182,193,93,100,4485,2202,2283,76,39,37
0.0 Scen,2037,107,Crosby County,7088,3472,3616,2294,1118,1176,194,94,100,4524,2221,2303,76,39,37
0.0 Scen,2038,107,Crosby County,7117,3490,3627,2286,1116,1170,194,94,100,4561,2241,2320,76,39,37
0.0 Scen,2039,107,Crosby County,7133,3499,3634,2271,1110,1161,192,94,98,4595,2257,2338,75,38,37
0.0 Scen,2040,107,Crosby County,7166,3520,3646,2265,1110,1155,191,93,98,4635,2279,2356,75,38,37
0.0 Scen,2041,107,Crosby County,7200,3543,3657,2259,1111,1148,191,94,97,4676,2301,2375,74,37,37
0.0 Scen,2042,107,Crosby County,7220,3553,3667,2243,1104,1139,190,93,97,4714,2320,2394,73,36,37
0.0 Scen,2043,107,Crosby County,7251,3570,3681,2232,1099,1133,189,93,96,4758,2343,2415,72,35,37
0.0 Scen,2044,107,Crosby County,7284,3591,3693,2226,1098,1128,187,92,95,4800,2367,2433,71,34,37
0.0 Scen,2045,107,Crosby County,7304,3605,3699,2212,1092,1120,186,92,94,4835,2387,2448,71,34,37
0.0 Scen,2046,107,Crosby County,7324,3617,3707,2199,1088,1111,185,91,94,4868,2404,2464,72,34,38
0.0 Scen,2047,107,Crosby County,7354,3634,3720,2194,1087,1107,184,91,93,4905,2423,2482,71,33,38
0.0 Scen,2048,107,Crosby County,7380,3649,3731,2186,1085,1101,183,90,93,4940,2441,2499,71,33,38
0.0 Scen,2049,107,Crosby County,7414,3667,3747,2183,1084,1099,182,90,92,4979,2461,2518,70,32,38
0.0 Scen,2050,107,Crosby County,7445,3686,3759,2181,1085,1096,181,89,92,5014,2480,2534,69,32,37
0.0 Scen,2010,109,Culberson County,2398,1167,1231,504,263,241,8,5,3,1827,866,961,59,33,26
0.0 Scen,2011,109,Culberson County,2434,1187,1247,508,266,242,8,5,3,1858,882,976,60,34,26
0.0 Scen,2012,109,Culberson County,2471,1206,1265,512,268,244,8,5,3,1890,899,991,61,34,27
0.0 Scen,2013,109,Culberson County,2506,1226,1280,515,271,244,8,5,3,1921,915,1006,62,35,27
0.0 Scen,2014,109,Culberson County,2543,1245,1298,518,273,245,8,5,3,1954,932,1022,63,35,28
0.0 Scen,2015,109,Culberson County,2582,1264,1318,522,275,247,8,5,3,1988,948,1040,64,36,28
0.0 Scen,2016,109,Culberson County,2614,1281,1333,523,275,248,8,5,3,2018,965,1053,65,36,29
0.0 Scen,2017,109,Culberson County,2650,1300,1350,526,276,250,8,5,3,2050,982,1068,66,37,29
0.0 Scen,2018,109,Culberson County,2689,1318,1371,528,277,251,8,5,3,2086,999,1087,67,37,30
0.0 Scen,2019,109,Culberson County,2725,1338,1387,532,279,253,8,5,3,2118,1017,1101,67,37,30
0.0 Scen,2020,109,Culberson County,2757,1354,1403,535,280,255,8,5,3,2146,1032,1114,68,37,31
0.0 Scen,2021,109,Culberson County,2794,1372,1422,542,282,260,8,5,3,2177,1048,1129,67,37,30
0.0 Scen,2022,109,Culberson County,2829,1389,1440,547,285,262,8,5,3,2207,1062,1145,67,37,30
0.0 Scen,2023,109,Culberson County,2863,1407,1456,552,289,263,8,5,3,2235,1076,1159,68,37,31
0.0 Scen,2024,109,Culberson County,2895,1424,1471,554,290,264,8,5,3,2265,1092,1173,68,37,31
0.0 Scen,2025,109,Culberson County,2927,1441,1486,555,291,264,8,5,3,2296,1108,1188,68,37,31
0.0 Scen,2026,109,Culberson County,2958,1455,1503,556,292,264,8,5,3,2326,1121,1205,68,37,31
0.0 Scen,2027,109,Culberson County,2992,1475,1517,560,295,265,8,5,3,2355,1137,1218,69,38,31
0.0 Scen,2028,109,Culberson County,3022,1492,1530,561,295,266,8,5,3,2384,1154,1230,69,38,31
0.0 Scen,2029,109,Culberson County,3052,1510,1542,564,297,267,8,5,3,2411,1170,1241,69,38,31
0.0 Scen,2030,109,Culberson County,3080,1527,1553,566,298,268,8,5,3,2437,1186,1251,69,38,31
0.0 Scen,2031,109,Culberson County,3104,1540,1564,564,298,266,8,5,3,2464,1199,1265,68,38,30
0.0 Scen,2032,109,Culberson County,3131,1556,1575,564,299,265,8,5,3,2492,1215,1277,67,37,30
0.0 Scen,2033,109,Culberson County,3152,1567,1585,559,296,263,8,5,3,2518,1229,1289,67,37,30
0.0 Scen,2034,109,Culberson County,3178,1582,1596,558,295,263,8,5,3,2545,1245,1300,67,37,30
0.0 Scen,2035,109,Culberson County,3202,1596,1606,555,293,262,8,5,3,2572,1261,1311,67,37,30
0.0 Scen,2036,109,Culberson County,3224,1608,1616,551,291,260,8,5,3,2598,1275,1323,67,37,30
0.0 Scen,2037,109,Culberson County,3250,1622,1628,550,291,259,8,5,3,2625,1289,1336,67,37,30
0.0 Scen,2038,109,Culberson County,3273,1635,1638,547,290,257,8,5,3,2651,1303,1348,67,37,30
0.0 Scen,2039,109,Culberson County,3289,1642,1647,542,287,255,8,5,3,2673,1314,1359,66,36,30
0.0 Scen,2040,109,Culberson County,3311,1652,1659,540,286,254,8,5,3,2698,1326,1372,65,35,30
0.0 Scen,2041,109,Culberson County,3337,1666,1671,541,287,254,8,5,3,2724,1340,1384,64,34,30
0.0 Scen,2042,109,Culberson County,3360,1678,1682,538,285,253,8,5,3,2750,1354,1396,64,34,30
0.0 Scen,2043,109,Culberson County,3386,1695,1691,535,286,249,8,5,3,2778,1369,1409,65,35,30
0.0 Scen,2044,109,Culberson County,3413,1710,1703,533,286,247,8,5,3,2808,1385,1423,64,34,30
0.0 Scen,2045,109,Culberson County,3440,1725,1715,531,286,245,8,5,3,2838,1401,1437,63,33,30
0.0 Scen,2046,109,Culberson County,3467,1741,1726,529,286,243,8,5,3,2867,1417,1450,63,33,30
0.0 Scen,2047,109,Culberson County,3493,1757,1736,527,285,242,8,5,3,2895,1434,1461,63,33,30
0.0 Scen,2048,109,Culberson County,3513,1769,1744,523,283,240,8,5,3,2920,1449,1471,62,32,30
0.0 Scen,2049,109,Culberson County,3541,1787,1754,524,284,240,8,5,3,2948,1466,1482,61,32,29
0.0 Scen,2050,109,Culberson County,3569,1804,1765,522,284,238,8,5,3,2978,1483,1495,61,32,29
0.0 Scen,2010,111,Dallam County,6703,3482,3221,3726,1900,1826,81,42,39,2717,1441,1276,179,99,80
0.0 Scen,2011,111,Dallam County,6806,3537,3269,3773,1926,1847,82,43,39,2768,1467,1301,183,101,82
0.0 Scen,2012,111,Dallam County,6918,3599,3319,3822,1954,1868,83,43,40,2826,1499,1327,187,103,84
0.0 Scen,2013,111,Dallam County,7026,3654,3372,3870,1979,1891,84,44,40,2882,1526,1356,190,105,85
0.0 Scen,2014,111,Dallam County,7135,3708,3427,3915,2001,1914,85,44,41,2942,1556,1386,193,107,86
0.0 Scen,2015,111,Dallam County,7240,3762,3478,3957,2022,1935,86,45,41,3001,1586,1415,196,109,87
0.0 Scen,2016,111,Dallam County,7347,3818,3529,3999,2044,1955,87,45,42,3062,1618,1444,199,111,88
0.0 Scen,2017,111,Dallam County,7448,3869,3579,4033,2060,1973,88,46,42,3125,1650,1475,202,113,89
0.0 Scen,2018,111,Dallam County,7547,3921,3626,4066,2078,1988,89,46,43,3188,1682,1506,204,115,89
0.0 Scen,2019,111,Dallam County,7644,3971,3673,4093,2091,2002,90,47,43,3253,1716,1537,208,117,91
0.0 Scen,2020,111,Dallam County,7740,4019,3721,4119,2101,2018,91,47,44,3319,1752,1567,211,119,92
0.0 Scen,2021,111,Dallam County,7838,4068,3770,4145,2113,2032,92,48,44,3386,1786,1600,215,121,94
0.0 Scen,2022,111,Dallam County,7927,4108,3819,4161,2118,2043,93,48,45,3453,1819,1634,220,123,97
0.0 Scen,2023,111,Dallam County,8025,4155,3870,4188,2128,2060,94,49,45,3520,1854,1666,223,124,99
0.0 Scen,2024,111,Dallam County,8115,4199,3916,4206,2136,2070,95,49,46,3589,1888,1701,225,126,99
0.0 Scen,2025,111,Dallam County,8203,4245,3958,4221,2144,2077,96,50,46,3656,1922,1734,230,129,101
0.0 Scen,2026,111,Dallam County,8289,4289,4000,4238,2153,2085,97,50,47,3719,1954,1765,235,132,103
0.0 Scen,2027,111,Dallam County,8374,4331,4043,4251,2158,2093,98,51,47,3785,1988,1797,240,134,106
0.0 Scen,2028,111,Dallam County,8463,4375,4088,4264,2166,2098,99,51,48,3853,2021,1832,247,137,110
0.0 Scen,2029,111,Dallam County,8551,4417,4134,4280,2173,2107,100,52,48,3918,2052,1866,253,140,113
0.0 Scen,2030,111,Dallam County,8644,4461,4183,4301,2181,2120,101,52,49,3984,2085,1899,258,143,115
0.0 Scen,2031,111,Dallam County,8737,4507,4230,4317,2187,2130,102,53,49,4052,2119,1933,266,148,118
0.0 Scen,2032,111,Dallam County,8824,4546,4278,4338,2196,2142,101,52,49,4114,2148,1966,271,150,121
0.0 Scen,2033,111,Dallam County,8916,4594,4322,4359,2207,2152,102,53,49,4178,2181,1997,277,153,124
0.0 Scen,2034,111,Dallam County,9011,4640,4371,4382,2217,2165,102,53,49,4244,2214,2030,283,156,127
0.0 Scen,2035,111,Dallam County,9104,4687,4417,4401,2228,2173,103,54,49,4311,2246,2065,289,159,130
0.0 Scen,2036,111,Dallam County,9189,4725,4464,4422,2239,2183,103,54,49,4370,2271,2099,294,161,133
0.0 Scen,2037,111,Dallam County,9284,4773,4511,4448,2253,2195,102,53,49,4435,2304,2131,299,163,136
0.0 Scen,2038,111,Dallam County,9370,4817,4553,4467,2263,2204,101,52,49,4498,2336,2162,304,166,138
0.0 Scen,2039,111,Dallam County,9451,4859,4592,4487,2276,2211,99,51,48,4558,2364,2194,307,168,139
0.0 Scen,2040,111,Dallam County,9531,4898,4633,4507,2287,2220,98,50,48,4616,2391,2225,310,170,140
0.0 Scen,2041,111,Dallam County,9629,4945,4684,4533,2299,2234,97,50,47,4685,2424,2261,314,172,142
0.0 Scen,2042,111,Dallam County,9708,4982,4726,4553,2309,2244,96,49,47,4745,2453,2292,314,171,143
0.0 Scen,2043,111,Dallam County,9789,5024,4765,4570,2318,2252,96,49,47,4807,2485,2322,316,172,144
0.0 Scen,2044,111,Dallam County,9877,5066,4811,4592,2330,2262,96,48,48,4873,2517,2356,316,171,145
0.0 Scen,2045,111,Dallam County,9953,5107,4846,4611,2341,2270,97,49,48,4931,2546,2385,314,171,143
0.0 Scen,2046,111,Dallam County,10040,5154,4886,4633,2354,2279,96,49,47,4997,2580,2417,314,171,143
0.0 Scen,2047,111,Dallam County,10123,5198,4925,4649,2366,2283,96,49,47,5062,2611,2451,316,172,144
0.0 Scen,2048,111,Dallam County,10207,5238,4969,4667,2374,2293,95,49,46,5127,2642,2485,318,173,145
0.0 Scen,2049,111,Dallam County,10291,5283,5008,4681,2381,2300,95,49,46,5197,2678,2519,318,175,143
0.0 Scen,2050,111,Dallam County,10370,5322,5048,4701,2393,2308,94,48,46,5254,2704,2550,321,177,144
0.0 Scen,2010,113,Dallas County,2368139,1171002,1197137,784693,383504,401189,518732,239252,279480,905940,470056,435884,158774,78190,80584
0.0 Scen,2011,113,Dallas County,2393944,1184365,1209579,785097,384012,401085,523525,241780,281745,924266,479230,445036,161056,79343,81713
0.0 Scen,2012,113,Dallas County,2419427,1197531,1221896,785527,384479,401048,528171,244260,283911,942423,488306,454117,163306,80486,82820
0.0 Scen,2013,113,Dallas County,2444534,1210408,1234126,785826,384924,400902,532689,246561,286128,960485,497310,463175,165534,81613,83921
0.0 Scen,2014,113,Dallas County,2469427,1223229,1246198,786061,385299,400762,537123,248886,288237,978532,506345,472187,167711,82699,85012
0.0 Scen,2015,113,Dallas County,2494020,1235837,1258183,786182,385574,400608,541581,251210,290371,996447,515302,481145,169810,83751,86059
0.0 Scen,2016,113,Dallas County,2517477,1247866,1269611,785891,385642,400249,545638,253378,292260,1014120,524086,490034,171828,84760,87068
0.0 Scen,2017,113,Dallas County,2540737,1259792,1280945,785416,385630,399786,549684,255437,294247,1031921,532985,498936,173716,85740,87976
0.0 Scen,2018,113,Dallas County,2563027,1271249,1291778,784530,385394,399136,553506,257510,295996,1049518,541713,507805,175473,86632,88841
0.0 Scen,2019,113,Dallas County,2584907,1282271,1302636,783371,384931,398440,557197,259408,297789,1067193,550510,516683,177146,87422,89724
0.0 Scen,2020,113,Dallas County,2606067,1293080,1312987,781813,384311,397502,560705,261269,299436,1084929,559316,525613,178620,88184,90436
0.0 Scen,2021,113,Dallas County,2627196,1303960,1323236,779980,383584,396396,564116,263145,300971,1102921,568273,534648,180179,88958,91221
0.0 Scen,2022,113,Dallas County,2647521,1314129,1333392,777747,382534,395213,567359,264846,302513,1120939,577173,543766,181476,89576,91900
0.0 Scen,2023,113,Dallas County,2667483,1324246,1343237,775082,381307,393775,570488,266468,304020,1139198,586220,552978,182715,90251,92464
0.0 Scen,2024,113,Dallas County,2686859,1334070,1352789,772070,379924,392146,573415,268056,305359,1157431,595264,562167,183943,90826,93117
0.0 Scen,2025,113,Dallas County,2705604,1343505,1362099,768662,378326,390336,576082,269474,306608,1175902,604405,571497,184958,91300,93658
0.0 Scen,2026,113,Dallas County,2723563,1352519,1371044,764779,376427,388352,578594,270836,307758,1194268,613411,580857,185922,91845,94077
0.0 Scen,2027,113,Dallas County,2741285,1361457,1379828,760655,374449,386206,580842,272111,308731,1212935,622691,590244,186853,92206,94647
0.0 Scen,2028,113,Dallas County,2758595,1370246,1388349,756240,372318,383922,582945,273314,309631,1231660,631910,599750,187750,92704,95046
0.0 Scen,2029,113,Dallas County,2775497,1378620,1396877,751536,370035,381501,585014,274422,310592,1250269,641057,609212,188678,93106,95572
0.0 Scen,2030,113,Dallas County,2792044,1387076,1404968,746670,367694,378976,586782,275476,311306,1269185,650433,618752,189407,93473,95934
0.0 Scen,2031,113,Dallas County,2808119,1395189,1412930,741598,365224,376374,588308,276446,311862,1287736,659495,628241,190477,94024,96453
0.0 Scen,2032,113,Dallas County,2823795,1403144,1420651,736202,362569,373633,589794,277348,312446,1306646,668883,637763,191153,94344,96809
0.0 Scen,2033,113,Dallas County,2839156,1410866,1428290,730809,359989,370820,591052,278184,312868,1325157,677859,647298,192138,94834,97304
0.0 Scen,2034,113,Dallas County,2854443,1418631,1435812,725357,357307,368050,592275,278986,313289,1343860,687102,656758,192951,95236,97715
0.0 Scen,2035,113,Dallas County,2868815,1425915,1442900,719738,354574,365164,593361,279741,313620,1362078,696019,666059,193638,95581,98057
0.0 Scen,2036,113,Dallas County,2883700,1433472,1450228,714226,351924,362302,594385,280427,313958,1380616,705094,675522,194473,96027,98446
0.0 Scen,2037,113,Dallas County,2897710,1440632,1457078,708578,349182,359396,595043,281038,314005,1398792,713990,684802,195297,96422,98875
0.0 Scen,2038,113,Dallas County,2911231,1447499,1463732,702818,346418,356400,595728,281618,314110,1416657,722693,693964,196028,96770,99258
0.0 Scen,2039,113,Dallas County,2924902,1454452,1470450,697201,343737,353464,596311,282137,314174,1434607,731473,703134,196783,97105,99678
0.0 Scen,2040,113,Dallas County,2938026,1461116,1476910,691546,340982,350564,596695,282613,314082,1452182,740016,712166,197603,97505,100098
0.0 Scen,2041,113,Dallas County,2950997,1467793,1483204,686005,338336,347669,597152,283029,314123,1469576,748521,721055,198264,97907,100357
0.0 Scen,2042,113,Dallas County,2963332,1474168,1489164,680251,335565,344686,597217,283392,313825,1486912,757029,729883,198952,98182,100770
0.0 Scen,2043,113,Dallas County,2975062,1480287,1494775,674521,332847,341674,597191,283713,313478,1503851,765214,738637,199499,98513,100986
0.0 Scen,2044,113,Dallas County,2986985,1486250,1500735,668850,330126,338724,597372,283992,313380,1520728,773407,747321,200035,98725,101310
0.0 Scen,2045,113,Dallas County,2998139,1492027,1506112,663128,327401,335727,597217,284209,313008,1537519,781607,755912,200275,98810,101465
0.0 Scen,2046,113,Dallas County,3009081,1497790,1511291,657407,324703,332704,597010,284438,312572,1553901,789501,764400,200763,99148,101615
0.0 Scen,2047,113,Dallas County,3019785,1503362,1516423,651684,321971,329713,596686,284599,312087,1570315,797517,772798,201100,99275,101825
0.0 Scen,2048,113,Dallas County,3030095,1508699,1521396,646053,319292,326761,596298,284742,311556,1586553,805384,781169,201191,99281,101910
0.0 Scen,2049,113,Dallas County,3039990,1513880,1526110,640379,316592,323787,595837,284850,310987,1602577,813133,789444,201197,99305,101892
0.0 Scen,2050,113,Dallas County,3049758,1519000,1530758,634782,313930,320852,595277,284909,310368,1618491,820841,797650,201208,99320,101888
0.0 Scen,2010,115,Dawson County,13833,7815,6018,5402,2958,2444,860,636,224,7387,4118,3269,184,103,81
0.0 Scen,2011,115,Dawson County,13926,7869,6057,5392,2959,2433,862,637,225,7486,4169,3317,186,104,82
0.0 Scen,2012,115,Dawson County,14020,7922,6098,5380,2957,2423,867,641,226,7586,4220,3366,187,104,83
0.0 Scen,2013,115,Dawson County,14119,7979,6140,5378,2962,2416,868,642,226,7683,4269,3414,190,106,84
0.0 Scen,2014,115,Dawson County,14219,8034,6185,5369,2963,2406,868,641,227,7790,4323,3467,192,107,85
0.0 Scen,2015,115,Dawson County,14313,8086,6227,5355,2962,2393,869,641,228,7896,4376,3520,193,107,86
0.0 Scen,2016,115,Dawson County,14397,8126,6271,5336,2955,2381,870,640,230,7996,4423,3573,195,108,87
0.0 Scen,2017,115,Dawson County,14482,8173,6309,5315,2947,2368,874,643,231,8096,4473,3623,197,110,87
0.0 Scen,2018,115,Dawson County,14557,8211,6346,5295,2938,2357,875,643,232,8188,4519,3669,199,111,88
0.0 Scen,2019,115,Dawson County,14631,8248,6383,5272,2928,2344,875,641,234,8283,4566,3717,201,113,88
0.0 Scen,2020,115,Dawson County,14704,8288,6416,5246,2919,2327,876,641,235,8375,4612,3763,207,116,91
0.0 Scen,2021,115,Dawson County,14777,8322,6455,5223,2908,2315,882,643,239,8465,4656,3809,207,115,92
0.0 Scen,2022,115,Dawson County,14853,8354,6499,5198,2894,2304,885,644,241,8558,4698,3860,212,118,94
0.0 Scen,2023,115,Dawson County,14930,8391,6539,5174,2882,2292,886,643,243,8656,4747,3909,214,119,95
0.0 Scen,2024,115,Dawson County,15011,8427,6584,5145,2865,2280,891,646,245,8757,4795,3962,218,121,97
0.0 Scen,2025,115,Dawson County,15097,8471,6626,5126,2858,2268,896,649,247,8855,4842,4013,220,122,98
0.0 Scen,2026,115,Dawson County,15180,8514,6666,5106,2851,2255,900,652,248,8951,4887,4064,223,124,99
0.0 Scen,2027,115,Dawson County,15260,8553,6707,5082,2839,2243,904,655,249,9050,4935,4115,224,124,100
0.0 Scen,2028,115,Dawson County,15334,8586,6748,5052,2824,2228,906,655,251,9148,4981,4167,228,126,102
0.0 Scen,2029,115,Dawson County,15422,8629,6793,5038,2817,2221,904,653,251,9249,5031,4218,231,128,103
0.0 Scen,2030,115,Dawson County,15512,8677,6835,5019,2810,2209,910,658,252,9350,5080,4270,233,129,104
0.0 Scen,2031,115,Dawson County,15607,8731,6876,5007,2807,2200,912,660,252,9453,5134,4319,235,130,105
0.0 Scen,2032,115,Dawson County,15689,8776,6913,4996,2804,2192,910,657,253,9544,5182,4362,239,133,106
0.0 Scen,2033,115,Dawson County,15773,8822,6951,4978,2798,2180,912,657,255,9642,5234,4408,241,133,108
0.0 Scen,2034,115,Dawson County,15869,8874,6995,4970,2797,2173,914,658,256,9741,5285,4456,244,134,110
0.0 Scen,2035,115,Dawson County,15965,8929,7036,4960,2793,2167,916,660,256,9843,5341,4502,246,135,111
0.0 Scen,2036,115,Dawson County,16063,8979,7084,4954,2790,2164,918,660,258,9942,5392,4550,249,137,112
0.0 Scen,2037,115,Dawson County,16153,9030,7123,4947,2789,2158,919,661,258,10039,5444,4595,248,136,112
0.0 Scen,2038,115,Dawson County,16247,9085,7162,4948,2793,2155,914,658,256,10135,5496,4639,250,138,112
0.0 Scen,2039,115,Dawson County,16341,9136,7205,4938,2788,2150,915,659,256,10237,5550,4687,251,139,112
0.0 Scen,2040,115,Dawson County,16430,9183,7247,4933,2787,2146,911,655,256,10334,5601,4733,252,140,112
0.0 Scen,2041,115,Dawson County,16526,9239,7287,4929,2786,2143,909,654,255,10433,5657,4776,255,142,113
0.0 Scen,2042,115,Dawson County,16607,9286,7321,4919,2785,2134,906,652,254,10528,5708,4820,254,141,113
0.0 Scen,2043,115,Dawson County,16703,9340,7363,4919,2788,2131,905,651,254,10623,5758,4865,256,143,113
0.0 Scen,2044,115,Dawson County,16794,9394,7400,4915,2791,2124,906,652,254,10718,5810,4908,255,141,114
0.0 Scen,2045,115,Dawson County,16886,9444,7442,4916,2794,2122,901,647,254,10812,5860,4952,257,143,114
0.0 Scen,2046,115,Dawson County,16975,9493,7482,4910,2793,2117,901,647,254,10907,5911,4996,257,142,115
0.0 Scen,2047,115,Dawson County,17059,9539,7520,4902,2789,2113,897,645,252,11003,5962,5041,257,143,114
0.0 Scen,2048,115,Dawson County,17156,9593,7563,4897,2787,2110,895,643,252,11104,6019,5085,260,144,116
0.0 Scen,2049,115,Dawson County,17244,9647,7597,4890,2787,2103,895,643,252,11196,6070,5126,263,147,116
0.0 Scen,2050,115,Dawson County,17330,9694,7636,4880,2782,2098,894,642,252,11293,6124,5169,263,146,117
0.0 Scen,2010,117,Deaf Smith County,19372,9652,9720,5939,2855,3084,158,76,82,13039,6610,6429,236,111,125
0.0 Scen,2011,117,Deaf Smith County,19616,9778,9838,5913,2847,3066,160,77,83,13301,6739,6562,242,115,127
0.0 Scen,2012,117,Deaf Smith County,19871,9907,9964,5889,2839,3050,162,78,84,13572,6872,6700,248,118,130
0.0 Scen,2013,117,Deaf Smith County,20127,10034,10093,5862,2830,3032,164,79,85,13846,7003,6843,255,122,133
0.0 Scen,2014,117,Deaf Smith County,20375,10158,10217,5832,2817,3015,166,80,86,14115,7135,6980,262,126,136
0.0 Scen,2015,117,Deaf Smith County,20626,10278,10348,5800,2802,2998,167,80,87,14389,7265,7124,270,131,139
0.0 Scen,2016,117,Deaf Smith County,20871,10401,10470,5773,2792,2981,169,81,88,14652,7393,7259,277,135,142
0.0 Scen,2017,117,Deaf Smith County,21121,10526,10595,5739,2779,2960,170,82,88,14928,7526,7402,284,139,145
0.0 Scen,2018,117,Deaf Smith County,21380,10656,10724,5710,2769,2941,170,81,89,15208,7663,7545,292,143,149
0.0 Scen,2019,117,Deaf Smith County,21642,10790,10852,5690,2764,2926,172,83,89,15481,7796,7685,299,147,152
0.0 Scen,2020,117,Deaf Smith County,21906,10929,10977,5664,2755,2909,172,83,89,15764,7940,7824,306,151,155
0.0 Scen,2021,117,Deaf Smith County,22186,11076,11110,5645,2750,2895,173,84,89,16055,8087,7968,313,155,158
0.0 Scen,2022,117,Deaf Smith County,22470,11223,11247,5631,2748,2883,172,83,89,16347,8233,8114,320,159,161
0.0 Scen,2023,117,Deaf Smith County,22757,11373,11384,5617,2742,2875,171,84,87,16644,8385,8259,325,162,163
0.0 Scen,2024,117,Deaf Smith County,23053,11523,11530,5600,2735,2865,171,84,87,16950,8538,8412,332,166,166
0.0 Scen,2025,117,Deaf Smith County,23356,11675,11681,5592,2734,2858,172,85,87,17254,8688,8566,338,168,170
0.0 Scen,2026,117,Deaf Smith County,23669,11830,11839,5588,2735,2853,171,84,87,17566,8841,8725,344,170,174
0.0 Scen,2027,117,Deaf Smith County,23977,11990,11987,5573,2727,2846,172,85,87,17883,9005,8878,349,173,176
0.0 Scen,2028,117,Deaf Smith County,24288,12149,12139,5557,2721,2836,173,85,88,18206,9170,9036,352,173,179
0.0 Scen,2029,117,Deaf Smith County,24600,12309,12291,5545,2718,2827,171,85,86,18528,9332,9196,356,174,182
0.0 Scen,2030,117,Deaf Smith County,24918,12472,12446,5531,2713,2818,170,84,86,18857,9499,9358,360,176,184
0.0 Scen,2031,117,Deaf Smith County,25231,12630,12601,5517,2707,2810,169,84,85,19183,9662,9521,362,177,185
0.0 Scen,2032,117,Deaf Smith County,25551,12796,12755,5504,2706,2798,168,83,85,19514,9828,9686,365,179,186
0.0 Scen,2033,117,Deaf Smith County,25862,12954,12908,5486,2697,2789,168,84,84,19840,9992,9848,368,181,187
0.0 Scen,2034,117,Deaf Smith County,26173,13108,13065,5474,2692,2782,167,83,84,20163,10152,10011,369,181,188
0.0 Scen,2035,117,Deaf Smith County,26486,13271,13215,5457,2686,2771,167,84,83,20490,10318,10172,372,183,189
0.0 Scen,2036,117,Deaf Smith County,26783,13420,13363,5436,2678,2758,166,83,83,20806,10475,10331,375,184,191
0.0 Scen,2037,117,Deaf Smith County,27082,13573,13509,5413,2669,2744,166,84,82,21125,10634,10491,378,186,192
0.0 Scen,2038,117,Deaf Smith County,27391,13729,13662,5392,2660,2732,165,83,82,21453,10799,10654,381,187,194
0.0 Scen,2039,117,Deaf Smith County,27701,13888,13813,5368,2650,2718,165,83,82,21783,10966,10817,385,189,196
0.0 Scen,2040,117,Deaf Smith County,28004,14039,13965,5343,2639,2704,164,82,82,22108,11127,10981,389,191,198
0.0 Scen,2041,117,Deaf Smith County,28318,14201,14117,5327,2635,2692,163,82,81,22435,11291,11144,393,193,200
0.0 Scen,2042,117,Deaf Smith County,28634,14364,14270,5308,2630,2678,162,81,81,22765,11457,11308,399,196,203
0.0 Scen,2043,117,Deaf Smith County,28956,14531,14425,5289,2623,2666,161,81,80,23098,11625,11473,408,202,206
0.0 Scen,2044,117,Deaf Smith County,29281,14696,14585,5275,2619,2656,161,80,81,23430,11791,11639,415,206,209
0.0 Scen,2045,117,Deaf Smith County,29611,14866,14745,5262,2616,2646,160,80,80,23767,11960,11807,422,210,212
0.0 Scen,2046,117,Deaf Smith County,29945,15039,14906,5251,2615,2636,159,79,80,24108,12131,11977,427,214,213
0.0 Scen,2047,117,Deaf Smith County,30290,15213,15077,5244,2612,2632,158,79,79,24455,12304,12151,433,218,215
0.0 Scen,2048,117,Deaf Smith County,30644,15393,15251,5240,2612,2628,158,78,80,24805,12479,12326,441,224,217
0.0 Scen,2049,117,Deaf Smith County,30995,15572,15423,5233,2611,2622,157,78,79,25158,12655,12503,447,228,219
0.0 Scen,2050,117,Deaf Smith County,31343,15751,15592,5224,2611,2613,158,79,79,25506,12829,12677,455,232,223
0.0 Scen,2010,119,Delta County,5231,2563,2668,4351,2128,2223,375,174,201,288,168,120,217,93,124
0.0 Scen,2011,119,Delta County,5238,2563,2675,4344,2120,2224,380,177,203,294,171,123,220,95,125
0.0 Scen,2012,119,Delta County,5246,2567,2679,4341,2118,2223,383,179,204,300,174,126,222,96,126
0.0 Scen,2013,119,Delta County,5253,2568,2685,4334,2112,2222,389,182,207,306,177,129,224,97,127
0.0 Scen,2014,119,Delta County,5259,2573,2686,4328,2111,2217,394,185,209,312,180,132,225,97,128
0.0 Scen,2015,119,Delta County,5263,2578,2685,4319,2110,2209,399,187,212,318,183,135,227,98,129
0.0 Scen,2016,119,Delta County,5267,2583,2684,4308,2107,2201,405,191,214,324,186,138,230,99,131
0.0 Scen,2017,119,Delta County,5277,2594,2683,4305,2109,2196,411,195,216,331,190,141,230,100,130
0.0 Scen,2018,119,Delta County,5287,2601,2686,4299,2107,2192,418,199,219,338,194,144,232,101,131
0.0 Scen,2019,119,Delta County,5300,2608,2692,4297,2105,2192,423,203,220,345,198,147,235,102,133
0.0 Scen,2020,119,Delta County,5306,2612,2694,4290,2100,2190,429,207,222,352,202,150,235,103,132
0.0 Scen,2021,119,Delta County,5312,2613,2699,4276,2091,2185,436,211,225,359,205,154,241,106,135
0.0 Scen,2022,119,Delta County,5319,2613,2706,4269,2085,2184,441,214,227,366,208,158,243,106,137
0.0 Scen,2023,119,Delta County,5326,2618,2708,4261,2081,2180,445,217,228,374,212,162,246,108,138
0.0 Scen,2024,119,Delta County,5333,2623,2710,4251,2075,2176,451,222,229,382,216,166,249,110,139
0.0 Scen,2025,119,Delta County,5337,2625,2712,4239,2069,2170,455,224,231,390,220,170,253,112,141
0.0 Scen,2026,119,Delta County,5343,2629,2714,4229,2065,2164,457,225,232,399,224,175,258,115,143
0.0 Scen,2027,119,Delta County,5346,2632,2714,4218,2062,2156,459,225,234,407,228,179,262,117,145
0.0 Scen,2028,119,Delta County,5346,2631,2715,4204,2053,2151,463,227,236,414,232,182,265,119,146
0.0 Scen,2029,119,Delta County,5344,2632,2712,4185,2043,2142,468,231,237,422,236,186,269,122,147
0.0 Scen,2030,119,Delta County,5347,2635,2712,4169,2035,2134,473,234,239,432,241,191,273,125,148
0.0 Scen,2031,119,Delta County,5351,2639,2712,4157,2030,2127,476,236,240,442,246,196,276,127,149
0.0 Scen,2032,119,Delta County,5353,2639,2714,4143,2021,2122,479,238,241,452,251,201,279,129,150
0.0 Scen,2033,119,Delta County,5355,2643,2712,4129,2017,2112,482,239,243,461,255,206,283,132,151
0.0 Scen,2034,119,Delta County,5351,2644,2707,4109,2009,2100,484,241,243,471,259,212,287,135,152
0.0 Scen,2035,119,Delta County,5349,2646,2703,4097,2005,2092,483,241,242,480,264,216,289,136,153
0.0 Scen,2036,119,Delta County,5350,2648,2702,4084,2000,2084,484,241,243,490,269,221,292,138,154
0.0 Scen,2037,119,Delta County,5349,2652,2697,4072,1998,2074,483,241,242,500,274,226,294,139,155
0.0 Scen,2038,119,Delta County,5344,2653,2691,4055,1993,2062,483,241,242,510,279,231,296,140,156
0.0 Scen,2039,119,Delta County,5345,2655,2690,4043,1988,2055,483,241,242,521,285,236,298,141,157
0.0 Scen,2040,119,Delta County,5342,2656,2686,4029,1983,2046,483,241,242,530,290,240,300,142,158
0.0 Scen,2041,119,Delta County,5339,2656,2683,4013,1976,2037,485,242,243,539,295,244,302,143,159
0.0 Scen,2042,119,Delta County,5335,2658,2677,3999,1973,2026,485,242,243,548,300,248,303,143,160
0.0 Scen,2043,119,Delta County,5331,2661,2670,3985,1970,2015,485,242,243,557,305,252,304,144,160
0.0 Scen,2044,119,Delta County,5324,2662,2662,3971,1967,2004,484,242,242,566,310,256,303,143,160
0.0 Scen,2045,119,Delta County,5317,2664,2653,3955,1963,1992,484,243,241,576,315,261,302,143,159
0.0 Scen,2046,119,Delta County,5315,2666,2649,3942,1959,1983,487,245,242,586,320,266,300,142,158
0.0 Scen,2047,119,Delta County,5318,2671,2647,3934,1957,1977,487,246,241,596,326,270,301,142,159
0.0 Scen,2048,119,Delta County,5311,2668,2643,3919,1951,1968,487,246,241,605,331,274,300,140,160
0.0 Scen,2049,119,Delta County,5313,2672,2641,3909,1948,1961,488,247,241,615,336,279,301,141,160
0.0 Scen,2050,119,Delta County,5316,2674,2642,3901,1943,1958,489,248,241,624,341,283,302,142,160
0.0 Scen,2010,121,Denton County,662614,325960,336654,426887,209951,216936,54034,25551,28483,120836,61046,59790,60857,29412,31445
0.0 Scen,2011,121,Denton County,668987,329114,339873,429779,211386,218393,54547,25795,28752,122933,62084,60849,61728,29849,31879
0.0 Scen,2012,121,Denton County,675573,332297,343276,432764,212824,219940,55129,26050,29079,125075,63140,61935,62605,30283,32322
0.0 Scen,2013,121,Denton County,681808,335321,346487,435460,214131,221329,55671,26296,29375,127218,64192,63026,63459,30702,32757
0.0 Scen,2014,121,Denton County,687714,338152,349562,437953,215317,222636,56167,26500,29667,129302,65224,64078,64292,31111,33181
0.0 Scen,2015,121,Denton County,693369,340869,352500,440232,216390,223842,56671,26732,29939,131396,66256,65140,65070,31491,33579
0.0 Scen,2016,121,Denton County,698850,343462,355388,442373,217387,224986,57158,26927,30231,133512,67295,66217,65807,31853,33954
0.0 Scen,2017,121,Denton County,704265,346031,358234,444447,218349,226098,57671,27153,30518,135621,68327,67294,66526,32202,34324
0.0 Scen,2018,121,Denton County,709615,348559,361056,446429,219245,227184,58203,27379,30824,137731,69363,68368,67252,32572,34680
0.0 Scen,2019,121,Denton County,714873,351010,363863,448345,220119,228226,58703,27578,31125,139876,70415,69461,67949,32898,35051
0.0 Scen,2020,121,Denton County,720105,353452,366653,450209,220953,229256,59218,27792,31426,142028,71478,70550,68650,33229,35421
0.0 Scen,2021,121,Denton County,724610,355625,368985,451706,221647,230059,59567,27962,31605,144074,72488,71586,69263,33528,35735
0.0 Scen,2022,121,Denton County,729118,357830,371288,453120,222312,230808,59907,28115,31792,146156,73517,72639,69935,33886,36049
0.0 Scen,2023,121,Denton County,733611,359974,373637,454519,222950,231569,60254,28281,31973,148247,74546,73701,70591,34197,36394
0.0 Scen,2024,121,Denton County,738040,362124,375916,455876,223582,232294,60587,28439,32148,150356,75591,74765,71221,34512,36709
0.0 Scen,2025,121,Denton County,742388,364211,378177,457179,224164,233015,60919,28600,32319,152489,76643,75846,71801,34804,36997
0.0 Scen,2026,121,Denton County,746773,366342,380431,458488,224785,233703,61221,28747,32474,154660,77714,76946,72404,35096,37308
0.0 Scen,2027,121,Denton County,751073,368450,382623,459685,225328,234357,61511,28878,32633,156823,78780,78043,73054,35464,37590
0.0 Scen,2028,121,Denton County,755371,370477,384894,460848,225869,234979,61779,29001,32778,158984,79840,79144,73760,35767,37993
0.0 Scen,2029,121,Denton County,759448,372485,386963,461882,226362,235520,62020,29122,32898,161187,80928,80259,74359,36073,38286
0.0 Scen,2030,121,Denton County,763485,374454,389031,462857,226839,236018,62255,29237,33018,163378,82021,81357,74995,36357,38638
0.0 Scen,2031,121,Denton County,767332,376362,390970,463623,227204,236419,62464,29337,33127,165532,83069,82463,75713,36752,38961
0.0 Scen,2032,121,Denton County,771006,378221,392785,464325,227561,236764,62654,29430,33224,167708,84155,83553,76319,37075,39244
0.0 Scen,2033,121,Denton County,774312,379874,394438,464780,227790,236990,62821,29513,33308,169835,85196,84639,76876,37375,39501
0.0 Scen,2034,121,Denton County,777606,381476,396130,465106,227959,237147,62961,29584,33377,171922,86216,85706,77617,37717,39900
0.0 Scen,2035,121,Denton County,780617,382990,397627,465294,228070,237224,63091,29645,33446,173993,87244,86749,78239,38031,40208
0.0 Scen,2036,121,Denton County,783386,384362,399024,465356,228104,237252,63157,29694,33463,176021,88222,87799,78852,38342,40510
0.0 Scen,2037,121,Denton County,785777,385563,400214,465192,228055,237137,63244,29733,33511,177988,89197,88791,79353,38578,40775
0.0 Scen,2038,121,Denton County,788154,386742,401412,464937,227923,237014,63317,29760,33557,179944,90154,89790,79956,38905,41051
0.0 Scen,2039,121,Denton County,790114,387739,402375,464464,227741,236723,63348,29785,33563,181806,91057,90749,80496,39156,41340
0.0 Scen,2040,121,Denton County,791841,388649,403192,463828,227453,236375,63336,29777,33559,183625,91950,91675,81052,39469,41583
0.0 Scen,2041,121,Denton County,793267,389387,403880,463034,227105,235929,63331,29763,33568,185430,92850,92580,81472,39669,41803
0.0 Scen,2042,121,Denton County,794491,390035,404456,462108,226697,235411,63281,29738,33543,187159,93688,93471,81943,39912,42031
0.0 Scen,2043,121,Denton County,795448,390561,404887,461058,226207,234851,63216,29711,33505,188823,94519,94304,82351,40124,42227
0.0 Scen,2044,121,Denton County,796022,390882,405140,459799,225633,234166,63155,29678,33477,190437,95298,95139,82631,40273,42358
0.0 Scen,2045,121,Denton County,796493,391142,405351,458422,225007,233415,63037,29630,33407,192003,96049,95954,83031,40456,42575
0.0 Scen,2046,121,Denton County,796643,391244,405399,456962,224322,232640,62906,29579,33327,193519,96794,96725,83256,40549,42707
0.0 Scen,2047,121,Denton County,796812,391356,405456,455475,223642,231833,62801,29517,33284,195022,97519,97503,83514,40678,42836
0.0 Scen,2048,121,Denton County,796753,391363,405390,453915,222919,230996,62621,29441,33180,196472,98231,98241,83745,40772,42973
0.0 Scen,2049,121,Denton County,796612,391352,405260,452337,222179,230158,62484,29367,33117,197868,98909,98959,83923,40897,43026
0.0 Scen,2050,121,Denton County,796412,391268,405144,450760,221446,229314,62326,29290,33036,199265,99582,99683,84061,40950,43111
0.0 Scen,2010,123,De Witt County,20097,10447,9650,11482,5716,5766,1781,1047,734,6502,3538,2964,332,146,186
0.0 Scen,2011,123,De Witt County,20116,10472,9644,11404,5689,5715,1787,1051,736,6589,3583,3006,336,149,187
0.0 Scen,2012,123,De Witt County,20151,10500,9651,11338,5664,5674,1792,1055,737,6681,3630,3051,340,151,189
0.0 Scen,2013,123,De Witt County,20192,10528,9664,11280,5639,5641,1799,1060,739,6771,3677,3094,342,152,190
0.0 Scen,2014,123,De Witt County,20239,10566,9673,11220,5619,5601,1811,1069,742,6862,3723,3139,346,155,191
0.0 Scen,2015,123,De Witt County,20286,10600,9686,11172,5603,5569,1814,1071,743,6950,3769,3181,350,157,193
0.0 Scen,2016,123,De Witt County,20332,10631,9701,11125,5584,5541,1818,1073,745,7035,3814,3221,354,160,194
0.0 Scen,2017,123,De Witt County,20387,10665,9722,11076,5562,5514,1820,1077,743,7128,3860,3268,363,166,197
0.0 Scen,2018,123,De Witt County,20445,10705,9740,11029,5543,5486,1828,1085,743,7219,3908,3311,369,169,200
0.0 Scen,2019,123,De Witt County,20494,10732,9762,10983,5525,5458,1832,1085,747,7303,3950,3353,376,172,204
0.0 Scen,2020,123,De Witt County,20550,10769,9781,10938,5508,5430,1838,1090,748,7387,3994,3393,387,177,210
0.0 Scen,2021,123,De Witt County,20606,10803,9803,10901,5495,5406,1842,1093,749,7468,4034,3434,395,181,214
0.0 Scen,2022,123,De Witt County,20658,10835,9823,10859,5480,5379,1845,1095,750,7550,4074,3476,404,186,218
0.0 Scen,2023,123,De Witt County,20716,10865,9851,10819,5464,5355,1849,1096,753,7635,4114,3521,413,191,222
0.0 Scen,2024,123,De Witt County,20773,10901,9872,10779,5450,5329,1853,1098,755,7715,4155,3560,426,198,228
0.0 Scen,2025,123,De Witt County,20816,10922,9894,10727,5427,5300,1854,1098,756,7800,4195,3605,435,202,233
0.0 Scen,2026,123,De Witt County,20871,10953,9918,10683,5409,5274,1855,1099,756,7888,4238,3650,445,207,238
0.0 Scen,2027,123,De Witt County,20909,10972,9937,10636,5387,5249,1849,1092,757,7974,4282,3692,450,211,239
0.0 Scen,2028,123,De Witt County,20959,10999,9960,10592,5369,5223,1853,1092,761,8057,4324,3733,457,214,243
0.0 Scen,2029,123,De Witt County,21003,11027,9976,10537,5349,5188,1853,1091,762,8149,4370,3779,464,217,247
0.0 Scen,2030,123,De Witt County,21051,11058,9993,10486,5329,5157,1853,1089,764,8236,4415,3821,476,225,251
0.0 Scen,2031,123,De Witt County,21088,11080,10008,10427,5303,5124,1849,1088,761,8327,4460,3867,485,229,256
0.0 Scen,2032,123,De Witt County,21121,11105,10016,10373,5285,5088,1841,1082,759,8412,4502,3910,495,236,259
0.0 Scen,2033,123,De Witt County,21152,11127,10025,10306,5257,5049,1835,1079,756,8509,4553,3956,502,238,264
0.0 Scen,2034,123,De Witt County,21181,11147,10034,10251,5235,5016,1825,1074,751,8596,4595,4001,509,243,266
0.0 Scen,2035,123,De Witt County,21202,11165,10037,10192,5211,4981,1808,1063,745,8684,4643,4041,518,248,270
0.0 Scen,2036,123,De Witt County,21237,11185,10052,10141,5189,4952,1802,1062,740,8774,4686,4088,520,248,272
0.0 Scen,2037,123,De Witt County,21260,11202,10058,10083,5165,4918,1790,1056,734,8861,4730,4131,526,251,275
0.0 Scen,2038,123,De Witt County,21285,11224,10061,10029,5146,4883,1777,1047,730,8950,4777,4173,529,254,275
0.0 Scen,2039,123,De Witt County,21305,11237,10068,9973,5118,4855,1761,1038,723,9035,4822,4213,536,259,277
0.0 Scen,2040,123,De Witt County,21345,11261,10084,9934,5103,4831,1744,1027,717,9124,4869,4255,543,262,281
0.0 Scen,2041,123,De Witt County,21383,11288,10095,9893,5086,4807,1730,1021,709,9209,4914,4295,551,267,284
0.0 Scen,2042,123,De Witt County,21420,11310,10110,9844,5065,4779,1719,1014,705,9297,4959,4338,560,272,288
0.0 Scen,2043,123,De Witt County,21450,11326,10124,9801,5044,4757,1704,1005,699,9379,5002,4377,566,275,291
0.0 Scen,2044,123,De Witt County,21486,11346,10140,9761,5024,4737,1689,996,693,9466,5050,4416,570,276,294
0.0 Scen,2045,123,De Witt County,21533,11378,10155,9728,5014,4714,1678,990,688,9553,5095,4458,574,279,295
0.0 Scen,2046,123,De Witt County,21564,11395,10169,9692,4998,4694,1662,980,682,9632,5135,4497,578,282,296
0.0 Scen,2047,123,De Witt County,21609,11419,10190,9658,4983,4675,1657,977,680,9710,5173,4537,584,286,298
0.0 Scen,2048,123,De Witt County,21657,11451,10206,9627,4972,4655,1644,972,672,9792,5216,4576,594,291,303
0.0 Scen,2049,123,De Witt County,21702,11483,10219,9595,4962,4633,1633,968,665,9871,5257,4614,603,296,307
0.0 Scen,2050,123,De Witt County,21760,11518,10242,9576,4957,4619,1624,966,658,9949,5294,4655,611,301,310
0.0 Scen,2010,125,Dickens County,2444,1383,1061,1590,823,767,92,78,14,708,448,260,54,34,20
0.0 Scen,2011,125,Dickens County,2451,1388,1063,1589,824,765,92,78,14,716,452,264,54,34,20
0.0 Scen,2012,125,Dickens County,2457,1391,1066,1587,823,764,92,78,14,724,456,268,54,34,20
0.0 Scen,2013,125,Dickens County,2466,1398,1068,1588,826,762,93,79,14,731,459,272,54,34,20
0.0 Scen,2014,125,Dickens County,2467,1397,1070,1584,823,761,93,79,14,736,461,275,54,34,20
0.0 Scen,2015,125,Dickens County,2471,1396,1075,1581,819,762,93,79,14,744,465,279,53,33,20
0.0 Scen,2016,125,Dickens County,2477,1402,1075,1579,820,759,93,79,14,752,470,282,53,33,20
0.0 Scen,2017,125,Dickens County,2482,1403,1079,1577,817,760,92,78,14,760,475,285,53,33,20
0.0 Scen,2018,125,Dickens County,2491,1411,1080,1577,820,757,92,78,14,769,480,289,53,33,20
0.0 Scen,2019,125,Dickens County,2493,1411,1082,1569,814,755,92,78,14,779,486,293,53,33,20
0.0 Scen,2020,125,Dickens County,2495,1412,1083,1562,809,753,92,78,14,788,492,296,53,33,20
0.0 Scen,2021,125,Dickens County,2500,1415,1085,1556,807,749,92,78,14,799,497,302,53,33,20
0.0 Scen,2022,125,Dickens County,2501,1418,1083,1545,802,743,92,78,14,811,505,306,53,33,20
0.0 Scen,2023,125,Dickens County,2502,1421,1081,1532,795,737,94,80,14,823,512,311,53,34,19
0.0 Scen,2024,125,Dickens County,2503,1422,1081,1524,793,731,94,80,14,833,516,317,52,33,19
0.0 Scen,2025,125,Dickens County,2508,1427,1081,1518,792,726,94,80,14,844,522,322,52,33,19
0.0 Scen,2026,125,Dickens County,2514,1432,1082,1514,792,722,94,80,14,854,527,327,52,33,19
0.0 Scen,2027,125,Dickens County,2520,1438,1082,1509,792,717,93,79,14,865,533,332,53,34,19
0.0 Scen,2028,125,Dickens County,2522,1440,1082,1500,789,711,93,79,14,875,538,337,54,34,20
0.0 Scen,2029,125,Dickens County,2520,1441,1079,1487,784,703,93,79,14,886,544,342,54,34,20
0.0 Scen,2030,125,Dickens County,2524,1445,1079,1480,781,699,93,79,14,897,551,346,54,34,20
0.0 Scen,2031,125,Dickens County,2524,1445,1079,1470,776,694,93,79,14,907,556,351,54,34,20
0.0 Scen,2032,125,Dickens County,2528,1448,1080,1462,773,689,93,79,14,919,562,357,54,34,20
0.0 Scen,2033,125,Dickens County,2530,1448,1082,1454,768,686,93,79,14,929,567,362,54,34,20
0.0 Scen,2034,125,Dickens County,2530,1450,1080,1445,765,680,92,78,14,939,573,366,54,34,20
0.0 Scen,2035,125,Dickens County,2527,1448,1079,1434,758,676,92,78,14,947,578,369,54,34,20
0.0 Scen,2036,125,Dickens County,2525,1447,1078,1424,752,672,92,78,14,955,583,372,54,34,20
0.0 Scen,2037,125,Dickens County,2517,1444,1073,1410,746,664,91,77,14,962,587,375,54,34,20
0.0 Scen,2038,125,Dickens County,2514,1444,1070,1400,742,658,91,77,14,970,592,378,53,33,20
0.0 Scen,2039,125,Dickens County,2509,1443,1066,1388,737,651,91,77,14,977,596,381,53,33,20
0.0 Scen,2040,125,Dickens County,2511,1444,1067,1383,734,649,91,77,14,984,600,384,53,33,20
0.0 Scen,2041,125,Dickens County,2508,1442,1066,1375,730,645,90,76,14,990,603,387,53,33,20
0.0 Scen,2042,125,Dickens County,2503,1440,1063,1365,726,639,89,75,14,996,606,390,53,33,20
0.0 Scen,2043,125,Dickens County,2500,1438,1062,1356,722,634,89,75,14,1003,609,394,52,32,20
0.0 Scen,2044,125,Dickens County,2494,1436,1058,1345,718,627,88,75,13,1010,612,398,51,31,20
0.0 Scen,2045,125,Dickens County,2485,1430,1055,1333,712,621,88,76,12,1014,612,402,50,30,20
0.0 Scen,2046,125,Dickens County,2482,1428,1054,1329,711,618,86,75,11,1018,613,405,49,29,20
0.0 Scen,2047,125,Dickens County,2480,1427,1053,1324,709,615,85,74,11,1023,616,407,48,28,20
0.0 Scen,2048,125,Dickens County,2480,1428,1052,1318,707,611,85,74,11,1030,620,410,47,27,20
0.0 Scen,2049,125,Dickens County,2481,1427,1054,1314,704,610,85,74,11,1036,623,413,46,26,20
0.0 Scen,2050,125,Dickens County,2477,1425,1052,1306,700,606,84,73,11,1042,627,415,45,25,20
0.0 Scen,2010,127,Dimmit County,9996,4839,5157,1217,620,597,81,44,37,8616,4138,4478,82,37,45
0.0 Scen,2011,127,Dimmit County,10076,4882,5194,1220,624,596,82,45,37,8690,4175,4515,84,38,46
0.0 Scen,2012,127,Dimmit County,10172,4929,5243,1227,629,598,83,45,38,8777,4217,4560,85,38,47
0.0 Scen,2013,127,Dimmit County,10265,4981,5284,1234,634,600,84,46,38,8861,4262,4599,86,39,47
0.0 Scen,2014,127,Dimmit County,10364,5033,5331,1239,639,600,85,46,39,8952,4308,4644,88,40,48
0.0 Scen,2015,127,Dimmit County,10470,5087,5383,1246,644,602,86,47,39,9048,4355,4693,90,41,49
0.0 Scen,2016,127,Dimmit County,10574,5142,5432,1252,649,603,87,47,40,9143,4404,4739,92,42,50
0.0 Scen,2017,127,Dimmit County,10680,5199,5481,1257,653,604,88,48,40,9241,4455,4786,94,43,51
0.0 Scen,2018,127,Dimmit County,10788,5259,5529,1258,656,602,89,48,41,9346,4512,4834,95,43,52
0.0 Scen,2019,127,Dimmit County,10912,5320,5592,1265,658,607,90,49,41,9460,4569,4891,97,44,53
0.0 Scen,2020,127,Dimmit County,11027,5380,5647,1267,660,607,91,49,42,9571,4627,4944,98,44,54
0.0 Scen,2021,127,Dimmit County,11149,5444,5705,1269,661,608,92,50,42,9689,4688,5001,99,45,54
0.0 Scen,2022,127,Dimmit County,11274,5508,5766,1274,664,610,93,50,43,9805,4747,5058,102,47,55
0.0 Scen,2023,127,Dimmit County,11391,5567,5824,1278,665,613,93,50,43,9917,4804,5113,103,48,55
0.0 Scen,2024,127,Dimmit County,11503,5620,5883,1278,663,615,93,50,43,10028,4859,5169,104,48,56
0.0 Scen,2025,127,Dimmit County,11626,5686,5940,1277,664,613,94,51,43,10150,4922,5228,105,49,56
0.0 Scen,2026,127,Dimmit County,11753,5750,6003,1280,665,615,95,51,44,10271,4985,5286,107,49,58
0.0 Scen,2027,127,Dimmit County,11875,5815,6060,1277,662,615,95,52,43,10395,5051,5344,108,50,58
0.0 Scen,2028,127,Dimmit County,11983,5871,6112,1272,658,614,96,52,44,10506,5111,5395,109,50,59
0.0 Scen,2029,127,Dimmit County,12100,5933,6167,1265,655,610,97,53,44,10628,5174,5454,110,51,59
0.0 Scen,2030,127,Dimmit County,12206,5989,6217,1260,652,608,98,53,45,10737,5233,5504,111,51,60
0.0 Scen,2031,127,Dimmit County,12309,6044,6265,1252,647,605,99,54,45,10846,5291,5555,112,52,60
0.0 Scen,2032,127,Dimmit County,12414,6102,6312,1249,646,603,100,54,46,10952,5350,5602,113,52,61
0.0 Scen,2033,127,Dimmit County,12521,6161,6360,1245,644,601,100,55,45,11062,5409,5653,114,53,61
0.0 Scen,2034,127,Dimmit County,12621,6215,6406,1238,640,598,101,55,46,11166,5466,5700,116,54,62
0.0 Scen,2035,127,Dimmit County,12718,6266,6452,1234,639,595,101,55,46,11265,5517,5748,118,55,63
0.0 Scen,2036,127,Dimmit County,12824,6322,6502,1230,637,593,101,55,46,11373,5574,5799,120,56,64
0.0 Scen,2037,127,Dimmit County,12923,6375,6548,1222,632,590,101,55,46,11478,5631,5847,122,57,65
0.0 Scen,2038,127,Dimmit County,13014,6426,6588,1215,630,585,101,54,47,11574,5684,5890,124,58,66
0.0 Scen,2039,127,Dimmit County,13120,6483,6637,1210,627,583,101,54,47,11683,5743,5940,126,59,67
0.0 Scen,2040,127,Dimmit County,13222,6540,6682,1203,624,579,100,53,47,11792,5803,5989,127,60,67
0.0 Scen,2041,127,Dimmit County,13331,6598,6733,1199,622,577,100,53,47,11905,5863,6042,127,60,67
0.0 Scen,2042,127,Dimmit County,13440,6657,6783,1189,618,571,100,53,47,12024,5926,6098,127,60,67
0.0 Scen,2043,127,Dimmit County,13548,6717,6831,1183,614,569,99,53,46,12139,5990,6149,127,60,67
0.0 Scen,2044,127,Dimmit County,13662,6775,6887,1176,609,567,98,52,46,12259,6053,6206,129,61,68
0.0 Scen,2045,127,Dimmit County,13781,6837,6944,1170,605,565,97,52,45,12384,6118,6266,130,62,68
0.0 Scen,2046,127,Dimmit County,13908,6904,7004,1165,602,563,98,51,47,12515,6189,6326,130,62,68
0.0 Scen,2047,127,Dimmit County,14033,6971,7062,1163,600,563,98,51,47,12641,6257,6384,131,63,68
0.0 Scen,2048,127,Dimmit County,14159,7036,7123,1159,597,562,98,50,48,12770,6326,6444,132,63,69
0.0 Scen,2049,127,Dimmit County,14292,7105,7187,1159,597,562,98,50,48,12902,6395,6507,133,63,70
0.0 Scen,2050,127,Dimmit County,14421,7173,7248,1154,594,560,98,49,49,13036,6467,6569,133,63,70
0.0 Scen,2010,129,Donley County,3677,1825,1852,3136,1566,1570,163,75,88,309,157,152,69,27,42
0.0 Scen,2011,129,Donley County,3671,1821,1850,3122,1558,1564,165,76,89,315,160,155,69,27,42
0.0 Scen,2012,129,Donley County,3673,1821,1852,3116,1554,1562,167,77,90,321,163,158,69,27,42
0.0 Scen,2013,129,Donley County,3674,1825,1849,3108,1552,1556,169,79,90,328,167,161,69,27,42
0.0 Scen,2014,129,Donley County,3693,1834,1859,3117,1555,1562,172,81,91,335,171,164,69,27,42
0.0 Scen,2015,129,Donley County,3705,1839,1866,3119,1554,1565,175,83,92,342,175,167,69,27,42
0.0 Scen,2016,129,Donley County,3721,1849,1872,3124,1557,1567,178,85,93,350,180,170,69,27,42
0.0 Scen,2017,129,Donley County,3735,1860,1875,3126,1561,1565,182,87,95,357,184,173,70,28,42
0.0 Scen,2018,129,Donley County,3748,1865,1883,3127,1560,1567,186,89,97,364,188,176,71,28,43
0.0 Scen,2019,129,Donley County,3758,1873,1885,3126,1561,1565,189,91,98,372,192,180,71,29,42
0.0 Scen,2020,129,Donley County,3765,1879,1886,3123,1562,1561,192,92,100,378,196,182,72,29,43
0.0 Scen,2021,129,Donley County,3780,1886,1894,3125,1562,1563,196,94,102,386,200,186,73,30,43
0.0 Scen,2022,129,Donley County,3790,1895,1895,3124,1566,1558,199,95,104,393,204,189,74,30,44
0.0 Scen,2023,129,Donley County,3793,1898,1895,3116,1562,1554,202,97,105,400,208,192,75,31,44
0.0 Scen,2024,129,Donley County,3802,1904,1898,3113,1562,1551,206,99,107,406,212,194,77,31,46
0.0 Scen,2025,129,Donley County,3811,1910,1901,3111,1562,1549,209,101,108,412,215,197,79,32,47
0.0 Scen,2026,129,Donley County,3803,1904,1899,3095,1552,1543,210,102,108,418,218,200,80,32,48
0.0 Scen,2027,129,Donley County,3799,1901,1898,3081,1543,1538,213,105,108,423,220,203,82,33,49
0.0 Scen,2028,129,Donley County,3794,1896,1898,3067,1534,1533,213,104,109,430,224,206,84,34,50
0.0 Scen,2029,129,Donley County,3787,1895,1892,3049,1527,1522,217,107,110,435,226,209,86,35,51
0.0 Scen,2030,129,Donley County,3786,1893,1893,3037,1520,1517,220,108,112,441,229,212,88,36,52
0.0 Scen,2031,129,Donley County,3780,1891,1889,3024,1515,1509,220,108,112,446,231,215,90,37,53
0.0 Scen,2032,129,Donley County,3772,1888,1884,3008,1508,1500,222,109,113,450,233,217,92,38,54
0.0 Scen,2033,129,Donley County,3766,1886,1880,2994,1502,1492,224,110,114,455,235,220,93,39,54
0.0 Scen,2034,129,Donley County,3753,1881,1872,2975,1495,1480,226,111,115,458,236,222,94,39,55
0.0 Scen,2035,129,Donley County,3744,1880,1864,2959,1490,1469,227,111,116,462,238,224,96,41,55
0.0 Scen,2036,129,Donley County,3736,1877,1859,2945,1485,1460,228,111,117,466,240,226,97,41,56
0.0 Scen,2037,129,Donley County,3724,1872,1852,2927,1477,1450,229,111,118,470,242,228,98,42,56
0.0 Scen,2038,129,Donley County,3716,1866,1850,2913,1469,1444,230,111,119,474,244,230,99,42,57
0.0 Scen,2039,129,Donley County,3709,1864,1845,2901,1464,1437,230,111,119,478,246,232,100,43,57
0.0 Scen,2040,129,Donley County,3700,1861,1839,2886,1458,1428,231,112,119,482,248,234,101,43,58
0.0 Scen,2041,129,Donley County,3692,1860,1832,2874,1454,1420,231,112,119,486,250,236,101,44,57
0.0 Scen,2042,129,Donley County,3683,1858,1825,2859,1449,1410,232,113,119,490,252,238,102,44,58
0.0 Scen,2043,129,Donley County,3685,1863,1822,2856,1450,1406,233,114,119,495,255,240,101,44,57
0.0 Scen,2044,129,Donley County,3686,1866,1820,2853,1451,1402,234,115,119,499,257,242,100,43,57
0.0 Scen,2045,129,Donley County,3684,1866,1818,2847,1449,1398,234,115,119,503,259,244,100,43,57
0.0 Scen,2046,129,Donley County,3688,1869,1819,2844,1449,1395,236,116,120,507,261,246,101,43,58
0.0 Scen,2047,129,Donley County,3693,1876,1817,2845,1453,1392,236,116,120,510,263,247,102,44,58
0.0 Scen,2048,129,Donley County,3689,1875,1814,2836,1449,1387,237,117,120,514,265,249,102,44,58
0.0 Scen,2049,129,Donley County,3686,1875,1811,2829,1446,1383,237,117,120,518,267,251,102,45,57
0.0 Scen,2050,129,Donley County,3687,1877,1810,2826,1446,1380,237,117,120,522,269,253,102,45,57
0.0 Scen,2010,131,Duval County,11782,6077,5705,1206,687,519,86,81,5,10424,5279,5145,66,30,36
0.0 Scen,2011,131,Duval County,11867,6121,5746,1213,691,522,86,81,5,10502,5319,5183,66,30,36
0.0 Scen,2012,131,Duval County,11962,6167,5795,1219,693,526,86,81,5,10591,5363,5228,66,30,36
0.0 Scen,2013,131,Duval County,12052,6212,5840,1223,695,528,86,81,5,10677,5406,5271,66,30,36
0.0 Scen,2014,131,Duval County,12139,6256,5883,1228,697,531,87,82,5,10758,5447,5311,66,30,36
0.0 Scen,2015,131,Duval County,12231,6303,5928,1234,701,533,87,82,5,10844,5490,5354,66,30,36
0.0 Scen,2016,131,Duval County,12321,6352,5969,1236,701,535,87,82,5,10932,5539,5393,66,30,36
0.0 Scen,2017,131,Duval County,12414,6399,6015,1243,706,537,86,81,5,11020,5582,5438,65,30,35
0.0 Scen,2018,131,Duval County,12512,6449,6063,1245,707,538,86,81,5,11116,5631,5485,65,30,35
0.0 Scen,2019,131,Duval County,12608,6495,6113,1251,710,541,86,81,5,11206,5674,5532,65,30,35
0.0 Scen,2020,131,Duval County,12708,6547,6161,1255,711,544,86,81,5,11302,5725,5577,65,30,35
0.0 Scen,2021,131,Duval County,12798,6592,6206,1258,712,546,86,81,5,11389,5769,5620,65,30,35
0.0 Scen,2022,131,Duval County,12885,6632,6253,1255,708,547,86,81,5,11479,5813,5666,65,30,35
0.0 Scen,2023,131,Duval County,12972,6681,6291,1255,710,545,86,81,5,11566,5860,5706,65,30,35
0.0 Scen,2024,131,Duval County,13064,6730,6334,1261,713,548,86,81,5,11652,5906,5746,65,30,35
0.0 Scen,2025,131,Duval County,13148,6774,6374,1260,712,548,86,81,5,11737,5951,5786,65,30,35
0.0 Scen,2026,131,Duval County,13225,6818,6407,1259,712,547,86,81,5,11815,5995,5820,65,30,35
0.0 Scen,2027,131,Duval County,13307,6865,6442,1257,711,546,86,81,5,11898,6042,5856,66,31,35
0.0 Scen,2028,131,Duval County,13391,6906,6485,1257,710,547,87,82,5,11980,6083,5897,67,31,36
0.0 Scen,2029,131,Duval County,13473,6950,6523,1253,708,545,87,82,5,12065,6128,5937,68,32,36
0.0 Scen,2030,131,Duval County,13550,6989,6561,1251,705,546,87,82,5,12143,6170,5973,69,32,37
0.0 Scen,2031,131,Duval County,13632,7037,6595,1249,705,544,87,82,5,12226,6217,6009,70,33,37
0.0 Scen,2032,131,Duval County,13709,7074,6635,1246,703,543,87,82,5,12305,6256,6049,71,33,38
0.0 Scen,2033,131,Duval County,13785,7114,6671,1243,701,542,87,82,5,12383,6297,6086,72,34,38
0.0 Scen,2034,131,Duval County,13875,7162,6713,1241,699,542,87,82,5,12474,6347,6127,73,34,39
0.0 Scen,2035,131,Duval County,13949,7198,6751,1238,698,540,87,82,5,12551,6383,6168,73,35,38
0.0 Scen,2036,131,Duval County,14026,7235,6791,1233,693,540,87,82,5,12633,6425,6208,73,35,38
0.0 Scen,2037,131,Duval County,14104,7274,6830,1231,691,540,87,82,5,12713,6466,6247,73,35,38
0.0 Scen,2038,131,Duval County,14183,7311,6872,1226,685,541,86,81,5,12798,6510,6288,73,35,38
0.0 Scen,2039,131,Duval County,14272,7358,6914,1229,688,541,86,81,5,12884,6554,6330,73,35,38
0.0 Scen,2040,131,Duval County,14351,7403,6948,1221,685,536,86,81,5,12971,6602,6369,73,35,38
0.0 Scen,2041,131,Duval County,14444,7452,6992,1220,684,536,85,80,5,13066,6653,6413,73,35,38
0.0 Scen,2042,131,Duval County,14520,7486,7034,1212,680,532,84,79,5,13151,6692,6459,73,35,38
0.0 Scen,2043,131,Duval County,14609,7535,7074,1214,683,531,83,78,5,13239,6739,6500,73,35,38
0.0 Scen,2044,131,Duval County,14690,7573,7117,1208,677,531,82,77,5,13327,6784,6543,73,35,38
0.0 Scen,2045,131,Duval County,14774,7615,7159,1204,674,530,81,76,5,13417,6831,6586,72,34,38
0.0 Scen,2046,131,Duval County,14856,7658,7198,1205,675,530,80,75,5,13501,6875,6626,70,33,37
0.0 Scen,2047,131,Duval County,14939,7701,7238,1201,674,527,80,75,5,13589,6920,6669,69,32,37
0.0 Scen,2048,131,Duval County,15021,7743,7278,1200,672,528,77,72,5,13676,6968,6708,68,31,37
0.0 Scen,2049,131,Duval County,15109,7787,7322,1198,670,528,76,71,5,13768,7015,6753,67,31,36
0.0 Scen,2050,131,Duval County,15189,7825,7364,1191,664,527,76,71,5,13855,7059,6796,67,31,36
0.0 Scen,2010,133,Eastland County,18583,9071,9512,15271,7342,7929,318,190,128,2673,1380,1293,321,159,162
0.0 Scen,2011,133,Eastland County,18580,9076,9504,15218,7321,7897,320,191,129,2717,1403,1314,325,161,164
0.0 Scen,2012,133,Eastland County,18604,9092,9512,15183,7308,7875,326,194,132,2768,1428,1340,327,162,165
0.0 Scen,2013,133,Eastland County,18651,9122,9529,15165,7305,7860,333,198,135,2822,1455,1367,331,164,167
0.0 Scen,2014,133,Eastland County,18706,9158,9548,15154,7308,7846,341,202,139,2876,1482,1394,335,166,169
0.0 Scen,2015,133,Eastland County,18767,9202,9565,15146,7315,7831,348,206,142,2932,1511,1421,341,170,171
0.0 Scen,2016,133,Eastland County,18811,9234,9577,15125,7312,7813,354,210,144,2987,1540,1447,345,172,173
0.0 Scen,2017,133,Eastland County,18872,9269,9603,15120,7314,7806,359,213,146,3045,1570,1475,348,172,176
0.0 Scen,2018,133,Eastland County,18921,9302,9619,15103,7312,7791,365,216,149,3100,1598,1502,353,176,177
0.0 Scen,2019,133,Eastland County,18970,9331,9639,15092,7310,7782,366,218,148,3155,1625,1530,357,178,179
0.0 Scen,2020,133,Eastland County,19019,9358,9661,15078,7306,7772,369,219,150,3210,1653,1557,362,180,182
0.0 Scen,2021,133,Eastland County,19055,9383,9672,15055,7300,7755,371,221,150,3265,1680,1585,364,182,182
0.0 Scen,2022,133,Eastland County,19090,9407,9683,15031,7293,7738,374,222,152,3317,1707,1610,368,185,183
0.0 Scen,2023,133,Eastland County,19120,9432,9688,15003,7285,7718,377,225,152,3371,1736,1635,369,186,183
0.0 Scen,2024,133,Eastland County,19135,9451,9684,14968,7276,7692,377,225,152,3420,1763,1657,370,187,183
0.0 Scen,2025,133,Eastland County,19172,9477,9695,14947,7271,7676,380,228,152,3473,1791,1682,372,187,185
0.0 Scen,2026,133,Eastland County,19199,9495,9704,14913,7260,7653,378,226,152,3531,1819,1712,377,190,187
0.0 Scen,2027,133,Eastland County,19213,9507,9706,14869,7241,7628,378,226,152,3586,1847,1739,380,193,187
0.0 Scen,2028,133,Eastland County,19224,9518,9706,14826,7226,7600,377,225,152,3638,1872,1766,383,195,188
0.0 Scen,2029,133,Eastland County,19238,9533,9705,14780,7209,7571,379,227,152,3692,1899,1793,387,198,189
0.0 Scen,2030,133,Eastland County,19258,9550,9708,14743,7198,7545,378,226,152,3746,1926,1820,391,200,191
0.0 Scen,2031,133,Eastland County,19257,9553,9704,14690,7175,7515,379,228,151,3794,1948,1846,394,202,192
0.0 Scen,2032,133,Eastland County,19265,9563,9702,14646,7161,7485,378,226,152,3844,1972,1872,397,204,193
0.0 Scen,2033,133,Eastland County,19272,9572,9700,14596,7140,7456,377,226,151,3899,2000,1899,400,206,194
0.0 Scen,2034,133,Eastland County,19265,9573,9692,14542,7119,7423,377,226,151,3943,2020,1923,403,208,195
0.0 Scen,2035,133,Eastland County,19262,9572,9690,14493,7100,7393,377,227,150,3987,2036,1951,405,209,196
0.0 Scen,2036,133,Eastland County,19258,9571,9687,14446,7081,7365,376,226,150,4029,2054,1975,407,210,197
0.0 Scen,2037,133,Eastland County,19255,9574,9681,14404,7067,7337,375,226,149,4067,2070,1997,409,211,198
0.0 Scen,2038,133,Eastland County,19258,9580,9678,14361,7053,7308,374,225,149,4112,2090,2022,411,212,199
0.0 Scen,2039,133,Eastland County,19261,9585,9676,14321,7038,7283,374,226,148,4153,2108,2045,413,213,200
0.0 Scen,2040,133,Eastland County,19260,9589,9671,14280,7023,7257,372,224,148,4193,2128,2065,415,214,201
0.0 Scen,2041,133,Eastland County,19274,9601,9673,14251,7012,7239,372,225,147,4235,2149,2086,416,215,201
0.0 Scen,2042,133,Eastland County,19285,9615,9670,14221,7005,7216,371,224,147,4276,2171,2105,417,215,202
0.0 Scen,2043,133,Eastland County,19296,9626,9670,14186,6992,7194,371,225,146,4320,2193,2127,419,216,203
0.0 Scen,2044,133,Eastland County,19304,9634,9670,14159,6984,7175,370,224,146,4359,2213,2146,416,213,203
0.0 Scen,2045,133,Eastland County,19315,9647,9668,14130,6976,7154,370,225,145,4401,2234,2167,414,212,202
0.0 Scen,2046,133,Eastland County,19320,9657,9663,14097,6967,7130,370,225,145,4441,2253,2188,412,212,200
0.0 Scen,2047,133,Eastland County,19340,9673,9667,14076,6963,7113,368,224,144,4483,2274,2209,413,212,201
0.0 Scen,2048,133,Eastland County,19353,9686,9667,14051,6959,7092,366,222,144,4522,2293,2229,414,212,202
0.0 Scen,2049,133,Eastland County,19371,9698,9673,14031,6953,7078,366,223,143,4563,2313,2250,411,209,202
0.0 Scen,2050,133,Eastland County,19388,9714,9674,14010,6949,7061,365,222,143,4605,2335,2270,408,208,200
0.0 Scen,2010,135,Ector County,137130,67686,69444,56306,27536,28770,5596,2781,2815,72331,35957,36374,2897,1412,1485
0.0 Scen,2011,135,Ector County,138842,68555,70287,56455,27625,28830,5652,2812,2840,73803,36688,37115,2932,1430,1502
0.0 Scen,2012,135,Ector County,140545,69410,71135,56606,27710,28896,5709,2840,2869,75263,37412,37851,2967,1448,1519
0.0 Scen,2013,135,Ector County,142275,70281,71994,56765,27796,28969,5767,2868,2899,76735,38145,38590,3008,1472,1536
0.0 Scen,2014,135,Ector County,143959,71131,72828,56911,27884,29027,5822,2895,2927,78184,38863,39321,3042,1489,1553
0.0 Scen,2015,135,Ector County,145623,71970,73653,57020,27952,29068,5877,2922,2955,79649,39588,40061,3077,1508,1569
0.0 Scen,2016,135,Ector County,147211,72777,74434,57090,28003,29087,5924,2943,2981,81083,40305,40778,3114,1526,1588
0.0 Scen,2017,135,Ector County,148789,73566,75223,57142,28043,29099,5965,2961,3004,82536,41021,41515,3146,1541,1605
0.0 Scen,2018,135,Ector County,150324,74331,75993,57173,28067,29106,6000,2974,3026,83970,41730,42240,3181,1560,1621
0.0 Scen,2019,135,Ector County,151830,75092,76738,57169,28079,29090,6038,2992,3046,85408,42442,42966,3215,1579,1636
0.0 Scen,2020,135,Ector County,153315,75844,77471,57148,28079,29069,6071,3010,3061,86847,43158,43689,3249,1597,1652
0.0 Scen,2021,135,Ector County,154773,76580,78193,57102,28067,29035,6102,3026,3076,88285,43870,44415,3284,1617,1667
0.0 Scen,2022,135,Ector County,156203,77304,78899,57021,28038,28983,6133,3045,3088,89733,44587,45146,3316,1634,1682
0.0 Scen,2023,135,Ector County,157622,78021,79601,56932,28007,28925,6162,3059,3103,91179,45304,45875,3349,1651,1698
0.0 Scen,2024,135,Ector County,159042,78739,80303,56814,27961,28853,6194,3077,3117,92651,46031,46620,3383,1670,1713
0.0 Scen,2025,135,Ector County,160451,79454,80997,56689,27911,28778,6227,3094,3133,94123,46766,47357,3412,1683,1729
0.0 Scen,2026,135,Ector County,161826,80151,81675,56546,27851,28695,6257,3113,3144,95582,47489,48093,3441,1698,1743
0.0 Scen,2027,135,Ector County,163198,80847,82351,56381,27777,28604,6291,3132,3159,97056,48225,48831,3470,1713,1757
0.0 Scen,2028,135,Ector County,164561,81529,83032,56198,27692,28506,6329,3152,3177,98533,48959,49574,3501,1726,1775
0.0 Scen,2029,135,Ector County,165923,82209,83714,56012,27599,28413,6363,3172,3191,100017,49697,50320,3531,1741,1790
0.0 Scen,2030,135,Ector County,167301,82907,84394,55831,27513,28318,6399,3191,3208,101509,50446,51063,3562,1757,1805
0.0 Scen,2031,135,Ector County,168682,83600,85082,55645,27424,28221,6436,3209,3227,103010,51195,51815,3591,1772,1819
0.0 Scen,2032,135,Ector County,170047,84289,85758,55458,27338,28120,6478,3231,3247,104499,51940,52559,3612,1780,1832
0.0 Scen,2033,135,Ector County,171419,84983,86436,55267,27251,28016,6514,3250,3264,106001,52692,53309,3637,1790,1847
0.0 Scen,2034,135,Ector County,172814,85679,87135,55084,27160,27924,6561,3272,3289,107509,53442,54067,3660,1805,1855
0.0 Scen,2035,135,Ector County,174199,86378,87821,54895,27073,27822,6596,3285,3311,109027,54205,54822,3681,1815,1866
0.0 Scen,2036,135,Ector County,175569,87071,88498,54707,26988,27719,6632,3304,3328,110529,54954,55575,3701,1825,1876
0.0 Scen,2037,135,Ector County,176921,87752,89169,54506,26890,27616,6666,3324,3342,112032,55705,56327,3717,1833,1884
0.0 Scen,2038,135,Ector County,178284,88452,89832,54297,26797,27500,6703,3341,3362,113548,56472,57076,3736,1842,1894
0.0 Scen,2039,135,Ector County,179620,89127,90493,54086,26700,27386,6739,3358,3381,115045,57217,57828,3750,1852,1898
0.0 Scen,2040,135,Ector County,180950,89807,91143,53874,26603,27271,6768,3376,3392,116539,57967,58572,3769,1861,1908
0.0 Scen,2041,135,Ector County,182256,90482,91774,53646,26494,27152,6792,3386,3406,118040,58736,59304,3778,1866,1912
0.0 Scen,2042,135,Ector County,183536,91132,92404,53420,26393,27027,6813,3396,3417,119514,59475,60039,3789,1868,1921
0.0 Scen,2043,135,Ector County,184796,91775,93021,53174,26276,26898,6835,3407,3428,120988,60220,60768,3799,1872,1927
0.0 Scen,2044,135,Ector County,186085,92444,93641,52931,26168,26763,6860,3419,3441,122485,60979,61506,3809,1878,1931
0.0 Scen,2045,135,Ector County,187330,93090,94240,52681,26055,26626,6872,3423,3449,123959,61728,62231,3818,1884,1934
0.0 Scen,2046,135,Ector County,188566,93736,94830,52419,25935,26484,6882,3429,3453,125441,62485,62956,3824,1887,1937
0.0 Scen,2047,135,Ector County,189777,94366,95411,52160,25816,26344,6894,3436,3458,126890,63222,63668,3833,1892,1941
0.0 Scen,2048,135,Ector County,191020,95009,96011,51897,25699,26198,6920,3448,3472,128364,63967,64397,3839,1895,1944
0.0 Scen,2049,135,Ector County,192248,95655,96593,51636,25586,26050,6935,3457,3478,129835,64716,65119,3842,1896,1946
0.0 Scen,2050,135,Ector County,193477,96300,97177,51371,25468,25903,6949,3466,3483,131310,65469,65841,3847,1897,1950
0.0 Scen,2010,137,Edwards County,2002,1021,981,947,473,474,10,7,3,1027,533,494,18,8,10
0.0 Scen,2011,137,Edwards County,2023,1033,990,952,476,476,10,7,3,1043,542,501,18,8,10
0.0 Scen,2012,137,Edwards County,2043,1043,1000,956,478,478,10,7,3,1059,550,509,18,8,10
0.0 Scen,2013,137,Edwards County,2062,1053,1009,959,479,480,10,7,3,1075,559,516,18,8,10
0.0 Scen,2014,137,Edwards County,2082,1063,1019,962,480,482,10,7,3,1092,568,524,18,8,10
0.0 Scen,2015,137,Edwards County,2093,1067,1026,959,478,481,10,7,3,1106,574,532,18,8,10
0.0 Scen,2016,137,Edwards County,2110,1078,1032,959,480,479,10,7,3,1123,583,540,18,8,10
0.0 Scen,2017,137,Edwards County,2122,1086,1036,957,480,477,10,7,3,1137,591,546,18,8,10
0.0 Scen,2018,137,Edwards County,2135,1092,1043,954,477,477,10,7,3,1153,600,553,18,8,10
0.0 Scen,2019,137,Edwards County,2149,1099,1050,952,476,476,10,7,3,1169,608,561,18,8,10
0.0 Scen,2020,137,Edwards County,2162,1102,1060,949,472,477,10,7,3,1185,615,570,18,8,10
0.0 Scen,2021,137,Edwards County,2170,1105,1065,939,466,473,10,7,3,1203,624,579,18,8,10
0.0 Scen,2022,137,Edwards County,2176,1106,1070,932,461,471,10,7,3,1216,630,586,18,8,10
0.0 Scen,2023,137,Edwards County,2179,1106,1073,921,455,466,10,7,3,1230,636,594,18,8,10
0.0 Scen,2024,137,Edwards County,2183,1109,1074,912,450,462,10,7,3,1243,644,599,18,8,10
0.0 Scen,2025,137,Edwards County,2188,1109,1079,905,444,461,10,7,3,1255,650,605,18,8,10
0.0 Scen,2026,137,Edwards County,2193,1109,1084,899,439,460,10,7,3,1266,655,611,18,8,10
0.0 Scen,2027,137,Edwards County,2198,1111,1087,889,432,457,10,7,3,1281,664,617,18,8,10
0.0 Scen,2028,137,Edwards County,2196,1110,1086,878,426,452,10,7,3,1290,669,621,18,8,10
0.0 Scen,2029,137,Edwards County,2194,1110,1084,866,420,446,10,7,3,1300,675,625,18,8,10
0.0 Scen,2030,137,Edwards County,2202,1115,1087,861,417,444,10,7,3,1313,683,630,18,8,10
0.0 Scen,2031,137,Edwards County,2208,1114,1094,854,411,443,10,7,3,1326,688,638,18,8,10
0.0 Scen,2032,137,Edwards County,2216,1119,1097,851,410,441,10,7,3,1337,694,643,18,8,10
0.0 Scen,2033,137,Edwards County,2218,1122,1096,843,407,436,10,7,3,1347,700,647,18,8,10
0.0 Scen,2034,137,Edwards County,2216,1123,1093,834,404,430,10,7,3,1354,704,650,18,8,10
0.0 Scen,2035,137,Edwards County,2218,1124,1094,828,401,427,10,7,3,1362,708,654,18,8,10
0.0 Scen,2036,137,Edwards County,2217,1126,1091,818,399,419,10,7,3,1371,712,659,18,8,10
0.0 Scen,2037,137,Edwards County,2216,1124,1092,810,394,416,10,7,3,1378,715,663,18,8,10
0.0 Scen,2038,137,Edwards County,2220,1127,1093,803,392,411,10,7,3,1389,720,669,18,8,10
0.0 Scen,2039,137,Edwards County,2226,1131,1095,799,391,408,10,7,3,1399,725,674,18,8,10
0.0 Scen,2040,137,Edwards County,2228,1133,1095,794,389,405,10,7,3,1406,729,677,18,8,10
0.0 Scen,2041,137,Edwards County,2237,1137,1100,789,387,402,10,7,3,1420,735,685,18,8,10
0.0 Scen,2042,137,Edwards County,2239,1139,1100,785,385,400,10,7,3,1426,739,687,18,8,10
0.0 Scen,2043,137,Edwards County,2244,1143,1101,781,385,396,10,7,3,1435,743,692,18,8,10
0.0 Scen,2044,137,Edwards County,2251,1146,1105,780,384,396,10,7,3,1443,747,696,18,8,10
0.0 Scen,2045,137,Edwards County,2260,1150,1110,780,384,396,10,7,3,1452,751,701,18,8,10
0.0 Scen,2046,137,Edwards County,2267,1155,1112,781,386,395,10,7,3,1458,754,704,18,8,10
0.0 Scen,2047,137,Edwards County,2267,1155,1112,778,384,394,10,7,3,1461,756,705,18,8,10
0.0 Scen,2048,137,Edwards County,2272,1158,1114,777,384,393,10,7,3,1467,759,708,18,8,10
0.0 Scen,2049,137,Edwards County,2280,1163,1117,777,385,392,10,7,3,1475,763,712,18,8,10
0.0 Scen,2050,137,Edwards County,2285,1166,1119,774,384,390,10,7,3,1483,767,716,18,8,10
0.0 Scen,2010,139,Ellis County,149610,73870,75740,97987,47816,50171,13161,6360,6801,35161,18157,17004,3301,1537,1764
0.0 Scen,2011,139,Ellis County,150580,74361,76219,98270,47962,50308,13241,6404,6837,35738,18443,17295,3331,1552,1779
0.0 Scen,2012,139,Ellis County,151578,74869,76709,98557,48111,50446,13331,6452,6879,36327,18737,17590,3363,1569,1794
0.0 Scen,2013,139,Ellis County,152575,75364,77211,98822,48242,50580,13431,6500,6931,36928,19036,17892,3394,1586,1808
0.0 Scen,2014,139,Ellis County,153592,75884,77708,99105,48383,50722,13514,6547,6967,37547,19351,18196,3426,1603,1823
0.0 Scen,2015,139,Ellis County,154612,76397,78215,99376,48517,50859,13604,6598,7006,38167,19658,18509,3465,1624,1841
0.0 Scen,2016,139,Ellis County,155631,76900,78731,99634,48640,50994,13695,6643,7052,38803,19975,18828,3499,1642,1857
0.0 Scen,2017,139,Ellis County,156683,77427,79256,99910,48778,51132,13786,6691,7095,39453,20299,19154,3534,1659,1875
0.0 Scen,2018,139,Ellis County,157730,77938,79792,100159,48894,51265,13882,6736,7146,40112,20627,19485,3577,1681,1896
0.0 Scen,2019,139,Ellis County,158783,78455,80328,100424,49021,51403,13973,6780,7193,40765,20951,19814,3621,1703,1918
0.0 Scen,2020,139,Ellis County,159859,78983,80876,100682,49143,51539,14087,6838,7249,41432,21281,20151,3658,1721,1937
0.0 Scen,2021,139,Ellis County,160940,79508,81432,100936,49262,51674,14180,6882,7298,42118,21618,20500,3706,1746,1960
0.0 Scen,2022,139,Ellis County,162036,80040,81996,101191,49378,51813,14281,6931,7350,42806,21955,20851,3758,1776,1982
0.0 Scen,2023,139,Ellis County,163122,80576,82546,101435,49498,51937,14385,6985,7400,43493,22289,21204,3809,1804,2005
0.0 Scen,2024,139,Ellis County,164185,81098,83087,101638,49593,52045,14479,7031,7448,44205,22643,21562,3863,1831,2032
0.0 Scen,2025,139,Ellis County,165190,81599,83591,101819,49683,52136,14562,7077,7485,44897,22981,21916,3912,1858,2054
0.0 Scen,2026,139,Ellis County,166203,82095,84108,101970,49753,52217,14653,7121,7532,45612,23334,22278,3968,1887,2081
0.0 Scen,2027,139,Ellis County,167163,82565,84598,102093,49807,52286,14736,7162,7574,46314,23684,22630,4020,1912,2108
0.0 Scen,2028,139,Ellis County,168054,83001,85053,102160,49835,52325,14812,7198,7614,47011,24030,22981,4071,1938,2133
0.0 Scen,2029,139,Ellis County,168909,83411,85498,102205,49853,52352,14885,7234,7651,47694,24360,23334,4125,1964,2161
0.0 Scen,2030,139,Ellis County,169689,83803,85886,102195,49849,52346,14947,7268,7679,48367,24693,23674,4180,1993,2187
0.0 Scen,2031,139,Ellis County,170419,84165,86254,102150,49827,52323,15003,7294,7709,49035,25024,24011,4231,2020,2211
0.0 Scen,2032,139,Ellis County,171088,84493,86595,102068,49790,52278,15062,7323,7739,49678,25335,24343,4280,2045,2235
0.0 Scen,2033,139,Ellis County,171702,84796,86906,101953,49740,52213,15109,7346,7763,50314,25643,24671,4326,2067,2259
0.0 Scen,2034,139,Ellis County,172216,85062,87154,101764,49654,52110,15151,7370,7781,50930,25946,24984,4371,2092,2279
0.0 Scen,2035,139,Ellis County,172678,85296,87382,101557,49560,51997,15179,7385,7794,51534,26240,25294,4408,2111,2297
0.0 Scen,2036,139,Ellis County,173102,85505,87597,101313,49442,51871,15215,7404,7811,52132,26531,25601,4442,2128,2314
0.0 Scen,2037,139,Ellis County,173438,85681,87757,101024,49313,51711,15237,7417,7820,52707,26809,25898,4470,2142,2328
0.0 Scen,2038,139,Ellis County,173770,85861,87909,100735,49186,51549,15261,7432,7829,53275,27085,26190,4499,2158,2341
0.0 Scen,2039,139,Ellis County,174025,85987,88038,100398,49023,51375,15273,7437,7836,53835,27356,26479,4519,2171,2348
0.0 Scen,2040,139,Ellis County,174273,86119,88154,100059,48869,51190,15284,7444,7840,54386,27621,26765,4544,2185,2359
0.0 Scen,2041,139,Ellis County,174484,86231,88253,99705,48706,50999,15287,7444,7843,54933,27885,27048,4559,2196,2363
0.0 Scen,2042,139,Ellis County,174682,86340,88342,99340,48540,50800,15299,7452,7847,55469,28145,27324,4574,2203,2371
0.0 Scen,2043,139,Ellis County,174847,86429,88418,98945,48356,50589,15314,7461,7853,55997,28401,27596,4591,2211,2380
0.0 Scen,2044,139,Ellis County,175011,86523,88488,98553,48180,50373,15330,7468,7862,56526,28657,27869,4602,2218,2384
0.0 Scen,2045,139,Ellis County,175165,86625,88540,98166,48012,50154,15339,7478,7861,57046,28909,28137,4614,2226,2388
0.0 Scen,2046,139,Ellis County,175315,86717,88598,97769,47834,49935,15359,7492,7867,57564,29159,28405,4623,2232,2391
0.0 Scen,2047,139,Ellis County,175469,86816,88653,97383,47670,49713,15375,7501,7874,58079,29406,28673,4632,2239,2393
0.0 Scen,2048,139,Ellis County,175623,86916,88707,97008,47509,49499,15382,7509,7873,58595,29655,28940,4638,2243,2395
0.0 Scen,2049,139,Ellis County,175781,87019,88762,96645,47356,49289,15391,7516,7875,59097,29897,29200,4648,2250,2398
0.0 Scen,2050,139,Ellis County,175957,87138,88819,96288,47206,49082,15400,7529,7871,59615,30149,29466,4654,2254,2400
0.0 Scen,2010,141,El Paso County,800647,387876,412771,105246,55990,49256,20649,12015,8634,658134,311906,346228,16618,7965,8653
0.0 Scen,2011,141,El Paso County,809523,392405,417118,105407,56065,49342,20820,12084,8736,666419,316156,350263,16877,8100,8777
0.0 Scen,2012,141,El Paso County,818254,396864,421390,105438,56055,49383,20971,12138,8833,674725,320439,354286,17120,8232,8888
0.0 Scen,2013,141,El Paso County,827084,401338,425746,105393,56004,49389,21129,12201,8928,683200,324768,358432,17362,8365,8997
0.0 Scen,2014,141,El Paso County,835838,405794,430044,105301,55932,49369,21261,12240,9021,691696,329131,362565,17580,8491,9089
0.0 Scen,2015,141,El Paso County,844556,410240,434316,105132,55817,49315,21393,12285,9108,700248,333541,366707,17783,8597,9186
0.0 Scen,2016,141,El Paso County,853380,414820,438560,105073,55779,49294,21545,12345,9200,708766,337981,370785,17996,8715,9281
0.0 Scen,2017,141,El Paso County,862303,419416,442887,105015,55734,49281,21700,12413,9287,717370,342432,374938,18218,8837,9381
0.0 Scen,2018,141,El Paso County,871185,423982,447203,104914,55655,49259,21853,12472,9381,725991,346910,379081,18427,8945,9482
0.0 Scen,2019,141,El Paso County,880126,428613,451513,104841,55592,49249,22008,12542,9466,734645,351425,383220,18632,9054,9578
0.0 Scen,2020,141,El Paso County,889003,433181,455822,104736,55503,49233,22152,12600,9552,743276,355911,387365,18839,9167,9672
0.0 Scen,2021,141,El Paso County,898014,437791,460223,104602,55404,49198,22298,12654,9644,752072,360461,391611,19042,9272,9770
0.0 Scen,2022,141,El Paso County,906845,442344,464501,104436,55283,49153,22453,12718,9735,760726,364970,395756,19230,9373,9857
0.0 Scen,2023,141,El Paso County,915527,446870,468657,104250,55151,49099,22605,12779,9826,769262,369467,399795,19410,9473,9937
0.0 Scen,2024,141,El Paso County,924159,451352,472807,104050,55017,49033,22749,12831,9918,777780,373937,403843,19580,9567,10013
0.0 Scen,2025,141,El Paso County,932657,455743,476914,103840,54870,48970,22890,12884,10006,786178,378332,407846,19749,9657,10092
0.0 Scen,2026,141,El Paso County,941095,460104,480991,103614,54727,48887,23029,12932,10097,794524,382698,411826,19928,9747,10181
0.0 Scen,2027,141,El Paso County,949276,464399,484877,103342,54547,48795,23159,12977,10182,802714,387042,415672,20061,9833,10228
0.0 Scen,2028,141,El Paso County,957281,468547,488734,103065,54361,48704,23282,13016,10266,810694,391258,419436,20240,9912,10328
0.0 Scen,2029,141,El Paso County,965003,472643,492360,102792,54174,48618,23402,13059,10343,818404,395404,423000,20405,10006,10399
0.0 Scen,2030,141,El Paso County,972618,476595,496023,102533,53998,48535,23501,13089,10412,826016,399417,426599,20568,10091,10477
0.0 Scen,2031,141,El Paso County,979992,480455,499537,102288,53823,48465,23593,13114,10479,833408,403356,430052,20703,10162,10541
0.0 Scen,2032,141,El Paso County,987282,484295,502987,102032,53645,48387,23688,13143,10545,840685,407245,433440,20877,10262,10615
0.0 Scen,2033,141,El Paso County,994436,487981,506455,101770,53465,48305,23782,13171,10611,847849,411007,436842,21035,10338,10697
0.0 Scen,2034,141,El Paso County,1001423,491661,509762,101510,53285,48225,23862,13191,10671,854864,414764,440100,21187,10421,10766
0.0 Scen,2035,141,El Paso County,1008202,495202,513000,101243,53110,48133,23945,13207,10738,861683,418387,443296,21331,10498,10833
0.0 Scen,2036,141,El Paso County,1014940,498767,516173,100972,52929,48043,24022,13221,10801,868471,422042,446429,21475,10575,10900
0.0 Scen,2037,141,El Paso County,1021664,502362,519302,100712,52755,47957,24100,13236,10864,875223,425717,449506,21629,10654,10975
0.0 Scen,2038,141,El Paso County,1028106,505805,522301,100448,52587,47861,24165,13240,10925,881715,429237,452478,21778,10741,11037
0.0 Scen,2039,141,El Paso County,1034585,509307,525278,100184,52416,47768,24234,13253,10981,888250,432822,455428,21917,10816,11101
0.0 Scen,2040,141,El Paso County,1041020,512787,528233,99918,52247,47671,24287,13253,11034,894742,436387,458355,22073,10900,11173
0.0 Scen,2041,141,El Paso County,1047353,516206,531147,99660,52080,47580,24356,13260,11096,901138,439899,461239,22199,10967,11232
0.0 Scen,2042,141,El Paso County,1053586,519549,534037,99371,51904,47467,24410,13262,11148,907481,443345,464136,22324,11038,11286
0.0 Scen,2043,141,El Paso County,1059617,522833,536784,99099,51735,47364,24461,13257,11204,913603,446739,466864,22454,11102,11352
0.0 Scen,2044,141,El Paso County,1065803,526228,539575,98788,51551,47237,24517,13261,11256,919953,450248,469705,22545,11168,11377
0.0 Scen,2045,141,El Paso County,1071780,529511,542269,98489,51369,47120,24570,13268,11302,926062,453665,472397,22659,11209,11450
0.0 Scen,2046,141,El Paso County,1077824,532840,544984,98184,51189,46995,24615,13259,11356,932244,457107,475137,22781,11285,11496
0.0 Scen,2047,141,El Paso County,1083654,536032,547622,97876,51011,46865,24661,13255,11406,938236,460433,477803,22881,11333,11548
0.0 Scen,2048,141,El Paso County,1089432,539273,550159,97571,50826,46745,24699,13251,11448,944206,463807,480399,22956,11389,11567
0.0 Scen,2049,141,El Paso County,1095189,542450,552739,97265,50647,46618,24745,13247,11498,950136,467125,483011,23043,11431,11612
0.0 Scen,2050,141,El Paso County,1100897,545608,555289,96975,50476,46499,24788,13244,11544,955994,470411,485583,23140,11477,11663
0.0 Scen,2010,143,Erath County,37890,18605,19285,29382,14155,15227,431,263,168,7279,3783,3496,798,404,394
0.0 Scen,2011,143,Erath County,38088,18720,19368,29404,14180,15224,444,270,174,7434,3862,3572,806,408,398
0.0 Scen,2012,143,Erath County,38273,18837,19436,29411,14206,15205,454,275,179,7595,3943,3652,813,413,400
0.0 Scen,2013,143,Erath County,38470,18955,19515,29419,14228,15191,470,283,187,7759,4027,3732,822,417,405
0.0 Scen,2014,143,Erath County,38690,19083,19607,29437,14253,15184,482,288,194,7936,4117,3819,835,425,410
0.0 Scen,2015,143,Erath County,38927,19219,19708,29477,14289,15188,495,294,201,8107,4206,3901,848,430,418
0.0 Scen,2016,143,Erath County,39205,19362,19843,29552,14329,15223,513,303,210,8285,4296,3989,855,434,421
0.0 Scen,2017,143,Erath County,39516,19522,19994,29654,14380,15274,525,309,216,8469,4390,4079,868,443,425
0.0 Scen,2018,143,Erath County,39822,19672,20150,29756,14429,15327,540,316,224,8654,4484,4170,872,443,429
0.0 Scen,2019,143,Erath County,40146,19837,20309,29866,14488,15378,556,323,233,8841,4577,4264,883,449,434
0.0 Scen,2020,143,Erath County,40486,20017,20469,29981,14554,15427,572,331,241,9034,4677,4357,899,455,444
0.0 Scen,2021,143,Erath County,40812,20191,20621,30090,14615,15475,589,339,250,9229,4777,4452,904,460,444
0.0 Scen,2022,143,Erath County,41146,20365,20781,30194,14675,15519,602,346,256,9427,4876,4551,923,468,455
0.0 Scen,2023,143,Erath County,41457,20519,20938,30292,14726,15566,619,354,265,9617,4969,4648,929,470,459
0.0 Scen,2024,143,Erath County,41777,20678,21099,30390,14776,15614,633,362,271,9812,5063,4749,942,477,465
0.0 Scen,2025,143,Erath County,42090,20833,21257,30484,14826,15658,651,370,281,10003,5154,4849,952,483,469
0.0 Scen,2026,143,Erath County,42406,20995,21411,30573,14875,15698,666,378,288,10199,5248,4951,968,494,474
0.0 Scen,2027,143,Erath County,42699,21137,21562,30657,14920,15737,684,386,298,10381,5333,5048,977,498,479
0.0 Scen,2028,143,Erath County,42981,21275,21706,30727,14958,15769,698,394,304,10570,5421,5149,986,502,484
0.0 Scen,2029,143,Erath County,43249,21403,21846,30789,14988,15801,709,398,311,10753,5508,5245,998,509,489
0.0 Scen,2030,143,Erath County,43511,21535,21976,30843,15020,15823,722,406,316,10938,5594,5344,1008,515,493
0.0 Scen,2031,143,Erath County,43757,21658,22099,30879,15045,15834,733,412,321,11128,5681,5447,1017,520,497
0.0 Scen,2032,143,Erath County,44009,21779,22230,30921,15069,15852,745,417,328,11321,5769,5552,1022,524,498
0.0 Scen,2033,143,Erath County,44262,21904,22358,30963,15095,15868,757,422,335,11510,5860,5650,1032,527,505
0.0 Scen,2034,143,Erath County,44520,22039,22481,31006,15122,15884,777,435,342,11698,5952,5746,1039,530,509
0.0 Scen,2035,143,Erath County,44780,22169,22611,31055,15146,15909,792,442,350,11884,6043,5841,1049,538,511
0.0 Scen,2036,143,Erath County,45040,22302,22738,31105,15176,15929,810,451,359,12070,6134,5936,1055,541,514
0.0 Scen,2037,143,Erath County,45309,22440,22869,31155,15203,15952,828,460,368,12262,6231,6031,1064,546,518
0.0 Scen,2038,143,Erath County,45577,22572,23005,31212,15233,15979,842,467,375,12451,6323,6128,1072,549,523
0.0 Scen,2039,143,Erath County,45846,22714,23132,31265,15267,15998,860,476,384,12644,6420,6224,1077,551,526
0.0 Scen,2040,143,Erath County,46112,22847,23265,31320,15295,16025,879,485,394,12833,6516,6317,1080,551,529
0.0 Scen,2041,143,Erath County,46404,23001,23403,31391,15336,16055,898,495,403,13029,6615,6414,1086,555,531
0.0 Scen,2042,143,Erath County,46698,23155,23543,31460,15376,16084,921,508,413,13227,6715,6512,1090,556,534
0.0 Scen,2043,143,Erath County,46975,23293,23682,31523,15412,16111,940,517,423,13420,6809,6611,1092,555,537
0.0 Scen,2044,143,Erath County,47272,23447,23825,31599,15455,16144,964,530,434,13614,6906,6708,1095,556,539
0.0 Scen,2045,143,Erath County,47573,23599,23974,31679,15499,16180,986,542,444,13811,7001,6810,1097,557,540
0.0 Scen,2046,143,Erath County,47866,23748,24118,31753,15544,16209,1007,551,456,14004,7093,6911,1102,560,542
0.0 Scen,2047,143,Erath County,48167,23898,24269,31837,15590,16247,1028,561,467,14195,7185,7010,1107,562,545
0.0 Scen,2048,143,Erath County,48487,24062,24425,31935,15649,16286,1046,568,478,14397,7281,7116,1109,564,545
0.0 Scen,2049,143,Erath County,48806,24221,24585,32032,15700,16332,1063,578,485,14598,7377,7221,1113,566,547
0.0 Scen,2050,143,Erath County,49136,24386,24750,32136,15757,16379,1085,588,497,14798,7473,7325,1117,568,549
0.0 Scen,2010,145,Falls County,17866,8494,9372,9381,4463,4918,4463,1921,2542,3716,1956,1760,306,154,152
0.0 Scen,2011,145,Falls County,17918,8520,9398,9339,4440,4899,4502,1941,2561,3768,1983,1785,309,156,153
0.0 Scen,2012,145,Falls County,17981,8553,9428,9307,4423,4884,4536,1960,2576,3826,2013,1813,312,157,155
0.0 Scen,2013,145,Falls County,18053,8589,9464,9274,4404,4870,4577,1983,2594,3886,2044,1842,316,158,158
0.0 Scen,2014,145,Falls County,18114,8619,9495,9237,4383,4854,4615,2004,2611,3943,2073,1870,319,159,160
0.0 Scen,2015,145,Falls County,18174,8655,9519,9205,4370,4835,4651,2024,2627,3996,2100,1896,322,161,161
0.0 Scen,2016,145,Falls County,18225,8681,9544,9159,4346,4813,4684,2039,2645,4056,2131,1925,326,165,161
0.0 Scen,2017,145,Falls County,18273,8710,9563,9120,4329,4791,4713,2055,2658,4109,2158,1951,331,168,163
0.0 Scen,2018,145,Falls County,18312,8731,9581,9069,4303,4766,4742,2071,2671,4165,2187,1978,336,170,166
0.0 Scen,2019,145,Falls County,18349,8751,9598,9022,4276,4746,4765,2083,2682,4222,2219,2003,340,173,167
0.0 Scen,2020,145,Falls County,18388,8771,9617,8977,4252,4725,4785,2094,2691,4281,2249,2032,345,176,169
0.0 Scen,2021,145,Falls County,18430,8792,9638,8923,4222,4701,4809,2108,2701,4346,2284,2062,352,178,174
0.0 Scen,2022,145,Falls County,18463,8809,9654,8872,4195,4677,4825,2118,2707,4404,2312,2092,362,184,178
0.0 Scen,2023,145,Falls County,18481,8818,9663,8818,4167,4651,4836,2127,2709,4461,2340,2121,366,184,182
0.0 Scen,2024,145,Falls County,18506,8834,9672,8768,4143,4625,4846,2135,2711,4521,2370,2151,371,186,185
0.0 Scen,2025,145,Falls County,18522,8844,9678,8714,4117,4597,4856,2143,2713,4577,2397,2180,375,187,188
0.0 Scen,2026,145,Falls County,18538,8852,9686,8662,4092,4570,4868,2150,2718,4629,2420,2209,379,190,189
0.0 Scen,2027,145,Falls County,18553,8865,9688,8602,4066,4536,4878,2158,2720,4691,2449,2242,382,192,190
0.0 Scen,2028,145,Falls County,18573,8880,9693,8554,4046,4508,4887,2163,2724,4748,2477,2271,384,194,190
0.0 Scen,2029,145,Falls County,18584,8889,9695,8505,4021,4484,4895,2173,2722,4798,2500,2298,386,195,191
0.0 Scen,2030,145,Falls County,18581,8891,9690,8445,3993,4452,4894,2175,2719,4850,2525,2325,392,198,194
0.0 Scen,2031,145,Falls County,18584,8901,9683,8391,3971,4420,4900,2181,2719,4897,2549,2348,396,200,196
0.0 Scen,2032,145,Falls County,18595,8910,9685,8339,3946,4393,4904,2186,2718,4950,2574,2376,402,204,198
0.0 Scen,2033,145,Falls County,18601,8915,9686,8279,3915,4364,4919,2197,2722,4996,2596,2400,407,207,200
0.0 Scen,2034,145,Falls County,18598,8912,9686,8220,3885,4335,4921,2199,2722,5047,2620,2427,410,208,202
0.0 Scen,2035,145,Falls County,18605,8921,9684,8169,3865,4304,4930,2206,2724,5092,2640,2452,414,210,204
0.0 Scen,2036,145,Falls County,18597,8922,9675,8106,3835,4271,4937,2213,2724,5137,2663,2474,417,211,206
0.0 Scen,2037,145,Falls County,18603,8929,9674,8053,3813,4240,4947,2221,2726,5184,2684,2500,419,211,208
0.0 Scen,2038,145,Falls County,18592,8938,9654,7994,3790,4204,4951,2229,2722,5225,2705,2520,422,214,208
0.0 Scen,2039,145,Falls County,18575,8926,9649,7933,3758,4175,4954,2233,2721,5266,2722,2544,422,213,209
0.0 Scen,2040,145,Falls County,18563,8926,9637,7874,3733,4141,4962,2241,2721,5304,2738,2566,423,214,209
0.0 Scen,2041,145,Falls County,18566,8938,9628,7823,3714,4109,4977,2255,2722,5342,2754,2588,424,215,209
0.0 Scen,2042,145,Falls County,18562,8945,9617,7766,3690,4076,4992,2268,2724,5379,2771,2608,425,216,209
0.0 Scen,2043,145,Falls County,18553,8949,9604,7710,3666,4044,5001,2276,2725,5416,2790,2626,426,217,209
0.0 Scen,2044,145,Falls County,18541,8946,9595,7648,3634,4014,5013,2287,2726,5453,2806,2647,427,219,208
0.0 Scen,2045,145,Falls County,18544,8959,9585,7591,3611,3980,5032,2302,2730,5491,2825,2666,430,221,209
0.0 Scen,2046,145,Falls County,18537,8966,9571,7531,3588,3943,5041,2311,2730,5530,2843,2687,435,224,211
0.0 Scen,2047,145,Falls County,18528,8970,9558,7471,3562,3909,5049,2319,2730,5571,2862,2709,437,227,210
0.0 Scen,2048,145,Falls County,18521,8981,9540,7418,3544,3874,5050,2324,2726,5613,2883,2730,440,230,210
0.0 Scen,2049,145,Falls County,18516,8989,9527,7362,3521,3841,5062,2334,2728,5650,2902,2748,442,232,210
0.0 Scen,2050,145,Falls County,18507,8997,9510,7313,3503,3810,5062,2338,2724,5687,2921,2766,445,235,210
0.0 Scen,2010,147,Fannin County,33915,17988,15927,27433,13941,13492,2273,1556,717,3226,2010,1216,983,481,502
0.0 Scen,2011,147,Fannin County,33939,17995,15944,27387,13913,13474,2283,1561,722,3277,2035,1242,992,486,506
0.0 Scen,2012,147,Fannin County,33982,18013,15969,27360,13892,13468,2294,1568,726,3327,2062,1265,1001,491,510
0.0 Scen,2013,147,Fannin County,34026,18025,16001,27339,13874,13465,2303,1572,731,3379,2087,1292,1005,492,513
0.0 Scen,2014,147,Fannin County,34085,18048,16037,27325,13861,13464,2313,1575,738,3432,2114,1318,1015,498,517
0.0 Scen,2015,147,Fannin County,34149,18079,16070,27312,13851,13461,2328,1584,744,3486,2141,1345,1023,503,520
0.0 Scen,2016,147,Fannin County,34217,18109,16108,27300,13839,13461,2338,1589,749,3544,2172,1372,1035,509,526
0.0 Scen,2017,147,Fannin County,34277,18135,16142,27284,13823,13461,2347,1594,753,3599,2200,1399,1047,518,529
0.0 Scen,2018,147,Fannin County,34352,18171,16181,27284,13821,13463,2357,1600,757,3656,2229,1427,1055,521,534
0.0 Scen,2019,147,Fannin County,34412,18187,16225,27264,13803,13461,2368,1602,766,3718,2259,1459,1062,523,539
0.0 Scen,2020,147,Fannin County,34480,18220,16260,27247,13792,13455,2379,1607,772,3778,2289,1489,1076,532,544
0.0 Scen,2021,147,Fannin County,34554,18247,16307,27247,13785,13462,2386,1609,777,3835,2316,1519,1086,537,549
0.0 Scen,2022,147,Fannin County,34623,18278,16345,27235,13778,13457,2392,1607,785,3897,2349,1548,1099,544,555
0.0 Scen,2023,147,Fannin County,34690,18306,16384,27220,13768,13452,2399,1607,792,3961,2381,1580,1110,550,560
0.0 Scen,2024,147,Fannin County,34747,18327,16420,27195,13751,13444,2407,1609,798,4020,2409,1611,1125,558,567
0.0 Scen,2025,147,Fannin County,34809,18353,16456,27177,13738,13439,2412,1608,804,4081,2440,1641,1139,567,572
0.0 Scen,2026,147,Fannin County,34868,18375,16493,27158,13725,13433,2413,1604,809,4145,2472,1673,1152,574,578
0.0 Scen,2027,147,Fannin County,34914,18393,16521,27123,13705,13418,2416,1603,813,4211,2505,1706,1164,580,584
0.0 Scen,2028,147,Fannin County,34955,18414,16541,27081,13684,13397,2417,1602,815,4280,2542,1738,1177,586,591
0.0 Scen,2029,147,Fannin County,34983,18418,16565,27039,13660,13379,2412,1594,818,4344,2573,1771,1188,591,597
0.0 Scen,2030,147,Fannin County,35019,18437,16582,26996,13640,13356,2412,1594,818,4410,2606,1804,1201,597,604
0.0 Scen,2031,147,Fannin County,35039,18439,16600,26940,13609,13331,2411,1588,823,4476,2640,1836,1212,602,610
0.0 Scen,2032,147,Fannin County,35058,18446,16612,26880,13576,13304,2407,1584,823,4542,2673,1869,1229,613,616
0.0 Scen,2033,147,Fannin County,35069,18450,16619,26810,13540,13270,2405,1582,823,4612,2708,1904,1242,620,622
0.0 Scen,2034,147,Fannin County,35073,18448,16625,26742,13510,13232,2397,1573,824,4677,2739,1938,1257,626,631
0.0 Scen,2035,147,Fannin County,35070,18454,16616,26661,13475,13186,2392,1570,822,4745,2774,1971,1272,635,637
0.0 Scen,2036,147,Fannin County,35067,18454,16613,26599,13451,13148,2382,1563,819,4805,2801,2004,1281,639,642
0.0 Scen,2037,147,Fannin County,35064,18450,16614,26532,13414,13118,2376,1560,816,4865,2831,2034,1291,645,646
0.0 Scen,2038,147,Fannin County,35035,18436,16599,26449,13376,13073,2367,1555,812,4923,2857,2066,1296,648,648
0.0 Scen,2039,147,Fannin County,35027,18433,16594,26379,13341,13038,2359,1551,808,4982,2888,2094,1307,653,654
0.0 Scen,2040,147,Fannin County,35018,18429,16589,26307,13306,13001,2358,1553,805,5038,2914,2124,1315,656,659
0.0 Scen,2041,147,Fannin County,35009,18420,16589,26239,13270,12969,2350,1549,801,5098,2942,2156,1322,659,663
0.0 Scen,2042,147,Fannin County,35000,18416,16584,26177,13240,12937,2346,1548,798,5151,2966,2185,1326,662,664
0.0 Scen,2043,147,Fannin County,34990,18414,16576,26110,13211,12899,2338,1543,795,5210,2996,2214,1332,664,668
0.0 Scen,2044,147,Fannin County,34968,18405,16563,26035,13179,12856,2333,1537,796,5266,3024,2242,1334,665,669
0.0 Scen,2045,147,Fannin County,34955,18399,16556,25975,13152,12823,2325,1533,792,5321,3049,2272,1334,665,669
0.0 Scen,2046,147,Fannin County,34960,18399,16561,25915,13123,12792,2324,1531,793,5378,3076,2302,1343,669,674
0.0 Scen,2047,147,Fannin County,34970,18415,16555,25865,13107,12758,2322,1529,793,5439,3107,2332,1344,672,672
0.0 Scen,2048,147,Fannin County,34987,18433,16554,25817,13090,12727,2322,1530,792,5498,3136,2362,1350,677,673
0.0 Scen,2049,147,Fannin County,34992,18445,16547,25771,13079,12692,2316,1525,791,5557,3165,2392,1348,676,672
0.0 Scen,2050,147,Fannin County,34994,18453,16541,25723,13062,12661,2311,1524,787,5613,3193,2420,1347,674,673
0.0 Scen,2010,149,Fayette County,24554,12081,12473,18038,8796,9242,1599,762,837,4585,2367,2218,332,156,176
0.0 Scen,2011,149,Fayette County,24480,12056,12424,17875,8722,9153,1605,768,837,4662,2407,2255,338,159,179
0.0 Scen,2012,149,Fayette County,24418,12033,12385,17718,8648,9070,1609,772,837,4745,2450,2295,346,163,183
0.0 Scen,2013,149,Fayette County,24364,12014,12350,17556,8570,8986,1619,780,839,4834,2496,2338,355,168,187
0.0 Scen,2014,149,Fayette County,24301,11988,12313,17397,8495,8902,1629,786,843,4914,2537,2377,361,170,191
0.0 Scen,2015,149,Fayette County,24256,11974,12282,17248,8423,8825,1639,794,845,5000,2582,2418,369,175,194
0.0 Scen,2016,149,Fayette County,24225,11963,12262,17105,8355,8750,1648,799,849,5096,2631,2465,376,178,198
0.0 Scen,2017,149,Fayette County,24199,11957,12242,16976,8293,8683,1659,808,851,5182,2675,2507,382,181,201
0.0 Scen,2018,149,Fayette County,24186,11956,12230,16854,8234,8620,1669,814,855,5269,2720,2549,394,188,206
0.0 Scen,2019,149,Fayette County,24175,11957,12218,16733,8177,8556,1677,820,857,5362,2767,2595,403,193,210
0.0 Scen,2020,149,Fayette County,24174,11964,12210,16620,8126,8494,1688,826,862,5453,2812,2641,413,200,213
0.0 Scen,2021,149,Fayette County,24181,11973,12208,16505,8071,8434,1707,837,870,5547,2861,2686,422,204,218
0.0 Scen,2022,149,Fayette County,24182,11980,12202,16392,8016,8376,1718,843,875,5642,2912,2730,430,209,221
0.0 Scen,2023,149,Fayette County,24191,11983,12208,16289,7966,8323,1725,846,879,5736,2956,2780,441,215,226
0.0 Scen,2024,149,Fayette County,24188,11978,12210,16177,7908,8269,1734,850,884,5828,3001,2827,449,219,230
0.0 Scen,2025,149,Fayette County,24185,11974,12211,16059,7851,8208,1743,852,891,5922,3046,2876,461,225,236
0.0 Scen,2026,149,Fayette County,24186,11973,12213,15946,7796,8150,1756,859,897,6013,3088,2925,471,230,241
0.0 Scen,2027,149,Fayette County,24167,11965,12202,15816,7735,8081,1762,864,898,6110,3131,2979,479,235,244
0.0 Scen,2028,149,Fayette County,24155,11960,12195,15696,7678,8018,1770,867,903,6201,3175,3026,488,240,248
0.0 Scen,2029,149,Fayette County,24127,11944,12183,15563,7615,7948,1772,869,903,6297,3217,3080,495,243,252
0.0 Scen,2030,149,Fayette County,24104,11929,12175,15440,7553,7887,1774,868,906,6387,3260,3127,503,248,255
0.0 Scen,2031,149,Fayette County,24075,11916,12159,15306,7488,7818,1774,870,904,6482,3305,3177,513,253,260
0.0 Scen,2032,149,Fayette County,24036,11901,12135,15173,7429,7744,1774,870,904,6567,3345,3222,522,257,265
0.0 Scen,2033,149,Fayette County,23990,11880,12110,15031,7358,7673,1773,873,900,6654,3386,3268,532,263,269
0.0 Scen,2034,149,Fayette County,23934,11852,12082,14894,7292,7602,1765,868,897,6735,3424,3311,540,268,272
0.0 Scen,2035,149,Fayette County,23883,11832,12051,14760,7233,7527,1760,865,895,6817,3463,3354,546,271,275
0.0 Scen,2036,149,Fayette County,23815,11800,12015,14613,7162,7451,1750,860,890,6893,3499,3394,559,279,280
0.0 Scen,2037,149,Fayette County,23759,11775,11984,14474,7098,7376,1742,854,888,6972,3538,3434,571,285,286
0.0 Scen,2038,149,Fayette County,23692,11738,11954,14328,7023,7305,1736,849,887,7046,3575,3471,582,291,291
0.0 Scen,2039,149,Fayette County,23632,11715,11917,14186,6959,7227,1731,847,884,7122,3612,3510,593,297,296
0.0 Scen,2040,149,Fayette County,23565,11681,11884,14042,6888,7154,1724,842,882,7194,3648,3546,605,303,302
0.0 Scen,2041,149,Fayette County,23505,11657,11848,13906,6827,7079,1717,837,880,7264,3684,3580,618,309,309
0.0 Scen,2042,149,Fayette County,23452,11636,11816,13777,6769,7008,1715,837,878,7330,3715,3615,630,315,315
0.0 Scen,2043,149,Fayette County,23393,11610,11783,13646,6706,6940,1710,837,873,7396,3746,3650,641,321,320
0.0 Scen,2044,149,Fayette County,23337,11588,11749,13517,6651,6866,1703,833,870,7465,3779,3686,652,325,327
0.0 Scen,2045,149,Fayette County,23291,11565,11726,13396,6591,6805,1699,834,865,7532,3809,3723,664,331,333
0.0 Scen,2046,149,Fayette County,23254,11554,11700,13279,6537,6742,1697,835,862,7601,3845,3756,677,337,340
0.0 Scen,2047,149,Fayette County,23223,11548,11675,13172,6493,6679,1694,834,860,7667,3876,3791,690,345,345
0.0 Scen,2048,149,Fayette County,23201,11545,11656,13068,6448,6620,1698,837,861,7738,3910,3828,697,350,347
0.0 Scen,2049,149,Fayette County,23182,11541,11641,12967,6402,6565,1698,838,860,7809,3945,3864,708,356,352
0.0 Scen,2050,149,Fayette County,23169,11542,11627,12869,6359,6510,1699,838,861,7881,3982,3899,720,363,357
0.0 Scen,2010,151,Fisher County,3974,1958,2016,2797,1367,1430,124,55,69,999,507,492,54,29,25
0.0 Scen,2011,151,Fisher County,3980,1961,2019,2787,1362,1425,125,56,69,1014,514,500,54,29,25
0.0 Scen,2012,151,Fisher County,3979,1960,2019,2772,1354,1418,125,56,69,1028,521,507,54,29,25
0.0 Scen,2013,151,Fisher County,3982,1967,2015,2761,1352,1409,126,57,69,1042,529,513,53,29,24
0.0 Scen,2014,151,Fisher County,3981,1967,2014,2744,1344,1400,128,58,70,1056,536,520,53,29,24
0.0 Scen,2015,151,Fisher County,3982,1970,2012,2729,1340,1389,130,59,71,1069,542,527,54,29,25
0.0 Scen,2016,151,Fisher County,3988,1976,2012,2719,1337,1382,131,60,71,1084,550,534,54,29,25
0.0 Scen,2017,151,Fisher County,3996,1981,2015,2706,1331,1375,132,61,71,1103,560,543,55,29,26
0.0 Scen,2018,151,Fisher County,4007,1989,2018,2701,1331,1370,133,62,71,1118,567,551,55,29,26
0.0 Scen,2019,151,Fisher County,4016,1998,2018,2693,1328,1365,134,63,71,1134,577,557,55,30,25
0.0 Scen,2020,151,Fisher County,4025,2005,2020,2681,1323,1358,136,64,72,1152,588,564,56,30,26
0.0 Scen,2021,151,Fisher County,4042,2013,2029,2677,1320,1357,138,65,73,1170,597,573,57,31,26
0.0 Scen,2022,151,Fisher County,4062,2027,2035,2674,1319,1355,138,65,73,1192,612,580,58,31,27
0.0 Scen,2023,151,Fisher County,4068,2029,2039,2665,1313,1352,137,65,72,1209,621,588,57,30,27
0.0 Scen,2024,151,Fisher County,4071,2031,2040,2655,1308,1347,138,65,73,1221,628,593,57,30,27
0.0 Scen,2025,151,Fisher County,4079,2036,2043,2647,1304,1343,138,66,72,1237,636,601,57,30,27
0.0 Scen,2026,151,Fisher County,4084,2041,2043,2634,1299,1335,140,67,73,1253,645,608,57,30,27
0.0 Scen,2027,151,Fisher County,4090,2044,2046,2624,1292,1332,140,67,73,1268,654,614,58,31,27
0.0 Scen,2028,151,Fisher County,4088,2047,2041,2606,1286,1320,141,67,74,1282,663,619,59,31,28
0.0 Scen,2029,151,Fisher County,4098,2053,2045,2596,1281,1315,141,68,73,1301,672,629,60,32,28
0.0 Scen,2030,151,Fisher County,4099,2053,2046,2582,1274,1308,140,67,73,1316,680,636,61,32,29
0.0 Scen,2031,151,Fisher County,4102,2058,2044,2570,1270,1300,140,68,72,1330,687,643,62,33,29
0.0 Scen,2032,151,Fisher County,4110,2062,2048,2563,1267,1296,139,67,72,1345,695,650,63,33,30
0.0 Scen,2033,151,Fisher County,4114,2068,2046,2554,1265,1289,137,66,71,1359,703,656,64,34,30
0.0 Scen,2034,151,Fisher County,4118,2070,2048,2542,1259,1283,136,65,71,1376,712,664,64,34,30
0.0 Scen,2035,151,Fisher County,4120,2073,2047,2530,1254,1276,136,66,70,1390,719,671,64,34,30
0.0 Scen,2036,151,Fisher County,4121,2074,2047,2515,1247,1268,136,66,70,1406,727,679,64,34,30
0.0 Scen,2037,151,Fisher County,4119,2074,2045,2500,1239,1261,136,67,69,1419,734,685,64,34,30
0.0 Scen,2038,151,Fisher County,4115,2072,2043,2485,1232,1253,137,67,70,1430,740,690,63,33,30
0.0 Scen,2039,151,Fisher County,4113,2073,2040,2472,1227,1245,136,67,69,1442,746,696,63,33,30
0.0 Scen,2040,151,Fisher County,4118,2075,2043,2467,1224,1243,136,67,69,1453,752,701,62,32,30
0.0 Scen,2041,151,Fisher County,4119,2080,2039,2455,1222,1233,136,68,68,1467,759,708,61,31,30
0.0 Scen,2042,151,Fisher County,4121,2080,2041,2445,1217,1228,137,68,69,1479,765,714,60,30,30
0.0 Scen,2043,151,Fisher County,4127,2084,2043,2438,1215,1223,137,68,69,1492,771,721,60,30,30
0.0 Scen,2044,151,Fisher County,4130,2087,2043,2428,1213,1215,137,67,70,1505,777,728,60,30,30
0.0 Scen,2045,151,Fisher County,4131,2087,2044,2419,1209,1210,136,67,69,1517,782,735,59,29,30
0.0 Scen,2046,151,Fisher County,4134,2088,2046,2413,1207,1206,136,66,70,1527,787,740,58,28,30
0.0 Scen,2047,151,Fisher County,4139,2090,2049,2407,1204,1203,137,67,70,1538,792,746,57,27,30
0.0 Scen,2048,151,Fisher County,4143,2094,2049,2401,1202,1199,136,66,70,1549,799,750,57,27,30
0.0 Scen,2049,151,Fisher County,4142,2095,2047,2390,1196,1194,135,66,69,1562,807,755,55,26,29
0.0 Scen,2050,151,Fisher County,4150,2097,2053,2385,1193,1192,134,65,69,1577,814,763,54,25,29
0.0 Scen,2010,153,Floyd County,6446,3176,3270,2777,1332,1445,211,106,105,3410,1716,1694,48,22,26
0.0 Scen,2011,153,Floyd County,6485,3197,3288,2755,1321,1434,213,107,106,3469,1747,1722,48,22,26
0.0 Scen,2012,153,Floyd County,6518,3215,3303,2732,1312,1420,214,107,107,3524,1774,1750,48,22,26
0.0 Scen,2013,153,Floyd County,6566,3241,3325,2712,1304,1408,216,108,108,3590,1807,1783,48,22,26
0.0 Scen,2014,153,Floyd County,6600,3256,3344,2683,1289,1394,216,108,108,3653,1837,1816,48,22,26
0.0 Scen,2015,153,Floyd County,6634,3278,3356,2653,1278,1375,216,109,107,3716,1868,1848,49,23,26
0.0 Scen,2016,153,Floyd County,6678,3299,3379,2632,1267,1365,215,108,107,3782,1901,1881,49,23,26
0.0 Scen,2017,153,Floyd County,6721,3323,3398,2606,1257,1349,215,109,106,3850,1933,1917,50,24,26
0.0 Scen,2018,153,Floyd County,6772,3355,3417,2590,1253,1337,213,108,105,3918,1970,1948,51,24,27
0.0 Scen,2019,153,Floyd County,6822,3384,3438,2572,1246,1326,213,109,104,3985,2004,1981,52,25,27
0.0 Scen,2020,153,Floyd County,6876,3411,3465,2558,1240,1318,212,109,103,4054,2037,2017,52,25,27
0.0 Scen,2021,153,Floyd County,6938,3445,3493,2542,1233,1309,212,110,102,4132,2077,2055,52,25,27
0.0 Scen,2022,153,Floyd County,6994,3476,3518,2524,1226,1298,211,109,102,4206,2116,2090,53,25,28
0.0 Scen,2023,153,Floyd County,7050,3507,3543,2510,1223,1287,211,109,102,4275,2149,2126,54,26,28
0.0 Scen,2024,153,Floyd County,7106,3538,3568,2496,1218,1278,213,111,102,4342,2183,2159,55,26,29
0.0 Scen,2025,153,Floyd County,7161,3567,3594,2480,1211,1269,213,111,102,4413,2218,2195,55,27,28
0.0 Scen,2026,153,Floyd County,7215,3591,3624,2466,1202,1264,213,111,102,4480,2251,2229,56,27,29
0.0 Scen,2027,153,Floyd County,7264,3616,3648,2445,1193,1252,214,111,103,4548,2284,2264,57,28,29
0.0 Scen,2028,153,Floyd County,7313,3639,3674,2425,1183,1242,214,111,103,4616,2317,2299,58,28,30
0.0 Scen,2029,153,Floyd County,7360,3662,3698,2407,1174,1233,214,111,103,4680,2348,2332,59,29,30
0.0 Scen,2030,153,Floyd County,7393,3679,3714,2385,1164,1221,214,111,103,4734,2375,2359,60,29,31
0.0 Scen,2031,153,Floyd County,7438,3702,3736,2368,1156,1212,214,111,103,4795,2405,2390,61,30,31
0.0 Scen,2032,153,Floyd County,7484,3726,3758,2352,1147,1205,215,112,103,4855,2437,2418,62,30,32
0.0 Scen,2033,153,Floyd County,7527,3748,3779,2334,1140,1194,216,113,103,4914,2464,2450,63,31,32
0.0 Scen,2034,153,Floyd County,7562,3766,3796,2314,1132,1182,216,113,103,4970,2491,2479,62,30,32
0.0 Scen,2035,153,Floyd County,7604,3787,3817,2298,1125,1173,216,113,103,5027,2518,2509,63,31,32
0.0 Scen,2036,153,Floyd County,7642,3806,3836,2280,1117,1163,216,113,103,5083,2545,2538,63,31,32
0.0 Scen,2037,153,Floyd County,7673,3823,3850,2259,1109,1150,216,113,103,5135,2570,2565,63,31,32
0.0 Scen,2038,153,Floyd County,7715,3844,3871,2245,1102,1143,214,111,103,5193,2600,2593,63,31,32
0.0 Scen,2039,153,Floyd County,7750,3866,3884,2225,1095,1130,213,111,102,5249,2629,2620,63,31,32
0.0 Scen,2040,153,Floyd County,7785,3886,3899,2207,1089,1118,212,110,102,5303,2656,2647,63,31,32
0.0 Scen,2041,153,Floyd County,7817,3903,3914,2188,1081,1107,211,110,101,5355,2681,2674,63,31,32
0.0 Scen,2042,153,Floyd County,7853,3922,3931,2172,1074,1098,210,109,101,5408,2708,2700,63,31,32
0.0 Scen,2043,153,Floyd County,7890,3940,3950,2155,1065,1090,209,109,100,5463,2735,2728,63,31,32
0.0 Scen,2044,153,Floyd County,7929,3961,3968,2141,1060,1081,208,108,100,5517,2762,2755,63,31,32
0.0 Scen,2045,153,Floyd County,7971,3984,3987,2126,1054,1072,207,108,99,5575,2791,2784,63,31,32
0.0 Scen,2046,153,Floyd County,8010,4005,4005,2112,1049,1063,205,107,98,5631,2819,2812,62,30,32
0.0 Scen,2047,153,Floyd County,8052,4026,4026,2098,1043,1055,204,107,97,5688,2846,2842,62,30,32
0.0 Scen,2048,153,Floyd County,8100,4052,4048,2085,1039,1046,203,106,97,5750,2877,2873,62,30,32
0.0 Scen,2049,153,Floyd County,8148,4079,4069,2075,1036,1039,202,106,96,5809,2907,2902,62,30,32
0.0 Scen,2050,153,Floyd County,8192,4105,4087,2065,1034,1031,201,105,96,5865,2937,2928,61,29,32
0.0 Scen,2010,155,Foard County,1336,637,699,1087,516,571,53,23,30,187,94,93,9,4,5
0.0 Scen,2011,155,Foard County,1340,642,698,1087,518,569,53,23,30,191,97,94,9,4,5
0.0 Scen,2012,155,Foard County,1344,646,698,1086,519,567,53,23,30,196,100,96,9,4,5
0.0 Scen,2013,155,Foard County,1348,651,697,1085,521,564,53,23,30,201,103,98,9,4,5
0.0 Scen,2014,155,Foard County,1354,655,699,1086,522,564,53,23,30,206,106,100,9,4,5
0.0 Scen,2015,155,Foard County,1362,661,701,1088,524,564,54,24,30,211,109,102,9,4,5
0.0 Scen,2016,155,Foard County,1368,666,702,1089,526,563,54,24,30,216,112,104,9,4,5
0.0 Scen,2017,155,Foard County,1377,672,705,1092,528,564,55,25,30,221,115,106,9,4,5
0.0 Scen,2018,155,Foard County,1385,678,707,1094,531,563,56,25,31,226,118,108,9,4,5
0.0 Scen,2019,155,Foard County,1395,684,711,1098,533,565,57,26,31,231,121,110,9,4,5
0.0 Scen,2020,155,Foard County,1405,691,714,1101,536,565,58,26,32,237,125,112,9,4,5
0.0 Scen,2021,155,Foard County,1413,699,714,1103,540,563,59,27,32,242,128,114,9,4,5
0.0 Scen,2022,155,Foard County,1418,701,717,1102,540,562,59,26,33,248,131,117,9,4,5
0.0 Scen,2023,155,Foard County,1424,705,719,1101,540,561,60,27,33,254,134,120,9,4,5
0.0 Scen,2024,155,Foard County,1426,704,722,1096,536,560,61,27,34,260,137,123,9,4,5
0.0 Scen,2025,155,Foard County,1433,711,722,1098,539,559,61,28,33,265,140,125,9,4,5
0.0 Scen,2026,155,Foard County,1439,715,724,1099,540,559,61,28,33,270,143,127,9,4,5
0.0 Scen,2027,155,Foard County,1444,719,725,1098,540,558,61,29,32,276,146,130,9,4,5
0.0 Scen,2028,155,Foard County,1451,722,729,1097,540,557,62,29,33,283,149,134,9,4,5
0.0 Scen,2029,155,Foard County,1450,722,728,1090,536,554,63,30,33,288,152,136,9,4,5
0.0 Scen,2030,155,Foard County,1448,720,728,1083,532,551,63,30,33,293,154,139,9,4,5
0.0 Scen,2031,155,Foard County,1444,718,726,1076,528,548,63,30,33,296,156,140,9,4,5
0.0 Scen,2032,155,Foard County,1440,717,723,1068,525,543,63,30,33,300,158,142,9,4,5
0.0 Scen,2033,155,Foard County,1438,716,722,1062,521,541,63,30,33,304,161,143,9,4,5
0.0 Scen,2034,155,Foard County,1437,718,719,1058,521,537,63,30,33,307,163,144,9,4,5
0.0 Scen,2035,155,Foard County,1435,718,717,1052,518,534,63,30,33,311,166,145,9,4,5
0.0 Scen,2036,155,Foard County,1432,718,714,1044,515,529,63,30,33,316,169,147,9,4,5
0.0 Scen,2037,155,Foard County,1427,716,711,1036,511,525,63,30,33,319,171,148,9,4,5
0.0 Scen,2038,155,Foard County,1424,716,708,1030,509,521,62,29,33,323,174,149,9,4,5
0.0 Scen,2039,155,Foard County,1420,715,705,1023,506,517,62,29,33,326,176,150,9,4,5
0.0 Scen,2040,155,Foard County,1416,715,701,1015,504,511,62,29,33,330,178,152,9,4,5
0.0 Scen,2041,155,Foard County,1415,715,700,1010,502,508,62,29,33,334,180,154,9,4,5
0.0 Scen,2042,155,Foard County,1413,715,698,1003,500,503,62,29,33,339,182,157,9,4,5
0.0 Scen,2043,155,Foard County,1413,715,698,999,498,501,61,29,32,344,184,160,9,4,5
0.0 Scen,2044,155,Foard County,1410,713,697,991,493,498,61,29,32,349,187,162,9,4,5
0.0 Scen,2045,155,Foard County,1408,710,698,985,488,497,61,29,32,353,189,164,9,4,5
0.0 Scen,2046,155,Foard County,1408,712,696,980,487,493,61,29,32,358,192,166,9,4,5
0.0 Scen,2047,155,Foard County,1407,714,693,975,486,489,60,29,31,363,195,168,9,4,5
0.0 Scen,2048,155,Foard County,1407,714,693,972,485,487,59,28,31,367,197,170,9,4,5
0.0 Scen,2049,155,Foard County,1410,717,693,970,485,485,59,28,31,372,200,172,9,4,5
0.0 Scen,2050,155,Foard County,1413,717,696,968,482,486,59,28,31,377,203,174,9,4,5
0.0 Scen,2010,157,Fort Bend County,585375,287368,298007,211680,105559,106121,123267,57949,65318,138967,69283,69684,111461,54577,56884
0.0 Scen,2011,157,Fort Bend County,589574,289454,300120,212281,105854,106427,123937,58287,65650,140801,70196,70605,112555,55117,57438
0.0 Scen,2012,157,Fort Bend County,593462,291386,302076,212740,106069,106671,124570,58629,65941,142564,71076,71488,113588,55612,57976
0.0 Scen,2013,157,Fort Bend County,597187,293233,303954,213111,106239,106872,125163,58928,66235,144360,71980,72380,114553,56086,58467
0.0 Scen,2014,157,Fort Bend County,600784,294985,305799,213442,106381,107061,125723,59214,66509,146124,72847,73277,115495,56543,58952
0.0 Scen,2015,157,Fort Bend County,604233,296666,307567,213712,106496,107216,126239,59470,66769,147890,73728,74162,116392,56972,59420
0.0 Scen,2016,157,Fort Bend County,607601,298304,309297,213945,106575,107370,126766,59745,67021,149647,74602,75045,117243,57382,59861
0.0 Scen,2017,157,Fort Bend County,610863,299861,311002,214134,106627,107507,127286,59989,67297,151408,75481,75927,118035,57764,60271
0.0 Scen,2018,157,Fort Bend County,614104,301474,312630,214294,106664,107630,127785,60251,67534,153168,76364,76804,118857,58195,60662
0.0 Scen,2019,157,Fort Bend County,617289,302927,314362,214442,106694,107748,128282,60485,67797,154952,77245,77707,119613,58503,61110
0.0 Scen,2020,157,Fort Bend County,620488,304520,315968,214597,106736,107861,128805,60760,68045,156731,78125,78606,120355,58899,61456
0.0 Scen,2021,157,Fort Bend County,623842,306087,317755,214770,106770,108000,129323,61010,68313,158574,79045,79529,121175,59262,61913
0.0 Scen,2022,157,Fort Bend County,627100,307601,319499,215003,106845,108158,129802,61235,68567,160415,79958,80457,121880,59563,62317
0.0 Scen,2023,157,Fort Bend County,630498,309319,321179,215247,106932,108315,130286,61493,68793,162293,80894,81399,122672,60000,62672
0.0 Scen,2024,157,Fort Bend County,633865,310839,323026,215505,107014,108491,130797,61746,69051,164170,81828,82342,123393,60251,63142
0.0 Scen,2025,157,Fort Bend County,637408,312607,324801,215771,107110,108661,131279,61999,69280,166069,82771,83298,124289,60727,63562
0.0 Scen,2026,157,Fort Bend County,640802,314290,326512,215990,107161,108829,131704,62239,69465,167947,83714,84233,125161,61176,63985
0.0 Scen,2027,157,Fort Bend County,644128,315881,328247,216188,107217,108971,132127,62448,69679,169827,84645,85182,125986,61571,64415
0.0 Scen,2028,157,Fort Bend County,647213,317398,329815,216348,107262,109086,132487,62666,69821,171688,85566,86122,126690,61904,64786
0.0 Scen,2029,157,Fort Bend County,650372,318925,331447,216445,107252,109193,132837,62840,69997,173544,86488,87056,127546,62345,65201
0.0 Scen,2030,157,Fort Bend County,653326,320408,332918,216544,107272,109272,133082,62995,70087,175391,87421,87970,128309,62720,65589
0.0 Scen,2031,157,Fort Bend County,655954,321631,334323,216553,107248,109305,133293,63125,70168,177155,88293,88862,128953,62965,65988
0.0 Scen,2032,157,Fort Bend County,658588,322961,335627,216455,107163,109292,133420,63220,70200,178867,89152,89715,129846,63426,66420
0.0 Scen,2033,157,Fort Bend County,660698,323985,336713,216279,107047,109232,133437,63273,70164,180498,89954,90544,130484,63711,66773
0.0 Scen,2034,157,Fort Bend County,662586,324931,337655,215975,106891,109084,133423,63296,70127,182103,90763,91340,131085,63981,67104
0.0 Scen,2035,157,Fort Bend County,664175,325734,338441,215555,106651,108904,133283,63283,70000,183641,91516,92125,131696,64284,67412
0.0 Scen,2036,157,Fort Bend County,665190,326328,338862,215034,106383,108651,133024,63237,69787,185037,92219,92818,132095,64489,67606
0.0 Scen,2037,157,Fort Bend County,666239,326786,339453,214335,106025,108310,132826,63157,69669,186444,92908,93536,132634,64696,67938
0.0 Scen,2038,157,Fort Bend County,666912,327226,339686,213554,105627,107927,132447,63048,69399,187794,93584,94210,133117,64967,68150
0.0 Scen,2039,157,Fort Bend County,667137,327372,339765,212682,105181,107501,132056,62906,69150,189017,94195,94822,133382,65090,68292
0.0 Scen,2040,157,Fort Bend County,667200,327524,339676,211658,104681,106977,131612,62741,68871,190204,94796,95408,133726,65306,68420
0.0 Scen,2041,157,Fort Bend County,666827,327420,339407,210560,104123,106437,131054,62545,68509,191314,95357,95957,133899,65395,68504
0.0 Scen,2042,157,Fort Bend County,666376,327188,339188,209357,103531,105826,130525,62332,68193,192373,95876,96497,134121,65449,68672
0.0 Scen,2043,157,Fort Bend County,665440,326760,338680,208059,102894,105165,129928,62108,67820,193350,96366,96984,134103,65392,68711
0.0 Scen,2044,157,Fort Bend County,664410,326374,338036,206722,102245,104477,129271,61874,67397,194300,96852,97448,134117,65403,68714
0.0 Scen,2045,157,Fort Bend County,663277,325917,337360,205363,101580,103783,128636,61633,67003,195186,97301,97885,134092,65403,68689
0.0 Scen,2046,157,Fort Bend County,661921,325307,336614,203978,100923,103055,128016,61388,66628,196032,97733,98299,133895,65263,68632
0.0 Scen,2047,157,Fort Bend County,660525,324812,335713,202615,100276,102339,127322,61138,66184,196853,98159,98694,133735,65239,68496
0.0 Scen,2048,157,Fort Bend County,658964,324212,334752,201292,99651,101641,126616,60896,65720,197608,98540,99068,133448,65125,68323
0.0 Scen,2049,157,Fort Bend County,657604,323617,333987,200016,99052,100964,125989,60650,65339,198358,98928,99430,133241,64987,68254
0.0 Scen,2050,157,Fort Bend County,656122,322981,333141,198768,98479,100289,125368,60407,64961,199069,99296,99773,132917,64799,68118
0.0 Scen,2010,159,Franklin County,10605,5215,5390,8601,4186,4415,411,199,212,1333,721,612,260,109,151
0.0 Scen,2011,159,Franklin County,10615,5224,5391,8586,4180,4406,414,202,212,1353,732,621,262,110,152
0.0 Scen,2012,159,Franklin County,10631,5234,5397,8573,4174,4399,418,205,213,1374,743,631,266,112,154
0.0 Scen,2013,159,Franklin County,10644,5242,5402,8562,4168,4394,420,207,213,1391,752,639,271,115,156
0.0 Scen,2014,159,Franklin County,10652,5246,5406,8544,4158,4386,424,210,214,1411,762,649,273,116,157
0.0 Scen,2015,159,Franklin County,10670,5261,5409,8533,4156,4377,428,213,215,1431,773,658,278,119,159
0.0 Scen,2016,159,Franklin County,10677,5263,5414,8511,4142,4369,432,216,216,1454,785,669,280,120,160
0.0 Scen,2017,159,Franklin County,10691,5270,5421,8493,4132,4361,436,219,217,1477,796,681,285,123,162
0.0 Scen,2018,159,Franklin County,10712,5280,5432,8477,4124,4353,439,222,217,1503,808,695,293,126,167
0.0 Scen,2019,159,Franklin County,10732,5293,5439,8462,4118,4344,442,224,218,1528,821,707,300,130,170
0.0 Scen,2020,159,Franklin County,10748,5304,5444,8442,4109,4333,447,227,220,1553,834,719,306,134,172
0.0 Scen,2021,159,Franklin County,10759,5312,5447,8418,4098,4320,451,228,223,1578,847,731,312,139,173
0.0 Scen,2022,159,Franklin County,10777,5322,5455,8398,4087,4311,455,231,224,1604,861,743,320,143,177
0.0 Scen,2023,159,Franklin County,10775,5318,5457,8362,4066,4296,458,232,226,1628,874,754,327,146,181
0.0 Scen,2024,159,Franklin County,10795,5331,5464,8339,4056,4283,462,233,229,1659,892,767,335,150,185
0.0 Scen,2025,159,Franklin County,10809,5341,5468,8315,4047,4268,467,236,231,1684,905,779,343,153,190
0.0 Scen,2026,159,Franklin County,10826,5355,5471,8292,4040,4252,474,241,233,1710,918,792,350,156,194
0.0 Scen,2027,159,Franklin County,10829,5361,5468,8259,4026,4233,479,244,235,1737,933,804,354,158,196
0.0 Scen,2028,159,Franklin County,10847,5369,5478,8234,4013,4221,485,247,238,1767,948,819,361,161,200
0.0 Scen,2029,159,Franklin County,10860,5379,5481,8206,4002,4204,493,253,240,1795,961,834,366,163,203
0.0 Scen,2030,159,Franklin County,10874,5390,5484,8179,3994,4185,497,255,242,1826,975,851,372,166,206
0.0 Scen,2031,159,Franklin County,10874,5393,5481,8145,3980,4165,501,257,244,1853,989,864,375,167,208
0.0 Scen,2032,159,Franklin County,10884,5400,5484,8116,3966,4150,506,260,246,1882,1004,878,380,170,210
0.0 Scen,2033,159,Franklin County,10888,5410,5478,8089,3960,4129,509,262,247,1907,1017,890,383,171,212
0.0 Scen,2034,159,Franklin County,10891,5410,5481,8059,3943,4116,511,263,248,1933,1030,903,388,174,214
0.0 Scen,2035,159,Franklin County,10891,5414,5477,8028,3932,4096,514,265,249,1958,1042,916,391,175,216
0.0 Scen,2036,159,Franklin County,10893,5418,5475,7999,3919,4080,516,266,250,1984,1056,928,394,177,217
0.0 Scen,2037,159,Franklin County,10886,5421,5465,7968,3908,4060,517,268,249,2005,1067,938,396,178,218
0.0 Scen,2038,159,Franklin County,10867,5415,5452,7931,3893,4038,514,266,248,2027,1078,949,395,178,217
0.0 Scen,2039,159,Franklin County,10864,5417,5447,7904,3881,4023,515,267,248,2048,1089,959,397,180,217
0.0 Scen,2040,159,Franklin County,10849,5411,5438,7870,3867,4003,515,267,248,2065,1096,969,399,181,218
0.0 Scen,2041,159,Franklin County,10835,5407,5428,7839,3852,3987,514,266,248,2083,1105,978,399,184,215
0.0 Scen,2042,159,Franklin County,10822,5406,5416,7806,3841,3965,512,266,246,2100,1112,988,404,187,217
0.0 Scen,2043,159,Franklin County,10817,5406,5411,7782,3832,3950,511,266,245,2116,1118,998,408,190,218
0.0 Scen,2044,159,Franklin County,10810,5408,5402,7760,3828,3932,509,264,245,2130,1125,1005,411,191,220
0.0 Scen,2045,159,Franklin County,10799,5403,5396,7733,3816,3917,508,264,244,2143,1129,1014,415,194,221
0.0 Scen,2046,159,Franklin County,10784,5402,5382,7703,3808,3895,506,263,243,2156,1134,1022,419,197,222
0.0 Scen,2047,159,Franklin County,10783,5404,5379,7681,3800,3881,506,264,242,2171,1140,1031,425,200,225
0.0 Scen,2048,159,Franklin County,10781,5406,5375,7659,3794,3865,506,264,242,2184,1145,1039,432,203,229
0.0 Scen,2049,159,Franklin County,10778,5408,5370,7642,3789,3853,505,263,242,2197,1151,1046,434,205,229
0.0 Scen,2050,159,Franklin County,10777,5410,5367,7624,3783,3841,505,263,242,2210,1157,1053,438,207,231
0.0 Scen,2010,161,Freestone County,19816,10437,9379,13656,6937,6719,3164,1748,1416,2694,1591,1103,302,161,141
0.0 Scen,2011,161,Freestone County,19870,10466,9404,13645,6931,6714,3172,1754,1418,2744,1616,1128,309,165,144
0.0 Scen,2012,161,Freestone County,19929,10496,9433,13639,6929,6710,3179,1757,1422,2796,1642,1154,315,168,147
0.0 Scen,2013,161,Freestone County,19989,10529,9460,13625,6925,6700,3191,1763,1428,2849,1669,1180,324,172,152
0.0 Scen,2014,161,Freestone County,20054,10567,9487,13624,6929,6695,3195,1766,1429,2904,1697,1207,331,175,156
0.0 Scen,2015,161,Freestone County,20127,10610,9517,13623,6931,6692,3203,1770,1433,2961,1729,1232,340,180,160
0.0 Scen,2016,161,Freestone County,20187,10642,9545,13620,6933,6687,3205,1769,1436,3014,1756,1258,348,184,164
0.0 Scen,2017,161,Freestone County,20255,10681,9574,13614,6932,6682,3213,1774,1439,3074,1788,1286,354,187,167
0.0 Scen,2018,161,Freestone County,20315,10717,9598,13606,6932,6674,3216,1774,1442,3131,1820,1311,362,191,171
0.0 Scen,2019,161,Freestone County,20377,10749,9628,13598,6931,6667,3218,1773,1445,3191,1850,1341,370,195,175
0.0 Scen,2020,161,Freestone County,20442,10783,9659,13599,6933,6666,3221,1775,1446,3246,1878,1368,376,197,179
0.0 Scen,2021,161,Freestone County,20504,10815,9689,13594,6934,6660,3215,1768,1447,3309,1911,1398,386,202,184
0.0 Scen,2022,161,Freestone County,20578,10856,9722,13601,6940,6661,3212,1768,1444,3371,1942,1429,394,206,188
0.0 Scen,2023,161,Freestone County,20656,10901,9755,13603,6943,6660,3208,1768,1440,3443,1980,1463,402,210,192
0.0 Scen,2024,161,Freestone County,20732,10944,9788,13603,6949,6654,3209,1769,1440,3511,2012,1499,409,214,195
0.0 Scen,2025,161,Freestone County,20785,10969,9816,13596,6945,6651,3195,1761,1434,3578,2045,1533,416,218,198
0.0 Scen,2026,161,Freestone County,20857,11005,9852,13592,6942,6650,3200,1761,1439,3644,2081,1563,421,221,200
0.0 Scen,2027,161,Freestone County,20910,11031,9879,13578,6937,6641,3193,1756,1437,3714,2115,1599,425,223,202
0.0 Scen,2028,161,Freestone County,20964,11068,9896,13561,6935,6626,3184,1754,1430,3786,2152,1634,433,227,206
0.0 Scen,2029,161,Freestone County,21019,11098,9921,13546,6931,6615,3179,1749,1430,3854,2186,1668,440,232,208
0.0 Scen,2030,161,Freestone County,21073,11129,9944,13528,6924,6604,3176,1749,1427,3923,2220,1703,446,236,210
0.0 Scen,2031,161,Freestone County,21117,11163,9954,13507,6922,6585,3167,1748,1419,3990,2254,1736,453,239,214
0.0 Scen,2032,161,Freestone County,21159,11185,9974,13479,6910,6569,3163,1745,1418,4056,2286,1770,461,244,217
0.0 Scen,2033,161,Freestone County,21208,11218,9990,13449,6901,6548,3163,1747,1416,4126,2321,1805,470,249,221
0.0 Scen,2034,161,Freestone County,21257,11250,10007,13427,6897,6530,3153,1744,1409,4199,2356,1843,478,253,225
0.0 Scen,2035,161,Freestone County,21287,11272,10015,13395,6886,6509,3143,1740,1403,4264,2388,1876,485,258,227
0.0 Scen,2036,161,Freestone County,21328,11292,10036,13372,6878,6494,3134,1734,1400,4330,2420,1910,492,260,232
0.0 Scen,2037,161,Freestone County,21363,11313,10050,13340,6865,6475,3131,1735,1396,4392,2449,1943,500,264,236
0.0 Scen,2038,161,Freestone County,21394,11330,10064,13310,6855,6455,3119,1727,1392,4457,2479,1978,508,269,239
0.0 Scen,2039,161,Freestone County,21437,11354,10083,13288,6846,6442,3112,1722,1390,4520,2510,2010,517,276,241
0.0 Scen,2040,161,Freestone County,21473,11374,10099,13257,6832,6425,3110,1721,1389,4580,2540,2040,526,281,245
0.0 Scen,2041,161,Freestone County,21517,11399,10118,13233,6823,6410,3101,1718,1383,4647,2572,2075,536,286,250
0.0 Scen,2042,161,Freestone County,21579,11433,10146,13218,6819,6399,3099,1717,1382,4715,2606,2109,547,291,256
0.0 Scen,2043,161,Freestone County,21626,11458,10168,13196,6811,6385,3095,1715,1380,4773,2632,2141,562,300,262
0.0 Scen,2044,161,Freestone County,21692,11498,10194,13185,6813,6372,3092,1714,1378,4839,2665,2174,576,306,270
0.0 Scen,2045,161,Freestone County,21742,11523,10219,13160,6803,6357,3089,1712,1377,4906,2697,2209,587,311,276
0.0 Scen,2046,161,Freestone County,21806,11557,10249,13149,6804,6345,3089,1710,1379,4970,2727,2243,598,316,282
0.0 Scen,2047,161,Freestone County,21873,11599,10274,13137,6805,6332,3092,1715,1377,5036,2758,2278,608,321,287
0.0 Scen,2048,161,Freestone County,21947,11634,10313,13134,6807,6327,3088,1710,1378,5103,2790,2313,622,327,295
0.0 Scen,2049,161,Freestone County,22027,11688,10339,13134,6817,6317,3090,1716,1374,5168,2821,2347,635,334,301
0.0 Scen,2050,161,Freestone County,22102,11733,10369,13134,6824,6310,3092,1719,1373,5232,2853,2379,644,337,307
0.0 Scen,2010,163,Frio County,17217,10032,7185,2796,1500,1296,524,492,32,13401,7630,5771,496,410,86
0.0 Scen,2011,163,Frio County,17355,10104,7251,2795,1501,1294,525,493,32,13535,7697,5838,500,413,87
0.0 Scen,2012,163,Frio County,17499,10178,7321,2794,1500,1294,526,494,32,13675,7769,5906,504,415,89
0.0 Scen,2013,163,Frio County,17643,10249,7394,2795,1499,1296,525,493,32,13815,7839,5976,508,418,90
0.0 Scen,2014,163,Frio County,17784,10315,7469,2794,1499,1295,521,489,32,13957,7907,6050,512,420,92
0.0 Scen,2015,163,Frio County,17936,10396,7540,2790,1499,1291,520,488,32,14109,7984,6125,517,425,92
0.0 Scen,2016,163,Frio County,18067,10458,7609,2779,1491,1288,517,485,32,14253,8057,6196,518,425,93
0.0 Scen,2017,163,Frio County,18206,10523,7683,2773,1486,1287,512,480,32,14400,8130,6270,521,427,94
0.0 Scen,2018,163,Frio County,18351,10594,7757,2759,1478,1281,509,477,32,14559,8210,6349,524,429,95
0.0 Scen,2019,163,Frio County,18500,10669,7831,2749,1473,1276,506,474,32,14714,8289,6425,531,433,98
0.0 Scen,2020,163,Frio County,18646,10739,7907,2739,1466,1273,505,473,32,14870,8368,6502,532,432,100
0.0 Scen,2021,163,Frio County,18790,10810,7980,2726,1457,1269,505,473,32,15027,8449,6578,532,431,101
0.0 Scen,2022,163,Frio County,18943,10885,8058,2715,1449,1266,503,471,32,15187,8530,6657,538,435,103
0.0 Scen,2023,163,Frio County,19082,10951,8131,2708,1449,1259,498,466,32,15337,8601,6736,539,435,104
0.0 Scen,2024,163,Frio County,19236,11024,8212,2697,1440,1257,497,465,32,15501,8684,6817,541,435,106
0.0 Scen,2025,163,Frio County,19375,11087,8288,2685,1433,1252,494,462,32,15655,8758,6897,541,434,107
0.0 Scen,2026,163,Frio County,19524,11159,8365,2676,1430,1246,492,460,32,15811,8833,6978,545,436,109
0.0 Scen,2027,163,Frio County,19666,11228,8438,2669,1427,1242,490,458,32,15960,8906,7054,547,437,110
0.0 Scen,2028,163,Frio County,19803,11290,8513,2658,1419,1239,488,456,32,16107,8977,7130,550,438,112
0.0 Scen,2029,163,Frio County,19943,11361,8582,2652,1418,1234,486,454,32,16251,9048,7203,554,441,113
0.0 Scen,2030,163,Frio County,20068,11419,8649,2638,1411,1227,484,452,32,16391,9116,7275,555,440,115
0.0 Scen,2031,163,Frio County,20205,11490,8715,2629,1409,1220,483,451,32,16536,9189,7347,557,441,116
0.0 Scen,2032,163,Frio County,20329,11548,8781,2615,1401,1214,484,452,32,16671,9254,7417,559,441,118
0.0 Scen,2033,163,Frio County,20451,11604,8847,2605,1397,1208,483,451,32,16804,9315,7489,559,441,118
0.0 Scen,2034,163,Frio County,20582,11664,8918,2601,1395,1206,483,451,32,16937,9377,7560,561,441,120
0.0 Scen,2035,163,Frio County,20704,11722,8982,2592,1391,1201,481,449,32,17069,9440,7629,562,442,120
0.0 Scen,2036,163,Frio County,20822,11776,9046,2583,1387,1196,479,447,32,17198,9502,7696,562,440,122
0.0 Scen,2037,163,Frio County,20943,11839,9104,2574,1382,1192,479,447,32,17328,9570,7758,562,440,122
0.0 Scen,2038,163,Frio County,21070,11893,9177,2569,1379,1190,478,446,32,17460,9629,7831,563,439,124
0.0 Scen,2039,163,Frio County,21192,11949,9243,2558,1373,1185,476,444,32,17595,9693,7902,563,439,124
0.0 Scen,2040,163,Frio County,21316,12004,9312,2550,1369,1181,474,442,32,17729,9755,7974,563,438,125
0.0 Scen,2041,163,Frio County,21434,12060,9374,2542,1365,1177,471,440,31,17859,9818,8041,562,437,125
0.0 Scen,2042,163,Frio County,21563,12120,9443,2534,1363,1171,469,439,30,17999,9883,8116,561,435,126
0.0 Scen,2043,163,Frio County,21692,12184,9508,2531,1365,1166,468,438,30,18132,9946,8186,561,435,126
0.0 Scen,2044,163,Frio County,21826,12245,9581,2527,1365,1162,466,437,29,18271,10008,8263,562,435,127
0.0 Scen,2045,163,Frio County,21947,12300,9647,2525,1366,1159,462,434,28,18399,10064,8335,561,436,125
0.0 Scen,2046,163,Frio County,22078,12360,9718,2527,1369,1158,458,431,27,18532,10125,8407,561,435,126
0.0 Scen,2047,163,Frio County,22204,12416,9788,2527,1369,1158,453,426,27,18664,10186,8478,560,435,125
0.0 Scen,2048,163,Frio County,22347,12477,9870,2529,1368,1161,453,426,27,18804,10250,8554,561,433,128
0.0 Scen,2049,163,Frio County,22474,12537,9937,2530,1371,1159,450,423,27,18936,10311,8625,558,432,126
0.0 Scen,2050,163,Frio County,22604,12594,10010,2527,1371,1156,447,421,26,19072,10371,8701,558,431,127
0.0 Scen,2010,165,Gaines County,17526,8798,8728,10628,5252,5376,261,132,129,6413,3294,3119,224,120,104
0.0 Scen,2011,165,Gaines County,17754,8915,8839,10715,5297,5418,263,133,130,6550,3364,3186,226,121,105
0.0 Scen,2012,165,Gaines County,18005,9037,8968,10819,5346,5473,265,134,131,6693,3435,3258,228,122,106
0.0 Scen,2013,165,Gaines County,18255,9159,9096,10923,5396,5527,268,136,132,6833,3504,3329,231,123,108
0.0 Scen,2014,165,Gaines County,18507,9284,9223,11031,5449,5582,270,137,133,6973,3574,3399,233,124,109
0.0 Scen,2015,165,Gaines County,18760,9408,9352,11128,5495,5633,273,139,134,7122,3648,3474,237,126,111
0.0 Scen,2016,165,Gaines County,19019,9537,9482,11233,5548,5685,276,141,135,7270,3720,3550,240,128,112
0.0 Scen,2017,165,Gaines County,19275,9663,9612,11336,5599,5737,279,143,136,7416,3791,3625,244,130,114
0.0 Scen,2018,165,Gaines County,19539,9793,9746,11440,5649,5791,282,145,137,7565,3863,3702,252,136,116
0.0 Scen,2019,165,Gaines County,19802,9932,9870,11541,5704,5837,284,147,137,7721,3942,3779,256,139,117
0.0 Scen,2020,165,Gaines County,20064,10065,9999,11646,5757,5889,285,148,137,7872,4018,3854,261,142,119
0.0 Scen,2021,165,Gaines County,20336,10195,10141,11755,5811,5944,287,150,137,8026,4090,3936,268,144,124
0.0 Scen,2022,165,Gaines County,20600,10325,10275,11863,5867,5996,288,151,137,8177,4160,4017,272,147,125
0.0 Scen,2023,165,Gaines County,20871,10460,10411,11975,5925,6050,288,151,137,8327,4232,4095,281,152,129
0.0 Scen,2024,165,Gaines County,21143,10594,10549,12088,5983,6105,289,151,138,8478,4303,4175,288,157,131
0.0 Scen,2025,165,Gaines County,21420,10731,10689,12200,6042,6158,291,152,139,8634,4377,4257,295,160,135
0.0 Scen,2026,165,Gaines County,21694,10869,10825,12314,6105,6209,292,153,139,8788,4448,4340,300,163,137
0.0 Scen,2027,165,Gaines County,21985,11016,10969,12441,6174,6267,293,154,139,8945,4521,4424,306,167,139
0.0 Scen,2028,165,Gaines County,22269,11157,11112,12559,6234,6325,294,155,139,9104,4598,4506,312,170,142
0.0 Scen,2029,165,Gaines County,22560,11304,11256,12685,6297,6388,296,158,138,9261,4676,4585,318,173,145
0.0 Scen,2030,165,Gaines County,22858,11453,11405,12817,6364,6453,300,160,140,9417,4753,4664,324,176,148
0.0 Scen,2031,165,Gaines County,23159,11607,11552,12947,6430,6517,303,163,140,9578,4835,4743,331,179,152
0.0 Scen,2032,165,Gaines County,23462,11759,11703,13077,6496,6581,305,164,141,9744,4918,4826,336,181,155
0.0 Scen,2033,165,Gaines County,23755,11908,11847,13206,6563,6643,308,165,143,9900,4997,4903,341,183,158
0.0 Scen,2034,165,Gaines County,24041,12053,11988,13328,6629,6699,311,167,144,10057,5073,4984,345,184,161
0.0 Scen,2035,165,Gaines County,24316,12195,12121,13438,6687,6751,312,168,144,10217,5155,5062,349,185,164
0.0 Scen,2036,165,Gaines County,24591,12337,12254,13542,6742,6800,313,169,144,10384,5241,5143,352,185,167
0.0 Scen,2037,165,Gaines County,24858,12471,12387,13635,6789,6846,314,170,144,10553,5326,5227,356,186,170
0.0 Scen,2038,165,Gaines County,25124,12608,12516,13727,6840,6887,315,170,145,10723,5411,5312,359,187,172
0.0 Scen,2039,165,Gaines County,25395,12746,12649,13825,6888,6937,316,171,145,10893,5499,5394,361,188,173
0.0 Scen,2040,165,Gaines County,25644,12877,12767,13900,6932,6968,318,172,146,11065,5586,5479,361,187,174
0.0 Scen,2041,165,Gaines County,25901,13003,12898,13977,6970,7007,319,173,146,11242,5672,5570,363,188,175
0.0 Scen,2042,165,Gaines County,26147,13124,13023,14048,7008,7040,320,173,147,11417,5755,5662,362,188,174
0.0 Scen,2043,165,Gaines County,26407,13252,13155,14126,7045,7081,320,173,147,11599,5846,5753,362,188,174
0.0 Scen,2044,165,Gaines County,26669,13383,13286,14201,7085,7116,320,173,147,11784,5936,5848,364,189,175
0.0 Scen,2045,165,Gaines County,26925,13511,13414,14275,7124,7151,318,171,147,11969,6026,5943,363,190,173
0.0 Scen,2046,165,Gaines County,27183,13642,13541,14342,7160,7182,318,171,147,12158,6120,6038,365,191,174
0.0 Scen,2047,165,Gaines County,27435,13766,13669,14404,7190,7214,317,170,147,12348,6213,6135,366,193,173
0.0 Scen,2048,165,Gaines County,27689,13894,13795,14472,7225,7247,315,169,146,12536,6308,6228,366,192,174
0.0 Scen,2049,165,Gaines County,27950,14027,13923,14540,7260,7280,313,167,146,12729,6407,6322,368,193,175
0.0 Scen,2050,165,Gaines County,28208,14164,14044,14609,7297,7312,311,166,145,12922,6508,6414,366,193,173
0.0 Scen,2010,167,Galveston County,291309,144234,147075,172652,85855,86797,39229,18508,20721,65270,33005,32265,14158,6866,7292
0.0 Scen,2011,167,Galveston County,293109,145126,147983,173120,86078,87042,39404,18603,20801,66184,33457,32727,14401,6988,7413
0.0 Scen,2012,167,Galveston County,294878,146018,148860,173574,86294,87280,39579,18708,20871,67084,33905,33179,14641,7111,7530
0.0 Scen,2013,167,Galveston County,296616,146880,149736,174017,86505,87512,39742,18799,20943,67982,34349,33633,14875,7227,7648
0.0 Scen,2014,167,Galveston County,298330,147732,150598,174454,86714,87740,39918,18896,21022,68870,34787,34083,15088,7335,7753
0.0 Scen,2015,167,Galveston County,299971,148548,151423,174819,86888,87931,40096,18994,21102,69772,35234,34538,15284,7432,7852
0.0 Scen,2016,167,Galveston County,301590,149331,152259,175182,87043,88139,40259,19084,21175,70681,35682,34999,15468,7522,7946
0.0 Scen,2017,167,Galveston County,303102,150064,153038,175434,87147,88287,40413,19170,21243,71596,36132,35464,15659,7615,8044
0.0 Scen,2018,167,Galveston County,304552,150777,153775,175643,87231,88412,40557,19254,21303,72509,36583,35926,15843,7709,8134
0.0 Scen,2019,167,Galveston County,305985,151487,154498,175819,87300,88519,40716,19357,21359,73421,37030,36391,16029,7800,8229
0.0 Scen,2020,167,Galveston County,307372,152167,155205,175987,87369,88618,40842,19426,21416,74335,37480,36855,16208,7892,8316
0.0 Scen,2021,167,Galveston County,308744,152823,155921,176097,87394,88703,40991,19511,21480,75259,37934,37325,16397,7984,8413
0.0 Scen,2022,167,Galveston County,310105,153494,156611,176209,87433,88776,41135,19597,21538,76188,38393,37795,16573,8071,8502
0.0 Scen,2023,167,Galveston County,311372,154100,157272,176231,87412,88819,41259,19669,21590,77127,38855,38272,16755,8164,8591
0.0 Scen,2024,167,Galveston County,312564,154679,157885,176214,87368,88846,41366,19744,21622,78059,39316,38743,16925,8251,8674
0.0 Scen,2025,167,Galveston County,313759,155245,158514,176170,87327,88843,41494,19802,21692,78994,39780,39214,17101,8336,8765
0.0 Scen,2026,167,Galveston County,314849,155757,159092,176035,87217,88818,41603,19868,21735,79934,40247,39687,17277,8425,8852
0.0 Scen,2027,167,Galveston County,315841,156236,159605,175878,87113,88765,41693,19925,21768,80859,40700,40159,17411,8498,8913
0.0 Scen,2028,167,Galveston County,316827,156706,160121,175650,86970,88680,41773,19979,21794,81790,41158,40632,17614,8599,9015
0.0 Scen,2029,167,Galveston County,317669,157097,160572,175344,86776,88568,41852,20032,21820,82694,41610,41084,17779,8679,9100
0.0 Scen,2030,167,Galveston County,318459,157451,161008,174997,86567,88430,41919,20078,21841,83609,42053,41556,17934,8753,9181
0.0 Scen,2031,167,Galveston County,319152,157784,161368,174585,86337,88248,41960,20112,21848,84508,42500,42008,18099,8835,9264
0.0 Scen,2032,167,Galveston County,319789,158087,161702,174127,86080,88047,42002,20145,21857,85377,42927,42450,18283,8935,9348
0.0 Scen,2033,167,Galveston County,320278,158318,161960,173611,85793,87818,42023,20172,21851,86216,43336,42880,18428,9017,9411
0.0 Scen,2034,167,Galveston County,320737,158525,162212,173053,85491,87562,42034,20197,21837,87046,43744,43302,18604,9093,9511
0.0 Scen,2035,167,Galveston County,321124,158720,162404,172465,85178,87287,42045,20217,21828,87855,44146,43709,18759,9179,9580
0.0 Scen,2036,167,Galveston County,321406,158853,162553,171849,84845,87004,42025,20234,21791,88627,44526,44101,18905,9248,9657
0.0 Scen,2037,167,Galveston County,321624,158949,162675,171141,84475,86666,42031,20244,21787,89385,44897,44488,19067,9333,9734
0.0 Scen,2038,167,Galveston County,321770,159019,162751,170428,84107,86321,42015,20250,21765,90119,45259,44860,19208,9403,9805
0.0 Scen,2039,167,Galveston County,321873,159086,162787,169700,83730,85970,41986,20259,21727,90839,45616,45223,19348,9481,9867
0.0 Scen,2040,167,Galveston County,321886,159102,162784,168923,83339,85584,41950,20258,21692,91518,45950,45568,19495,9555,9940
0.0 Scen,2041,167,Galveston County,321869,159112,162757,168151,82953,85198,41903,20259,21644,92193,46283,45910,19622,9617,10005
0.0 Scen,2042,167,Galveston County,321792,159092,162700,167324,82539,84785,41866,20253,21613,92851,46610,46241,19751,9690,10061
0.0 Scen,2043,167,Galveston County,321679,159074,162605,166466,82128,84338,41819,20248,21571,93504,46939,46565,19890,9759,10131
0.0 Scen,2044,167,Galveston County,321496,159008,162488,165615,81716,83899,41757,20235,21522,94110,47234,46876,20014,9823,10191
0.0 Scen,2045,167,Galveston County,321282,158923,162359,164764,81306,83458,41710,20234,21476,94705,47519,47186,20103,9864,10239
0.0 Scen,2046,167,Galveston County,321075,158867,162208,163886,80883,83003,41659,20227,21432,95303,47819,47484,20227,9938,10289
0.0 Scen,2047,167,Galveston County,320846,158797,162049,163034,80491,82543,41605,20220,21385,95869,48091,47778,20338,9995,10343
0.0 Scen,2048,167,Galveston County,320608,158724,161884,162180,80086,82094,41551,20213,21338,96427,48368,48059,20450,10057,10393
0.0 Scen,2049,167,Galveston County,320363,158647,161716,161350,79700,81650,41494,20203,21291,96975,48640,48335,20544,10104,10440
0.0 Scen,2050,167,Galveston County,320135,158585,161550,160545,79329,81216,41433,20189,21244,97512,48907,48605,20645,10160,10485
0.0 Scen,2010,169,Garza County,6461,4092,2369,2962,1653,1309,392,272,120,3046,2144,902,61,23,38
0.0 Scen,2011,169,Garza County,6509,4118,2391,2964,1654,1310,397,275,122,3086,2165,921,62,24,38
0.0 Scen,2012,169,Garza County,6560,4143,2417,2972,1660,1312,399,275,124,3126,2184,942,63,24,39
0.0 Scen,2013,169,Garza County,6610,4169,2441,2973,1659,1314,404,278,126,3169,2207,962,64,25,39
0.0 Scen,2014,169,Garza County,6656,4188,2468,2977,1659,1318,408,280,128,3206,2224,982,65,25,40
0.0 Scen,2015,169,Garza County,6708,4219,2489,2980,1663,1317,414,284,130,3248,2246,1002,66,26,40
0.0 Scen,2016,169,Garza County,6760,4244,2516,2982,1665,1317,418,286,132,3293,2267,1026,67,26,41
0.0 Scen,2017,169,Garza County,6801,4267,2534,2982,1669,1313,417,283,134,3334,2288,1046,68,27,41
0.0 Scen,2018,169,Garza County,6853,4295,2558,2988,1675,1313,423,287,136,3373,2306,1067,69,27,42
0.0 Scen,2019,169,Garza County,6894,4314,2580,2985,1672,1313,425,288,137,3414,2326,1088,70,28,42
0.0 Scen,2020,169,Garza County,6941,4337,2604,2986,1673,1313,427,288,139,3457,2348,1109,71,28,43
0.0 Scen,2021,169,Garza County,6980,4354,2626,2981,1666,1315,432,291,141,3495,2368,1127,72,29,43
0.0 Scen,2022,169,Garza County,7017,4368,2649,2975,1662,1313,433,290,143,3536,2387,1149,73,29,44
0.0 Scen,2023,169,Garza County,7060,4390,2670,2978,1666,1312,433,288,145,3574,2406,1168,75,30,45
0.0 Scen,2024,169,Garza County,7097,4410,2687,2968,1661,1307,438,291,147,3616,2428,1188,75,30,45
0.0 Scen,2025,169,Garza County,7143,4432,2711,2969,1661,1308,440,292,148,3657,2448,1209,77,31,46
0.0 Scen,2026,169,Garza County,7185,4459,2726,2960,1659,1301,442,294,148,3705,2475,1230,78,31,47
0.0 Scen,2027,169,Garza County,7232,4487,2745,2961,1660,1301,446,298,148,3745,2497,1248,80,32,48
0.0 Scen,2028,169,Garza County,7273,4508,2765,2951,1656,1295,447,297,150,3792,2522,1270,83,33,50
0.0 Scen,2029,169,Garza County,7324,4538,2786,2953,1660,1293,449,298,151,3837,2546,1291,85,34,51
0.0 Scen,2030,169,Garza County,7361,4556,2805,2942,1652,1290,454,302,152,3878,2567,1311,87,35,52
0.0 Scen,2031,169,Garza County,7407,4580,2827,2942,1653,1289,453,301,152,3923,2590,1333,89,36,53
0.0 Scen,2032,169,Garza County,7454,4607,2847,2942,1655,1287,457,305,152,3964,2610,1354,91,37,54
0.0 Scen,2033,169,Garza County,7500,4635,2865,2940,1655,1285,458,305,153,4010,2637,1373,92,38,54
0.0 Scen,2034,169,Garza County,7544,4658,2886,2941,1658,1283,462,307,155,4047,2654,1393,94,39,55
0.0 Scen,2035,169,Garza County,7583,4681,2902,2935,1656,1279,468,312,156,4085,2673,1412,95,40,55
0.0 Scen,2036,169,Garza County,7620,4697,2923,2928,1651,1277,467,309,158,4128,2696,1432,97,41,56
0.0 Scen,2037,169,Garza County,7664,4719,2945,2929,1650,1279,469,311,158,4168,2716,1452,98,42,56
0.0 Scen,2038,169,Garza County,7706,4737,2969,2929,1649,1280,468,309,159,4210,2737,1473,99,42,57
0.0 Scen,2039,169,Garza County,7743,4752,2991,2922,1643,1279,470,310,160,4251,2756,1495,100,43,57
0.0 Scen,2040,169,Garza County,7782,4772,3010,2913,1638,1275,473,312,161,4296,2780,1516,100,42,58
0.0 Scen,2041,169,Garza County,7830,4801,3029,2912,1639,1273,474,312,162,4343,2807,1536,101,43,58
0.0 Scen,2042,169,Garza County,7868,4821,3047,2905,1637,1268,478,315,163,4383,2826,1557,102,43,59
0.0 Scen,2043,169,Garza County,7910,4842,3068,2906,1639,1267,478,314,164,4423,2845,1578,103,44,59
0.0 Scen,2044,169,Garza County,7958,4869,3089,2901,1639,1262,484,318,166,4469,2868,1601,104,44,60
0.0 Scen,2045,169,Garza County,8001,4893,3108,2899,1641,1258,484,317,167,4513,2890,1623,105,45,60
0.0 Scen,2046,169,Garza County,8033,4906,3127,2894,1639,1255,484,316,168,4549,2906,1643,106,45,61
0.0 Scen,2047,169,Garza County,8073,4930,3143,2891,1639,1252,486,319,167,4589,2926,1663,107,46,61
0.0 Scen,2048,169,Garza County,8097,4935,3162,2882,1632,1250,485,318,167,4622,2939,1683,108,46,62
0.0 Scen,2049,169,Garza County,8134,4955,3179,2876,1630,1246,480,314,166,4669,2964,1705,109,47,62
0.0 Scen,2050,169,Garza County,8175,4977,3198,2872,1630,1242,482,315,167,4711,2985,1726,110,47,63
0.0 Scen,2010,171,Gillespie County,24837,11968,12869,19472,9182,10290,47,22,25,4969,2600,2369,349,164,185
0.0 Scen,2011,171,Gillespie County,24701,11908,12793,19232,9068,10164,47,22,25,5068,2651,2417,354,167,187
0.0 Scen,2012,171,Gillespie County,24577,11850,12727,18998,8954,10044,47,22,25,5173,2704,2469,359,170,189
0.0 Scen,2013,171,Gillespie County,24454,11794,12660,18764,8843,9921,48,23,25,5279,2756,2523,363,172,191
0.0 Scen,2014,171,Gillespie County,24354,11756,12598,18546,8741,9805,49,23,26,5389,2815,2574,370,177,193
0.0 Scen,2015,171,Gillespie County,24251,11711,12540,18331,8637,9694,50,24,26,5497,2870,2627,373,180,193
0.0 Scen,2016,171,Gillespie County,24169,11672,12497,18124,8537,9587,51,24,27,5615,2927,2688,379,184,195
0.0 Scen,2017,171,Gillespie County,24095,11641,12454,17932,8445,9487,52,25,27,5725,2984,2741,386,187,199
0.0 Scen,2018,171,Gillespie County,24022,11612,12410,17739,8352,9387,53,25,28,5839,3044,2795,391,191,200
0.0 Scen,2019,171,Gillespie County,23968,11590,12378,17562,8268,9294,54,26,28,5951,3100,2851,401,196,205
0.0 Scen,2020,171,Gillespie County,23907,11562,12345,17381,8181,9200,54,26,28,6063,3155,2908,409,200,209
0.0 Scen,2021,171,Gillespie County,23861,11546,12315,17208,8100,9108,54,26,28,6180,3216,2964,419,204,215
0.0 Scen,2022,171,Gillespie County,23819,11531,12288,17043,8024,9019,54,26,28,6297,3275,3022,425,206,219
0.0 Scen,2023,171,Gillespie County,23785,11519,12266,16889,7952,8937,54,26,28,6411,3332,3079,431,209,222
0.0 Scen,2024,171,Gillespie County,23741,11503,12238,16724,7875,8849,54,26,28,6526,3391,3135,437,211,226
0.0 Scen,2025,171,Gillespie County,23719,11498,12221,16578,7809,8769,54,26,28,6643,3449,3194,444,214,230
0.0 Scen,2026,171,Gillespie County,23687,11490,12197,16422,7741,8681,55,26,29,6756,3503,3253,454,220,234
0.0 Scen,2027,171,Gillespie County,23649,11480,12169,16267,7673,8594,56,27,29,6867,3557,3310,459,223,236
0.0 Scen,2028,171,Gillespie County,23614,11470,12144,16118,7608,8510,57,27,30,6974,3609,3365,465,226,239
0.0 Scen,2029,171,Gillespie County,23568,11457,12111,15968,7545,8423,57,27,30,7073,3657,3416,470,228,242
0.0 Scen,2030,171,Gillespie County,23525,11448,12077,15816,7481,8335,57,27,30,7178,3709,3469,474,231,243
0.0 Scen,2031,171,Gillespie County,23483,11444,12039,15661,7419,8242,57,27,30,7287,3764,3523,478,234,244
0.0 Scen,2032,171,Gillespie County,23433,11428,12005,15506,7357,8149,57,27,30,7390,3810,3580,480,234,246
0.0 Scen,2033,171,Gillespie County,23395,11425,11970,15358,7301,8057,57,27,30,7494,3861,3633,486,236,250
0.0 Scen,2034,171,Gillespie County,23361,11421,11940,15209,7242,7967,57,27,30,7603,3913,3690,492,239,253
0.0 Scen,2035,171,Gillespie County,23322,11416,11906,15057,7182,7875,57,27,30,7713,3966,3747,495,241,254
0.0 Scen,2036,171,Gillespie County,23286,11408,11878,14905,7118,7787,57,27,30,7826,4021,3805,498,242,256
0.0 Scen,2037,171,Gillespie County,23249,11404,11845,14756,7057,7699,57,27,30,7934,4076,3858,502,244,258
0.0 Scen,2038,171,Gillespie County,23214,11404,11810,14610,7000,7610,57,27,30,8040,4130,3910,507,247,260
0.0 Scen,2039,171,Gillespie County,23198,11413,11785,14474,6946,7528,55,26,29,8158,4190,3968,511,251,260
0.0 Scen,2040,171,Gillespie County,23178,11413,11765,14336,6890,7446,54,25,29,8272,4244,4028,516,254,262
0.0 Scen,2041,171,Gillespie County,23177,11426,11751,14215,6843,7372,53,24,29,8388,4302,4086,521,257,264
0.0 Scen,2042,171,Gillespie County,23176,11442,11734,14089,6797,7292,51,23,28,8508,4362,4146,528,260,268
0.0 Scen,2043,171,Gillespie County,23193,11467,11726,13980,6756,7224,49,22,27,8629,4424,4205,535,265,270
0.0 Scen,2044,171,Gillespie County,23216,11499,11717,13875,6721,7154,49,22,27,8751,4486,4265,541,270,271
0.0 Scen,2045,171,Gillespie County,23239,11527,11712,13768,6679,7089,48,22,26,8874,4550,4324,549,276,273
0.0 Scen,2046,171,Gillespie County,23274,11564,11710,13674,6648,7026,48,22,26,8998,4615,4383,554,279,275
0.0 Scen,2047,171,Gillespie County,23313,11596,11717,13584,6616,6968,48,22,26,9120,4675,4445,561,283,278
0.0 Scen,2048,171,Gillespie County,23365,11639,11726,13505,6590,6915,47,22,25,9244,4740,4504,569,287,282
0.0 Scen,2049,171,Gillespie County,23425,11681,11744,13432,6564,6868,47,22,25,9370,4804,4566,576,291,285
0.0 Scen,2050,171,Gillespie County,23496,11726,11770,13371,6544,6827,47,22,25,9494,4866,4628,584,294,290
0.0 Scen,2010,173,Glasscock County,1226,649,577,825,436,389,15,8,7,378,201,177,8,4,4
0.0 Scen,2011,173,Glasscock County,1239,656,583,832,440,392,15,8,7,384,204,180,8,4,4
0.0 Scen,2012,173,Glasscock County,1249,663,586,836,443,393,15,8,7,390,208,182,8,4,4
0.0 Scen,2013,173,Glasscock County,1262,670,592,842,446,396,15,8,7,397,212,185,8,4,4
0.0 Scen,2014,173,Glasscock County,1274,677,597,847,449,398,15,8,7,404,216,188,8,4,4
0.0 Scen,2015,173,Glasscock County,1288,683,605,854,451,403,15,8,7,411,220,191,8,4,4
0.0 Scen,2016,173,Glasscock County,1300,690,610,859,454,405,15,8,7,418,224,194,8,4,4
0.0 Scen,2017,173,Glasscock County,1311,696,615,863,456,407,15,8,7,425,228,197,8,4,4
0.0 Scen,2018,173,Glasscock County,1324,703,621,869,459,410,15,8,7,432,232,200,8,4,4
0.0 Scen,2019,173,Glasscock County,1341,711,630,878,463,415,15,8,7,440,236,204,8,4,4
0.0 Scen,2020,173,Glasscock County,1354,718,636,883,466,417,15,8,7,448,240,208,8,4,4
0.0 Scen,2021,173,Glasscock County,1365,725,640,886,469,417,15,8,7,456,244,212,8,4,4
0.0 Scen,2022,173,Glasscock County,1378,731,647,892,472,420,15,8,7,463,247,216,8,4,4
0.0 Scen,2023,173,Glasscock County,1392,738,654,899,476,423,15,8,7,470,250,220,8,4,4
0.0 Scen,2024,173,Glasscock County,1404,744,660,904,477,427,15,8,7,477,255,222,8,4,4
0.0 Scen,2025,173,Glasscock County,1414,750,664,907,479,428,15,8,7,484,259,225,8,4,4
0.0 Scen,2026,173,Glasscock County,1426,758,668,911,482,429,15,8,7,492,264,228,8,4,4
0.0 Scen,2027,173,Glasscock County,1437,765,672,914,484,430,15,8,7,500,269,231,8,4,4
0.0 Scen,2028,173,Glasscock County,1446,772,674,915,486,429,15,8,7,508,274,234,8,4,4
0.0 Scen,2029,173,Glasscock County,1457,779,678,918,488,430,15,8,7,516,279,237,8,4,4
0.0 Scen,2030,173,Glasscock County,1464,782,682,916,486,430,15,8,7,525,284,241,8,4,4
0.0 Scen,2031,173,Glasscock County,1469,783,686,914,484,430,15,8,7,532,287,245,8,4,4
0.0 Scen,2032,173,Glasscock County,1477,788,689,914,485,429,15,8,7,540,291,249,8,4,4
0.0 Scen,2033,173,Glasscock County,1484,791,693,913,484,429,15,8,7,548,295,253,8,4,4
0.0 Scen,2034,173,Glasscock County,1491,795,696,912,483,429,15,8,7,556,300,256,8,4,4
0.0 Scen,2035,173,Glasscock County,1495,796,699,910,481,429,15,8,7,562,303,259,8,4,4
0.0 Scen,2036,173,Glasscock County,1497,795,702,906,477,429,15,8,7,568,306,262,8,4,4
0.0 Scen,2037,173,Glasscock County,1501,796,705,904,475,429,15,8,7,574,309,265,8,4,4
0.0 Scen,2038,173,Glasscock County,1504,797,707,901,473,428,15,8,7,580,312,268,8,4,4
0.0 Scen,2039,173,Glasscock County,1505,796,709,896,469,427,15,8,7,586,315,271,8,4,4
0.0 Scen,2040,173,Glasscock County,1505,795,710,890,465,425,15,8,7,592,318,274,8,4,4
0.0 Scen,2041,173,Glasscock County,1506,796,710,885,463,422,15,8,7,598,321,277,8,4,4
0.0 Scen,2042,173,Glasscock County,1507,796,711,878,459,419,15,8,7,606,325,281,8,4,4
0.0 Scen,2043,173,Glasscock County,1505,795,710,871,456,415,15,8,7,611,327,284,8,4,4
0.0 Scen,2044,173,Glasscock County,1507,796,711,867,454,413,15,8,7,617,330,287,8,4,4
0.0 Scen,2045,173,Glasscock County,1509,796,713,863,451,412,15,8,7,623,333,290,8,4,4
0.0 Scen,2046,173,Glasscock County,1515,799,716,864,451,413,15,8,7,628,336,292,8,4,4
0.0 Scen,2047,173,Glasscock County,1517,801,716,860,450,410,15,8,7,634,339,295,8,4,4
0.0 Scen,2048,173,Glasscock County,1523,804,719,860,450,410,15,8,7,640,342,298,8,4,4
0.0 Scen,2049,173,Glasscock County,1527,807,720,858,450,408,15,8,7,646,345,301,8,4,4
0.0 Scen,2050,173,Glasscock County,1530,808,722,855,448,407,15,8,7,652,348,304,8,4,4
0.0 Scen,2010,175,Goliad County,7210,3596,3614,4337,2160,2177,310,147,163,2462,1233,1229,101,56,45
0.0 Scen,2011,175,Goliad County,7207,3592,3615,4313,2144,2169,311,148,163,2481,1243,1238,102,57,45
0.0 Scen,2012,175,Goliad County,7197,3580,3617,4285,2125,2160,312,149,163,2498,1250,1248,102,56,46
0.0 Scen,2013,175,Goliad County,7194,3573,3621,4264,2109,2155,312,149,163,2515,1258,1257,103,57,46
0.0 Scen,2014,175,Goliad County,7202,3576,3626,4246,2099,2147,313,150,163,2539,1270,1269,104,57,47
0.0 Scen,2015,175,Goliad County,7199,3574,3625,4225,2086,2139,313,151,162,2556,1279,1277,105,58,47
0.0 Scen,2016,175,Goliad County,7206,3575,3631,4213,2078,2135,312,151,161,2575,1288,1287,106,58,48
0.0 Scen,2017,175,Goliad County,7213,3582,3631,4195,2068,2127,310,151,159,2600,1303,1297,108,60,48
0.0 Scen,2018,175,Goliad County,7225,3590,3635,4184,2064,2120,310,151,159,2622,1315,1307,109,60,49
0.0 Scen,2019,175,Goliad County,7236,3596,3640,4169,2056,2113,310,151,159,2647,1328,1319,110,61,49
0.0 Scen,2020,175,Goliad County,7252,3606,3646,4157,2051,2106,310,151,159,2674,1343,1331,111,61,50
0.0 Scen,2021,175,Goliad County,7259,3608,3651,4139,2040,2099,310,152,158,2698,1354,1344,112,62,50
0.0 Scen,2022,175,Goliad County,7268,3611,3657,4122,2031,2091,312,153,159,2721,1365,1356,113,62,51
0.0 Scen,2023,175,Goliad County,7282,3617,3665,4108,2023,2085,314,154,160,2746,1377,1369,114,63,51
0.0 Scen,2024,175,Goliad County,7285,3615,3670,4088,2011,2077,315,154,161,2769,1388,1381,113,62,51
0.0 Scen,2025,175,Goliad County,7291,3621,3670,4071,2003,2068,317,156,161,2788,1398,1390,115,64,51
0.0 Scen,2026,175,Goliad County,7291,3618,3673,4050,1989,2061,317,155,162,2808,1410,1398,116,64,52
0.0 Scen,2027,175,Goliad County,7288,3615,3673,4029,1975,2054,316,156,160,2826,1419,1407,117,65,52
0.0 Scen,2028,175,Goliad County,7283,3610,3673,4002,1960,2042,320,159,161,2843,1426,1417,118,65,53
0.0 Scen,2029,175,Goliad County,7280,3606,3674,3982,1949,2033,321,160,161,2857,1431,1426,120,66,54
0.0 Scen,2030,175,Goliad County,7271,3598,3673,3957,1935,2022,321,160,161,2872,1437,1435,121,66,55
0.0 Scen,2031,175,Goliad County,7260,3592,3668,3929,1921,2008,322,161,161,2887,1443,1444,122,67,55
0.0 Scen,2032,175,Goliad County,7249,3590,3659,3903,1909,1994,321,160,161,2902,1454,1448,123,67,56
0.0 Scen,2033,175,Goliad County,7224,3577,3647,3867,1889,1978,321,161,160,2912,1459,1453,124,68,56
0.0 Scen,2034,175,Goliad County,7201,3566,3635,3834,1873,1961,320,161,159,2922,1464,1458,125,68,57
0.0 Scen,2035,175,Goliad County,7175,3555,3620,3804,1859,1945,319,161,158,2927,1466,1461,125,69,56
0.0 Scen,2036,175,Goliad County,7147,3540,3607,3771,1843,1928,318,160,158,2932,1468,1464,126,69,57
0.0 Scen,2037,175,Goliad County,7124,3536,3588,3743,1836,1907,317,160,157,2937,1470,1467,127,70,57
0.0 Scen,2038,175,Goliad County,7098,3525,3573,3713,1823,1890,316,159,157,2942,1474,1468,127,69,58
0.0 Scen,2039,175,Goliad County,7074,3517,3557,3684,1811,1873,314,159,155,2949,1478,1471,127,69,58
0.0 Scen,2040,175,Goliad County,7050,3506,3544,3657,1799,1858,313,158,155,2953,1481,1472,127,68,59
0.0 Scen,2041,175,Goliad County,7024,3497,3527,3628,1785,1843,312,158,154,2957,1486,1471,127,68,59
0.0 Scen,2042,175,Goliad County,6999,3489,3510,3599,1774,1825,310,156,154,2964,1492,1472,126,67,59
0.0 Scen,2043,175,Goliad County,6975,3480,3495,3572,1761,1811,307,155,152,2969,1496,1473,127,68,59
0.0 Scen,2044,175,Goliad County,6951,3472,3479,3548,1751,1797,303,153,150,2974,1501,1473,126,67,59
0.0 Scen,2045,175,Goliad County,6931,3465,3466,3526,1742,1784,301,152,149,2977,1503,1474,127,68,59
0.0 Scen,2046,175,Goliad County,6912,3456,3456,3507,1734,1773,298,151,147,2981,1505,1476,126,66,60
0.0 Scen,2047,175,Goliad County,6894,3454,3440,3485,1730,1755,295,150,145,2987,1507,1480,127,67,60
0.0 Scen,2048,175,Goliad County,6878,3447,3431,3464,1720,1744,294,150,144,2994,1511,1483,126,66,60
0.0 Scen,2049,175,Goliad County,6864,3444,3420,3447,1715,1732,292,149,143,3001,1515,1486,124,65,59
0.0 Scen,2050,175,Goliad County,6847,3438,3409,3428,1707,1721,290,148,142,3006,1519,1487,123,64,59
0.0 Scen,2010,177,Gonzales County,19807,9959,9848,8836,4294,4542,1353,699,654,9353,4848,4505,265,118,147
0.0 Scen,2011,177,Gonzales County,19956,10039,9917,8787,4271,4516,1362,705,657,9537,4942,4595,270,121,149
0.0 Scen,2012,177,Gonzales County,20122,10126,9996,8746,4252,4494,1369,708,661,9729,5040,4689,278,126,152
0.0 Scen,2013,177,Gonzales County,20282,10211,10071,8704,4231,4473,1379,713,666,9914,5137,4777,285,130,155
0.0 Scen,2014,177,Gonzales County,20450,10301,10149,8663,4215,4448,1387,718,669,10108,5235,4873,292,133,159
0.0 Scen,2015,177,Gonzales County,20607,10381,10226,8623,4199,4424,1398,723,675,10287,5322,4965,299,137,162
0.0 Scen,2016,177,Gonzales County,20760,10454,10306,8571,4173,4398,1408,727,681,10475,5413,5062,306,141,165
0.0 Scen,2017,177,Gonzales County,20898,10519,10379,8525,4151,4374,1416,732,684,10644,5491,5153,313,145,168
0.0 Scen,2018,177,Gonzales County,21051,10593,10458,8484,4134,4350,1426,736,690,10821,5574,5247,320,149,171
0.0 Scen,2019,177,Gonzales County,21209,10670,10539,8445,4119,4326,1433,738,695,11005,5661,5344,326,152,174
0.0 Scen,2020,177,Gonzales County,21350,10738,10612,8408,4103,4305,1435,739,696,11176,5741,5435,331,155,176
0.0 Scen,2021,177,Gonzales County,21522,10820,10702,8375,4091,4284,1446,742,704,11363,5828,5535,338,159,179
0.0 Scen,2022,177,Gonzales County,21703,10919,10784,8346,4081,4265,1456,750,706,11556,5925,5631,345,163,182
0.0 Scen,2023,177,Gonzales County,21869,10994,10875,8307,4058,4249,1460,752,708,11749,6017,5732,353,167,186
0.0 Scen,2024,177,Gonzales County,22052,11085,10967,8278,4047,4231,1463,754,709,11950,6113,5837,361,171,190
0.0 Scen,2025,177,Gonzales County,22223,11174,11049,8243,4029,4214,1470,760,710,12143,6211,5932,367,174,193
0.0 Scen,2026,177,Gonzales County,22399,11262,11137,8196,4002,4194,1476,764,712,12354,6319,6035,373,177,196
0.0 Scen,2027,177,Gonzales County,22570,11347,11223,8151,3980,4171,1480,766,714,12559,6420,6139,380,181,199
0.0 Scen,2028,177,Gonzales County,22737,11429,11308,8106,3957,4149,1484,768,716,12760,6520,6240,387,184,203
0.0 Scen,2029,177,Gonzales County,22913,11514,11399,8065,3937,4128,1485,766,719,12973,6625,6348,390,186,204
0.0 Scen,2030,177,Gonzales County,23077,11599,11478,8018,3917,4101,1487,765,722,13176,6728,6448,396,189,207
0.0 Scen,2031,177,Gonzales County,23242,11679,11563,7970,3895,4075,1485,762,723,13382,6830,6552,405,192,213
0.0 Scen,2032,177,Gonzales County,23403,11763,11640,7919,3871,4048,1485,760,725,13589,6936,6653,410,196,214
0.0 Scen,2033,177,Gonzales County,23556,11847,11709,7860,3844,4016,1481,759,722,13798,7044,6754,417,200,217
0.0 Scen,2034,177,Gonzales County,23720,11931,11789,7810,3822,3988,1473,753,720,14013,7152,6861,424,204,220
0.0 Scen,2035,177,Gonzales County,23885,12013,11872,7759,3797,3962,1464,747,717,14230,7261,6969,432,208,224
0.0 Scen,2036,177,Gonzales County,24042,12093,11949,7707,3774,3933,1455,742,713,14440,7365,7075,440,212,228
0.0 Scen,2037,177,Gonzales County,24209,12176,12033,7656,3750,3906,1446,738,708,14661,7474,7187,446,214,232
0.0 Scen,2038,177,Gonzales County,24363,12252,12111,7602,3724,3878,1437,733,704,14874,7578,7296,450,217,233
0.0 Scen,2039,177,Gonzales County,24527,12337,12190,7554,3704,3850,1427,728,699,15090,7684,7406,456,221,235
0.0 Scen,2040,177,Gonzales County,24687,12416,12271,7500,3677,3823,1420,726,694,15301,7787,7514,466,226,240
0.0 Scen,2041,177,Gonzales County,24847,12498,12349,7451,3656,3795,1408,721,687,15515,7890,7625,473,231,242
0.0 Scen,2042,177,Gonzales County,25017,12591,12426,7408,3640,3768,1400,719,681,15728,7997,7731,481,235,246
0.0 Scen,2043,177,Gonzales County,25188,12684,12504,7354,3618,3736,1392,716,676,15949,8107,7842,493,243,250
0.0 Scen,2044,177,Gonzales County,25360,12773,12587,7302,3593,3709,1383,713,670,16170,8218,7952,505,249,256
0.0 Scen,2045,177,Gonzales County,25554,12869,12685,7265,3575,3690,1375,710,665,16400,8330,8070,514,254,260
0.0 Scen,2046,177,Gonzales County,25742,12970,12772,7227,3563,3664,1367,707,660,16626,8441,8185,522,259,263
0.0 Scen,2047,177,Gonzales County,25935,13069,12866,7187,3544,3643,1361,706,655,16854,8555,8299,533,264,269
0.0 Scen,2048,177,Gonzales County,26127,13173,12954,7147,3532,3615,1355,704,651,17082,8668,8414,543,269,274
0.0 Scen,2049,177,Gonzales County,26332,13278,13054,7116,3519,3597,1352,704,648,17313,8782,8531,551,273,278
0.0 Scen,2050,177,Gonzales County,26541,13394,13147,7084,3509,3575,1350,705,645,17549,8904,8645,558,276,282
0.0 Scen,2010,179,Gray County,22535,11703,10832,15564,7701,7863,1055,773,282,5365,2971,2394,551,258,293
0.0 Scen,2011,179,Gray County,22667,11778,10889,15560,7705,7855,1065,780,285,5480,3029,2451,562,264,298
0.0 Scen,2012,179,Gray County,22812,11857,10955,15564,7712,7852,1077,786,291,5598,3089,2509,573,270,303
0.0 Scen,2013,179,Gray County,22967,11940,11027,15579,7724,7855,1085,790,295,5719,3150,2569,584,276,308
0.0 Scen,2014,179,Gray County,23118,12025,11093,15584,7731,7853,1098,799,299,5842,3213,2629,594,282,312
0.0 Scen,2015,179,Gray County,23292,12125,11167,15602,7749,7853,1112,808,304,5972,3281,2691,606,287,319
0.0 Scen,2016,179,Gray County,23445,12212,11233,15605,7757,7848,1125,816,309,6098,3346,2752,617,293,324
0.0 Scen,2017,179,Gray County,23610,12303,11307,15612,7768,7844,1134,821,313,6234,3415,2819,630,299,331
0.0 Scen,2018,179,Gray County,23770,12388,11382,15622,7778,7844,1145,827,318,6361,3478,2883,642,305,337
0.0 Scen,2019,179,Gray County,23921,12477,11444,15614,7783,7831,1156,833,323,6497,3550,2947,654,311,343
0.0 Scen,2020,179,Gray County,24085,12564,11521,15614,7790,7824,1171,840,331,6636,3618,3018,664,316,348
0.0 Scen,2021,179,Gray County,24243,12653,11590,15615,7798,7817,1178,841,337,6773,3690,3083,677,324,353
0.0 Scen,2022,179,Gray County,24404,12745,11659,15611,7804,7807,1191,850,341,6914,3761,3153,688,330,358
0.0 Scen,2023,179,Gray County,24578,12841,11737,15611,7813,7798,1200,853,347,7067,3838,3229,700,337,363
0.0 Scen,2024,179,Gray County,24740,12928,11812,15613,7819,7794,1212,860,352,7205,3906,3299,710,343,367
0.0 Scen,2025,179,Gray County,24921,13022,11899,15619,7823,7796,1223,867,356,7357,3982,3375,722,350,372
0.0 Scen,2026,179,Gray County,25095,13115,11980,15617,7826,7791,1233,872,361,7508,4059,3449,737,358,379
0.0 Scen,2027,179,Gray County,25273,13215,12058,15617,7835,7782,1245,879,366,7661,4137,3524,750,364,386
0.0 Scen,2028,179,Gray County,25455,13312,12143,15624,7842,7782,1253,885,368,7811,4211,3600,767,374,393
0.0 Scen,2029,179,Gray County,25638,13405,12233,15628,7848,7780,1258,884,374,7968,4290,3678,784,383,401
0.0 Scen,2030,179,Gray County,25817,13510,12307,15631,7863,7768,1268,890,378,8119,4366,3753,799,391,408
0.0 Scen,2031,179,Gray County,25992,13607,12385,15633,7871,7762,1274,894,380,8273,4444,3829,812,398,414
0.0 Scen,2032,179,Gray County,26159,13694,12465,15632,7876,7756,1277,893,384,8424,4519,3905,826,406,420
0.0 Scen,2033,179,Gray County,26332,13781,12551,15635,7881,7754,1280,893,387,8578,4595,3983,839,412,427
0.0 Scen,2034,179,Gray County,26514,13877,12637,15641,7889,7752,1290,899,391,8727,4667,4060,856,422,434
0.0 Scen,2035,179,Gray County,26697,13965,12732,15656,7900,7756,1290,897,393,8878,4738,4140,873,430,443
0.0 Scen,2036,179,Gray County,26891,14066,12825,15670,7911,7759,1294,898,396,9034,4819,4215,893,438,455
0.0 Scen,2037,179,Gray County,27081,14172,12909,15678,7922,7756,1305,905,400,9187,4897,4290,911,448,463
0.0 Scen,2038,179,Gray County,27270,14265,13005,15698,7936,7762,1302,900,402,9342,4971,4371,928,458,470
0.0 Scen,2039,179,Gray County,27456,14361,13095,15712,7947,7765,1306,903,403,9493,5044,4449,945,467,478
0.0 Scen,2040,179,Gray County,27640,14456,13184,15725,7961,7764,1308,902,406,9645,5118,4527,962,475,487
0.0 Scen,2041,179,Gray County,27837,14561,13276,15743,7978,7765,1312,903,409,9805,5198,4607,977,482,495
0.0 Scen,2042,179,Gray County,28028,14656,13372,15763,7992,7771,1311,897,414,9959,5276,4683,995,491,504
0.0 Scen,2043,179,Gray County,28213,14752,13461,15772,8001,7771,1315,897,418,10113,5353,4760,1013,501,512
0.0 Scen,2044,179,Gray County,28415,14856,13559,15798,8018,7780,1321,900,421,10267,5430,4837,1029,508,521
0.0 Scen,2045,179,Gray County,28595,14952,13643,15810,8031,7779,1318,896,422,10425,5508,4917,1042,517,525
0.0 Scen,2046,179,Gray County,28788,15052,13736,15824,8044,7780,1321,894,427,10583,5587,4996,1060,527,533
0.0 Scen,2047,179,Gray County,28996,15159,13837,15843,8057,7786,1332,899,433,10745,5668,5077,1076,535,541
0.0 Scen,2048,179,Gray County,29209,15270,13939,15867,8073,7794,1339,902,437,10910,5751,5159,1093,544,549
0.0 Scen,2049,179,Gray County,29425,15384,14041,15895,8093,7802,1345,903,442,11076,5835,5241,1109,553,556
0.0 Scen,2050,179,Gray County,29650,15504,14146,15923,8114,7809,1356,908,448,11246,5920,5326,1125,562,563
0.0 Scen,2010,181,Grayson County,120877,58917,61960,95103,46071,49032,6938,3344,3594,13688,7055,6633,5148,2447,2701
0.0 Scen,2011,181,Grayson County,121179,59081,62098,95065,46064,49001,6976,3362,3614,13955,7191,6764,5183,2464,2719
0.0 Scen,2012,181,Grayson County,121552,59279,62273,95066,46074,48992,7019,3387,3632,14234,7330,6904,5233,2488,2745
0.0 Scen,2013,181,Grayson County,121930,59479,62451,95078,46085,48993,7064,3412,3652,14514,7475,7039,5274,2507,2767
0.0 Scen,2014,181,Grayson County,122332,59694,62638,95118,46117,49001,7103,3433,3670,14792,7615,7177,5319,2529,2790
0.0 Scen,2015,181,Grayson County,122702,59898,62804,95116,46128,48988,7143,3458,3685,15067,7753,7314,5376,2559,2817
0.0 Scen,2016,181,Grayson County,123039,60090,62949,95088,46133,48955,7176,3475,3701,15358,7903,7455,5417,2579,2838
0.0 Scen,2017,181,Grayson County,123373,60264,63109,95065,46126,48939,7206,3493,3713,15637,8042,7595,5465,2603,2862
0.0 Scen,2018,181,Grayson County,123680,60445,63235,95008,46118,48890,7240,3516,3724,15918,8183,7735,5514,2628,2886
0.0 Scen,2019,181,Grayson County,123961,60592,63369,94933,46088,48845,7270,3533,3737,16194,8315,7879,5564,2656,2908
0.0 Scen,2020,181,Grayson County,124234,60736,63498,94837,46049,48788,7304,3553,3751,16474,8452,8022,5619,2682,2937
0.0 Scen,2021,181,Grayson County,124504,60882,63622,94750,46021,48729,7338,3575,3763,16747,8579,8168,5669,2707,2962
0.0 Scen,2022,181,Grayson County,124759,61015,63744,94646,45977,48669,7376,3597,3779,17026,8711,8315,5711,2730,2981
0.0 Scen,2023,181,Grayson County,124995,61143,63852,94520,45929,48591,7411,3616,3795,17302,8839,8463,5762,2759,3003
0.0 Scen,2024,181,Grayson County,125180,61239,63941,94351,45859,48492,7447,3636,3811,17580,8969,8611,5802,2775,3027
0.0 Scen,2025,181,Grayson County,125363,61332,64031,94169,45778,48391,7486,3658,3828,17859,9098,8761,5849,2798,3051
0.0 Scen,2026,181,Grayson County,125531,61430,64101,93984,45705,48279,7520,3675,3845,18139,9231,8908,5888,2819,3069
0.0 Scen,2027,181,Grayson County,125628,61486,64142,93731,45589,48142,7557,3696,3861,18418,9366,9052,5922,2835,3087
0.0 Scen,2028,181,Grayson County,125732,61555,64177,93479,45480,47999,7592,3711,3881,18698,9506,9192,5963,2858,3105
0.0 Scen,2029,181,Grayson County,125798,61604,64194,93199,45355,47844,7621,3725,3896,18983,9646,9337,5995,2878,3117
0.0 Scen,2030,181,Grayson County,125852,61639,64213,92892,45216,47676,7652,3739,3913,19268,9786,9482,6040,2898,3142
0.0 Scen,2031,181,Grayson County,125887,61671,64216,92581,45079,47502,7677,3752,3925,19558,9930,9628,6071,2910,3161
0.0 Scen,2032,181,Grayson County,125872,61691,64181,92232,44922,47310,7701,3763,3938,19836,10071,9765,6103,2935,3168
0.0 Scen,2033,181,Grayson County,125837,61694,64143,91866,44757,47109,7725,3776,3949,20121,10211,9910,6125,2950,3175
0.0 Scen,2034,181,Grayson County,125780,61690,64090,91489,44589,46900,7747,3786,3961,20405,10351,10054,6139,2964,3175
0.0 Scen,2035,181,Grayson County,125703,61659,64044,91086,44405,46681,7760,3790,3970,20682,10488,10194,6175,2976,3199
0.0 Scen,2036,181,Grayson County,125615,61640,63975,90695,44232,46463,7772,3796,3976,20954,10625,10329,6194,2987,3207
0.0 Scen,2037,181,Grayson County,125508,61616,63892,90305,44063,46242,7779,3799,3980,21221,10758,10463,6203,2996,3207
0.0 Scen,2038,181,Grayson County,125405,61582,63823,89909,43887,46022,7791,3803,3988,21487,10887,10600,6218,3005,3213
0.0 Scen,2039,181,Grayson County,125264,61542,63722,89507,43713,45794,7793,3805,3988,21743,11014,10729,6221,3010,3211
0.0 Scen,2040,181,Grayson County,125110,61488,63622,89099,43536,45563,7792,3804,3988,21993,11134,10859,6226,3014,3212
0.0 Scen,2041,181,Grayson County,124958,61436,63522,88696,43359,45337,7796,3808,3988,22239,11253,10986,6227,3016,3211
0.0 Scen,2042,181,Grayson County,124774,61371,63403,88283,43181,45102,7793,3807,3986,22470,11365,11105,6228,3018,3210
0.0 Scen,2043,181,Grayson County,124576,61302,63274,87855,42996,44859,7786,3805,3981,22712,11484,11228,6223,3017,3206
0.0 Scen,2044,181,Grayson County,124386,61235,63151,87442,42818,44624,7786,3806,3980,22942,11595,11347,6216,3016,3200
0.0 Scen,2045,181,Grayson County,124174,61155,63019,87021,42635,44386,7781,3807,3974,23167,11705,11462,6205,3008,3197
0.0 Scen,2046,181,Grayson County,123968,61075,62893,86600,42451,44149,7778,3804,3974,23390,11814,11576,6200,3006,3194
0.0 Scen,2047,181,Grayson County,123775,61008,62767,86191,42275,43916,7778,3804,3974,23611,11921,11690,6195,3008,3187
0.0 Scen,2048,181,Grayson County,123578,60938,62640,85780,42099,43681,7779,3805,3974,23834,12029,11805,6185,3005,3180
0.0 Scen,2049,181,Grayson County,123371,60862,62509,85379,41931,43448,7768,3799,3969,24052,12133,11919,6172,2999,3173
0.0 Scen,2050,181,Grayson County,123168,60792,62376,84987,41767,43220,7760,3798,3962,24266,12236,12030,6155,2991,3164
0.0 Scen,2010,183,Gregg County,121730,59468,62262,74005,35622,38383,24068,11321,12747,20018,10735,9283,3639,1790,1849
0.0 Scen,2011,183,Gregg County,122499,59891,62608,74089,35693,38396,24264,11424,12840,20461,10959,9502,3685,1815,1870
0.0 Scen,2012,183,Gregg County,123329,60355,62974,74218,35798,38420,24464,11528,12936,20909,11186,9723,3738,1843,1895
0.0 Scen,2013,183,Gregg County,124194,60829,63365,74359,35896,38463,24685,11650,13035,21357,11412,9945,3793,1871,1922
0.0 Scen,2014,183,Gregg County,125004,61277,63727,74492,35998,38494,24868,11749,13119,21801,11632,10169,3843,1898,1945
0.0 Scen,2015,183,Gregg County,125789,61710,64079,74603,36089,38514,25057,11854,13203,22234,11842,10392,3895,1925,1970
0.0 Scen,2016,183,Gregg County,126523,62119,64404,74676,36163,38513,25236,11949,13287,22668,12056,10612,3943,1951,1992
0.0 Scen,2017,183,Gregg County,127248,62515,64733,74722,36222,38500,25422,12047,13375,23106,12269,10837,3998,1977,2021
0.0 Scen,2018,183,Gregg County,127925,62878,65047,74752,36264,38488,25599,12141,13458,23524,12468,11056,4050,2005,2045
0.0 Scen,2019,183,Gregg County,128589,63244,65345,74760,36301,38459,25773,12235,13538,23946,12673,11273,4110,2035,2075
0.0 Scen,2020,183,Gregg County,129243,63604,65639,74749,36326,38423,25946,12326,13620,24380,12885,11495,4168,2067,2101
0.0 Scen,2021,183,Gregg County,129859,63931,65928,74712,36336,38376,26114,12414,13700,24809,13088,11721,4224,2093,2131
0.0 Scen,2022,183,Gregg County,130473,64261,66212,74655,36334,38321,26284,12500,13784,25252,13304,11948,4282,2123,2159
0.0 Scen,2023,183,Gregg County,131052,64579,66473,74577,36321,38256,26434,12579,13855,25699,13524,12175,4342,2155,2187
0.0 Scen,2024,183,Gregg County,131613,64883,66730,74475,36293,38182,26587,12657,13930,26151,13746,12405,4400,2187,2213
0.0 Scen,2025,183,Gregg County,132139,65162,66977,74340,36244,38096,26722,12724,13998,26619,13978,12641,4458,2216,2242
0.0 Scen,2026,183,Gregg County,132644,65446,67198,74185,36189,37996,26857,12801,14056,27091,14212,12879,4511,2244,2267
0.0 Scen,2027,183,Gregg County,133135,65718,67417,74015,36127,37888,26976,12864,14112,27572,14454,13118,4572,2273,2299
0.0 Scen,2028,183,Gregg County,133604,65973,67631,73813,36044,37769,27089,12929,14160,28075,14702,13373,4627,2298,2329
0.0 Scen,2029,183,Gregg County,134057,66227,67830,73609,35965,37644,27195,12983,14212,28568,14950,13618,4685,2329,2356
0.0 Scen,2030,183,Gregg County,134510,66485,68025,73404,35887,37517,27296,13043,14253,29068,15197,13871,4742,2358,2384
0.0 Scen,2031,183,Gregg County,134953,66734,68219,73184,35804,37380,27388,13092,14296,29577,15448,14129,4804,2390,2414
0.0 Scen,2032,183,Gregg County,135378,66969,68409,72973,35722,37251,27460,13133,14327,30080,15696,14384,4865,2418,2447
0.0 Scen,2033,183,Gregg County,135788,67196,68592,72751,35633,37118,27534,13177,14357,30578,15940,14638,4925,2446,2479
0.0 Scen,2034,183,Gregg County,136189,67423,68766,72537,35547,36990,27610,13221,14389,31083,16183,14900,4959,2472,2487
0.0 Scen,2035,183,Gregg County,136609,67643,68966,72322,35463,36859,27679,13260,14419,31578,16422,15156,5030,2498,2532
0.0 Scen,2036,183,Gregg County,136992,67855,69137,72104,35377,36727,27739,13294,14445,32068,16662,15406,5081,2522,2559
0.0 Scen,2037,183,Gregg County,137387,68075,69312,71896,35293,36603,27802,13335,14467,32558,16899,15659,5131,2548,2583
0.0 Scen,2038,183,Gregg County,137759,68290,69469,71692,35211,36481,27853,13370,14483,33037,17135,15902,5177,2574,2603
0.0 Scen,2039,183,Gregg County,138145,68502,69643,71491,35132,36359,27917,13409,14508,33514,17365,16149,5223,2596,2627
0.0 Scen,2040,183,Gregg County,138490,68699,69791,71287,35051,36236,27958,13440,14518,33987,17593,16394,5258,2615,2643
0.0 Scen,2041,183,Gregg County,138840,68899,69941,71087,34975,36112,28007,13475,14532,34455,17818,16637,5291,2631,2660
0.0 Scen,2042,183,Gregg County,139177,69098,70079,70883,34898,35985,28047,13509,14538,34918,18039,16879,5329,2652,2677
0.0 Scen,2043,183,Gregg County,139502,69288,70214,70672,34819,35853,28084,13534,14550,35382,18264,17118,5364,2671,2693
0.0 Scen,2044,183,Gregg County,139787,69453,70334,70451,34729,35722,28120,13565,14555,35829,18477,17352,5387,2682,2705
0.0 Scen,2045,183,Gregg County,140069,69619,70450,70226,34643,35583,28153,13592,14561,36267,18679,17588,5423,2705,2718
0.0 Scen,2046,183,Gregg County,140347,69788,70559,69999,34553,35446,28181,13619,14562,36710,18894,17816,5457,2722,2735
0.0 Scen,2047,183,Gregg County,140605,69940,70665,69758,34457,35301,28212,13643,14569,37148,19097,18051,5487,2743,2744
0.0 Scen,2048,183,Gregg County,140850,70078,70772,69528,34364,35164,28238,13665,14573,37575,19297,18278,5509,2752,2757
0.0 Scen,2049,183,Gregg County,141072,70218,70854,69278,34267,35011,28261,13687,14574,38000,19499,18501,5533,2765,2768
0.0 Scen,2050,183,Gregg County,141308,70357,70951,69032,34168,34864,28280,13708,14572,38435,19702,18733,5561,2779,2782
0.0 Scen,2010,185,Grimes County,26604,14487,12117,16133,8521,7612,4348,2547,1801,5652,3186,2466,471,233,238
0.0 Scen,2011,185,Grimes County,26727,14558,12169,16134,8524,7610,4368,2561,1807,5751,3238,2513,474,235,239
0.0 Scen,2012,185,Grimes County,26866,14631,12235,16148,8531,7617,4384,2571,1813,5855,3291,2564,479,238,241
0.0 Scen,2013,185,Grimes County,27003,14704,12299,16154,8536,7618,4404,2584,1820,5960,3344,2616,485,240,245
0.0 Scen,2014,185,Grimes County,27132,14771,12361,16158,8539,7619,4418,2590,1828,6068,3399,2669,488,243,245
0.0 Scen,2015,185,Grimes County,27266,14841,12425,16163,8540,7623,4435,2598,1837,6176,3458,2718,492,245,247
0.0 Scen,2016,185,Grimes County,27401,14907,12494,16164,8540,7624,4453,2607,1846,6286,3512,2774,498,248,250
0.0 Scen,2017,185,Grimes County,27531,14966,12565,16169,8540,7629,4463,2605,1858,6393,3567,2826,506,254,252
0.0 Scen,2018,185,Grimes County,27675,15040,12635,16171,8542,7629,4482,2615,1867,6511,3629,2882,511,254,257
0.0 Scen,2019,185,Grimes County,27811,15108,12703,16171,8540,7631,4496,2622,1874,6625,3686,2939,519,260,259
0.0 Scen,2020,185,Grimes County,27928,15163,12765,16168,8537,7631,4494,2617,1877,6738,3745,2993,528,264,264
0.0 Scen,2021,185,Grimes County,28075,15232,12843,16181,8540,7641,4500,2618,1882,6856,3804,3052,538,270,268
0.0 Scen,2022,185,Grimes County,28207,15295,12912,16175,8532,7643,4515,2628,1887,6974,3862,3112,543,273,270
0.0 Scen,2023,185,Grimes County,28330,15351,12979,16170,8526,7644,4512,2623,1889,7098,3924,3174,550,278,272
0.0 Scen,2024,185,Grimes County,28446,15401,13045,16164,8523,7641,4513,2618,1895,7212,3979,3233,557,281,276
0.0 Scen,2025,185,Grimes County,28564,15455,13109,16153,8510,7643,4519,2623,1896,7329,4037,3292,563,285,278
0.0 Scen,2026,185,Grimes County,28677,15513,13164,16139,8504,7635,4518,2621,1897,7451,4100,3351,569,288,281
0.0 Scen,2027,185,Grimes County,28780,15555,13225,16117,8490,7627,4520,2618,1902,7569,4157,3412,574,290,284
0.0 Scen,2028,185,Grimes County,28875,15601,13274,16093,8475,7618,4517,2617,1900,7684,4213,3471,581,296,285
0.0 Scen,2029,185,Grimes County,28980,15660,13320,16071,8467,7604,4513,2617,1896,7806,4275,3531,590,301,289
0.0 Scen,2030,185,Grimes County,29050,15688,13362,16032,8445,7587,4502,2612,1890,7919,4327,3592,597,304,293
0.0 Scen,2031,185,Grimes County,29125,15728,13397,15998,8431,7567,4492,2608,1884,8033,4382,3651,602,307,295
0.0 Scen,2032,185,Grimes County,29188,15755,13433,15958,8410,7548,4482,2603,1879,8141,4433,3708,607,309,298
0.0 Scen,2033,185,Grimes County,29251,15789,13462,15910,8386,7524,4469,2598,1871,8258,4492,3766,614,313,301
0.0 Scen,2034,185,Grimes County,29310,15821,13489,15867,8368,7499,4456,2592,1864,8367,4544,3823,620,317,303
0.0 Scen,2035,185,Grimes County,29363,15845,13518,15824,8345,7479,4441,2585,1856,8474,4595,3879,624,320,304
0.0 Scen,2036,185,Grimes County,29427,15879,13548,15778,8326,7452,4441,2584,1857,8578,4645,3933,630,324,306
0.0 Scen,2037,185,Grimes County,29486,15904,13582,15739,8306,7433,4429,2579,1850,8683,4693,3990,635,326,309
0.0 Scen,2038,185,Grimes County,29528,15921,13607,15688,8282,7406,4417,2572,1845,8787,4743,4044,636,324,312
0.0 Scen,2039,185,Grimes County,29579,15947,13632,15635,8257,7378,4415,2569,1846,8889,4794,4095,640,327,313
0.0 Scen,2040,185,Grimes County,29642,15978,13664,15596,8240,7356,4405,2562,1843,8996,4847,4149,645,329,316
0.0 Scen,2041,185,Grimes County,29688,16001,13687,15548,8216,7332,4397,2558,1839,9094,4895,4199,649,332,317
0.0 Scen,2042,185,Grimes County,29754,16042,13712,15506,8198,7308,4398,2563,1835,9196,4947,4249,654,334,320
0.0 Scen,2043,185,Grimes County,29810,16078,13732,15464,8182,7282,4385,2558,1827,9302,5001,4301,659,337,322
0.0 Scen,2044,185,Grimes County,29867,16104,13763,15427,8166,7261,4376,2551,1825,9403,5049,4354,661,338,323
0.0 Scen,2045,185,Grimes County,29934,16143,13791,15391,8153,7238,4369,2544,1825,9508,5104,4404,666,342,324
0.0 Scen,2046,185,Grimes County,30006,16177,13829,15357,8135,7222,4369,2542,1827,9610,5156,4454,670,344,326
0.0 Scen,2047,185,Grimes County,30075,16221,13854,15320,8126,7194,4365,2539,1826,9717,5211,4506,673,345,328
0.0 Scen,2048,185,Grimes County,30157,16266,13891,15294,8115,7179,4356,2534,1822,9827,5269,4558,680,348,332
0.0 Scen,2049,185,Grimes County,30228,16298,13930,15264,8104,7160,4348,2524,1824,9934,5322,4612,682,348,334
0.0 Scen,2050,185,Grimes County,30318,16347,13971,15249,8099,7150,4338,2518,1820,10046,5381,4665,685,349,336
0.0 Scen,2010,187,Guadalupe County,131533,64762,66771,72086,35547,36539,7963,4005,3958,46889,23204,23685,4595,2006,2589
0.0 Scen,2011,187,Guadalupe County,132172,65073,67099,72142,35571,36571,7972,4003,3969,47417,23469,23948,4641,2030,2611
0.0 Scen,2012,187,Guadalupe County,132834,65393,67441,72202,35592,36610,7974,4001,3973,47967,23745,24222,4691,2055,2636
0.0 Scen,2013,187,Guadalupe County,133456,65691,67765,72228,35591,36637,7973,3997,3976,48511,24020,24491,4744,2083,2661
0.0 Scen,2014,187,Guadalupe County,134076,65990,68086,72247,35589,36658,7977,3999,3978,49057,24290,24767,4795,2112,2683
0.0 Scen,2015,187,Guadalupe County,134678,66284,68394,72246,35578,36668,7980,4000,3980,49604,24568,25036,4848,2138,2710
0.0 Scen,2016,187,Guadalupe County,135278,66566,68712,72238,35558,36680,7982,4000,3982,50156,24844,25312,4902,2164,2738
0.0 Scen,2017,187,Guadalupe County,135880,66852,69028,72218,35529,36689,7992,4005,3987,50716,25125,25591,4954,2193,2761
0.0 Scen,2018,187,Guadalupe County,136472,67136,69336,72181,35499,36682,7989,4004,3985,51293,25411,25882,5009,2222,2787
0.0 Scen,2019,187,Guadalupe County,137097,67439,69658,72156,35475,36681,7994,4007,3987,51877,25703,26174,5070,2254,2816
0.0 Scen,2020,187,Guadalupe County,137706,67741,69965,72113,35449,36664,8003,4013,3990,52461,25994,26467,5129,2285,2844
0.0 Scen,2021,187,Guadalupe County,138337,68041,70296,72078,35416,36662,8012,4016,3996,53057,26293,26764,5190,2316,2874
0.0 Scen,2022,187,Guadalupe County,138973,68363,70610,72049,35404,36645,8026,4023,4003,53653,26590,27063,5245,2346,2899
0.0 Scen,2023,187,Guadalupe County,139622,68675,70947,72021,35375,36646,8040,4028,4012,54251,26890,27361,5310,2382,2928
0.0 Scen,2024,187,Guadalupe County,140249,68987,71262,71976,35344,36632,8051,4033,4018,54851,27192,27659,5371,2418,2953
0.0 Scen,2025,187,Guadalupe County,140832,69267,71565,71924,35307,36617,8059,4036,4023,55429,27481,27948,5420,2443,2977
0.0 Scen,2026,187,Guadalupe County,141429,69557,71872,71859,35263,36596,8068,4042,4026,56013,27771,28242,5489,2481,3008
0.0 Scen,2027,187,Guadalupe County,141969,69822,72147,71775,35215,36560,8064,4038,4026,56591,28058,28533,5539,2511,3028
0.0 Scen,2028,187,Guadalupe County,142491,70082,72409,71665,35153,36512,8062,4035,4027,57157,28346,28811,5607,2548,3059
0.0 Scen,2029,187,Guadalupe County,142954,70296,72658,71540,35082,36458,8056,4029,4027,57697,28607,29090,5661,2578,3083
0.0 Scen,2030,187,Guadalupe County,143384,70516,72868,71401,35014,36387,8041,4018,4023,58228,28876,29352,5714,2608,3106
0.0 Scen,2031,187,Guadalupe County,143765,70707,73058,71250,34935,36315,8027,4010,4017,58724,29124,29600,5764,2638,3126
0.0 Scen,2032,187,Guadalupe County,144095,70875,73220,71068,34847,36221,8000,3991,4009,59208,29369,29839,5819,2668,3151
0.0 Scen,2033,187,Guadalupe County,144362,71023,73339,70871,34757,36114,7971,3972,3999,59662,29598,30064,5858,2696,3162
0.0 Scen,2034,187,Guadalupe County,144589,71144,73445,70646,34654,35992,7943,3950,3993,60095,29820,30275,5905,2720,3185
0.0 Scen,2035,187,Guadalupe County,144734,71233,73501,70394,34540,35854,7905,3927,3978,60493,30022,30471,5942,2744,3198
0.0 Scen,2036,187,Guadalupe County,144843,71298,73545,70115,34407,35708,7863,3902,3961,60885,30220,30665,5980,2769,3211
0.0 Scen,2037,187,Guadalupe County,144919,71347,73572,69821,34271,35550,7822,3882,3940,61271,30410,30861,6005,2784,3221
0.0 Scen,2038,187,Guadalupe County,144956,71376,73580,69509,34130,35379,7777,3853,3924,61636,30592,31044,6034,2801,3233
0.0 Scen,2039,187,Guadalupe County,144938,71383,73555,69180,33976,35204,7725,3824,3901,61978,30766,31212,6055,2817,3238
0.0 Scen,2040,187,Guadalupe County,144899,71379,73520,68844,33820,35024,7673,3794,3879,62305,30932,31373,6077,2833,3244
0.0 Scen,2041,187,Guadalupe County,144815,71361,73454,68478,33652,34826,7629,3773,3856,62607,31089,31518,6101,2847,3254
0.0 Scen,2042,187,Guadalupe County,144703,71329,73374,68102,33477,34625,7573,3746,3827,62911,31247,31664,6117,2859,3258
0.0 Scen,2043,187,Guadalupe County,144568,71287,73281,67727,33308,34419,7525,3722,3803,63189,31386,31803,6127,2871,3256
0.0 Scen,2044,187,Guadalupe County,144410,71222,73188,67328,33118,34210,7478,3697,3781,63458,31525,31933,6146,2882,3264
0.0 Scen,2045,187,Guadalupe County,144246,71155,73091,66930,32932,33998,7426,3670,3756,63729,31660,32069,6161,2893,3268
0.0 Scen,2046,187,Guadalupe County,144051,71079,72972,66533,32745,33788,7368,3639,3729,63980,31792,32188,6170,2903,3267
0.0 Scen,2047,187,Guadalupe County,143860,71006,72854,66137,32558,33579,7308,3609,3699,64234,31923,32311,6181,2916,3265
0.0 Scen,2048,187,Guadalupe County,143638,70916,72722,65741,32377,33364,7240,3571,3669,64475,32050,32425,6182,2918,3264
0.0 Scen,2049,187,Guadalupe County,143406,70822,72584,65347,32195,33152,7169,3530,3639,64705,32173,32532,6185,2924,3261
0.0 Scen,2050,187,Guadalupe County,143186,70744,72442,64972,32029,32943,7096,3493,3603,64931,32294,32637,6187,2928,3259
0.0 Scen,2010,189,Hale County,36273,18737,17536,13647,6880,6767,1803,1142,661,20269,10436,9833,554,279,275
0.0 Scen,2011,189,Hale County,36631,18917,17714,13601,6862,6739,1816,1149,667,20649,10621,10028,565,285,280
0.0 Scen,2012,189,Hale County,37026,19115,17911,13570,6848,6722,1834,1160,674,21045,10816,10229,577,291,286
0.0 Scen,2013,189,Hale County,37419,19308,18111,13536,6835,6701,1850,1167,683,21448,11012,10436,585,294,291
0.0 Scen,2014,189,Hale County,37827,19519,18308,13503,6824,6679,1871,1178,693,21859,11218,10641,594,299,295
0.0 Scen,2015,189,Hale County,38225,19721,18504,13469,6812,6657,1886,1185,701,22264,11419,10845,606,305,301
0.0 Scen,2016,189,Hale County,38639,19939,18700,13437,6805,6632,1902,1194,708,22683,11629,11054,617,311,306
0.0 Scen,2017,189,Hale County,39084,20165,18919,13417,6801,6616,1920,1202,718,23111,11842,11269,636,320,316
0.0 Scen,2018,189,Hale County,39496,20374,19122,13385,6793,6592,1933,1206,727,23533,12052,11481,645,323,322
0.0 Scen,2019,189,Hale County,39938,20600,19338,13356,6784,6572,1950,1215,735,23975,12272,11703,657,329,328
0.0 Scen,2020,189,Hale County,40356,20817,19539,13316,6772,6544,1961,1221,740,24412,12490,11922,667,334,333
0.0 Scen,2021,189,Hale County,40791,21040,19751,13282,6757,6525,1973,1227,746,24859,12719,12140,677,337,340
0.0 Scen,2022,189,Hale County,41229,21260,19969,13240,6741,6499,1990,1234,756,25307,12940,12367,692,345,347
0.0 Scen,2023,189,Hale County,41671,21490,20181,13208,6730,6478,2000,1237,763,25761,13170,12591,702,353,349
0.0 Scen,2024,189,Hale County,42111,21716,20395,13167,6716,6451,2011,1242,769,26222,13400,12822,711,358,353
0.0 Scen,2025,189,Hale County,42555,21944,20611,13130,6702,6428,2019,1244,775,26680,13632,13048,726,366,360
0.0 Scen,2026,189,Hale County,43004,22172,20832,13093,6688,6405,2028,1249,779,27142,13863,13279,741,372,369
0.0 Scen,2027,189,Hale County,43456,22403,21053,13047,6669,6378,2035,1253,782,27620,14101,13519,754,380,374
0.0 Scen,2028,189,Hale County,43893,22619,21274,12997,6647,6350,2040,1254,786,28092,14331,13761,764,387,377
0.0 Scen,2029,189,Hale County,44344,22855,21489,12949,6632,6317,2052,1262,790,28568,14568,14000,775,393,382
0.0 Scen,2030,189,Hale County,44781,23072,21709,12895,6606,6289,2061,1264,797,29037,14801,14236,788,401,387
0.0 Scen,2031,189,Hale County,45210,23288,21922,12847,6587,6260,2056,1259,797,29505,15033,14472,802,409,393
0.0 Scen,2032,189,Hale County,45656,23510,22146,12796,6563,6233,2064,1264,800,29979,15268,14711,817,415,402
0.0 Scen,2033,189,Hale County,46094,23728,22366,12745,6542,6203,2065,1263,802,30454,15502,14952,830,421,409
0.0 Scen,2034,189,Hale County,46541,23955,22586,12694,6521,6173,2064,1261,803,30938,15745,15193,845,428,417
0.0 Scen,2035,189,Hale County,46998,24180,22818,12644,6498,6146,2068,1263,805,31427,15984,15443,859,435,424
0.0 Scen,2036,189,Hale County,47444,24404,23040,12598,6479,6119,2071,1264,807,31903,16220,15683,872,441,431
0.0 Scen,2037,189,Hale County,47889,24628,23261,12544,6455,6089,2070,1262,808,32389,16462,15927,886,449,437
0.0 Scen,2038,189,Hale County,48336,24855,23481,12497,6438,6059,2067,1257,810,32873,16704,16169,899,456,443
0.0 Scen,2039,189,Hale County,48799,25088,23711,12450,6418,6032,2065,1257,808,33371,16951,16420,913,462,451
0.0 Scen,2040,189,Hale County,49255,25319,23936,12402,6397,6005,2065,1257,808,33861,17195,16666,927,470,457
0.0 Scen,2041,189,Hale County,49718,25545,24173,12355,6373,5982,2064,1256,808,34361,17441,16920,938,475,463
0.0 Scen,2042,189,Hale County,50176,25783,24393,12310,6357,5953,2060,1255,805,34858,17690,17168,948,481,467
0.0 Scen,2043,189,Hale County,50649,26026,24623,12264,6336,5928,2064,1258,806,35361,17944,17417,960,488,472
0.0 Scen,2044,189,Hale County,51123,26267,24856,12225,6323,5902,2058,1253,805,35869,18197,17672,971,494,477
0.0 Scen,2045,189,Hale County,51592,26506,25086,12173,6301,5872,2056,1251,805,36380,18455,17925,983,499,484
0.0 Scen,2046,189,Hale County,52059,26740,25319,12120,6277,5843,2054,1248,806,36891,18709,18182,994,506,488
0.0 Scen,2047,189,Hale County,52542,26981,25561,12067,6250,5817,2054,1248,806,37411,18970,18441,1010,513,497
0.0 Scen,2048,189,Hale County,53027,27230,25797,12018,6228,5790,2056,1250,806,37932,19232,18700,1021,520,501
0.0 Scen,2049,189,Hale County,53512,27473,26039,11975,6210,5765,2053,1246,807,38453,19494,18959,1031,523,508
0.0 Scen,2050,189,Hale County,54005,27730,26275,11923,6186,5737,2055,1249,806,38981,19764,19217,1046,531,515
0.0 Scen,2010,191,Hall County,3353,1657,1696,1998,958,1040,235,130,105,1087,558,529,33,11,22
0.0 Scen,2011,191,Hall County,3357,1658,1699,1981,948,1033,237,131,106,1105,567,538,34,12,22
0.0 Scen,2012,191,Hall County,3359,1657,1702,1962,937,1025,238,131,107,1124,577,547,35,12,23
0.0 Scen,2013,191,Hall County,3360,1659,1701,1944,928,1016,239,131,108,1141,587,554,36,13,23
0.0 Scen,2014,191,Hall County,3364,1663,1701,1927,921,1006,241,132,109,1159,597,562,37,13,24
0.0 Scen,2015,191,Hall County,3369,1665,1704,1912,914,998,243,133,110,1177,605,572,37,13,24
0.0 Scen,2016,191,Hall County,3369,1666,1703,1891,906,985,243,132,111,1197,615,582,38,13,25
0.0 Scen,2017,191,Hall County,3375,1671,1704,1875,898,977,244,133,111,1217,626,591,39,14,25
0.0 Scen,2018,191,Hall County,3385,1677,1708,1861,894,967,245,133,112,1240,636,604,39,14,25
0.0 Scen,2019,191,Hall County,3398,1687,1711,1848,889,959,248,135,113,1262,648,614,40,15,25
0.0 Scen,2020,191,Hall County,3405,1691,1714,1828,878,950,250,137,113,1287,661,626,40,15,25
0.0 Scen,2021,191,Hall County,3428,1702,1726,1820,873,947,255,140,115,1313,674,639,40,15,25
0.0 Scen,2022,191,Hall County,3438,1709,1729,1805,866,939,258,142,116,1335,686,649,40,15,25
0.0 Scen,2023,191,Hall County,3449,1715,1734,1791,858,933,259,143,116,1359,699,660,40,15,25
0.0 Scen,2024,191,Hall County,3463,1724,1739,1778,853,925,262,145,117,1383,711,672,40,15,25
0.0 Scen,2025,191,Hall County,3476,1733,1743,1765,849,916,263,145,118,1408,724,684,40,15,25
0.0 Scen,2026,191,Hall County,3498,1744,1754,1759,848,911,264,144,120,1435,737,698,40,15,25
0.0 Scen,2027,191,Hall County,3512,1753,1759,1746,844,902,266,145,121,1460,749,711,40,15,25
0.0 Scen,2028,191,Hall County,3531,1765,1766,1736,840,896,266,145,121,1489,765,724,40,15,25
0.0 Scen,2029,191,Hall County,3554,1778,1776,1729,837,892,268,147,121,1517,779,738,40,15,25
0.0 Scen,2030,191,Hall County,3569,1786,1783,1718,833,885,268,146,122,1543,792,751,40,15,25
0.0 Scen,2031,191,Hall County,3577,1792,1785,1700,825,875,269,147,122,1568,805,763,40,15,25
0.0 Scen,2032,191,Hall County,3595,1802,1793,1691,821,870,270,147,123,1594,819,775,40,15,25
0.0 Scen,2033,191,Hall County,3607,1813,1794,1677,818,859,270,148,122,1620,832,788,40,15,25
0.0 Scen,2034,191,Hall County,3625,1823,1802,1667,813,854,270,148,122,1648,847,801,40,15,25
0.0 Scen,2035,191,Hall County,3637,1831,1806,1656,809,847,270,148,122,1671,859,812,40,15,25
0.0 Scen,2036,191,Hall County,3650,1842,1808,1647,807,840,270,148,122,1693,872,821,40,15,25
0.0 Scen,2037,191,Hall County,3662,1851,1811,1637,804,833,270,148,122,1715,884,831,40,15,25
0.0 Scen,2038,191,Hall County,3672,1858,1814,1625,800,825,269,147,122,1738,896,842,40,15,25
0.0 Scen,2039,191,Hall County,3677,1862,1815,1614,797,817,269,147,122,1754,903,851,40,15,25
0.0 Scen,2040,191,Hall County,3679,1861,1818,1599,788,811,269,147,122,1771,911,860,40,15,25
0.0 Scen,2041,191,Hall County,3683,1864,1819,1585,782,803,268,146,122,1790,921,869,40,15,25
0.0 Scen,2042,191,Hall County,3691,1865,1826,1576,776,800,267,145,122,1808,929,879,40,15,25
0.0 Scen,2043,191,Hall County,3698,1870,1828,1562,770,792,267,145,122,1829,940,889,40,15,25
0.0 Scen,2044,191,Hall County,3706,1875,1831,1550,765,785,267,145,122,1849,950,899,40,15,25
0.0 Scen,2045,191,Hall County,3710,1878,1832,1538,760,778,266,144,122,1866,959,907,40,15,25
0.0 Scen,2046,191,Hall County,3719,1883,1836,1530,758,772,264,143,121,1885,967,918,40,15,25
0.0 Scen,2047,191,Hall County,3727,1886,1841,1521,753,768,262,142,120,1904,976,928,40,15,25
0.0 Scen,2048,191,Hall County,3734,1890,1844,1510,748,762,261,141,120,1923,986,937,40,15,25
0.0 Scen,2049,191,Hall County,3745,1896,1849,1501,744,757,260,141,119,1945,997,948,39,14,25
0.0 Scen,2050,191,Hall County,3757,1901,1856,1493,740,753,258,139,119,1967,1008,959,39,14,25
0.0 Scen,2010,193,Hamilton County,8517,4195,4322,7495,3651,3844,38,25,13,863,457,406,121,62,59
0.0 Scen,2011,193,Hamilton County,8485,4189,4296,7444,3634,3810,39,26,13,880,466,414,122,63,59
0.0 Scen,2012,193,Hamilton County,8459,4181,4278,7399,3616,3783,40,26,14,898,476,422,122,63,59
0.0 Scen,2013,193,Hamilton County,8438,4178,4260,7358,3602,3756,40,26,14,917,486,431,123,64,59
0.0 Scen,2014,193,Hamilton County,8419,4171,4248,7320,3587,3733,40,26,14,935,494,441,124,64,60
0.0 Scen,2015,193,Hamilton County,8396,4164,4232,7277,3568,3709,41,27,14,953,504,449,125,65,60
0.0 Scen,2016,193,Hamilton County,8379,4158,4221,7239,3551,3688,41,27,14,973,515,458,126,65,61
0.0 Scen,2017,193,Hamilton County,8363,4149,4214,7201,3530,3671,41,27,14,993,526,467,128,66,62
0.0 Scen,2018,193,Hamilton County,8357,4147,4210,7170,3515,3655,41,27,14,1017,539,478,129,66,63
0.0 Scen,2019,193,Hamilton County,8344,4145,4199,7134,3500,3634,41,27,14,1039,551,488,130,67,63
0.0 Scen,2020,193,Hamilton County,8344,4145,4199,7106,3488,3618,41,27,14,1066,563,503,131,67,64
0.0 Scen,2021,193,Hamilton County,8336,4144,4192,7074,3475,3599,41,27,14,1088,574,514,133,68,65
0.0 Scen,2022,193,Hamilton County,8332,4146,4186,7045,3462,3583,41,27,14,1111,588,523,135,69,66
0.0 Scen,2023,193,Hamilton County,8321,4141,4180,7011,3444,3567,41,27,14,1132,600,532,137,70,67
0.0 Scen,2024,193,Hamilton County,8320,4142,4178,6986,3432,3554,41,27,14,1154,612,542,139,71,68
0.0 Scen,2025,193,Hamilton County,8319,4145,4174,6960,3422,3538,41,27,14,1177,624,553,141,72,69
0.0 Scen,2026,193,Hamilton County,8314,4141,4173,6929,3405,3524,41,27,14,1201,636,565,143,73,70
0.0 Scen,2027,193,Hamilton County,8310,4143,4167,6900,3396,3504,41,27,14,1224,646,578,145,74,71
0.0 Scen,2028,193,Hamilton County,8306,4148,4158,6874,3388,3486,41,27,14,1244,658,586,147,75,72
0.0 Scen,2029,193,Hamilton County,8304,4150,4154,6849,3380,3469,41,27,14,1266,668,598,148,75,73
0.0 Scen,2030,193,Hamilton County,8300,4155,4145,6821,3373,3448,41,27,14,1288,679,609,150,76,74
0.0 Scen,2031,193,Hamilton County,8302,4160,4142,6800,3366,3434,41,27,14,1309,690,619,152,77,75
0.0 Scen,2032,193,Hamilton County,8307,4166,4141,6780,3358,3422,41,27,14,1332,703,629,154,78,76
0.0 Scen,2033,193,Hamilton County,8311,4173,4138,6761,3352,3409,41,27,14,1354,715,639,155,79,76
0.0 Scen,2034,193,Hamilton County,8307,4178,4129,6735,3346,3389,41,27,14,1375,726,649,156,79,77
0.0 Scen,2035,193,Hamilton County,8312,4186,4126,6719,3343,3376,41,27,14,1395,736,659,157,80,77
0.0 Scen,2036,193,Hamilton County,8313,4188,4125,6701,3336,3365,41,27,14,1415,746,669,156,79,77
0.0 Scen,2037,193,Hamilton County,8313,4187,4126,6680,3325,3355,41,27,14,1436,756,680,156,79,77
0.0 Scen,2038,193,Hamilton County,8318,4192,4126,6665,3320,3345,41,27,14,1457,767,690,155,78,77
0.0 Scen,2039,193,Hamilton County,8317,4202,4115,6647,3319,3328,41,27,14,1475,777,698,154,79,75
0.0 Scen,2040,193,Hamilton County,8315,4204,4111,6626,3312,3314,41,27,14,1495,787,708,153,78,75
0.0 Scen,2041,193,Hamilton County,8321,4211,4110,6610,3307,3303,41,27,14,1517,798,719,153,79,74
0.0 Scen,2042,193,Hamilton County,8323,4211,4112,6597,3302,3295,41,27,14,1532,803,729,153,79,74
0.0 Scen,2043,193,Hamilton County,8325,4216,4109,6581,3298,3283,41,27,14,1550,812,738,153,79,74
0.0 Scen,2044,193,Hamilton County,8328,4221,4107,6567,3295,3272,41,27,14,1568,821,747,152,78,74
0.0 Scen,2045,193,Hamilton County,8333,4228,4105,6555,3292,3263,41,27,14,1585,830,755,152,79,73
0.0 Scen,2046,193,Hamilton County,8344,4235,4109,6548,3290,3258,41,27,14,1603,839,764,152,79,73
0.0 Scen,2047,193,Hamilton County,8351,4241,4110,6539,3289,3250,40,26,14,1621,847,774,151,79,72
0.0 Scen,2048,193,Hamilton County,8363,4248,4115,6533,3289,3244,39,25,14,1641,856,785,150,78,72
0.0 Scen,2049,193,Hamilton County,8376,4257,4119,6530,3291,3239,38,24,14,1659,864,795,149,78,71
0.0 Scen,2050,193,Hamilton County,8396,4269,4127,6533,3296,3237,37,23,14,1678,873,805,148,77,71
0.0 Scen,2010,195,Hansford County,5613,2803,2810,3088,1487,1601,31,17,14,2430,1270,1160,64,29,35
0.0 Scen,2011,195,Hansford County,5654,2828,2826,3089,1491,1598,31,17,14,2469,1290,1179,65,30,35
0.0 Scen,2012,195,Hansford County,5703,2858,2845,3093,1498,1595,31,17,14,2513,1313,1200,66,30,36
0.0 Scen,2013,195,Hansford County,5747,2881,2866,3094,1498,1596,31,17,14,2556,1335,1221,66,31,35
0.0 Scen,2014,195,Hansford County,5798,2908,2890,3095,1499,1596,31,17,14,2605,1361,1244,67,31,36
0.0 Scen,2015,195,Hansford County,5850,2935,2915,3101,1503,1598,31,17,14,2651,1384,1267,67,31,36
0.0 Scen,2016,195,Hansford County,5902,2958,2944,3106,1504,1602,31,17,14,2697,1406,1291,68,31,37
0.0 Scen,2017,195,Hansford County,5956,2990,2966,3113,1509,1604,31,17,14,2743,1432,1311,69,32,37
0.0 Scen,2018,195,Hansford County,6015,3021,2994,3121,1514,1607,31,17,14,2793,1458,1335,70,32,38
0.0 Scen,2019,195,Hansford County,6071,3050,3021,3125,1516,1609,31,17,14,2843,1484,1359,72,33,39
0.0 Scen,2020,195,Hansford County,6128,3078,3050,3129,1518,1611,31,17,14,2894,1509,1385,74,34,40
0.0 Scen,2021,195,Hansford County,6194,3110,3084,3135,1520,1615,31,17,14,2953,1538,1415,75,35,40
0.0 Scen,2022,195,Hansford County,6251,3139,3112,3139,1522,1617,31,17,14,3005,1565,1440,76,35,41
0.0 Scen,2023,195,Hansford County,6312,3167,3145,3143,1522,1621,31,17,14,3060,1591,1469,78,37,41
0.0 Scen,2024,195,Hansford County,6371,3196,3175,3146,1524,1622,31,17,14,3115,1618,1497,79,37,42
0.0 Scen,2025,195,Hansford County,6437,3231,3206,3155,1530,1625,31,17,14,3171,1646,1525,80,38,42
0.0 Scen,2026,195,Hansford County,6493,3258,3235,3157,1531,1626,31,17,14,3224,1672,1552,81,38,43
0.0 Scen,2027,195,Hansford County,6552,3286,3266,3160,1532,1628,31,17,14,3279,1698,1581,82,39,43
0.0 Scen,2028,195,Hansford County,6615,3319,3296,3167,1536,1631,31,17,14,3334,1727,1607,83,39,44
0.0 Scen,2029,195,Hansford County,6675,3349,3326,3173,1539,1634,31,17,14,3387,1753,1634,84,40,44
0.0 Scen,2030,195,Hansford County,6735,3380,3355,3176,1540,1636,31,17,14,3443,1783,1660,85,40,45
0.0 Scen,2031,195,Hansford County,6802,3413,3389,3182,1544,1638,31,17,14,3503,1811,1692,86,41,45
0.0 Scen,2032,195,Hansford County,6854,3440,3414,3187,1548,1639,31,17,14,3549,1834,1715,87,41,46
0.0 Scen,2033,195,Hansford County,6910,3466,3444,3193,1550,1643,31,17,14,3599,1858,1741,87,41,46
0.0 Scen,2034,195,Hansford County,6959,3490,3469,3193,1550,1643,31,17,14,3648,1882,1766,87,41,46
0.0 Scen,2035,195,Hansford County,7009,3517,3492,3196,1553,1643,31,17,14,3695,1906,1789,87,41,46
0.0 Scen,2036,195,Hansford County,7057,3544,3513,3201,1557,1644,31,17,14,3738,1929,1809,87,41,46
0.0 Scen,2037,195,Hansford County,7110,3570,3540,3207,1560,1647,31,17,14,3785,1952,1833,87,41,46
0.0 Scen,2038,195,Hansford County,7155,3592,3563,3211,1562,1649,31,17,14,3826,1972,1854,87,41,46
0.0 Scen,2039,195,Hansford County,7198,3613,3585,3216,1566,1650,31,17,14,3863,1988,1875,88,42,46
0.0 Scen,2040,195,Hansford County,7239,3632,3607,3222,1570,1652,31,17,14,3898,2003,1895,88,42,46
0.0 Scen,2041,195,Hansford County,7280,3655,3625,3225,1574,1651,31,17,14,3935,2021,1914,89,43,46
0.0 Scen,2042,195,Hansford County,7318,3673,3645,3227,1576,1651,31,17,14,3971,2037,1934,89,43,46
0.0 Scen,2043,195,Hansford County,7366,3699,3667,3234,1581,1653,31,17,14,4012,2057,1955,89,44,45
0.0 Scen,2044,195,Hansford County,7419,3726,3693,3242,1588,1654,31,17,14,4057,2077,1980,89,44,45
0.0 Scen,2045,195,Hansford County,7465,3750,3715,3251,1593,1658,31,17,14,4094,2095,1999,89,45,44
0.0 Scen,2046,195,Hansford County,7519,3777,3742,3263,1600,1663,31,17,14,4135,2115,2020,90,45,45
0.0 Scen,2047,195,Hansford County,7564,3798,3766,3267,1604,1663,30,16,14,4176,2132,2044,91,46,45
0.0 Scen,2048,195,Hansford County,7614,3828,3786,3277,1612,1665,29,16,13,4217,2154,2063,91,46,45
0.0 Scen,2049,195,Hansford County,7660,3851,3809,3284,1615,1669,29,16,13,4255,2173,2082,92,47,45
0.0 Scen,2050,195,Hansford County,7715,3881,3834,3300,1624,1676,29,16,13,4294,2194,2100,92,47,45
0.0 Scen,2010,197,Hardeman County,4139,2051,2088,2938,1419,1519,217,116,101,889,460,429,95,56,39
0.0 Scen,2011,197,Hardeman County,4150,2058,2092,2932,1416,1516,217,117,100,905,468,437,96,57,39
0.0 Scen,2012,197,Hardeman County,4164,2069,2095,2928,1417,1511,217,118,99,922,477,445,97,57,40
0.0 Scen,2013,197,Hardeman County,4173,2076,2097,2920,1414,1506,218,119,99,938,486,452,97,57,40
0.0 Scen,2014,197,Hardeman County,4183,2078,2105,2910,1408,1502,220,120,100,955,493,462,98,57,41
0.0 Scen,2015,197,Hardeman County,4197,2086,2111,2907,1404,1503,221,121,100,970,503,467,99,58,41
0.0 Scen,2016,197,Hardeman County,4210,2092,2118,2897,1400,1497,223,122,101,990,512,478,100,58,42
0.0 Scen,2017,197,Hardeman County,4217,2097,2120,2884,1394,1490,224,123,101,1008,521,487,101,59,42
0.0 Scen,2018,197,Hardeman County,4232,2105,2127,2879,1392,1487,225,123,102,1026,531,495,102,59,43
0.0 Scen,2019,197,Hardeman County,4240,2112,2128,2869,1388,1481,226,124,102,1042,540,502,103,60,43
0.0 Scen,2020,197,Hardeman County,4251,2117,2134,2859,1382,1477,228,125,103,1061,550,511,103,60,43
0.0 Scen,2021,197,Hardeman County,4267,2125,2142,2852,1378,1474,230,126,104,1081,560,521,104,61,43
0.0 Scen,2022,197,Hardeman County,4285,2133,2152,2850,1376,1474,230,126,104,1100,570,530,105,61,44
0.0 Scen,2023,197,Hardeman County,4304,2146,2158,2847,1376,1471,231,127,104,1119,580,539,107,63,44
0.0 Scen,2024,197,Hardeman County,4320,2154,2166,2843,1375,1468,230,126,104,1141,592,549,106,61,45
0.0 Scen,2025,197,Hardeman County,4332,2162,2170,2831,1370,1461,229,126,103,1164,603,561,108,63,45
0.0 Scen,2026,197,Hardeman County,4343,2166,2177,2819,1363,1456,228,125,103,1187,615,572,109,63,46
0.0 Scen,2027,197,Hardeman County,4355,2174,2181,2810,1360,1450,228,126,102,1207,624,583,110,64,46
0.0 Scen,2028,197,Hardeman County,4364,2178,2186,2800,1354,1446,226,125,101,1227,635,592,111,64,47
0.0 Scen,2029,197,Hardeman County,4373,2184,2189,2788,1349,1439,226,126,100,1249,646,603,110,63,47
0.0 Scen,2030,197,Hardeman County,4391,2192,2199,2777,1345,1432,227,125,102,1275,659,616,112,63,49
0.0 Scen,2031,197,Hardeman County,4397,2198,2199,2761,1337,1424,227,126,101,1296,671,625,113,64,49
0.0 Scen,2032,197,Hardeman County,4412,2207,2205,2752,1334,1418,225,124,101,1319,683,636,116,66,50
0.0 Scen,2033,197,Hardeman County,4425,2217,2208,2741,1329,1412,225,124,101,1341,696,645,118,68,50
0.0 Scen,2034,197,Hardeman County,4432,2222,2210,2728,1324,1404,224,123,101,1361,707,654,119,68,51
0.0 Scen,2035,197,Hardeman County,4443,2231,2212,2718,1322,1396,225,124,101,1380,716,664,120,69,51
0.0 Scen,2036,197,Hardeman County,4454,2238,2216,2709,1318,1391,225,124,101,1400,727,673,120,69,51
0.0 Scen,2037,197,Hardeman County,4465,2245,2220,2701,1315,1386,225,124,101,1419,736,683,120,70,50
0.0 Scen,2038,197,Hardeman County,4473,2250,2223,2691,1312,1379,225,124,101,1437,745,692,120,69,51
0.0 Scen,2039,197,Hardeman County,4482,2258,2224,2684,1311,1373,225,124,101,1453,753,700,120,70,50
0.0 Scen,2040,197,Hardeman County,4490,2261,2229,2675,1307,1368,225,124,101,1470,761,709,120,69,51
0.0 Scen,2041,197,Hardeman County,4498,2270,2228,2666,1307,1359,224,123,101,1487,770,717,121,70,51
0.0 Scen,2042,197,Hardeman County,4505,2277,2228,2655,1305,1350,224,123,101,1505,780,725,121,69,52
0.0 Scen,2043,197,Hardeman County,4511,2280,2231,2646,1299,1347,224,123,101,1521,789,732,120,69,51
0.0 Scen,2044,197,Hardeman County,4521,2287,2234,2640,1300,1340,224,123,101,1537,796,741,120,68,52
0.0 Scen,2045,197,Hardeman County,4530,2295,2235,2632,1298,1334,223,123,100,1554,805,749,121,69,52
0.0 Scen,2046,197,Hardeman County,4543,2301,2242,2630,1298,1332,222,122,100,1570,813,757,121,68,53
0.0 Scen,2047,197,Hardeman County,4555,2310,2245,2625,1299,1326,221,122,99,1588,821,767,121,68,53
0.0 Scen,2048,197,Hardeman County,4560,2312,2248,2614,1295,1319,219,120,99,1607,830,777,120,67,53
0.0 Scen,2049,197,Hardeman County,4571,2321,2250,2610,1296,1314,217,119,98,1625,839,786,119,67,52
0.0 Scen,2050,197,Hardeman County,4581,2325,2256,2604,1294,1310,215,117,98,1643,848,795,119,66,53
0.0 Scen,2010,199,Hardin County,54635,26942,27693,48088,23701,24387,3181,1497,1684,2384,1254,1130,982,490,492
0.0 Scen,2011,199,Hardin County,54871,27059,27812,48255,23783,24472,3205,1509,1696,2417,1271,1146,994,496,498
0.0 Scen,2012,199,Hardin County,55111,27180,27931,48424,23868,24556,3232,1521,1711,2449,1288,1161,1006,503,503
0.0 Scen,2013,199,Hardin County,55356,27309,28047,48596,23960,24636,3262,1538,1724,2482,1304,1178,1016,507,509
0.0 Scen,2014,199,Hardin County,55594,27429,28165,48761,24044,24717,3287,1552,1735,2517,1319,1198,1029,514,515
0.0 Scen,2015,199,Hardin County,55818,27547,28271,48923,24127,24796,3307,1565,1742,2547,1334,1213,1041,521,520
0.0 Scen,2016,199,Hardin County,56023,27655,28368,49067,24203,24864,3325,1573,1752,2581,1352,1229,1050,527,523
0.0 Scen,2017,199,Hardin County,56242,27762,28480,49208,24268,24940,3348,1585,1763,2617,1371,1246,1069,538,531
0.0 Scen,2018,199,Hardin County,56447,27863,28584,49348,24336,25012,3367,1595,1772,2651,1388,1263,1081,544,537
0.0 Scen,2019,199,Hardin County,56650,27965,28685,49483,24402,25081,3389,1607,1782,2686,1406,1280,1092,550,542
0.0 Scen,2020,199,Hardin County,56845,28063,28782,49614,24466,25148,3409,1618,1791,2721,1423,1298,1101,556,545
0.0 Scen,2021,199,Hardin County,57048,28168,28880,49758,24541,25217,3419,1621,1798,2757,1442,1315,1114,564,550
0.0 Scen,2022,199,Hardin County,57236,28269,28967,49888,24609,25279,3428,1626,1802,2794,1462,1332,1126,572,554
0.0 Scen,2023,199,Hardin County,57434,28367,29067,50020,24677,25343,3441,1631,1810,2834,1481,1353,1139,578,561
0.0 Scen,2024,199,Hardin County,57604,28458,29146,50137,24743,25394,3444,1631,1813,2871,1500,1371,1152,584,568
0.0 Scen,2025,199,Hardin County,57767,28543,29224,50240,24794,25446,3453,1637,1816,2907,1521,1386,1167,591,576
0.0 Scen,2026,199,Hardin County,57916,28619,29297,50327,24839,25488,3457,1640,1817,2948,1540,1408,1184,600,584
0.0 Scen,2027,199,Hardin County,58050,28692,29358,50403,24880,25523,3463,1646,1817,2985,1558,1427,1199,608,591
0.0 Scen,2028,199,Hardin County,58146,28742,29404,50451,24903,25548,3463,1647,1816,3015,1574,1441,1217,618,599
0.0 Scen,2029,199,Hardin County,58244,28798,29446,50498,24931,25567,3465,1651,1814,3049,1590,1459,1232,626,606
0.0 Scen,2030,199,Hardin County,58334,28847,29487,50538,24954,25584,3463,1652,1811,3082,1607,1475,1251,634,617
0.0 Scen,2031,199,Hardin County,58419,28894,29525,50567,24972,25595,3467,1655,1812,3116,1622,1494,1269,645,624
0.0 Scen,2032,199,Hardin County,58497,28941,29556,50589,24988,25601,3470,1660,1810,3151,1637,1514,1287,656,631
0.0 Scen,2033,199,Hardin County,58531,28958,29573,50576,24981,25595,3473,1664,1809,3181,1650,1531,1301,663,638
0.0 Scen,2034,199,Hardin County,58554,28972,29582,50557,24976,25581,3470,1662,1808,3210,1663,1547,1317,671,646
0.0 Scen,2035,199,Hardin County,58558,28978,29580,50526,24960,25566,3463,1662,1801,3235,1676,1559,1334,680,654
0.0 Scen,2036,199,Hardin County,58563,28980,29583,50489,24940,25549,3462,1663,1799,3262,1688,1574,1350,689,661
0.0 Scen,2037,199,Hardin County,58542,28979,29563,50431,24920,25511,3460,1664,1796,3283,1695,1588,1368,700,668
0.0 Scen,2038,199,Hardin County,58515,28977,29538,50365,24896,25469,3451,1662,1789,3309,1707,1602,1390,712,678
0.0 Scen,2039,199,Hardin County,58468,28960,29508,50289,24861,25428,3447,1662,1785,3329,1716,1613,1403,721,682
0.0 Scen,2040,199,Hardin County,58436,28954,29482,50220,24832,25388,3449,1666,1783,3350,1728,1622,1417,728,689
0.0 Scen,2041,199,Hardin County,58376,28937,29439,50139,24801,25338,3445,1667,1778,3364,1735,1629,1428,734,694
0.0 Scen,2042,199,Hardin County,58321,28916,29405,50060,24769,25291,3446,1669,1777,3377,1740,1637,1438,738,700
0.0 Scen,2043,199,Hardin County,58263,28899,29364,49967,24732,25235,3449,1672,1777,3394,1748,1646,1453,747,706
0.0 Scen,2044,199,Hardin County,58187,28873,29314,49870,24694,25176,3448,1675,1773,3406,1753,1653,1463,751,712
0.0 Scen,2045,199,Hardin County,58108,28842,29266,49768,24652,25116,3450,1676,1774,3420,1758,1662,1470,756,714
0.0 Scen,2046,199,Hardin County,58036,28816,29220,49671,24614,25057,3456,1678,1778,3428,1762,1666,1481,762,719
0.0 Scen,2047,199,Hardin County,57959,28788,29171,49579,24576,25003,3455,1679,1776,3437,1768,1669,1488,765,723
0.0 Scen,2048,199,Hardin County,57884,28762,29122,49485,24538,24947,3455,1681,1774,3450,1775,1675,1494,768,726
0.0 Scen,2049,199,Hardin County,57806,28740,29066,49388,24502,24886,3456,1686,1770,3462,1781,1681,1500,771,729
0.0 Scen,2050,199,Hardin County,57740,28722,29018,49300,24465,24835,3458,1692,1766,3475,1789,1686,1507,776,731
0.0 Scen,2010,201,Harris County,4092459,2037405,2055054,1349646,669458,680188,754258,352748,401510,1671540,858840,812700,317015,156359,160656
0.0 Scen,2011,201,Harris County,4136292,2059612,2076680,1352695,671150,681545,760658,356078,404580,1702290,874232,828058,320649,158152,162497
0.0 Scen,2012,201,Harris County,4179433,2081434,2097999,1355448,672696,682752,766904,359251,407653,1732767,889484,843283,324314,160003,164311
0.0 Scen,2013,201,Harris County,4221949,2102910,2119039,1358069,674144,683925,772966,362403,410563,1762992,904569,858423,327922,161794,166128
0.0 Scen,2014,201,Harris County,4264034,2124155,2139879,1360468,675380,685088,778978,365549,413429,1793083,919648,873435,331505,163578,167927
0.0 Scen,2015,201,Harris County,4304805,2144754,2160051,1362437,676456,685981,784550,368410,416140,1822838,934552,888286,334980,165336,169644
0.0 Scen,2016,201,Harris County,4344439,2164738,2179701,1363903,677293,686610,790100,371268,418832,1852178,949216,902962,338258,166961,171297
0.0 Scen,2017,201,Harris County,4382353,2183625,2198728,1364763,677733,687030,795166,373904,421262,1881120,963591,917529,341304,168397,172907
0.0 Scen,2018,201,Harris County,4419311,2202212,2217099,1365136,677939,687197,799836,376351,423485,1910150,978128,932022,344189,169794,174395
0.0 Scen,2019,201,Harris County,4455018,2220252,2234766,1364907,677854,687053,804374,378739,425635,1938860,992445,946415,346877,171214,175663
0.0 Scen,2020,201,Harris County,4489883,2237596,2252287,1364229,677468,686761,808604,380975,427629,1967506,1006699,960807,349544,172454,177090
0.0 Scen,2021,201,Harris County,4524380,2254842,2269538,1363349,676978,686371,812695,383105,429590,1996350,1020972,975378,351986,173787,178199
0.0 Scen,2022,201,Harris County,4557435,2271298,2286137,1361751,676123,685628,816565,385163,431402,2025016,1035258,989758,354103,174754,179349
0.0 Scen,2023,201,Harris County,4589595,2287069,2302526,1359580,674893,684687,820029,387016,433013,2053775,1049494,1004281,356211,175666,180545
0.0 Scen,2024,201,Harris County,4621043,2302835,2318208,1356926,673482,683444,823320,388714,434606,2082607,1063795,1018812,358190,176844,181346
0.0 Scen,2025,201,Harris County,4651125,2317551,2333574,1353703,671699,682004,826305,390354,435951,2111337,1077942,1033395,359780,177556,182224
0.0 Scen,2026,201,Harris County,4680815,2332425,2348390,1350083,669753,680330,828863,391820,437043,2140370,1092416,1047954,361499,178436,183063
0.0 Scen,2027,201,Harris County,4709656,2346505,2363151,1346080,667674,678406,831275,393157,438118,2169170,1106557,1062613,363131,179117,184014
0.0 Scen,2028,201,Harris County,4737574,2360268,2377306,1341483,665241,676242,833489,394356,439133,2198374,1121040,1077334,364228,179631,184597
0.0 Scen,2029,201,Harris County,4764325,2373374,2390951,1336445,662598,673847,835194,395434,439760,2227269,1135171,1092098,365417,180171,185246
0.0 Scen,2030,201,Harris County,4790725,2386440,2404285,1330950,659642,671308,836862,396443,440419,2256163,1149441,1106722,366750,180914,185836
0.0 Scen,2031,201,Harris County,4816882,2399361,2417521,1325339,656718,668621,838291,397283,441008,2285374,1163909,1121465,367878,181451,186427
0.0 Scen,2032,201,Harris County,4841495,2411350,2430145,1319437,653716,665721,839535,398092,441443,2313742,1177773,1135969,368781,181769,187012
0.0 Scen,2033,201,Harris County,4866145,2423498,2442647,1313001,650363,662638,840611,398784,441827,2342527,1192036,1150491,370006,182315,187691
0.0 Scen,2034,201,Harris County,4889535,2435229,2454306,1306429,647044,659385,841257,399387,441870,2370782,1205918,1164864,371067,182880,188187
0.0 Scen,2035,201,Harris County,4911988,2446354,2465634,1299536,643570,655966,841844,399928,441916,2398905,1219665,1179240,371703,183191,188512
0.0 Scen,2036,201,Harris County,4933673,2457086,2476587,1292287,639874,652413,842281,400341,441940,2426508,1233176,1193332,372597,183695,188902
0.0 Scen,2037,201,Harris County,4954514,2467446,2487068,1284954,636238,648716,842356,400616,441740,2453778,1246530,1207248,373426,184062,189364
0.0 Scen,2038,201,Harris County,4974569,2477367,2497202,1277389,632360,645029,842358,400939,441419,2480625,1259765,1220860,374197,184303,189894
0.0 Scen,2039,201,Harris County,4993219,2486915,2506304,1269506,628533,640973,841945,401091,440854,2506896,1272565,1234331,374872,184726,190146
0.0 Scen,2040,201,Harris County,5011544,2496052,2515492,1261648,624622,637026,841579,401131,440448,2532971,1285387,1247584,375346,184912,190434
0.0 Scen,2041,201,Harris County,5028357,2504380,2523977,1253354,620551,632803,840713,401125,439588,2558329,1297591,1260738,375961,185113,190848
0.0 Scen,2042,201,Harris County,5044611,2512752,2531859,1245200,616556,628644,839921,401018,438903,2583184,1309793,1273391,376306,185385,190921
0.0 Scen,2043,201,Harris County,5059935,2520379,2539556,1236517,612335,624182,839041,400834,438207,2607807,1321738,1286069,376570,185472,191098
0.0 Scen,2044,201,Harris County,5074401,2528012,2546389,1227909,608144,619765,837631,400597,437034,2631916,1333673,1298243,376945,185598,191347
0.0 Scen,2045,201,Harris County,5087797,2534877,2552920,1219180,603979,615201,836300,400283,436017,2655339,1344907,1310432,376978,185708,191270
0.0 Scen,2046,201,Harris County,5100233,2541437,2558796,1210326,599714,610612,834736,399918,434818,2678294,1356138,1322156,376877,185667,191210
0.0 Scen,2047,201,Harris County,5112241,2547537,2564704,1201491,595485,606006,833096,399446,433650,2701071,1367161,1333910,376583,185445,191138
0.0 Scen,2048,201,Harris County,5124148,2553779,2570369,1192707,591337,601370,831469,398921,432548,2723495,1378150,1345345,376477,185371,191106
0.0 Scen,2049,201,Harris County,5134286,2559244,2575042,1183991,587193,596798,829319,398342,430977,2745263,1388740,1356523,375713,184969,190744
0.0 Scen,2050,201,Harris County,5144422,2564599,2579823,1175261,583039,592222,827228,397677,429551,2766788,1399194,1367594,375145,184689,190456
0.0 Scen,2010,203,Harrison County,65631,32224,33407,42654,20968,21686,14303,6655,7648,7254,3891,3363,1420,710,710
0.0 Scen,2011,203,Harrison County,65953,32388,33565,42721,20994,21727,14340,6680,7660,7438,3986,3452,1454,728,726
0.0 Scen,2012,203,Harrison County,66297,32566,33731,42783,21026,21757,14400,6715,7685,7622,4078,3544,1492,747,745
0.0 Scen,2013,203,Harrison County,66635,32742,33893,42841,21054,21787,14453,6746,7707,7815,4179,3636,1526,763,763
0.0 Scen,2014,203,Harrison County,66971,32918,34053,42894,21078,21816,14503,6778,7725,8014,4280,3734,1560,782,778
0.0 Scen,2015,203,Harrison County,67292,33085,34207,42938,21100,21838,14545,6804,7741,8212,4381,3831,1597,800,797
0.0 Scen,2016,203,Harrison County,67597,33246,34351,42969,21117,21852,14577,6824,7753,8416,4484,3932,1635,821,814
0.0 Scen,2017,203,Harrison County,67890,33405,34485,42989,21127,21862,14610,6849,7761,8617,4586,4031,1674,843,831
0.0 Scen,2018,203,Harrison County,68173,33563,34610,43007,21138,21869,14628,6867,7761,8827,4696,4131,1711,862,849
0.0 Scen,2019,203,Harrison County,68472,33716,34756,43021,21145,21876,14660,6886,7774,9044,4805,4239,1747,880,867
0.0 Scen,2020,203,Harrison County,68752,33866,34886,43024,21149,21875,14683,6903,7780,9266,4918,4348,1779,896,883
0.0 Scen,2021,203,Harrison County,69048,34028,35020,43032,21160,21872,14703,6917,7786,9493,5035,4458,1820,916,904
0.0 Scen,2022,203,Harrison County,69338,34183,35155,43034,21165,21869,14720,6931,7789,9723,5150,4573,1861,937,924
0.0 Scen,2023,203,Harrison County,69620,34335,35285,43030,21161,21869,14732,6945,7787,9957,5271,4686,1901,958,943
0.0 Scen,2024,203,Harrison County,69899,34476,35423,43010,21153,21857,14739,6947,7792,10203,5394,4809,1947,982,965
0.0 Scen,2025,203,Harrison County,70162,34622,35540,42985,21143,21842,14737,6955,7782,10449,5520,4929,1991,1004,987
0.0 Scen,2026,203,Harrison County,70441,34754,35687,42958,21127,21831,14740,6951,7789,10708,5651,5057,2035,1025,1010
0.0 Scen,2027,203,Harrison County,70697,34878,35819,42917,21100,21817,14727,6945,7782,10968,5781,5187,2085,1052,1033
0.0 Scen,2028,203,Harrison County,70951,35002,35949,42872,21074,21798,14721,6945,7776,11230,5910,5320,2128,1073,1055
0.0 Scen,2029,203,Harrison County,71189,35125,36064,42818,21050,21768,14712,6944,7768,11485,6036,5449,2174,1095,1079
0.0 Scen,2030,203,Harrison County,71399,35232,36167,42755,21016,21739,14686,6937,7749,11736,6159,5577,2222,1120,1102
0.0 Scen,2031,203,Harrison County,71601,35340,36261,42670,20978,21692,14667,6930,7737,11991,6286,5705,2273,1146,1127
0.0 Scen,2032,203,Harrison County,71774,35430,36344,42572,20930,21642,14641,6921,7720,12239,6409,5830,2322,1170,1152
0.0 Scen,2033,203,Harrison County,71927,35505,36422,42454,20870,21584,14613,6910,7703,12488,6528,5960,2372,1197,1175
0.0 Scen,2034,203,Harrison County,72080,35588,36492,42328,20812,21516,14583,6900,7683,12743,6652,6091,2426,1224,1202
0.0 Scen,2035,203,Harrison County,72213,35660,36553,42192,20749,21443,14548,6887,7661,12993,6773,6220,2480,1251,1229
0.0 Scen,2036,203,Harrison County,72336,35724,36612,42044,20681,21363,14511,6871,7640,13249,6893,6356,2532,1279,1253
0.0 Scen,2037,203,Harrison County,72444,35774,36670,41890,20608,21282,14468,6850,7618,13499,7009,6490,2587,1307,1280
0.0 Scen,2038,203,Harrison County,72540,35825,36715,41725,20529,21196,14419,6829,7590,13753,7131,6622,2643,1336,1307
0.0 Scen,2039,203,Harrison County,72628,35874,36754,41553,20447,21106,14374,6811,7563,14003,7253,6750,2698,1363,1335
0.0 Scen,2040,203,Harrison County,72722,35932,36790,41377,20369,21008,14325,6792,7533,14261,7379,6882,2759,1392,1367
0.0 Scen,2041,203,Harrison County,72792,35979,36813,41190,20281,20909,14275,6773,7502,14514,7503,7011,2813,1422,1391
0.0 Scen,2042,203,Harrison County,72869,36032,36837,41005,20198,20807,14220,6755,7465,14775,7631,7144,2869,1448,1421
0.0 Scen,2043,203,Harrison County,72950,36085,36865,40818,20114,20704,14163,6731,7432,15041,7763,7278,2928,1477,1451
0.0 Scen,2044,203,Harrison County,73036,36150,36886,40623,20026,20597,14114,6718,7396,15310,7898,7412,2989,1508,1481
0.0 Scen,2045,203,Harrison County,73122,36209,36913,40432,19939,20493,14061,6698,7363,15581,8033,7548,3048,1539,1509
0.0 Scen,2046,203,Harrison County,73214,36273,36941,40237,19852,20385,14004,6681,7323,15861,8170,7691,3112,1570,1542
0.0 Scen,2047,203,Harrison County,73312,36335,36977,40048,19768,20280,13946,6658,7288,16144,8310,7834,3174,1599,1575
0.0 Scen,2048,203,Harrison County,73427,36417,37010,39862,19685,20177,13901,6648,7253,16430,8452,7978,3234,1632,1602
0.0 Scen,2049,203,Harrison County,73545,36496,37049,39684,19610,20074,13841,6625,7216,16721,8595,8126,3299,1666,1633
0.0 Scen,2050,203,Harrison County,73674,36581,37093,39502,19530,19972,13784,6606,7178,17018,8744,8274,3370,1701,1669
0.0 Scen,2010,205,Hartley County,6062,3700,2362,4111,2242,1869,416,410,6,1448,1006,442,87,42,45
0.0 Scen,2011,205,Hartley County,6076,3710,2366,4106,2241,1865,417,411,6,1464,1015,449,89,43,46
0.0 Scen,2012,205,Hartley County,6092,3725,2367,4105,2247,1858,417,411,6,1479,1023,456,91,44,47
0.0 Scen,2013,205,Hartley County,6101,3732,2369,4098,2247,1851,416,410,6,1494,1030,464,93,45,48
0.0 Scen,2014,205,Hartley County,6116,3742,2374,4095,2246,1849,417,411,6,1510,1040,470,94,45,49
0.0 Scen,2015,205,Hartley County,6141,3760,2381,4099,2253,1846,418,412,6,1528,1049,479,96,46,50
0.0 Scen,2016,205,Hartley County,6158,3772,2386,4098,2256,1842,418,412,6,1545,1057,488,97,47,50
0.0 Scen,2017,205,Hartley County,6192,3795,2397,4108,2265,1843,419,413,6,1566,1069,497,99,48,51
0.0 Scen,2018,205,Hartley County,6218,3812,2406,4113,2270,1843,421,415,6,1583,1078,505,101,49,52
0.0 Scen,2019,205,Hartley County,6249,3831,2418,4123,2277,1846,421,415,6,1602,1089,513,103,50,53
0.0 Scen,2020,205,Hartley County,6274,3840,2434,4127,2277,1850,420,414,6,1622,1098,524,105,51,54
0.0 Scen,2021,205,Hartley County,6316,3864,2452,4146,2290,1856,419,413,6,1644,1109,535,107,52,55
0.0 Scen,2022,205,Hartley County,6351,3880,2471,4159,2296,1863,418,412,6,1665,1119,546,109,53,56
0.0 Scen,2023,205,Hartley County,6386,3898,2488,4172,2305,1867,416,410,6,1685,1129,556,113,54,59
0.0 Scen,2024,205,Hartley County,6424,3917,2507,4184,2309,1875,414,408,6,1711,1145,566,115,55,60
0.0 Scen,2025,205,Hartley County,6457,3935,2522,4193,2316,1877,412,406,6,1734,1156,578,118,57,61
0.0 Scen,2026,205,Hartley County,6489,3952,2537,4199,2319,1880,413,407,6,1757,1168,589,120,58,62
0.0 Scen,2027,205,Hartley County,6524,3970,2554,4206,2326,1880,412,406,6,1784,1179,605,122,59,63
0.0 Scen,2028,205,Hartley County,6566,3991,2575,4224,2336,1888,410,404,6,1808,1191,617,124,60,64
0.0 Scen,2029,205,Hartley County,6602,4008,2594,4232,2339,1893,410,404,6,1834,1204,630,126,61,65
0.0 Scen,2030,205,Hartley County,6640,4027,2613,4243,2347,1896,409,403,6,1860,1215,645,128,62,66
0.0 Scen,2031,205,Hartley County,6682,4049,2633,4257,2354,1903,408,402,6,1888,1230,658,129,63,66
0.0 Scen,2032,205,Hartley County,6712,4067,2645,4260,2359,1901,409,403,6,1913,1242,671,130,63,67
0.0 Scen,2033,205,Hartley County,6737,4084,2653,4261,2363,1898,408,402,6,1936,1255,681,132,64,68
0.0 Scen,2034,205,Hartley County,6763,4100,2663,4262,2366,1896,409,403,6,1959,1267,692,133,64,69
0.0 Scen,2035,205,Hartley County,6784,4108,2676,4266,2368,1898,403,397,6,1981,1278,703,134,65,69
0.0 Scen,2036,205,Hartley County,6808,4125,2683,4266,2372,1894,404,398,6,2003,1290,713,135,65,70
0.0 Scen,2037,205,Hartley County,6829,4139,2690,4263,2373,1890,405,399,6,2025,1301,724,136,66,70
0.0 Scen,2038,205,Hartley County,6845,4142,2703,4260,2369,1891,400,394,6,2047,1312,735,138,67,71
0.0 Scen,2039,205,Hartley County,6864,4153,2711,4259,2371,1888,398,392,6,2067,1322,745,140,68,72
0.0 Scen,2040,205,Hartley County,6874,4154,2720,4254,2368,1886,394,388,6,2084,1329,755,142,69,73
0.0 Scen,2041,205,Hartley County,6892,4163,2729,4251,2368,1883,389,383,6,2108,1342,766,144,70,74
0.0 Scen,2042,205,Hartley County,6910,4172,2738,4250,2369,1881,385,379,6,2129,1353,776,146,71,75
0.0 Scen,2043,205,Hartley County,6923,4177,2746,4246,2367,1879,382,376,6,2148,1363,785,147,71,76
0.0 Scen,2044,205,Hartley County,6940,4182,2758,4248,2368,1880,376,370,6,2167,1372,795,149,72,77
0.0 Scen,2045,205,Hartley County,6963,4194,2769,4251,2371,1880,373,367,6,2188,1383,805,151,73,78
0.0 Scen,2046,205,Hartley County,6977,4198,2779,4246,2368,1878,370,364,6,2208,1392,816,153,74,79
0.0 Scen,2047,205,Hartley County,6998,4211,2787,4249,2373,1876,367,361,6,2227,1402,825,155,75,80
0.0 Scen,2048,205,Hartley County,7016,4220,2796,4246,2372,1874,365,359,6,2248,1413,835,157,76,81
0.0 Scen,2049,205,Hartley County,7034,4226,2808,4245,2371,1874,361,355,6,2270,1423,847,158,77,81
0.0 Scen,2050,205,Hartley County,7060,4239,2821,4251,2374,1877,359,353,6,2291,1434,857,159,78,81
0.0 Scen,2010,207,Haskell County,5899,3104,2795,4148,2142,2006,203,129,74,1414,750,664,134,83,51
0.0 Scen,2011,207,Haskell County,5888,3101,2787,4116,2127,1989,203,130,73,1434,760,674,135,84,51
0.0 Scen,2012,207,Haskell County,5880,3101,2779,4085,2115,1970,204,130,74,1456,772,684,135,84,51
0.0 Scen,2013,207,Haskell County,5876,3103,2773,4059,2104,1955,206,132,74,1476,783,693,135,84,51
0.0 Scen,2014,207,Haskell County,5871,3101,2770,4032,2092,1940,207,132,75,1496,793,703,136,84,52
0.0 Scen,2015,207,Haskell County,5871,3100,2771,4008,2078,1930,207,133,74,1518,804,714,138,85,53
0.0 Scen,2016,207,Haskell County,5873,3102,2771,3982,2067,1915,208,133,75,1543,816,727,140,86,54
0.0 Scen,2017,207,Haskell County,5875,3104,2771,3957,2054,1903,208,134,74,1569,829,740,141,87,54
0.0 Scen,2018,207,Haskell County,5875,3109,2766,3929,2043,1886,210,135,75,1593,843,750,143,88,55
0.0 Scen,2019,207,Haskell County,5878,3110,2768,3903,2030,1873,211,136,75,1620,856,764,144,88,56
0.0 Scen,2020,207,Haskell County,5880,3111,2769,3871,2013,1858,213,137,76,1650,872,778,146,89,57
0.0 Scen,2021,207,Haskell County,5884,3115,2769,3848,2003,1845,212,135,77,1675,887,788,149,90,59
0.0 Scen,2022,207,Haskell County,5883,3118,2765,3818,1989,1829,213,135,78,1703,903,800,149,91,58
0.0 Scen,2023,207,Haskell County,5892,3126,2766,3793,1978,1815,215,136,79,1731,918,813,153,94,59
0.0 Scen,2024,207,Haskell County,5897,3126,2771,3766,1961,1805,218,138,80,1758,932,826,155,95,60
0.0 Scen,2025,207,Haskell County,5913,3134,2779,3747,1953,1794,220,139,81,1788,947,841,158,95,63
0.0 Scen,2026,207,Haskell County,5918,3135,2783,3720,1938,1782,222,140,82,1816,961,855,160,96,64
0.0 Scen,2027,207,Haskell County,5923,3142,2781,3695,1928,1767,223,141,82,1843,976,867,162,97,65
0.0 Scen,2028,207,Haskell County,5936,3152,2784,3675,1920,1755,224,142,82,1873,992,881,164,98,66
0.0 Scen,2029,207,Haskell County,5941,3158,2783,3647,1908,1739,224,142,82,1903,1008,895,167,100,67
0.0 Scen,2030,207,Haskell County,5943,3158,2785,3621,1895,1726,223,141,82,1930,1021,909,169,101,68
0.0 Scen,2031,207,Haskell County,5947,3160,2787,3596,1884,1712,222,141,81,1958,1033,925,171,102,69
0.0 Scen,2032,207,Haskell County,5954,3165,2789,3572,1872,1700,222,141,81,1987,1049,938,173,103,70
0.0 Scen,2033,207,Haskell County,5959,3170,2789,3547,1862,1685,221,141,80,2016,1063,953,175,104,71
0.0 Scen,2034,207,Haskell County,5963,3173,2790,3529,1855,1674,220,140,80,2039,1075,964,175,103,72
0.0 Scen,2035,207,Haskell County,5959,3174,2785,3505,1846,1659,219,140,79,2059,1084,975,176,104,72
0.0 Scen,2036,207,Haskell County,5957,3171,2786,3482,1836,1646,218,138,80,2081,1094,987,176,103,73
0.0 Scen,2037,207,Haskell County,5950,3167,2783,3455,1823,1632,217,138,79,2102,1102,1000,176,104,72
0.0 Scen,2038,207,Haskell County,5950,3163,2787,3433,1810,1623,217,137,80,2123,1112,1011,177,104,73
0.0 Scen,2039,207,Haskell County,5952,3165,2787,3414,1802,1612,217,137,80,2144,1121,1023,177,105,72
0.0 Scen,2040,207,Haskell County,5950,3162,2788,3391,1790,1601,216,136,80,2165,1131,1034,178,105,73
0.0 Scen,2041,207,Haskell County,5947,3162,2785,3370,1783,1587,215,136,79,2186,1139,1047,176,104,72
0.0 Scen,2042,207,Haskell County,5945,3161,2784,3352,1776,1576,214,135,79,2204,1147,1057,175,103,72
0.0 Scen,2043,207,Haskell County,5947,3160,2787,3335,1766,1569,214,135,79,2224,1156,1068,174,103,71
0.0 Scen,2044,207,Haskell County,5947,3157,2790,3316,1757,1559,213,133,80,2245,1165,1080,173,102,71
0.0 Scen,2045,207,Haskell County,5946,3158,2788,3297,1748,1549,212,133,79,2264,1174,1090,173,103,70
0.0 Scen,2046,207,Haskell County,5948,3159,2789,3279,1741,1538,211,132,79,2285,1184,1101,173,102,71
0.0 Scen,2047,207,Haskell County,5955,3163,2792,3264,1735,1529,209,131,78,2309,1195,1114,173,102,71
0.0 Scen,2048,207,Haskell County,5956,3162,2794,3244,1725,1519,207,129,78,2332,1206,1126,173,102,71
0.0 Scen,2049,207,Haskell County,5967,3167,2800,3231,1719,1512,205,128,77,2358,1218,1140,173,102,71
0.0 Scen,2050,207,Haskell County,5972,3167,2805,3213,1707,1506,203,126,77,2383,1232,1151,173,102,71
0.0 Scen,2010,209,Hays County,157107,78255,78852,92062,45705,46357,4970,2708,2262,55401,27596,27805,4674,2246,2428
0.0 Scen,2011,209,Hays County,159695,79549,80146,93373,46362,47011,5052,2751,2301,56497,28140,28357,4773,2296,2477
0.0 Scen,2012,209,Hays County,162278,80826,81452,94654,46992,47662,5147,2793,2354,57596,28689,28907,4881,2352,2529
0.0 Scen,2013,209,Hays County,164775,82055,82720,95850,47574,48276,5242,2837,2405,58694,29240,29454,4989,2404,2585
0.0 Scen,2014,209,Hays County,167251,83272,83979,97026,48140,48886,5334,2883,2451,59795,29789,30006,5096,2460,2636
0.0 Scen,2015,209,Hays County,169708,84461,85247,98169,48675,49494,5434,2938,2496,60898,30336,30562,5207,2512,2695
0.0 Scen,2016,209,Hays County,172207,85680,86527,99339,49238,50101,5525,2980,2545,62031,30896,31135,5312,2566,2746
0.0 Scen,2017,209,Hays County,174828,86953,87875,100596,49837,50759,5621,3022,2599,63186,31471,31715,5425,2623,2802
0.0 Scen,2018,209,Hays County,177509,88245,89264,101888,50447,51441,5724,3062,2662,64360,32057,32303,5537,2679,2858
0.0 Scen,2019,209,Hays County,180250,89578,90672,103230,51093,52137,5812,3100,2712,65550,32645,32905,5658,2740,2918
0.0 Scen,2020,209,Hays County,183040,90944,92096,104598,51746,52852,5912,3147,2765,66751,33245,33506,5779,2806,2973
0.0 Scen,2021,209,Hays County,185039,91931,93108,105446,52157,53289,5961,3168,2793,67763,33755,34008,5869,2851,3018
0.0 Scen,2022,209,Hays County,187051,92927,94124,106300,52568,53732,6010,3190,2820,68782,34271,34511,5959,2898,3061
0.0 Scen,2023,209,Hays County,189038,93919,95119,107124,52979,54145,6058,3210,2848,69807,34788,35019,6049,2942,3107
0.0 Scen,2024,209,Hays County,191012,94895,96117,107928,53368,54560,6104,3229,2875,70839,35307,35532,6141,2991,3150
0.0 Scen,2025,209,Hays County,192968,95865,97103,108719,53753,54966,6147,3248,2899,71878,35830,36048,6224,3034,3190
0.0 Scen,2026,209,Hays County,194912,96833,98079,109478,54123,55355,6189,3267,2922,72931,36362,36569,6314,3081,3233
0.0 Scen,2027,209,Hays County,196831,97791,99040,110218,54490,55728,6232,3287,2945,73989,36896,37093,6392,3118,3274
0.0 Scen,2028,209,Hays County,198705,98729,99976,110921,54839,56082,6269,3304,2965,75039,37427,37612,6476,3159,3317
0.0 Scen,2029,209,Hays County,200484,99619,100865,111522,55141,56381,6307,3321,2986,76106,37960,38146,6549,3197,3352
0.0 Scen,2030,209,Hays County,202195,100476,101719,112056,55410,56646,6332,3331,3001,77184,38500,38684,6623,3235,3388
0.0 Scen,2031,209,Hays County,203857,101302,102555,112546,55654,56892,6362,3345,3017,78254,39031,39223,6695,3272,3423
0.0 Scen,2032,209,Hays County,205479,102109,103370,113014,55884,57130,6390,3358,3032,79315,39561,39754,6760,3306,3454
0.0 Scen,2033,209,Hays County,207076,102909,104167,113474,56107,57367,6416,3370,3046,80362,40095,40267,6824,3337,3487
0.0 Scen,2034,209,Hays County,208658,103716,104942,113948,56344,57604,6437,3377,3060,81402,40624,40778,6871,3371,3500
0.0 Scen,2035,209,Hays County,210268,104514,105754,114426,56578,57848,6463,3389,3074,82431,41143,41288,6948,3404,3544
0.0 Scen,2036,209,Hays County,211859,105313,106546,114907,56824,58083,6495,3404,3091,83441,41650,41791,7016,3435,3581
0.0 Scen,2037,209,Hays County,213452,106116,107336,115413,57083,58330,6515,3407,3108,84445,42154,42291,7079,3472,3607
0.0 Scen,2038,209,Hays County,215062,106930,108132,115924,57342,58582,6542,3419,3123,85441,42661,42780,7155,3508,3647
0.0 Scen,2039,209,Hays County,216644,107735,108909,116441,57614,58827,6573,3432,3141,86422,43152,43270,7208,3537,3671
0.0 Scen,2040,209,Hays County,218271,108567,109704,116990,57899,59091,6606,3446,3160,87396,43647,43749,7279,3575,3704
0.0 Scen,2041,209,Hays County,219908,109396,110512,117573,58201,59372,6628,3454,3174,88367,44134,44233,7340,3607,3733
0.0 Scen,2042,209,Hays County,221576,110243,111333,118197,58529,59668,6652,3462,3190,89319,44613,44706,7408,3639,3769
0.0 Scen,2043,209,Hays County,223279,111123,112156,118853,58875,59978,6684,3475,3209,90278,45102,45176,7464,3671,3793
0.0 Scen,2044,209,Hays County,225001,111999,113002,119543,59238,60305,6716,3489,3227,91212,45567,45645,7530,3705,3825
0.0 Scen,2045,209,Hays County,226733,112884,113849,120256,59615,60641,6744,3499,3245,92149,46037,46112,7584,3733,3851
0.0 Scen,2046,209,Hays County,228518,113808,114710,121004,60019,60985,6777,3515,3262,93090,46510,46580,7647,3764,3883
0.0 Scen,2047,209,Hays County,230328,114744,115584,121789,60436,61353,6809,3530,3279,94026,46982,47044,7704,3796,3908
0.0 Scen,2048,209,Hays County,232192,115699,116493,122617,60875,61742,6845,3544,3301,94964,47453,47511,7766,3827,3939
0.0 Scen,2049,209,Hays County,234075,116671,117404,123467,61326,62141,6880,3561,3319,95905,47926,47979,7823,3858,3965
0.0 Scen,2050,209,Hays County,235986,117652,118334,124342,61789,62553,6915,3578,3337,96843,48396,48447,7886,3889,3997
0.0 Scen,2010,211,Hemphill County,3807,1928,1879,2656,1314,1342,4,2,2,1086,587,499,61,25,36
0.0 Scen,2011,211,Hemphill County,3840,1947,1893,2666,1320,1346,4,2,2,1108,599,509,62,26,36
0.0 Scen,2012,211,Hemphill County,3876,1969,1907,2680,1331,1349,4,2,2,1129,610,519,63,26,37
0.0 Scen,2013,211,Hemphill County,3909,1986,1923,2691,1336,1355,4,2,2,1150,621,529,64,27,37
0.0 Scen,2014,211,Hemphill County,3939,1999,1940,2699,1338,1361,4,2,2,1171,632,539,65,27,38
0.0 Scen,2015,211,Hemphill County,3973,2019,1954,2711,1346,1365,4,2,2,1192,643,549,66,28,38
0.0 Scen,2016,211,Hemphill County,4008,2036,1972,2723,1352,1371,4,2,2,1214,654,560,67,28,39
0.0 Scen,2017,211,Hemphill County,4040,2049,1991,2732,1352,1380,4,2,2,1237,666,571,67,29,38
0.0 Scen,2018,211,Hemphill County,4074,2069,2005,2743,1361,1382,4,2,2,1259,677,582,68,29,39
0.0 Scen,2019,211,Hemphill County,4104,2086,2018,2749,1365,1384,4,2,2,1283,690,593,68,29,39
0.0 Scen,2020,211,Hemphill County,4139,2103,2036,2760,1370,1390,4,2,2,1306,702,604,69,29,40
0.0 Scen,2021,211,Hemphill County,4174,2126,2048,2767,1377,1390,4,2,2,1333,717,616,70,30,40
0.0 Scen,2022,211,Hemphill County,4207,2141,2066,2772,1379,1393,4,2,2,1360,730,630,71,30,41
0.0 Scen,2023,211,Hemphill County,4247,2160,2087,2782,1382,1400,4,2,2,1389,745,644,72,31,41
0.0 Scen,2024,211,Hemphill County,4284,2180,2104,2788,1386,1402,4,2,2,1419,761,658,73,31,42
0.0 Scen,2025,211,Hemphill County,4318,2197,2121,2793,1387,1406,4,2,2,1447,776,671,74,32,42
0.0 Scen,2026,211,Hemphill County,4352,2215,2137,2796,1388,1408,4,2,2,1477,793,684,75,32,43
0.0 Scen,2027,211,Hemphill County,4391,2233,2158,2800,1389,1411,4,2,2,1511,809,702,76,33,43
0.0 Scen,2028,211,Hemphill County,4427,2252,2175,2800,1390,1410,4,2,2,1545,827,718,78,33,45
0.0 Scen,2029,211,Hemphill County,4467,2271,2196,2808,1392,1416,4,2,2,1577,843,734,78,34,44
0.0 Scen,2030,211,Hemphill County,4513,2297,2216,2815,1398,1417,4,2,2,1613,862,751,81,35,46
0.0 Scen,2031,211,Hemphill County,4550,2315,2235,2817,1398,1419,4,2,2,1647,879,768,82,36,46
0.0 Scen,2032,211,Hemphill County,4595,2340,2255,2823,1404,1419,4,2,2,1685,898,787,83,36,47
0.0 Scen,2033,211,Hemphill County,4638,2365,2273,2830,1410,1420,4,2,2,1720,916,804,84,37,47
0.0 Scen,2034,211,Hemphill County,4669,2381,2288,2827,1408,1419,4,2,2,1753,934,819,85,37,48
0.0 Scen,2035,211,Hemphill County,4706,2403,2303,2830,1411,1419,4,2,2,1786,952,834,86,38,48
0.0 Scen,2036,211,Hemphill County,4742,2423,2319,2832,1413,1419,4,2,2,1819,970,849,87,38,49
0.0 Scen,2037,211,Hemphill County,4776,2442,2334,2835,1416,1419,4,2,2,1849,985,864,88,39,49
0.0 Scen,2038,211,Hemphill County,4802,2454,2348,2833,1415,1418,4,2,2,1876,998,878,89,39,50
0.0 Scen,2039,211,Hemphill County,4831,2470,2361,2832,1416,1416,4,2,2,1905,1012,893,90,40,50
0.0 Scen,2040,211,Hemphill County,4862,2486,2376,2832,1417,1415,4,2,2,1935,1027,908,91,40,51
0.0 Scen,2041,211,Hemphill County,4900,2506,2394,2842,1424,1418,4,2,2,1962,1039,923,92,41,51
0.0 Scen,2042,211,Hemphill County,4933,2524,2409,2844,1426,1418,4,2,2,1992,1055,937,93,41,52
0.0 Scen,2043,211,Hemphill County,4967,2543,2424,2847,1428,1419,4,2,2,2022,1071,951,94,42,52
0.0 Scen,2044,211,Hemphill County,4996,2558,2438,2846,1427,1419,4,2,2,2052,1087,965,94,42,52
0.0 Scen,2045,211,Hemphill County,5026,2573,2453,2846,1427,1419,4,2,2,2081,1101,980,95,43,52
0.0 Scen,2046,211,Hemphill County,5052,2592,2460,2847,1434,1413,4,2,2,2106,1113,993,95,43,52
0.0 Scen,2047,211,Hemphill County,5082,2608,2474,2849,1436,1413,4,2,2,2134,1126,1008,95,44,51
0.0 Scen,2048,211,Hemphill County,5112,2624,2488,2854,1441,1413,4,2,2,2159,1138,1021,95,43,52
0.0 Scen,2049,211,Hemphill County,5146,2643,2503,2860,1446,1414,4,2,2,2188,1152,1036,94,43,51
0.0 Scen,2050,211,Hemphill County,5180,2658,2522,2866,1449,1417,4,2,2,2216,1165,1051,94,42,52
0.0 Scen,2010,213,Henderson County,78532,38468,40064,63494,30830,32664,4813,2391,2422,8490,4390,4100,1735,857,878
0.0 Scen,2011,213,Henderson County,78667,38530,40137,63400,30779,32621,4826,2395,2431,8678,4485,4193,1763,871,892
0.0 Scen,2012,213,Henderson County,78827,38609,40218,63312,30732,32580,4847,2406,2441,8879,4587,4292,1789,884,905
0.0 Scen,2013,213,Henderson County,79001,38696,40305,63234,30691,32543,4870,2417,2453,9082,4692,4390,1815,896,919
0.0 Scen,2014,213,Henderson County,79193,38789,40404,63163,30651,32512,4890,2427,2463,9299,4802,4497,1841,909,932
0.0 Scen,2015,213,Henderson County,79360,38879,40481,63066,30611,32455,4906,2433,2473,9511,4908,4603,1877,927,950
0.0 Scen,2016,213,Henderson County,79534,38972,40562,62975,30569,32406,4920,2439,2481,9728,5019,4709,1911,945,966
0.0 Scen,2017,213,Henderson County,79693,39047,40646,62877,30516,32361,4927,2441,2486,9948,5131,4817,1941,959,982
0.0 Scen,2018,213,Henderson County,79853,39128,40725,62765,30456,32309,4933,2447,2486,10184,5250,4934,1971,975,996
0.0 Scen,2019,213,Henderson County,79998,39199,40799,62638,30390,32248,4933,2447,2486,10421,5369,5052,2006,993,1013
0.0 Scen,2020,213,Henderson County,80156,39290,40866,62527,30341,32186,4936,2450,2486,10654,5488,5166,2039,1011,1028
0.0 Scen,2021,213,Henderson County,80284,39350,40934,62397,30274,32123,4939,2452,2487,10879,5599,5280,2069,1025,1044
0.0 Scen,2022,213,Henderson County,80417,39421,40996,62252,30203,32049,4943,2456,2487,11117,5718,5399,2105,1044,1061
0.0 Scen,2023,213,Henderson County,80530,39475,41055,62092,30124,31968,4944,2456,2488,11355,5834,5521,2139,1061,1078
0.0 Scen,2024,213,Henderson County,80630,39525,41105,61915,30038,31877,4948,2460,2488,11590,5948,5642,2177,1079,1098
0.0 Scen,2025,213,Henderson County,80716,39576,41140,61727,29954,31773,4950,2462,2488,11825,6060,5765,2214,1100,1114
0.0 Scen,2026,213,Henderson County,80777,39620,41157,61511,29858,31653,4954,2467,2487,12064,6178,5886,2248,1117,1131
0.0 Scen,2027,213,Henderson County,80823,39648,41175,61287,29754,31533,4958,2472,2486,12300,6291,6009,2278,1131,1147
0.0 Scen,2028,213,Henderson County,80858,39681,41177,61047,29647,31400,4958,2475,2483,12538,6409,6129,2315,1150,1165
0.0 Scen,2029,213,Henderson County,80899,39706,41193,60803,29536,31267,4962,2475,2487,12776,6523,6253,2358,1172,1186
0.0 Scen,2030,213,Henderson County,80912,39727,41185,60541,29417,31124,4960,2478,2482,13018,6641,6377,2393,1191,1202
0.0 Scen,2031,213,Henderson County,80923,39743,41180,60276,29296,30980,4956,2478,2478,13256,6759,6497,2435,1210,1225
0.0 Scen,2032,213,Henderson County,80930,39759,41171,60011,29177,30834,4951,2477,2474,13494,6876,6618,2474,1229,1245
0.0 Scen,2033,213,Henderson County,80935,39780,41155,59738,29056,30682,4948,2476,2472,13736,7000,6736,2513,1248,1265
0.0 Scen,2034,213,Henderson County,80937,39803,41134,59466,28937,30529,4942,2473,2469,13976,7122,6854,2553,1271,1282
0.0 Scen,2035,213,Henderson County,80940,39823,41117,59201,28827,30374,4937,2469,2468,14210,7238,6972,2592,1289,1303
0.0 Scen,2036,213,Henderson County,80951,39847,41104,58939,28716,30223,4932,2465,2467,14451,7361,7090,2629,1305,1324
0.0 Scen,2037,213,Henderson County,80976,39882,41094,58686,28613,30073,4927,2463,2464,14692,7482,7210,2671,1324,1347
0.0 Scen,2038,213,Henderson County,81018,39928,41090,58443,28514,29929,4925,2463,2462,14940,7608,7332,2710,1343,1367
0.0 Scen,2039,213,Henderson County,81057,39976,41081,58214,28427,29787,4915,2460,2455,15183,7727,7456,2745,1362,1383
0.0 Scen,2040,213,Henderson County,81109,40032,41077,57985,28341,29644,4905,2456,2449,15435,7851,7584,2784,1384,1400
0.0 Scen,2041,213,Henderson County,81186,40094,41092,57782,28261,29521,4899,2459,2440,15681,7972,7709,2824,1402,1422
0.0 Scen,2042,213,Henderson County,81258,40157,41101,57570,28180,29390,4893,2458,2435,15937,8102,7835,2858,1417,1441
0.0 Scen,2043,213,Henderson County,81350,40228,41122,57378,28106,29272,4884,2455,2429,16198,8232,7966,2890,1435,1455
0.0 Scen,2044,213,Henderson County,81439,40300,41139,57175,28028,29147,4879,2455,2424,16458,8359,8099,2927,1458,1469
0.0 Scen,2045,213,Henderson County,81555,40383,41172,56994,27960,29034,4867,2453,2414,16726,8493,8233,2968,1477,1491
0.0 Scen,2046,213,Henderson County,81653,40453,41200,56802,27891,28911,4850,2446,2404,16992,8620,8372,3009,1496,1513
0.0 Scen,2047,213,Henderson County,81761,40535,41226,56620,27823,28797,4837,2443,2394,17259,8755,8504,3045,1514,1531
0.0 Scen,2048,213,Henderson County,81887,40620,41267,56451,27759,28692,4828,2438,2390,17530,8890,8640,3078,1533,1545
0.0 Scen,2049,213,Henderson County,82023,40721,41302,56299,27708,28591,4811,2435,2376,17795,9024,8771,3118,1554,1564
0.0 Scen,2050,213,Henderson County,82173,40814,41359,56141,27648,28493,4799,2430,2369,18075,9161,8914,3158,1575,1583
0.0 Scen,2010,215,Hidalgo County,774769,376944,397825,60553,30526,30027,2777,1868,909,702206,340118,362088,9233,4432,4801
0.0 Scen,2011,215,Hidalgo County,785767,382398,403369,59679,30028,29651,2803,1881,922,713935,346000,367935,9350,4489,4861
0.0 Scen,2012,215,Hidalgo County,796961,387965,408996,58828,29543,29285,2837,1896,941,725814,351974,373840,9482,4552,4930
0.0 Scen,2013,215,Hidalgo County,808236,393578,414658,57961,29060,28901,2870,1912,958,737805,357992,379813,9600,4614,4986
0.0 Scen,2014,215,Hidalgo County,819470,399196,420274,57094,28584,28510,2902,1926,976,749761,364016,385745,9713,4670,5043
0.0 Scen,2015,215,Hidalgo County,830926,404901,426025,56218,28104,28114,2930,1942,988,761968,370134,391834,9810,4721,5089
0.0 Scen,2016,215,Hidalgo County,842621,410775,431846,55389,27655,27734,2976,1966,1010,774334,376375,397959,9922,4779,5143
0.0 Scen,2017,215,Hidalgo County,854452,416684,437768,54530,27195,27335,3008,1981,1027,786891,382677,404214,10023,4831,5192
0.0 Scen,2018,215,Hidalgo County,866450,422689,443761,53698,26754,26944,3042,1997,1045,799579,389054,410525,10131,4884,5247
0.0 Scen,2019,215,Hidalgo County,878531,428753,449778,52868,26315,26553,3076,2012,1064,812363,395499,416864,10224,4927,5297
0.0 Scen,2020,215,Hidalgo County,890857,434915,455942,52036,25877,26159,3105,2024,1081,825401,402044,423357,10315,4970,5345
0.0 Scen,2021,215,Hidalgo County,902938,441063,461875,51194,25436,25758,3131,2035,1096,838208,408580,429628,10405,5012,5393
0.0 Scen,2022,215,Hidalgo County,915322,447282,468040,50377,25021,25356,3160,2049,1111,851286,415153,436133,10499,5059,5440
0.0 Scen,2023,215,Hidalgo County,927721,453598,474123,49588,24619,24969,3182,2056,1126,864363,421817,442546,10588,5106,5482
0.0 Scen,2024,215,Hidalgo County,940214,459937,480277,48810,24234,24576,3202,2062,1140,877519,428491,449028,10683,5150,5533
0.0 Scen,2025,215,Hidalgo County,952825,466319,486506,48036,23843,24193,3225,2071,1154,890812,435219,455593,10752,5186,5566
0.0 Scen,2026,215,Hidalgo County,965495,472803,492692,47292,23478,23814,3248,2079,1169,904112,442019,462093,10843,5227,5616
0.0 Scen,2027,215,Hidalgo County,978060,479244,498816,46553,23114,23439,3272,2089,1183,917306,448767,468539,10929,5274,5655
0.0 Scen,2028,215,Hidalgo County,990580,485608,504972,45829,22757,23072,3289,2092,1197,930450,455441,475009,11012,5318,5694
0.0 Scen,2029,215,Hidalgo County,1003254,492097,511157,45152,22424,22728,3307,2092,1215,943704,462220,481484,11091,5361,5730
0.0 Scen,2030,215,Hidalgo County,1015658,498468,517190,44521,22122,22399,3326,2100,1226,956663,468864,487799,11148,5382,5766
0.0 Scen,2031,215,Hidalgo County,1027923,504712,523211,43897,21820,22077,3345,2102,1243,969443,475354,494089,11238,5436,5802
0.0 Scen,2032,215,Hidalgo County,1040225,511013,529212,43293,21527,21766,3355,2102,1253,982271,481914,500357,11306,5470,5836
0.0 Scen,2033,215,Hidalgo County,1052531,517367,535164,42704,21244,21460,3357,2095,1262,995090,488518,506572,11380,5510,5870
0.0 Scen,2034,215,Hidalgo County,1064611,523539,541072,42140,20976,21164,3375,2100,1275,1007651,494920,512731,11445,5543,5902
0.0 Scen,2035,215,Hidalgo County,1076724,529748,546976,41568,20704,20864,3382,2097,1285,1020275,501373,518902,11499,5574,5925
0.0 Scen,2036,215,Hidalgo County,1088806,536008,552798,41024,20447,20577,3384,2091,1293,1032837,507868,524969,11561,5602,5959
0.0 Scen,2037,215,Hidalgo County,1100687,542185,558502,40491,20194,20297,3388,2087,1301,1045204,514274,530930,11604,5630,5974
0.0 Scen,2038,215,Hidalgo County,1112541,548264,564277,39964,19948,20016,3396,2085,1311,1057539,520582,536957,11642,5649,5993
0.0 Scen,2039,215,Hidalgo County,1124500,554446,570054,39449,19707,19742,3397,2079,1318,1069977,526995,542982,11677,5665,6012
0.0 Scen,2040,215,Hidalgo County,1136305,560540,575765,38945,19471,19474,3398,2071,1327,1082254,533317,548937,11708,5681,6027
0.0 Scen,2041,215,Hidalgo County,1148097,566683,581414,38460,19241,19219,3393,2064,1329,1094509,539680,554829,11735,5698,6037
0.0 Scen,2042,215,Hidalgo County,1160068,572902,587166,37981,19011,18970,3405,2067,1338,1106929,546114,560815,11753,5710,6043
0.0 Scen,2043,215,Hidalgo County,1171776,578984,592792,37503,18782,18721,3405,2060,1345,1119094,552421,566673,11774,5721,6053
0.0 Scen,2044,215,Hidalgo County,1183647,585152,598495,37039,18561,18478,3399,2051,1348,1131426,558809,572617,11783,5731,6052
0.0 Scen,2045,215,Hidalgo County,1195538,591336,604202,36577,18342,18235,3395,2043,1352,1143769,565213,578556,11797,5738,6059
0.0 Scen,2046,215,Hidalgo County,1207597,597648,609949,36124,18122,18002,3389,2033,1356,1156272,571750,584522,11812,5743,6069
0.0 Scen,2047,215,Hidalgo County,1219387,603799,615588,35687,17911,17776,3379,2024,1355,1168501,578116,590385,11820,5748,6072
0.0 Scen,2048,215,Hidalgo County,1231308,609984,621324,35259,17705,17554,3383,2023,1360,1180845,584503,596342,11821,5753,6068
0.0 Scen,2049,215,Hidalgo County,1243339,616263,627076,34838,17500,17338,3385,2019,1366,1193293,590987,602306,11823,5757,6066
0.0 Scen,2050,215,Hidalgo County,1255303,622519,632784,34431,17304,17127,3383,2011,1372,1205669,597446,608223,11820,5758,6062
0.0 Scen,2010,217,Hill County,35089,17208,17881,25836,12530,13306,2161,1000,1161,6427,3365,3062,665,313,352
0.0 Scen,2011,217,Hill County,35179,17256,17923,25767,12495,13272,2181,1012,1169,6560,3433,3127,671,316,355
0.0 Scen,2012,217,Hill County,35305,17321,17984,25721,12473,13248,2202,1023,1179,6703,3505,3198,679,320,359
0.0 Scen,2013,217,Hill County,35434,17390,18044,25674,12449,13225,2231,1040,1191,6843,3577,3266,686,324,362
0.0 Scen,2014,217,Hill County,35572,17459,18113,25626,12423,13203,2260,1055,1205,6992,3652,3340,694,329,365
0.0 Scen,2015,217,Hill County,35695,17522,18173,25571,12393,13178,2285,1070,1215,7139,3727,3412,700,332,368
0.0 Scen,2016,217,Hill County,35816,17582,18234,25509,12359,13150,2307,1080,1227,7290,3805,3485,710,338,372
0.0 Scen,2017,217,Hill County,35935,17644,18291,25447,12328,13119,2330,1094,1236,7438,3879,3559,720,343,377
0.0 Scen,2018,217,Hill County,36067,17713,18354,25394,12301,13093,2356,1108,1248,7588,3956,3632,729,348,381
0.0 Scen,2019,217,Hill County,36190,17775,18415,25337,12269,13068,2377,1120,1257,7741,4034,3707,735,352,383
0.0 Scen,2020,217,Hill County,36333,17847,18486,25292,12245,13047,2401,1135,1266,7898,4112,3786,742,355,387
0.0 Scen,2021,217,Hill County,36472,17918,18554,25246,12222,13024,2424,1147,1277,8052,4188,3864,750,361,389
0.0 Scen,2022,217,Hill County,36608,17985,18623,25205,12201,13004,2446,1160,1286,8202,4262,3940,755,362,393
0.0 Scen,2023,217,Hill County,36724,18039,18685,25142,12168,12974,2464,1170,1294,8357,4337,4020,761,364,397
0.0 Scen,2024,217,Hill County,36835,18091,18744,25078,12132,12946,2478,1179,1299,8512,4412,4100,767,368,399
0.0 Scen,2025,217,Hill County,36938,18134,18804,25004,12092,12912,2494,1188,1306,8667,4483,4184,773,371,402
0.0 Scen,2026,217,Hill County,37031,18182,18849,24922,12054,12868,2505,1194,1311,8823,4558,4265,781,376,405
0.0 Scen,2027,217,Hill County,37107,18218,18889,24830,12009,12821,2514,1200,1314,8978,4632,4346,785,377,408
0.0 Scen,2028,217,Hill County,37206,18260,18946,24757,11973,12784,2526,1203,1323,9130,4704,4426,793,380,413
0.0 Scen,2029,217,Hill County,37285,18302,18983,24673,11937,12736,2532,1205,1327,9281,4776,4505,799,384,415
0.0 Scen,2030,217,Hill County,37362,18341,19021,24577,11888,12689,2537,1211,1326,9439,4853,4586,809,389,420
0.0 Scen,2031,217,Hill County,37420,18367,19053,24484,11843,12641,2533,1210,1323,9589,4922,4667,814,392,422
0.0 Scen,2032,217,Hill County,37479,18398,19081,24384,11795,12589,2532,1211,1321,9744,4997,4747,819,395,424
0.0 Scen,2033,217,Hill County,37537,18430,19107,24286,11751,12535,2534,1212,1322,9891,5068,4823,826,399,427
0.0 Scen,2034,217,Hill County,37578,18452,19126,24182,11703,12479,2532,1210,1322,10035,5137,4898,829,402,427
0.0 Scen,2035,217,Hill County,37624,18481,19143,24078,11658,12420,2531,1214,1317,10183,5206,4977,832,403,429
0.0 Scen,2036,217,Hill County,37671,18511,19160,23968,11607,12361,2534,1218,1316,10329,5277,5052,840,409,431
0.0 Scen,2037,217,Hill County,37726,18549,19177,23873,11568,12305,2532,1222,1310,10479,5350,5129,842,409,433
0.0 Scen,2038,217,Hill County,37778,18582,19196,23775,11528,12247,2528,1219,1309,10625,5420,5205,850,415,435
0.0 Scen,2039,217,Hill County,37824,18613,19211,23675,11487,12188,2526,1219,1307,10770,5490,5280,853,417,436
0.0 Scen,2040,217,Hill County,37891,18658,19233,23584,11449,12135,2527,1222,1305,10924,5568,5356,856,419,437
0.0 Scen,2041,217,Hill County,37945,18689,19256,23489,11408,12081,2525,1220,1305,11071,5640,5431,860,421,439
0.0 Scen,2042,217,Hill County,38014,18730,19284,23404,11370,12034,2526,1223,1303,11221,5714,5507,863,423,440
0.0 Scen,2043,217,Hill County,38087,18771,19316,23323,11332,11991,2527,1226,1301,11369,5788,5581,868,425,443
0.0 Scen,2044,217,Hill County,38157,18815,19342,23240,11300,11940,2524,1225,1299,11520,5863,5657,873,427,446
0.0 Scen,2045,217,Hill County,38226,18860,19366,23160,11269,11891,2521,1223,1298,11669,5939,5730,876,429,447
0.0 Scen,2046,217,Hill County,38308,18906,19402,23085,11236,11849,2520,1223,1297,11826,6018,5808,877,429,448
0.0 Scen,2047,217,Hill County,38378,18953,19425,23008,11209,11799,2518,1223,1295,11976,6093,5883,876,428,448
0.0 Scen,2048,217,Hill County,38452,18994,19458,22932,11177,11755,2513,1222,1291,12126,6165,5961,881,430,451
0.0 Scen,2049,217,Hill County,38550,19051,19499,22879,11159,11720,2513,1224,1289,12272,6235,6037,886,433,453
0.0 Scen,2050,217,Hill County,38637,19102,19535,22818,11136,11682,2508,1222,1286,12423,6310,6113,888,434,454
0.0 Scen,2010,219,Hockley County,22935,11297,11638,11795,5770,6025,801,394,407,9993,4951,5042,346,182,164
0.0 Scen,2011,219,Hockley County,23125,11396,11729,11781,5764,6017,811,400,411,10182,5048,5134,351,184,167
0.0 Scen,2012,219,Hockley County,23337,11502,11835,11781,5764,6017,826,408,418,10373,5143,5230,357,187,170
0.0 Scen,2013,219,Hockley County,23569,11618,11951,11791,5769,6022,844,417,427,10573,5243,5330,361,189,172
0.0 Scen,2014,219,Hockley County,23805,11746,12059,11807,5783,6024,858,425,433,10773,5346,5427,367,192,175
0.0 Scen,2015,219,Hockley County,24036,11863,12173,11823,5794,6029,877,435,442,10966,5440,5526,370,194,176
0.0 Scen,2016,219,Hockley County,24255,11978,12277,11837,5807,6030,889,442,447,11154,5532,5622,375,197,178
0.0 Scen,2017,219,Hockley County,24477,12089,12388,11849,5817,6032,902,446,456,11341,5622,5719,385,204,181
0.0 Scen,2018,219,Hockley County,24671,12187,12484,11850,5822,6028,914,454,460,11516,5703,5813,391,208,183
0.0 Scen,2019,219,Hockley County,24869,12284,12585,11853,5826,6027,923,459,464,11697,5789,5908,396,210,186
0.0 Scen,2020,219,Hockley County,25064,12387,12677,11852,5832,6020,932,464,468,11876,5878,5998,404,213,191
0.0 Scen,2021,219,Hockley County,25250,12476,12774,11844,5829,6015,941,469,472,12055,5962,6093,410,216,194
0.0 Scen,2022,219,Hockley County,25439,12573,12866,11844,5831,6013,947,472,475,12229,6048,6181,419,222,197
0.0 Scen,2023,219,Hockley County,25622,12669,12953,11836,5830,6006,955,477,478,12405,6137,6268,426,225,201
0.0 Scen,2024,219,Hockley County,25800,12760,13040,11820,5825,5995,962,481,481,12588,6228,6360,430,226,204
0.0 Scen,2025,219,Hockley County,25972,12850,13122,11802,5817,5985,968,486,482,12770,6320,6450,432,227,205
0.0 Scen,2026,219,Hockley County,26149,12945,13204,11783,5812,5971,976,491,485,12955,6414,6541,435,228,207
0.0 Scen,2027,219,Hockley County,26322,13037,13285,11761,5805,5956,984,495,489,13139,6508,6631,438,229,209
0.0 Scen,2028,219,Hockley County,26494,13128,13366,11735,5793,5942,990,498,492,13325,6605,6720,444,232,212
0.0 Scen,2029,219,Hockley County,26659,13219,13440,11700,5777,5923,997,501,496,13516,6708,6808,446,233,213
0.0 Scen,2030,219,Hockley County,26821,13305,13516,11666,5763,5903,1003,505,498,13701,6801,6900,451,236,215
0.0 Scen,2031,219,Hockley County,26978,13385,13593,11624,5741,5883,1013,511,502,13888,6896,6992,453,237,216
0.0 Scen,2032,219,Hockley County,27141,13470,13671,11588,5723,5865,1020,515,505,14076,6993,7083,457,239,218
0.0 Scen,2033,219,Hockley County,27291,13553,13738,11546,5706,5840,1027,518,509,14259,7090,7169,459,239,220
0.0 Scen,2034,219,Hockley County,27426,13626,13800,11491,5683,5808,1034,522,512,14439,7180,7259,462,241,221
0.0 Scen,2035,219,Hockley County,27566,13699,13867,11444,5662,5782,1041,525,516,14618,7271,7347,463,241,222
0.0 Scen,2036,219,Hockley County,27694,13773,13921,11392,5641,5751,1041,524,517,14793,7364,7429,468,244,224
0.0 Scen,2037,219,Hockley County,27825,13842,13983,11340,5617,5723,1046,527,519,14967,7452,7515,472,246,226
0.0 Scen,2038,219,Hockley County,27946,13900,14046,11290,5591,5699,1049,527,522,15134,7536,7598,473,246,227
0.0 Scen,2039,219,Hockley County,28058,13961,14097,11239,5570,5669,1048,527,521,15295,7616,7679,476,248,228
0.0 Scen,2040,219,Hockley County,28171,14019,14152,11182,5545,5637,1051,529,522,15459,7695,7764,479,250,229
0.0 Scen,2041,219,Hockley County,28279,14069,14210,11126,5515,5611,1052,531,521,15618,7770,7848,483,253,230
0.0 Scen,2042,219,Hockley County,28399,14132,14267,11078,5494,5584,1055,533,522,15781,7851,7930,485,254,231
0.0 Scen,2043,219,Hockley County,28503,14185,14318,11024,5467,5557,1051,531,520,15938,7928,8010,490,259,231
0.0 Scen,2044,219,Hockley County,28606,14240,14366,10973,5443,5530,1052,532,520,16091,8006,8085,490,259,231
0.0 Scen,2045,219,Hockley County,28715,14292,14423,10924,5420,5504,1051,531,520,16250,8082,8168,490,259,231
0.0 Scen,2046,219,Hockley County,28820,14348,14472,10872,5395,5477,1050,531,519,16406,8161,8245,492,261,231
0.0 Scen,2047,219,Hockley County,28925,14405,14520,10827,5374,5453,1047,529,518,16556,8239,8317,495,263,232
0.0 Scen,2048,219,Hockley County,29037,14467,14570,10777,5354,5423,1045,528,517,16717,8320,8397,498,265,233
0.0 Scen,2049,219,Hockley County,29140,14517,14623,10729,5327,5402,1043,526,517,16867,8395,8472,501,269,232
0.0 Scen,2050,219,Hockley County,29245,14576,14669,10676,5305,5371,1042,526,516,17024,8474,8550,503,271,232
0.0 Scen,2010,221,Hood County,51182,25181,26001,44588,21707,22881,225,143,82,5234,2799,2435,1135,532,603
0.0 Scen,2011,221,Hood County,51142,25163,25979,44440,21633,22807,227,144,83,5328,2848,2480,1147,538,609
0.0 Scen,2012,221,Hood County,51100,25138,25962,44286,21553,22733,228,144,84,5426,2897,2529,1160,544,616
0.0 Scen,2013,221,Hood County,51070,25118,25952,44145,21477,22668,229,145,84,5528,2949,2579,1168,547,621
0.0 Scen,2014,221,Hood County,51024,25084,25940,43988,21388,22600,232,146,86,5626,2997,2629,1178,553,625
0.0 Scen,2015,221,Hood County,51002,25072,25930,43846,21312,22534,235,148,87,5729,3052,2677,1192,560,632
0.0 Scen,2016,221,Hood County,50971,25051,25920,43690,21226,22464,238,149,89,5836,3107,2729,1207,569,638
0.0 Scen,2017,221,Hood County,50935,25028,25907,43532,21142,22390,240,150,90,5944,3160,2784,1219,576,643
0.0 Scen,2018,221,Hood County,50887,25007,25880,43364,21059,22305,243,152,91,6046,3213,2833,1234,583,651
0.0 Scen,2019,221,Hood County,50848,24984,25864,43194,20969,22225,247,155,92,6157,3269,2888,1250,591,659
0.0 Scen,2020,221,Hood County,50806,24963,25843,43031,20885,22146,250,157,93,6264,3322,2942,1261,599,662
0.0 Scen,2021,221,Hood County,50774,24946,25828,42868,20803,22065,253,159,94,6376,3376,3000,1277,608,669
0.0 Scen,2022,221,Hood County,50727,24925,25802,42690,20719,21971,255,160,95,6488,3430,3058,1294,616,678
0.0 Scen,2023,221,Hood County,50670,24900,25770,42505,20630,21875,259,163,96,6596,3483,3113,1310,624,686
0.0 Scen,2024,221,Hood County,50616,24869,25747,42318,20534,21784,260,163,97,6711,3539,3172,1327,633,694
0.0 Scen,2025,221,Hood County,50539,24831,25708,42114,20434,21680,265,167,98,6817,3587,3230,1343,643,700
0.0 Scen,2026,221,Hood County,50464,24798,25666,41910,20340,21570,268,167,101,6927,3638,3289,1359,653,706
0.0 Scen,2027,221,Hood County,50372,24752,25620,41698,20240,21458,270,168,102,7036,3688,3348,1368,656,712
0.0 Scen,2028,221,Hood County,50288,24716,25572,41493,20145,21348,271,167,104,7141,3740,3401,1383,664,719
0.0 Scen,2029,221,Hood County,50200,24674,25526,41279,20043,21236,273,168,105,7248,3789,3459,1400,674,726
0.0 Scen,2030,221,Hood County,50119,24638,25481,41077,19951,21126,274,168,106,7353,3839,3514,1415,680,735
0.0 Scen,2031,221,Hood County,50023,24599,25424,40862,19852,21010,275,168,107,7458,3892,3566,1428,687,741
0.0 Scen,2032,221,Hood County,49922,24558,25364,40648,19758,20890,274,167,107,7558,3939,3619,1442,694,748
0.0 Scen,2033,221,Hood County,49799,24503,25296,40418,19654,20764,274,167,107,7658,3985,3673,1449,697,752
0.0 Scen,2034,221,Hood County,49687,24456,25231,40195,19554,20641,274,167,107,7752,4028,3724,1466,707,759
0.0 Scen,2035,221,Hood County,49563,24399,25164,39968,19449,20519,274,167,107,7844,4070,3774,1477,713,764
0.0 Scen,2036,221,Hood County,49445,24355,25090,39751,19358,20393,274,167,107,7934,4112,3822,1486,718,768
0.0 Scen,2037,221,Hood County,49323,24306,25017,39527,19260,20267,274,167,107,8026,4155,3871,1496,724,772
0.0 Scen,2038,221,Hood County,49218,24266,24952,39316,19171,20145,274,167,107,8120,4199,3921,1508,729,779
0.0 Scen,2039,221,Hood County,49108,24226,24882,39108,19079,20029,273,166,107,8209,4245,3964,1518,736,782
0.0 Scen,2040,221,Hood County,49000,24191,24809,38906,18997,19909,273,166,107,8301,4292,4009,1520,736,784
0.0 Scen,2041,221,Hood County,48897,24153,24744,38713,18911,19802,272,165,107,8387,4337,4050,1525,740,785
0.0 Scen,2042,221,Hood County,48793,24113,24680,38519,18828,19691,271,164,107,8476,4381,4095,1527,740,787
0.0 Scen,2043,221,Hood County,48695,24083,24612,38334,18753,19581,270,163,107,8562,4425,4137,1529,742,787
0.0 Scen,2044,221,Hood County,48602,24048,24554,38151,18672,19479,269,162,107,8650,4470,4180,1532,744,788
0.0 Scen,2045,221,Hood County,48510,24021,24489,37966,18598,19368,267,161,106,8740,4514,4226,1537,748,789
0.0 Scen,2046,221,Hood County,48430,23998,24432,37802,18535,19267,266,160,106,8826,4557,4269,1536,746,790
0.0 Scen,2047,221,Hood County,48366,23985,24381,37645,18475,19170,265,159,106,8914,4600,4314,1542,751,791
0.0 Scen,2048,221,Hood County,48308,23972,24336,37494,18415,19079,265,159,106,9004,4645,4359,1545,753,792
0.0 Scen,2049,221,Hood County,48261,23966,24295,37356,18365,18991,264,158,106,9092,4687,4405,1549,756,793
0.0 Scen,2050,221,Hood County,48223,23962,24261,37236,18322,18914,263,157,106,9176,4726,4450,1548,757,791
0.0 Scen,2010,223,Hopkins County,35161,17421,17740,26501,12923,13578,2448,1190,1258,5368,2906,2462,844,402,442
0.0 Scen,2011,223,Hopkins County,35322,17511,17811,26522,12940,13582,2465,1200,1265,5474,2960,2514,861,411,450
0.0 Scen,2012,223,Hopkins County,35499,17603,17896,26548,12955,13593,2482,1209,1273,5591,3019,2572,878,420,458
0.0 Scen,2013,223,Hopkins County,35672,17692,17980,26576,12972,13604,2500,1218,1282,5700,3073,2627,896,429,467
0.0 Scen,2014,223,Hopkins County,35860,17783,18077,26603,12982,13621,2525,1229,1296,5817,3134,2683,915,438,477
0.0 Scen,2015,223,Hopkins County,36062,17889,18173,26633,12994,13639,2551,1245,1306,5941,3198,2743,937,452,485
0.0 Scen,2016,223,Hopkins County,36253,17982,18271,26654,13000,13654,2575,1260,1315,6068,3261,2807,956,461,495
0.0 Scen,2017,223,Hopkins County,36434,18076,18358,26668,13008,13660,2595,1271,1324,6192,3323,2869,979,474,505
0.0 Scen,2018,223,Hopkins County,36618,18178,18440,26693,13030,13663,2611,1279,1332,6314,3383,2931,1000,486,514
0.0 Scen,2019,223,Hopkins County,36793,18265,18528,26704,13035,13669,2622,1284,1338,6445,3449,2996,1022,497,525
0.0 Scen,2020,223,Hopkins County,36969,18355,18614,26712,13038,13674,2633,1289,1344,6575,3517,3058,1049,511,538
0.0 Scen,2021,223,Hopkins County,37140,18444,18696,26721,13044,13677,2643,1295,1348,6704,3583,3121,1072,522,550
0.0 Scen,2022,223,Hopkins County,37335,18547,18788,26742,13058,13684,2652,1300,1352,6840,3651,3189,1101,538,563
0.0 Scen,2023,223,Hopkins County,37501,18633,18868,26742,13062,13680,2658,1302,1356,6976,3718,3258,1125,551,574
0.0 Scen,2024,223,Hopkins County,37666,18713,18953,26744,13062,13682,2655,1301,1354,7113,3786,3327,1154,564,590
0.0 Scen,2025,223,Hopkins County,37817,18795,19022,26734,13061,13673,2651,1299,1352,7249,3855,3394,1183,580,603
0.0 Scen,2026,223,Hopkins County,37978,18882,19096,26722,13060,13662,2655,1302,1353,7384,3923,3461,1217,597,620
0.0 Scen,2027,223,Hopkins County,38135,18963,19172,26707,13057,13650,2654,1303,1351,7522,3988,3534,1252,615,637
0.0 Scen,2028,223,Hopkins County,38285,19032,19253,26681,13046,13635,2658,1303,1355,7657,4049,3608,1289,634,655
0.0 Scen,2029,223,Hopkins County,38424,19100,19324,26649,13031,13618,2652,1299,1353,7794,4116,3678,1329,654,675
0.0 Scen,2030,223,Hopkins County,38552,19162,19390,26609,13014,13595,2648,1298,1350,7925,4174,3751,1370,676,694
0.0 Scen,2031,223,Hopkins County,38681,19230,19451,26566,12996,13570,2645,1300,1345,8057,4235,3822,1413,699,714
0.0 Scen,2032,223,Hopkins County,38801,19294,19507,26520,12981,13539,2639,1300,1339,8187,4293,3894,1455,720,735
0.0 Scen,2033,223,Hopkins County,38901,19342,19559,26456,12953,13503,2635,1297,1338,8313,4351,3962,1497,741,756
0.0 Scen,2034,223,Hopkins County,39004,19390,19614,26402,12931,13471,2628,1294,1334,8434,4405,4029,1540,760,780
0.0 Scen,2035,223,Hopkins County,39111,19445,19666,26350,12910,13440,2622,1291,1331,8559,4462,4097,1580,782,798
0.0 Scen,2036,223,Hopkins County,39214,19497,19717,26289,12883,13406,2626,1296,1330,8678,4514,4164,1621,804,817
0.0 Scen,2037,223,Hopkins County,39314,19554,19760,26229,12859,13370,2623,1296,1327,8798,4573,4225,1664,826,838
0.0 Scen,2038,223,Hopkins County,39419,19608,19811,26177,12839,13338,2619,1292,1327,8915,4628,4287,1708,849,859
0.0 Scen,2039,223,Hopkins County,39516,19657,19859,26120,12816,13304,2612,1288,1324,9030,4681,4349,1754,872,882
0.0 Scen,2040,223,Hopkins County,39614,19705,19909,26059,12788,13271,2607,1285,1322,9145,4737,4408,1803,895,908
0.0 Scen,2041,223,Hopkins County,39711,19755,19956,26000,12764,13236,2605,1282,1323,9258,4791,4467,1848,918,930
0.0 Scen,2042,223,Hopkins County,39812,19812,20000,25942,12741,13201,2605,1284,1321,9371,4844,4527,1894,943,951
0.0 Scen,2043,223,Hopkins County,39922,19872,20050,25891,12723,13168,2605,1285,1320,9485,4898,4587,1941,966,975
0.0 Scen,2044,223,Hopkins County,40019,19928,20091,25836,12703,13133,2600,1283,1317,9596,4953,4643,1987,989,998
0.0 Scen,2045,223,Hopkins County,40120,19986,20134,25787,12685,13102,2598,1285,1313,9705,5004,4701,2030,1012,1018
0.0 Scen,2046,223,Hopkins County,40228,20040,20188,25742,12666,13076,2596,1284,1312,9813,5054,4759,2077,1036,1041
0.0 Scen,2047,223,Hopkins County,40321,20087,20234,25695,12649,13046,2587,1279,1308,9917,5101,4816,2122,1058,1064
0.0 Scen,2048,223,Hopkins County,40424,20140,20284,25643,12628,13015,2584,1278,1306,10025,5152,4873,2172,1082,1090
0.0 Scen,2049,223,Hopkins County,40547,20214,20333,25605,12620,12985,2584,1281,1303,10138,5205,4933,2220,1108,1112
0.0 Scen,2050,223,Hopkins County,40653,20270,20383,25558,12600,12958,2578,1279,1299,10246,5256,4990,2271,1135,1136
0.0 Scen,2010,225,Houston County,23732,12769,10963,14811,7570,7241,6129,3460,2669,2364,1551,813,428,188,240
0.0 Scen,2011,225,Houston County,23715,12760,10955,14739,7535,7204,6137,3462,2675,2403,1571,832,436,192,244
0.0 Scen,2012,225,Houston County,23708,12760,10948,14675,7505,7170,6148,3467,2681,2440,1590,850,445,198,247
0.0 Scen,2013,225,Houston County,23705,12761,10944,14599,7467,7132,6167,3477,2690,2484,1614,870,455,203,252
0.0 Scen,2014,225,Houston County,23705,12768,10937,14536,7441,7095,6184,3485,2699,2524,1635,889,461,207,254
0.0 Scen,2015,225,Houston County,23715,12777,10938,14480,7416,7064,6199,3492,2707,2567,1657,910,469,212,257
0.0 Scen,2016,225,Houston County,23724,12787,10937,14424,7392,7032,6214,3500,2714,2611,1680,931,475,215,260
0.0 Scen,2017,225,Houston County,23723,12792,10931,14369,7366,7003,6216,3504,2712,2652,1702,950,486,220,266
0.0 Scen,2018,225,Houston County,23724,12799,10925,14316,7341,6975,6219,3508,2711,2697,1727,970,492,223,269
0.0 Scen,2019,225,Houston County,23709,12800,10909,14255,7316,6939,6217,3511,2706,2736,1746,990,501,227,274
0.0 Scen,2020,225,Houston County,23709,12806,10903,14201,7294,6907,6214,3511,2703,2784,1770,1014,510,231,279
0.0 Scen,2021,225,Houston County,23714,12811,10903,14149,7270,6879,6216,3512,2704,2829,1793,1036,520,236,284
0.0 Scen,2022,225,Houston County,23705,12814,10891,14094,7246,6848,6214,3514,2700,2871,1814,1057,526,240,286
0.0 Scen,2023,225,Houston County,23700,12811,10889,14036,7217,6819,6213,3512,2701,2914,1837,1077,537,245,292
0.0 Scen,2024,225,Houston County,23685,12806,10879,13974,7187,6787,6203,3505,2698,2963,1863,1100,545,251,294
0.0 Scen,2025,225,Houston County,23669,12801,10868,13909,7157,6752,6195,3500,2695,3010,1887,1123,555,257,298
0.0 Scen,2026,225,Houston County,23660,12802,10858,13842,7128,6714,6191,3499,2692,3058,1911,1147,569,264,305
0.0 Scen,2027,225,Houston County,23655,12806,10849,13781,7100,6681,6186,3500,2686,3106,1934,1172,582,272,310
0.0 Scen,2028,225,Houston County,23649,12802,10847,13721,7072,6649,6179,3495,2684,3153,1956,1197,596,279,317
0.0 Scen,2029,225,Houston County,23638,12803,10835,13659,7044,6615,6166,3490,2676,3202,1981,1221,611,288,323
0.0 Scen,2030,225,Houston County,23642,12807,10835,13599,7017,6582,6165,3489,2676,3252,2005,1247,626,296,330
0.0 Scen,2031,225,Houston County,23640,12815,10825,13533,6990,6543,6167,3491,2676,3300,2030,1270,640,304,336
0.0 Scen,2032,225,Houston County,23638,12823,10815,13468,6966,6502,6168,3492,2676,3348,2055,1293,654,310,344
0.0 Scen,2033,225,Houston County,23635,12828,10807,13397,6937,6460,6166,3490,2676,3401,2081,1320,671,320,351
0.0 Scen,2034,225,Houston County,23640,12838,10802,13339,6913,6426,6167,3492,2675,3451,2105,1346,683,328,355
0.0 Scen,2035,225,Houston County,23649,12846,10803,13277,6887,6390,6170,3493,2677,3502,2130,1372,700,336,364
0.0 Scen,2036,225,Houston County,23646,12851,10795,13217,6864,6353,6163,3491,2672,3550,2151,1399,716,345,371
0.0 Scen,2037,225,Houston County,23647,12859,10788,13160,6842,6318,6153,3487,2666,3602,2177,1425,732,353,379
0.0 Scen,2038,225,Houston County,23654,12871,10783,13112,6826,6286,6140,3480,2660,3654,2204,1450,748,361,387
0.0 Scen,2039,225,Houston County,23665,12885,10780,13060,6806,6254,6135,3481,2654,3705,2229,1476,765,369,396
0.0 Scen,2040,225,Houston County,23668,12891,10777,13009,6783,6226,6123,3477,2646,3756,2254,1502,780,377,403
0.0 Scen,2041,225,Houston County,23683,12901,10782,12969,6766,6203,6111,3472,2639,3806,2278,1528,797,385,412
0.0 Scen,2042,225,Houston County,23702,12917,10785,12921,6745,6176,6111,3474,2637,3858,2305,1553,812,393,419
0.0 Scen,2043,225,Houston County,23709,12924,10785,12874,6723,6151,6098,3470,2628,3908,2330,1578,829,401,428
0.0 Scen,2044,225,Houston County,23712,12935,10777,12830,6708,6122,6086,3467,2619,3957,2355,1602,839,405,434
0.0 Scen,2045,225,Houston County,23718,12948,10770,12793,6695,6098,6071,3465,2606,4000,2374,1626,854,414,440
0.0 Scen,2046,225,Houston County,23745,12971,10774,12766,6688,6078,6061,3461,2600,4052,2401,1651,866,421,445
0.0 Scen,2047,225,Houston County,23759,12984,10775,12734,6677,6057,6046,3455,2591,4100,2423,1677,879,429,450
0.0 Scen,2048,225,Houston County,23766,12998,10768,12697,6664,6033,6030,3454,2576,4147,2444,1703,892,436,456
0.0 Scen,2049,225,Houston County,23792,13018,10774,12680,6661,6019,6010,3445,2565,4198,2471,1727,904,441,463
0.0 Scen,2050,225,Houston County,23804,13029,10775,12655,6654,6001,5987,3435,2552,4245,2492,1753,917,448,469
0.0 Scen,2010,227,Howard County,35012,19720,15292,18801,10033,8768,2079,1509,570,13255,7661,5594,877,517,360
0.0 Scen,2011,227,Howard County,35152,19790,15362,18783,10025,8758,2081,1509,572,13404,7735,5669,884,521,363
0.0 Scen,2012,227,Howard County,35298,19854,15444,18773,10016,8757,2082,1509,573,13552,7805,5747,891,524,367
0.0 Scen,2013,227,Howard County,35474,19937,15537,18785,10022,8763,2090,1513,577,13698,7873,5825,901,529,372
0.0 Scen,2014,227,Howard County,35658,20024,15634,18799,10029,8770,2100,1520,580,13847,7941,5906,912,534,378
0.0 Scen,2015,227,Howard County,35832,20103,15729,18815,10036,8779,2103,1519,584,13995,8009,5986,919,539,380
0.0 Scen,2016,227,Howard County,36007,20183,15824,18824,10037,8787,2111,1525,586,14142,8077,6065,930,544,386
0.0 Scen,2017,227,Howard County,36165,20257,15908,18825,10036,8789,2116,1527,589,14284,8144,6140,940,550,390
0.0 Scen,2018,227,Howard County,36324,20330,15994,18821,10035,8786,2124,1530,594,14431,8212,6219,948,553,395
0.0 Scen,2019,227,Howard County,36466,20407,16059,18802,10029,8773,2128,1532,596,14580,8288,6292,956,558,398
0.0 Scen,2020,227,Howard County,36604,20471,16133,18777,10016,8761,2137,1536,601,14727,8358,6369,963,561,402
0.0 Scen,2021,227,Howard County,36742,20534,16208,18754,10002,8752,2144,1539,605,14875,8428,6447,969,565,404
0.0 Scen,2022,227,Howard County,36909,20615,16294,18740,9992,8748,2150,1543,607,15041,8512,6529,978,568,410
0.0 Scen,2023,227,Howard County,37050,20674,16376,18715,9972,8743,2149,1542,607,15196,8586,6610,990,574,416
0.0 Scen,2024,227,Howard County,37183,20739,16444,18673,9950,8723,2153,1543,610,15362,8668,6694,995,578,417
0.0 Scen,2025,227,Howard County,37335,20814,16521,18638,9932,8706,2164,1551,613,15528,8747,6781,1005,584,421
0.0 Scen,2026,227,Howard County,37461,20874,16587,18582,9902,8680,2173,1554,619,15690,8828,6862,1016,590,426
0.0 Scen,2027,227,Howard County,37592,20935,16657,18535,9878,8657,2177,1554,623,15853,8909,6944,1027,594,433
0.0 Scen,2028,227,Howard County,37718,20998,16720,18481,9851,8630,2182,1556,626,16020,8994,7026,1035,597,438
0.0 Scen,2029,227,Howard County,37860,21073,16787,18443,9836,8607,2183,1555,628,16188,9079,7109,1046,603,443
0.0 Scen,2030,227,Howard County,37991,21141,16850,18396,9811,8585,2183,1554,629,16351,9163,7188,1061,613,448
0.0 Scen,2031,227,Howard County,38118,21206,16912,18358,9794,8564,2182,1551,631,16508,9243,7265,1070,618,452
0.0 Scen,2032,227,Howard County,38233,21263,16970,18312,9772,8540,2182,1549,633,16660,9321,7339,1079,621,458
0.0 Scen,2033,227,Howard County,38354,21316,17038,18273,9750,8523,2178,1545,633,16811,9394,7417,1092,627,465
0.0 Scen,2034,227,Howard County,38451,21366,17085,18220,9722,8498,2174,1542,632,16955,9468,7487,1102,634,468
0.0 Scen,2035,227,Howard County,38556,21413,17143,18183,9699,8484,2165,1535,630,17092,9536,7556,1116,643,473
0.0 Scen,2036,227,Howard County,38642,21446,17196,18142,9675,8467,2156,1527,629,17220,9596,7624,1124,648,476
0.0 Scen,2037,227,Howard County,38730,21482,17248,18098,9648,8450,2148,1520,628,17347,9658,7689,1137,656,481
0.0 Scen,2038,227,Howard County,38821,21519,17302,18059,9628,8431,2139,1511,628,17475,9718,7757,1148,662,486
0.0 Scen,2039,227,Howard County,38883,21529,17354,18001,9589,8412,2131,1503,628,17594,9769,7825,1157,668,489
0.0 Scen,2040,227,Howard County,38926,21527,17399,17936,9542,8394,2121,1494,627,17706,9822,7884,1163,669,494
0.0 Scen,2041,227,Howard County,38966,21525,17441,17863,9495,8368,2106,1482,624,17828,9877,7951,1169,671,498
0.0 Scen,2042,227,Howard County,38990,21506,17484,17788,9443,8345,2088,1467,621,17938,9922,8016,1176,674,502
0.0 Scen,2043,227,Howard County,39048,21521,17527,17734,9407,8327,2078,1460,618,18054,9976,8078,1182,678,504
0.0 Scen,2044,227,Howard County,39075,21515,17560,17669,9368,8301,2061,1445,616,18159,10023,8136,1186,679,507
0.0 Scen,2045,227,Howard County,39117,21523,17594,17608,9334,8274,2052,1439,613,18270,10071,8199,1187,679,508
0.0 Scen,2046,227,Howard County,39153,21522,17631,17544,9292,8252,2033,1423,610,18385,10126,8259,1191,681,510
0.0 Scen,2047,227,Howard County,39163,21508,17655,17465,9244,8221,2020,1415,605,18484,10167,8317,1194,682,512
0.0 Scen,2048,227,Howard County,39206,21515,17691,17408,9211,8197,2008,1406,602,18597,10218,8379,1193,680,513
0.0 Scen,2049,227,Howard County,39231,21509,17722,17344,9171,8173,1993,1395,598,18698,10264,8434,1196,679,517
0.0 Scen,2050,227,Howard County,39277,21521,17756,17288,9136,8152,1982,1390,592,18812,10316,8496,1195,679,516
0.0 Scen,2010,229,Hudspeth County,3476,1750,1726,628,337,291,30,22,8,2768,1370,1398,50,21,29
0.0 Scen,2011,229,Hudspeth County,3514,1769,1745,631,339,292,30,22,8,2803,1387,1416,50,21,29
0.0 Scen,2012,229,Hudspeth County,3556,1790,1766,634,341,293,30,22,8,2842,1406,1436,50,21,29
0.0 Scen,2013,229,Hudspeth County,3594,1809,1785,637,343,294,30,22,8,2877,1423,1454,50,21,29
0.0 Scen,2014,229,Hudspeth County,3638,1832,1806,638,344,294,30,22,8,2920,1445,1475,50,21,29
0.0 Scen,2015,229,Hudspeth County,3682,1854,1828,641,346,295,30,22,8,2960,1464,1496,51,22,29
0.0 Scen,2016,229,Hudspeth County,3730,1879,1851,641,346,295,30,22,8,3007,1489,1518,52,22,30
0.0 Scen,2017,229,Hudspeth County,3777,1902,1875,644,348,296,30,22,8,3050,1509,1541,53,23,30
0.0 Scen,2018,229,Hudspeth County,3830,1927,1903,644,349,295,30,22,8,3102,1533,1569,54,23,31
0.0 Scen,2019,229,Hudspeth County,3879,1951,1928,647,351,296,30,22,8,3148,1555,1593,54,23,31
0.0 Scen,2020,229,Hudspeth County,3929,1976,1953,646,350,296,30,22,8,3198,1581,1617,55,23,32
0.0 Scen,2021,229,Hudspeth County,3978,2000,1978,647,350,297,30,22,8,3245,1604,1641,56,24,32
0.0 Scen,2022,229,Hudspeth County,4019,2017,2002,649,350,299,30,22,8,3284,1621,1663,56,24,32
0.0 Scen,2023,229,Hudspeth County,4067,2040,2027,649,349,300,30,22,8,3331,1644,1687,57,25,32
0.0 Scen,2024,229,Hudspeth County,4117,2063,2054,651,349,302,30,22,8,3378,1667,1711,58,25,33
0.0 Scen,2025,229,Hudspeth County,4162,2084,2078,653,350,303,30,22,8,3420,1686,1734,59,26,33
0.0 Scen,2026,229,Hudspeth County,4203,2103,2100,654,350,304,30,22,8,3459,1705,1754,60,26,34
0.0 Scen,2027,229,Hudspeth County,4248,2124,2124,656,351,305,30,22,8,3501,1724,1777,61,27,34
0.0 Scen,2028,229,Hudspeth County,4286,2140,2146,654,349,305,30,22,8,3540,1742,1798,62,27,35
0.0 Scen,2029,229,Hudspeth County,4327,2162,2165,652,347,305,30,22,8,3581,1764,1817,64,29,35
0.0 Scen,2030,229,Hudspeth County,4363,2177,2186,651,344,307,30,22,8,3617,1782,1835,65,29,36
0.0 Scen,2031,229,Hudspeth County,4399,2194,2205,651,343,308,30,22,8,3652,1799,1853,66,30,36
0.0 Scen,2032,229,Hudspeth County,4423,2205,2218,647,339,308,30,22,8,3679,1814,1865,67,30,37
0.0 Scen,2033,229,Hudspeth County,4447,2217,2230,641,335,306,30,22,8,3708,1829,1879,68,31,37
0.0 Scen,2034,229,Hudspeth County,4470,2226,2244,636,332,304,30,22,8,3734,1841,1893,70,31,39
0.0 Scen,2035,229,Hudspeth County,4491,2238,2253,631,328,303,29,21,8,3760,1857,1903,71,32,39
0.0 Scen,2036,229,Hudspeth County,4507,2242,2265,621,319,302,29,21,8,3786,1870,1916,71,32,39
0.0 Scen,2037,229,Hudspeth County,4525,2250,2275,614,315,299,29,21,8,3811,1882,1929,71,32,39
0.0 Scen,2038,229,Hudspeth County,4545,2260,2285,607,311,296,29,21,8,3838,1896,1942,71,32,39
0.0 Scen,2039,229,Hudspeth County,4564,2270,2294,600,307,293,29,21,8,3864,1910,1954,71,32,39
0.0 Scen,2040,229,Hudspeth County,4581,2280,2301,590,302,288,29,21,8,3891,1925,1966,71,32,39
0.0 Scen,2041,229,Hudspeth County,4602,2293,2309,582,299,283,29,21,8,3920,1941,1979,71,32,39
0.0 Scen,2042,229,Hudspeth County,4624,2306,2318,573,294,279,29,21,8,3951,1959,1992,71,32,39
0.0 Scen,2043,229,Hudspeth County,4644,2318,2326,565,290,275,29,21,8,3979,1975,2004,71,32,39
0.0 Scen,2044,229,Hudspeth County,4670,2333,2337,558,287,271,29,21,8,4012,1993,2019,71,32,39
0.0 Scen,2045,229,Hudspeth County,4697,2349,2348,552,284,268,29,21,8,4044,2011,2033,72,33,39
0.0 Scen,2046,229,Hudspeth County,4721,2359,2362,545,279,266,29,21,8,4075,2026,2049,72,33,39
0.0 Scen,2047,229,Hudspeth County,4746,2373,2373,537,274,263,29,21,8,4108,2044,2064,72,34,38
0.0 Scen,2048,229,Hudspeth County,4772,2388,2384,529,271,258,29,21,8,4142,2062,2080,72,34,38
0.0 Scen,2049,229,Hudspeth County,4803,2407,2396,527,270,257,29,21,8,4175,2081,2094,72,35,37
0.0 Scen,2050,229,Hudspeth County,4833,2424,2409,524,269,255,28,20,8,4209,2100,2109,72,35,37
0.0 Scen,2010,231,Hunt County,86129,42700,43429,64393,31631,32762,6976,3372,3604,11751,6234,5517,3009,1463,1546
0.0 Scen,2011,231,Hunt County,86487,42877,43610,64464,31667,32797,7031,3395,3636,11941,6330,5611,3051,1485,1566
0.0 Scen,2012,231,Hunt County,86895,43070,43825,64571,31710,32861,7089,3420,3669,12137,6430,5707,3098,1510,1588
0.0 Scen,2013,231,Hunt County,87307,43273,44034,64658,31752,32906,7160,3453,3707,12344,6534,5810,3145,1534,1611
0.0 Scen,2014,231,Hunt County,87722,43471,44251,64748,31800,32948,7227,3473,3754,12559,6644,5915,3188,1554,1634
0.0 Scen,2015,231,Hunt County,88124,43662,44462,64839,31835,33004,7290,3502,3788,12771,6748,6023,3224,1577,1647
0.0 Scen,2016,231,Hunt County,88584,43877,44707,64942,31881,33061,7380,3540,3840,12993,6859,6134,3269,1597,1672
0.0 Scen,2017,231,Hunt County,89072,44110,44962,65069,31931,33138,7457,3583,3874,13233,6980,6253,3313,1616,1697
0.0 Scen,2018,231,Hunt County,89604,44363,45241,65223,31997,33226,7542,3621,3921,13471,7101,6370,3368,1644,1724
0.0 Scen,2019,231,Hunt County,90133,44608,45525,65377,32063,33314,7616,3656,3960,13709,7214,6495,3431,1675,1756
0.0 Scen,2020,231,Hunt County,90670,44866,45804,65549,32140,33409,7692,3692,4000,13945,7331,6614,3484,1703,1781
0.0 Scen,2021,231,Hunt County,91147,45095,46052,65662,32191,33471,7760,3728,4032,14190,7447,6743,3535,1729,1806
0.0 Scen,2022,231,Hunt County,91612,45310,46302,65771,32233,33538,7823,3758,4065,14433,7564,6869,3585,1755,1830
0.0 Scen,2023,231,Hunt County,92077,45531,46546,65871,32279,33592,7891,3792,4099,14682,7679,7003,3633,1781,1852
0.0 Scen,2024,231,Hunt County,92544,45752,46792,65971,32325,33646,7953,3820,4133,14927,7797,7130,3693,1810,1883
0.0 Scen,2025,231,Hunt County,92981,45963,47018,66039,32355,33684,8022,3856,4166,15175,7916,7259,3745,1836,1909
0.0 Scen,2026,231,Hunt County,93413,46175,47238,66104,32389,33715,8081,3885,4196,15435,8040,7395,3793,1861,1932
0.0 Scen,2027,231,Hunt County,93846,46389,47457,66155,32415,33740,8157,3923,4234,15693,8166,7527,3841,1885,1956
0.0 Scen,2028,231,Hunt County,94251,46587,47664,66178,32432,33746,8221,3954,4267,15954,8288,7666,3898,1913,1985
0.0 Scen,2029,231,Hunt County,94643,46783,47860,66184,32434,33750,8293,3995,4298,16226,8419,7807,3940,1935,2005
0.0 Scen,2030,231,Hunt County,95009,46960,48049,66176,32432,33744,8362,4031,4331,16485,8539,7946,3986,1958,2028
0.0 Scen,2031,231,Hunt County,95378,47149,48229,66165,32431,33734,8427,4064,4363,16751,8672,8079,4035,1982,2053
0.0 Scen,2032,231,Hunt County,95703,47308,48395,66123,32407,33716,8498,4102,4396,17004,8795,8209,4078,2004,2074
0.0 Scen,2033,231,Hunt County,96015,47467,48548,66066,32384,33682,8564,4134,4430,17266,8924,8342,4119,2025,2094
0.0 Scen,2034,231,Hunt County,96312,47624,48688,66006,32358,33648,8632,4169,4463,17515,9051,8464,4159,2046,2113
0.0 Scen,2035,231,Hunt County,96598,47773,48825,65929,32320,33609,8700,4207,4493,17764,9175,8589,4205,2071,2134
0.0 Scen,2036,231,Hunt County,96872,47912,48960,65839,32274,33565,8773,4246,4527,18009,9299,8710,4251,2093,2158
0.0 Scen,2037,231,Hunt County,97153,48045,49108,65772,32240,33532,8847,4279,4568,18246,9416,8830,4288,2110,2178
0.0 Scen,2038,231,Hunt County,97419,48189,49230,65690,32207,33483,8917,4319,4598,18482,9532,8950,4330,2131,2199
0.0 Scen,2039,231,Hunt County,97690,48334,49356,65601,32167,33434,8995,4360,4635,18719,9649,9070,4375,2158,2217
0.0 Scen,2040,231,Hunt County,97933,48455,49478,65511,32129,33382,9063,4394,4669,18946,9758,9188,4413,2174,2239
0.0 Scen,2041,231,Hunt County,98191,48591,49600,65432,32101,33331,9136,4429,4707,19177,9869,9308,4446,2192,2254
0.0 Scen,2042,231,Hunt County,98455,48733,49722,65349,32070,33279,9217,4470,4747,19405,9980,9425,4484,2213,2271
0.0 Scen,2043,231,Hunt County,98696,48854,49842,65264,32038,33226,9292,4506,4786,19631,10084,9547,4509,2226,2283
0.0 Scen,2044,231,Hunt County,98953,48989,49964,65182,32005,33177,9371,4550,4821,19853,10190,9663,4547,2244,2303
0.0 Scen,2045,231,Hunt County,99212,49123,50089,65111,31981,33130,9449,4588,4861,20073,10296,9777,4579,2258,2321
0.0 Scen,2046,231,Hunt County,99461,49258,50203,65042,31958,33084,9523,4629,4894,20283,10395,9888,4613,2276,2337
0.0 Scen,2047,231,Hunt County,99757,49410,50347,65005,31952,33053,9605,4668,4937,20504,10498,10006,4643,2292,2351
0.0 Scen,2048,231,Hunt County,100070,49567,50503,64984,31953,33031,9681,4704,4977,20726,10601,10125,4679,2309,2370
0.0 Scen,2049,231,Hunt County,100408,49743,50665,64990,31962,33028,9755,4744,5011,20947,10706,10241,4716,2331,2385
0.0 Scen,2050,231,Hunt County,100748,49917,50831,65000,31976,33024,9831,4778,5053,21164,10811,10353,4753,2352,2401
0.0 Scen,2010,233,Hutchinson County,22150,11077,11073,16482,8171,8311,512,283,229,4386,2245,2141,770,378,392
0.0 Scen,2011,233,Hutchinson County,22259,11134,11125,16508,8184,8324,516,286,230,4458,2283,2175,777,381,396
0.0 Scen,2012,233,Hutchinson County,22370,11188,11182,16528,8191,8337,519,289,230,4535,2320,2215,788,388,400
0.0 Scen,2013,233,Hutchinson County,22481,11243,11238,16553,8201,8352,522,291,231,4610,2359,2251,796,392,404
0.0 Scen,2014,233,Hutchinson County,22593,11299,11294,16580,8212,8368,524,292,232,4685,2399,2286,804,396,408
0.0 Scen,2015,233,Hutchinson County,22728,11366,11362,16616,8229,8387,529,295,234,4770,2441,2329,813,401,412
0.0 Scen,2016,233,Hutchinson County,22858,11434,11424,16647,8245,8402,533,297,236,4857,2487,2370,821,405,416
0.0 Scen,2017,233,Hutchinson County,22982,11492,11490,16680,8259,8421,536,298,238,4938,2527,2411,828,408,420
0.0 Scen,2018,233,Hutchinson County,23122,11566,11556,16718,8280,8438,542,301,241,5025,2572,2453,837,413,424
0.0 Scen,2019,233,Hutchinson County,23255,11632,11623,16757,8299,8458,543,302,241,5108,2613,2495,847,418,429
0.0 Scen,2020,233,Hutchinson County,23379,11697,11682,16782,8313,8469,547,304,243,5194,2658,2536,856,422,434
0.0 Scen,2021,233,Hutchinson County,23519,11769,11750,16819,8333,8486,553,306,247,5281,2703,2578,866,427,439
0.0 Scen,2022,233,Hutchinson County,23669,11849,11820,16859,8358,8501,559,309,250,5378,2752,2626,873,430,443
0.0 Scen,2023,233,Hutchinson County,23820,11927,11893,16895,8379,8516,566,313,253,5476,2800,2676,883,435,448
0.0 Scen,2024,233,Hutchinson County,23961,12000,11961,16917,8389,8528,573,318,255,5576,2851,2725,895,442,453
0.0 Scen,2025,233,Hutchinson County,24096,12070,12026,16945,8405,8540,577,321,256,5671,2897,2774,903,447,456
0.0 Scen,2026,233,Hutchinson County,24227,12131,12096,16967,8415,8552,581,323,258,5765,2940,2825,914,453,461
0.0 Scen,2027,233,Hutchinson County,24341,12186,12155,16976,8420,8556,584,324,260,5857,2985,2872,924,457,467
0.0 Scen,2028,233,Hutchinson County,24461,12245,12216,16985,8423,8562,590,329,261,5953,3031,2922,933,462,471
0.0 Scen,2029,233,Hutchinson County,24581,12301,12280,16996,8427,8569,593,331,262,6049,3077,2972,943,466,477
0.0 Scen,2030,233,Hutchinson County,24698,12359,12339,17002,8427,8575,596,333,263,6146,3125,3021,954,474,480
0.0 Scen,2031,233,Hutchinson County,24811,12416,12395,17015,8438,8577,599,335,264,6232,3165,3067,965,478,487
0.0 Scen,2032,233,Hutchinson County,24913,12467,12446,17014,8436,8578,600,335,265,6319,3208,3111,980,488,492
0.0 Scen,2033,233,Hutchinson County,25007,12517,12490,17014,8440,8574,599,334,265,6400,3246,3154,994,497,497
0.0 Scen,2034,233,Hutchinson County,25093,12558,12535,17019,8443,8576,598,332,266,6473,3280,3193,1003,503,500
0.0 Scen,2035,233,Hutchinson County,25179,12596,12583,17018,8439,8579,597,331,266,6549,3316,3233,1015,510,505
0.0 Scen,2036,233,Hutchinson County,25252,12630,12622,17012,8437,8575,595,330,265,6619,3349,3270,1026,514,512
0.0 Scen,2037,233,Hutchinson County,25330,12665,12665,17012,8438,8574,593,328,265,6690,3381,3309,1035,518,517
0.0 Scen,2038,233,Hutchinson County,25401,12700,12701,17012,8442,8570,589,324,265,6755,3411,3344,1045,523,522
0.0 Scen,2039,233,Hutchinson County,25472,12735,12737,17012,8443,8569,588,324,264,6820,3441,3379,1052,527,525
0.0 Scen,2040,233,Hutchinson County,25546,12776,12770,17020,8452,8568,585,322,263,6881,3470,3411,1060,532,528
0.0 Scen,2041,233,Hutchinson County,25613,12808,12805,17023,8456,8567,578,317,261,6943,3498,3445,1069,537,532
0.0 Scen,2042,233,Hutchinson County,25687,12839,12848,17034,8459,8575,576,317,259,7004,3524,3480,1073,539,534
0.0 Scen,2043,233,Hutchinson County,25744,12868,12876,17032,8461,8571,572,314,258,7060,3550,3510,1080,543,537
0.0 Scen,2044,233,Hutchinson County,25814,12899,12915,17038,8463,8575,569,312,257,7121,3578,3543,1086,546,540
0.0 Scen,2045,233,Hutchinson County,25873,12933,12940,17044,8471,8573,565,310,255,7177,3604,3573,1087,548,539
0.0 Scen,2046,233,Hutchinson County,25945,12970,12975,17055,8482,8573,563,308,255,7235,3633,3602,1092,547,545
0.0 Scen,2047,233,Hutchinson County,26012,13007,13005,17063,8489,8574,561,307,254,7294,3661,3633,1094,550,544
0.0 Scen,2048,233,Hutchinson County,26086,13045,13041,17076,8500,8576,557,303,254,7352,3689,3663,1101,553,548
0.0 Scen,2049,233,Hutchinson County,26152,13079,13073,17089,8509,8580,554,302,252,7408,3715,3693,1101,553,548
0.0 Scen,2050,233,Hutchinson County,26231,13120,13111,17109,8522,8587,551,300,251,7467,3744,3723,1104,554,550
0.0 Scen,2010,235,Irion County,1599,807,792,1153,579,574,11,6,5,407,207,200,28,15,13
0.0 Scen,2011,235,Irion County,1614,816,798,1159,583,576,11,6,5,416,212,204,28,15,13
0.0 Scen,2012,235,Irion County,1627,824,803,1163,586,577,11,6,5,425,217,208,28,15,13
0.0 Scen,2013,235,Irion County,1642,833,809,1169,590,579,11,6,5,434,222,212,28,15,13
0.0 Scen,2014,235,Irion County,1655,839,816,1173,591,582,11,6,5,443,227,216,28,15,13
0.0 Scen,2015,235,Irion County,1671,850,821,1180,597,583,11,6,5,452,232,220,28,15,13
0.0 Scen,2016,235,Irion County,1684,857,827,1185,600,585,11,6,5,460,236,224,28,15,13
0.0 Scen,2017,235,Irion County,1702,869,833,1193,605,588,11,6,5,470,243,227,28,15,13
0.0 Scen,2018,235,Irion County,1712,874,838,1195,605,590,11,6,5,478,248,230,28,15,13
0.0 Scen,2019,235,Irion County,1725,881,844,1200,607,593,11,6,5,486,253,233,28,15,13
0.0 Scen,2020,235,Irion County,1738,888,850,1205,609,596,11,6,5,494,258,236,28,15,13
0.0 Scen,2021,235,Irion County,1755,899,856,1213,615,598,11,6,5,503,263,240,28,15,13
0.0 Scen,2022,235,Irion County,1770,904,866,1219,615,604,11,6,5,512,268,244,28,15,13
0.0 Scen,2023,235,Irion County,1781,908,873,1221,615,606,11,6,5,522,273,249,27,14,13
0.0 Scen,2024,235,Irion County,1793,917,876,1224,619,605,11,6,5,531,278,253,27,14,13
0.0 Scen,2025,235,Irion County,1803,920,883,1225,617,608,11,6,5,540,283,257,27,14,13
0.0 Scen,2026,235,Irion County,1812,926,886,1225,618,607,11,6,5,549,288,261,27,14,13
0.0 Scen,2027,235,Irion County,1824,934,890,1227,620,607,11,6,5,559,294,265,27,14,13
0.0 Scen,2028,235,Irion County,1836,941,895,1230,622,608,11,6,5,568,299,269,27,14,13
0.0 Scen,2029,235,Irion County,1845,946,899,1230,622,608,11,6,5,577,304,273,27,14,13
0.0 Scen,2030,235,Irion County,1854,952,902,1230,623,607,11,6,5,586,309,277,27,14,13
0.0 Scen,2031,235,Irion County,1861,957,904,1228,623,605,11,6,5,595,314,281,27,14,13
0.0 Scen,2032,235,Irion County,1867,960,907,1227,623,604,11,6,5,602,317,285,27,14,13
0.0 Scen,2033,235,Irion County,1873,964,909,1223,622,601,11,6,5,612,322,290,27,14,13
0.0 Scen,2034,235,Irion County,1872,963,909,1215,617,598,11,6,5,619,326,293,27,14,13
0.0 Scen,2035,235,Irion County,1878,967,911,1213,617,596,11,6,5,627,330,297,27,14,13
0.0 Scen,2036,235,Irion County,1882,969,913,1208,614,594,11,6,5,635,334,301,28,15,13
0.0 Scen,2037,235,Irion County,1881,970,911,1199,611,588,11,6,5,643,338,305,28,15,13
0.0 Scen,2038,235,Irion County,1883,971,912,1193,608,585,11,6,5,651,342,309,28,15,13
0.0 Scen,2039,235,Irion County,1882,971,911,1185,605,580,11,6,5,658,345,313,28,15,13
0.0 Scen,2040,235,Irion County,1884,971,913,1179,602,577,11,6,5,666,348,318,28,15,13
0.0 Scen,2041,235,Irion County,1882,971,911,1171,599,572,11,6,5,672,351,321,28,15,13
0.0 Scen,2042,235,Irion County,1883,973,910,1165,596,569,11,6,5,679,356,323,28,15,13
0.0 Scen,2043,235,Irion County,1887,976,911,1160,594,566,11,6,5,688,361,327,28,15,13
0.0 Scen,2044,235,Irion County,1889,978,911,1154,591,563,11,6,5,696,366,330,28,15,13
0.0 Scen,2045,235,Irion County,1893,980,913,1148,587,561,11,6,5,706,372,334,28,15,13
0.0 Scen,2046,235,Irion County,1895,981,914,1140,583,557,11,6,5,716,377,339,28,15,13
0.0 Scen,2047,235,Irion County,1900,987,913,1136,583,553,11,6,5,725,383,342,28,15,13
0.0 Scen,2048,235,Irion County,1907,990,917,1133,581,552,11,6,5,736,389,347,27,14,13
0.0 Scen,2049,235,Irion County,1913,993,920,1130,580,550,11,6,5,746,394,352,26,13,13
0.0 Scen,2050,235,Irion County,1921,998,923,1128,580,548,11,6,5,756,399,357,26,13,13
0.0 Scen,2010,237,Jack County,9044,5030,4014,7289,3879,3410,340,304,36,1283,781,502,132,66,66
0.0 Scen,2011,237,Jack County,9068,5044,4024,7291,3881,3410,340,304,36,1304,792,512,133,67,66
0.0 Scen,2012,237,Jack County,9093,5058,4035,7295,3886,3409,340,304,36,1324,801,523,134,67,67
0.0 Scen,2013,237,Jack County,9111,5068,4043,7295,3886,3409,337,301,36,1344,813,531,135,68,67
0.0 Scen,2014,237,Jack County,9140,5081,4059,7301,3888,3413,336,300,36,1367,825,542,136,68,68
0.0 Scen,2015,237,Jack County,9165,5093,4072,7306,3889,3417,335,299,36,1388,836,552,136,69,67
0.0 Scen,2016,237,Jack County,9198,5110,4088,7313,3892,3421,336,300,36,1412,849,563,137,69,68
0.0 Scen,2017,237,Jack County,9227,5124,4103,7317,3893,3424,337,301,36,1435,860,575,138,70,68
0.0 Scen,2018,237,Jack County,9263,5140,4123,7328,3897,3431,335,299,36,1461,874,587,139,70,69
0.0 Scen,2019,237,Jack County,9297,5158,4139,7340,3903,3437,334,299,35,1482,885,597,141,71,70
0.0 Scen,2020,237,Jack County,9339,5175,4164,7351,3904,3447,336,300,36,1509,899,610,143,72,71
0.0 Scen,2021,237,Jack County,9381,5197,4184,7368,3913,3455,337,301,36,1532,911,621,144,72,72
0.0 Scen,2022,237,Jack County,9422,5216,4206,7380,3918,3462,335,298,37,1559,925,634,148,75,73
0.0 Scen,2023,237,Jack County,9454,5229,4225,7387,3920,3467,335,298,37,1581,935,646,151,76,75
0.0 Scen,2024,237,Jack County,9497,5249,4248,7400,3924,3476,337,299,38,1607,949,658,153,77,76
0.0 Scen,2025,237,Jack County,9533,5267,4266,7410,3928,3482,337,299,38,1632,963,669,154,77,77
0.0 Scen,2026,237,Jack County,9556,5276,4280,7408,3926,3482,334,295,39,1658,977,681,156,78,78
0.0 Scen,2027,237,Jack County,9583,5291,4292,7409,3928,3481,336,297,39,1682,989,693,156,77,79
0.0 Scen,2028,237,Jack County,9608,5303,4305,7404,3925,3479,335,295,40,1709,1003,706,160,80,80
0.0 Scen,2029,237,Jack County,9633,5318,4315,7398,3922,3476,335,295,40,1737,1019,718,163,82,81
0.0 Scen,2030,237,Jack County,9643,5324,4319,7383,3916,3467,336,295,41,1761,1030,731,163,83,80
0.0 Scen,2031,237,Jack County,9659,5336,4323,7372,3914,3458,335,294,41,1790,1045,745,162,83,79
0.0 Scen,2032,237,Jack County,9681,5350,4331,7362,3911,3451,338,296,42,1817,1060,757,164,83,81
0.0 Scen,2033,237,Jack County,9693,5356,4337,7346,3901,3445,337,296,41,1844,1075,769,166,84,82
0.0 Scen,2034,237,Jack County,9717,5369,4348,7342,3901,3441,336,295,41,1872,1089,783,167,84,83
0.0 Scen,2035,237,Jack County,9724,5371,4353,7325,3892,3433,334,294,40,1896,1100,796,169,85,84
0.0 Scen,2036,237,Jack County,9740,5380,4360,7312,3885,3427,333,293,40,1926,1117,809,169,85,84
0.0 Scen,2037,237,Jack County,9748,5387,4361,7299,3881,3418,331,292,39,1951,1130,821,167,84,83
0.0 Scen,2038,237,Jack County,9764,5395,4369,7292,3877,3415,327,289,38,1980,1146,834,165,83,82
0.0 Scen,2039,237,Jack County,9777,5400,4377,7280,3868,3412,329,292,37,2003,1157,846,165,83,82
0.0 Scen,2040,237,Jack County,9790,5410,4380,7273,3866,3407,326,290,36,2027,1171,856,164,83,81
0.0 Scen,2041,237,Jack County,9808,5421,4387,7269,3865,3404,324,289,35,2052,1184,868,163,83,80
0.0 Scen,2042,237,Jack County,9813,5422,4391,7256,3859,3397,322,287,35,2074,1195,879,161,81,80
0.0 Scen,2043,237,Jack County,9827,5433,4394,7248,3857,3391,319,285,34,2099,1209,890,161,82,79
0.0 Scen,2044,237,Jack County,9836,5435,4401,7239,3852,3387,316,283,33,2123,1221,902,158,79,79
0.0 Scen,2045,237,Jack County,9858,5443,4415,7239,3851,3388,314,281,33,2147,1232,915,158,79,79
0.0 Scen,2046,237,Jack County,9871,5451,4420,7234,3850,3384,311,279,32,2170,1244,926,156,78,78
0.0 Scen,2047,237,Jack County,9889,5462,4427,7236,3853,3383,308,277,31,2188,1253,935,157,79,78
0.0 Scen,2048,237,Jack County,9917,5479,4438,7242,3859,3383,309,278,31,2209,1263,946,157,79,78
0.0 Scen,2049,237,Jack County,9941,5490,4451,7251,3866,3385,305,274,31,2228,1271,957,157,79,78
0.0 Scen,2050,237,Jack County,9958,5499,4459,7247,3865,3382,306,276,30,2248,1279,969,157,79,78
0.0 Scen,2010,239,Jackson County,14075,6947,7128,8855,4332,4523,942,439,503,4079,2077,2002,199,99,100
0.0 Scen,2011,239,Jackson County,14151,6988,7163,8854,4332,4522,947,443,504,4149,2112,2037,201,101,100
0.0 Scen,2012,239,Jackson County,14234,7033,7201,8856,4334,4522,953,447,506,4222,2150,2072,203,102,101
0.0 Scen,2013,239,Jackson County,14318,7074,7244,8854,4331,4523,959,451,508,4300,2189,2111,205,103,102
0.0 Scen,2014,239,Jackson County,14386,7114,7272,8843,4327,4516,962,454,508,4375,2229,2146,206,104,102
0.0 Scen,2015,239,Jackson County,14476,7160,7316,8843,4327,4516,971,458,513,4453,2269,2184,209,106,103
0.0 Scen,2016,239,Jackson County,14562,7203,7359,8844,4326,4518,978,462,516,4528,2308,2220,212,107,105
0.0 Scen,2017,239,Jackson County,14642,7248,7394,8836,4323,4513,989,470,519,4602,2346,2256,215,109,106
0.0 Scen,2018,239,Jackson County,14729,7297,7432,8835,4324,4511,996,476,520,4680,2387,2293,218,110,108
0.0 Scen,2019,239,Jackson County,14815,7347,7468,8838,4331,4507,1002,480,522,4753,2423,2330,222,113,109
0.0 Scen,2020,239,Jackson County,14901,7394,7507,8839,4333,4506,1007,484,523,4829,2463,2366,226,114,112
0.0 Scen,2021,239,Jackson County,14986,7439,7547,8834,4333,4501,1017,489,528,4906,2501,2405,229,116,113
0.0 Scen,2022,239,Jackson County,15078,7490,7588,8836,4337,4499,1024,494,530,4985,2541,2444,233,118,115
0.0 Scen,2023,239,Jackson County,15166,7541,7625,8838,4344,4494,1032,500,532,5060,2577,2483,236,120,116
0.0 Scen,2024,239,Jackson County,15259,7593,7666,8839,4349,4490,1042,507,535,5140,2616,2524,238,121,117
0.0 Scen,2025,239,Jackson County,15333,7629,7704,8833,4346,4487,1046,508,538,5214,2652,2562,240,123,117
0.0 Scen,2026,239,Jackson County,15422,7676,7746,8829,4344,4485,1055,515,540,5297,2693,2604,241,124,117
0.0 Scen,2027,239,Jackson County,15501,7713,7788,8826,4342,4484,1058,517,541,5376,2729,2647,241,125,116
0.0 Scen,2028,239,Jackson County,15590,7761,7829,8822,4344,4478,1066,523,543,5459,2768,2691,243,126,117
0.0 Scen,2029,239,Jackson County,15669,7799,7870,8816,4344,4472,1068,523,545,5540,2804,2736,245,128,117
0.0 Scen,2030,239,Jackson County,15755,7840,7915,8809,4344,4465,1071,522,549,5626,2845,2781,249,129,120
0.0 Scen,2031,239,Jackson County,15826,7880,7946,8794,4342,4452,1071,522,549,5708,2885,2823,253,131,122
0.0 Scen,2032,239,Jackson County,15901,7922,7979,8782,4341,4441,1070,522,548,5792,2926,2866,257,133,124
0.0 Scen,2033,239,Jackson County,15967,7956,8011,8770,4339,4431,1069,521,548,5869,2962,2907,259,134,125
0.0 Scen,2034,239,Jackson County,16034,7991,8043,8759,4338,4421,1067,519,548,5947,2999,2948,261,135,126
0.0 Scen,2035,239,Jackson County,16104,8028,8076,8753,4336,4417,1067,519,548,6021,3037,2984,263,136,127
0.0 Scen,2036,239,Jackson County,16167,8058,8109,8741,4329,4412,1066,519,547,6095,3073,3022,265,137,128
0.0 Scen,2037,239,Jackson County,16236,8093,8143,8734,4327,4407,1066,519,547,6169,3109,3060,267,138,129
0.0 Scen,2038,239,Jackson County,16293,8127,8166,8725,4326,4399,1058,516,542,6241,3146,3095,269,139,130
0.0 Scen,2039,239,Jackson County,16352,8162,8190,8715,4327,4388,1058,517,541,6308,3178,3130,271,140,131
0.0 Scen,2040,239,Jackson County,16420,8202,8218,8713,4330,4383,1054,516,538,6381,3215,3166,272,141,131
0.0 Scen,2041,239,Jackson County,16483,8240,8243,8708,4334,4374,1048,512,536,6453,3252,3201,274,142,132
0.0 Scen,2042,239,Jackson County,16549,8279,8270,8704,4335,4369,1048,514,534,6522,3288,3234,275,142,133
0.0 Scen,2043,239,Jackson County,16611,8314,8297,8703,4340,4363,1041,509,532,6589,3321,3268,278,144,134
0.0 Scen,2044,239,Jackson County,16675,8347,8328,8701,4342,4359,1036,507,529,6660,3355,3305,278,143,135
0.0 Scen,2045,239,Jackson County,16743,8385,8358,8699,4344,4355,1031,505,526,6733,3391,3342,280,145,135
0.0 Scen,2046,239,Jackson County,16810,8419,8391,8698,4344,4354,1025,503,522,6807,3427,3380,280,145,135
0.0 Scen,2047,239,Jackson County,16877,8456,8421,8697,4346,4351,1020,502,518,6880,3463,3417,280,145,135
0.0 Scen,2048,239,Jackson County,16945,8495,8450,8692,4345,4347,1018,503,515,6953,3501,3452,282,146,136
0.0 Scen,2049,239,Jackson County,17016,8533,8483,8699,4350,4349,1015,502,513,7022,3535,3487,280,146,134
0.0 Scen,2050,239,Jackson County,17098,8583,8515,8704,4356,4348,1013,504,509,7101,3576,3525,280,147,133
0.0 Scen,2010,241,Jasper County,35710,17543,18167,26939,13148,13791,5931,2869,3062,2017,1143,874,823,383,440
0.0 Scen,2011,241,Jasper County,35810,17591,18219,26970,13162,13808,5957,2880,3077,2051,1161,890,832,388,444
0.0 Scen,2012,241,Jasper County,35915,17640,18275,26999,13172,13827,5993,2898,3095,2085,1179,906,838,391,447
0.0 Scen,2013,241,Jasper County,36031,17695,18336,27041,13189,13852,6023,2914,3109,2120,1196,924,847,396,451
0.0 Scen,2014,241,Jasper County,36149,17754,18395,27075,13205,13870,6055,2930,3125,2157,1216,941,862,403,459
0.0 Scen,2015,241,Jasper County,36272,17817,18455,27117,13224,13893,6096,2951,3145,2188,1233,955,871,409,462
0.0 Scen,2016,241,Jasper County,36378,17868,18510,27142,13234,13908,6127,2968,3159,2224,1249,975,885,417,468
0.0 Scen,2017,241,Jasper County,36495,17930,18565,27178,13249,13929,6157,2985,3172,2258,1268,990,902,428,474
0.0 Scen,2018,241,Jasper County,36604,17987,18617,27199,13263,13936,6191,3000,3191,2300,1290,1010,914,434,480
0.0 Scen,2019,241,Jasper County,36706,18039,18667,27220,13271,13949,6221,3018,3203,2336,1308,1028,929,442,487
0.0 Scen,2020,241,Jasper County,36806,18086,18720,27239,13277,13962,6248,3033,3215,2372,1324,1048,947,452,495
0.0 Scen,2021,241,Jasper County,36915,18144,18771,27260,13286,13974,6278,3051,3227,2412,1346,1066,965,461,504
0.0 Scen,2022,241,Jasper County,37020,18205,18815,27281,13298,13983,6305,3067,3238,2451,1366,1085,983,474,509
0.0 Scen,2023,241,Jasper County,37118,18256,18862,27290,13305,13985,6332,3082,3250,2494,1385,1109,1002,484,518
0.0 Scen,2024,241,Jasper County,37215,18311,18904,27295,13311,13984,6358,3096,3262,2540,1409,1131,1022,495,527
0.0 Scen,2025,241,Jasper County,37320,18373,18947,27300,13318,13982,6389,3115,3274,2584,1431,1153,1047,509,538
0.0 Scen,2026,241,Jasper County,37415,18429,18986,27295,13320,13975,6421,3135,3286,2633,1455,1178,1066,519,547
0.0 Scen,2027,241,Jasper County,37525,18491,19034,27292,13323,13969,6455,3154,3301,2683,1481,1202,1095,533,562
0.0 Scen,2028,241,Jasper County,37620,18546,19074,27278,13322,13956,6493,3173,3320,2727,1503,1224,1122,548,574
0.0 Scen,2029,241,Jasper County,37717,18608,19109,27265,13324,13941,6524,3194,3330,2777,1527,1250,1151,563,588
0.0 Scen,2030,241,Jasper County,37817,18664,19153,27251,13320,13931,6563,3214,3349,2824,1552,1272,1179,578,601
0.0 Scen,2031,241,Jasper County,37910,18714,19196,27234,13314,13920,6592,3231,3361,2875,1578,1297,1209,591,618
0.0 Scen,2032,241,Jasper County,38005,18769,19236,27220,13310,13910,6623,3249,3374,2925,1604,1321,1237,606,631
0.0 Scen,2033,241,Jasper County,38095,18822,19273,27197,13303,13894,6656,3268,3388,2977,1630,1347,1265,621,644
0.0 Scen,2034,241,Jasper County,38161,18860,19301,27175,13301,13874,6679,3278,3401,3021,1652,1369,1286,629,657
0.0 Scen,2035,241,Jasper County,38235,18904,19331,27153,13295,13858,6704,3290,3414,3067,1675,1392,1311,644,667
0.0 Scen,2036,241,Jasper County,38296,18950,19346,27117,13290,13827,6733,3305,3428,3109,1697,1412,1337,658,679
0.0 Scen,2037,241,Jasper County,38353,18983,19370,27094,13284,13810,6753,3315,3438,3148,1715,1433,1358,669,689
0.0 Scen,2038,241,Jasper County,38408,19023,19385,27064,13279,13785,6774,3328,3446,3188,1735,1453,1382,681,701
0.0 Scen,2039,241,Jasper County,38463,19054,19409,27034,13266,13768,6798,3341,3457,3229,1757,1472,1402,690,712
0.0 Scen,2040,241,Jasper County,38511,19090,19421,27005,13259,13746,6817,3355,3462,3265,1774,1491,1424,702,722
0.0 Scen,2041,241,Jasper County,38574,19134,19440,26984,13255,13729,6840,3371,3469,3303,1793,1510,1447,715,732
0.0 Scen,2042,241,Jasper County,38631,19176,19455,26959,13250,13709,6864,3389,3475,3342,1813,1529,1466,724,742
0.0 Scen,2043,241,Jasper County,38671,19198,19473,26930,13238,13692,6880,3399,3481,3377,1829,1548,1484,732,752
0.0 Scen,2044,241,Jasper County,38727,19238,19489,26913,13236,13677,6898,3414,3484,3413,1847,1566,1503,741,762
0.0 Scen,2045,241,Jasper County,38762,19259,19503,26882,13223,13659,6910,3422,3488,3449,1864,1585,1521,750,771
0.0 Scen,2046,241,Jasper County,38831,19309,19522,26873,13228,13645,6930,3438,3492,3487,1883,1604,1541,760,781
0.0 Scen,2047,241,Jasper County,38887,19352,19535,26861,13233,13628,6948,3452,3496,3521,1898,1623,1557,769,788
0.0 Scen,2048,241,Jasper County,38953,19402,19551,26846,13236,13610,6970,3470,3500,3559,1916,1643,1578,780,798
0.0 Scen,2049,241,Jasper County,39007,19437,19570,26836,13237,13599,6979,3477,3502,3595,1933,1662,1597,790,807
0.0 Scen,2050,241,Jasper County,39073,19488,19585,26825,13244,13581,6994,3489,3505,3635,1953,1682,1619,802,817
0.0 Scen,2010,243,Jeff Davis County,2342,1187,1155,1490,754,736,10,7,3,790,398,392,52,28,24
0.0 Scen,2011,243,Jeff Davis County,2352,1192,1160,1491,754,737,10,7,3,799,403,396,52,28,24
0.0 Scen,2012,243,Jeff Davis County,2362,1197,1165,1492,754,738,10,7,3,808,408,400,52,28,24
0.0 Scen,2013,243,Jeff Davis County,2374,1203,1171,1494,755,739,10,7,3,818,413,405,52,28,24
0.0 Scen,2014,243,Jeff Davis County,2387,1208,1179,1497,755,742,10,7,3,827,418,409,53,28,25
0.0 Scen,2015,243,Jeff Davis County,2405,1217,1188,1504,757,747,10,7,3,837,424,413,54,29,25
0.0 Scen,2016,243,Jeff Davis County,2420,1220,1200,1510,756,754,10,7,3,846,428,418,54,29,25
0.0 Scen,2017,243,Jeff Davis County,2431,1227,1204,1509,754,755,10,7,3,857,436,421,55,30,25
0.0 Scen,2018,243,Jeff Davis County,2440,1233,1207,1507,754,753,10,7,3,867,442,425,56,30,26
0.0 Scen,2019,243,Jeff Davis County,2447,1235,1212,1503,749,754,10,7,3,877,448,429,57,31,26
0.0 Scen,2020,243,Jeff Davis County,2453,1237,1216,1498,745,753,10,7,3,887,454,433,58,31,27
0.0 Scen,2021,243,Jeff Davis County,2462,1242,1220,1497,744,753,10,7,3,897,460,437,58,31,27
0.0 Scen,2022,243,Jeff Davis County,2467,1242,1225,1491,738,753,10,7,3,907,466,441,59,31,28
0.0 Scen,2023,243,Jeff Davis County,2471,1245,1226,1486,735,751,10,7,3,915,471,444,60,32,28
0.0 Scen,2024,243,Jeff Davis County,2476,1244,1232,1481,730,751,10,7,3,924,475,449,61,32,29
0.0 Scen,2025,243,Jeff Davis County,2475,1245,1230,1471,725,746,10,7,3,932,480,452,62,33,29
0.0 Scen,2026,243,Jeff Davis County,2476,1245,1231,1464,722,742,10,7,3,939,483,456,63,33,30
0.0 Scen,2027,243,Jeff Davis County,2479,1249,1230,1457,720,737,10,7,3,948,488,460,64,34,30
0.0 Scen,2028,243,Jeff Davis County,2475,1246,1229,1446,715,731,10,7,3,954,490,464,65,34,31
0.0 Scen,2029,243,Jeff Davis County,2469,1240,1229,1432,706,726,10,7,3,962,493,469,65,34,31
0.0 Scen,2030,243,Jeff Davis County,2461,1236,1225,1417,699,718,10,7,3,970,497,473,64,33,31
0.0 Scen,2031,243,Jeff Davis County,2452,1232,1220,1399,690,709,10,7,3,979,502,477,64,33,31
0.0 Scen,2032,243,Jeff Davis County,2442,1231,1211,1384,687,697,10,7,3,984,504,480,64,33,31
0.0 Scen,2033,243,Jeff Davis County,2438,1231,1207,1375,684,691,10,7,3,989,507,482,64,33,31
0.0 Scen,2034,243,Jeff Davis County,2430,1228,1202,1362,679,683,10,7,3,995,510,485,63,32,31
0.0 Scen,2035,243,Jeff Davis County,2431,1229,1202,1355,675,680,10,7,3,1002,514,488,64,33,31
0.0 Scen,2036,243,Jeff Davis County,2424,1227,1197,1343,670,673,10,7,3,1007,517,490,64,33,31
0.0 Scen,2037,243,Jeff Davis County,2419,1225,1194,1332,665,667,10,7,3,1013,520,493,64,33,31
0.0 Scen,2038,243,Jeff Davis County,2417,1225,1192,1325,663,662,10,7,3,1019,523,496,63,32,31
0.0 Scen,2039,243,Jeff Davis County,2419,1229,1190,1321,663,658,10,7,3,1025,527,498,63,32,31
0.0 Scen,2040,243,Jeff Davis County,2416,1227,1189,1314,659,655,10,7,3,1030,530,500,62,31,31
0.0 Scen,2041,243,Jeff Davis County,2412,1226,1186,1309,658,651,10,7,3,1032,531,501,61,30,31
0.0 Scen,2042,243,Jeff Davis County,2416,1228,1188,1307,658,649,10,7,3,1037,533,504,62,30,32
0.0 Scen,2043,243,Jeff Davis County,2421,1233,1188,1307,660,647,10,7,3,1042,536,506,62,30,32
0.0 Scen,2044,243,Jeff Davis County,2426,1235,1191,1307,660,647,10,7,3,1047,538,509,62,30,32
0.0 Scen,2045,243,Jeff Davis County,2433,1239,1194,1309,661,648,10,7,3,1051,540,511,63,31,32
0.0 Scen,2046,243,Jeff Davis County,2437,1242,1195,1308,662,646,10,7,3,1056,543,513,63,30,33
0.0 Scen,2047,243,Jeff Davis County,2447,1250,1197,1313,666,647,10,7,3,1061,547,514,63,30,33
0.0 Scen,2048,243,Jeff Davis County,2455,1257,1198,1315,670,645,10,7,3,1066,550,516,64,30,34
0.0 Scen,2049,243,Jeff Davis County,2466,1266,1200,1321,675,646,10,7,3,1071,553,518,64,31,33
0.0 Scen,2050,243,Jeff Davis County,2474,1272,1202,1325,678,647,10,7,3,1075,556,519,64,31,33
0.0 Scen,2010,245,Jefferson County,252273,128946,123327,112503,56360,56143,84500,41709,42791,42899,24388,18511,12371,6489,5882
0.0 Scen,2011,245,Jefferson County,253882,129769,124113,112600,56434,56166,85048,41974,43074,43679,24774,18905,12555,6587,5968
0.0 Scen,2012,245,Jefferson County,255115,130453,124662,112450,56405,56045,85509,42224,43285,44436,25152,19284,12720,6672,6048
0.0 Scen,2013,245,Jefferson County,256359,131113,125246,112311,56377,55934,85956,42442,43514,45193,25532,19661,12899,6762,6137
0.0 Scen,2014,245,Jefferson County,257584,131774,125810,112171,56352,55819,86403,42666,43737,45941,25906,20035,13069,6850,6219
0.0 Scen,2015,245,Jefferson County,258789,132430,126359,112008,56312,55696,86855,42911,43944,46690,26277,20413,13236,6930,6306
0.0 Scen,2016,245,Jefferson County,260023,133105,126918,111846,56278,55568,87338,43165,44173,47437,26647,20790,13402,7015,6387
0.0 Scen,2017,245,Jefferson County,261258,133780,127478,111708,56253,55455,87788,43412,44376,48186,27017,21169,13576,7098,6478
0.0 Scen,2018,245,Jefferson County,262489,134397,128092,111511,56184,55327,88308,43654,44654,48934,27382,21552,13736,7177,6559
0.0 Scen,2019,245,Jefferson County,263684,135047,128637,111352,56142,55210,88743,43886,44857,49688,27757,21931,13901,7262,6639
0.0 Scen,2020,245,Jefferson County,264860,135640,129220,111170,56075,55095,89184,44110,45074,50434,28114,22320,14072,7341,6731
0.0 Scen,2021,245,Jefferson County,266066,136256,129810,110992,56015,54977,89639,44331,45308,51197,28489,22708,14238,7421,6817
0.0 Scen,2022,245,Jefferson County,267208,136851,130357,110819,55951,54868,90038,44551,45487,51957,28855,23102,14394,7494,6900
0.0 Scen,2023,245,Jefferson County,268301,137416,130885,110598,55859,54739,90413,44746,45667,52725,29230,23495,14565,7581,6984
0.0 Scen,2024,245,Jefferson County,269349,137978,131371,110367,55758,54609,90761,44950,45811,53499,29611,23888,14722,7659,7063
0.0 Scen,2025,245,Jefferson County,270400,138501,131899,110113,55653,54460,91132,45121,46011,54271,29990,24281,14884,7737,7147
0.0 Scen,2026,245,Jefferson County,271358,138997,132361,109842,55536,54306,91445,45294,46151,55045,30365,24680,15026,7802,7224
0.0 Scen,2027,245,Jefferson County,272351,139521,132830,109564,55418,54146,91782,45469,46313,55837,30746,25091,15168,7888,7280
0.0 Scen,2028,245,Jefferson County,273253,139977,133276,109247,55265,53982,92054,45624,46430,56629,31131,25498,15323,7957,7366
0.0 Scen,2029,245,Jefferson County,274195,140462,133733,108933,55122,53811,92349,45783,46566,57440,31527,25913,15473,8030,7443
0.0 Scen,2030,245,Jefferson County,275032,140888,134144,108569,54949,53620,92607,45920,46687,58249,31920,26329,15607,8099,7508
0.0 Scen,2031,245,Jefferson County,275849,141314,134535,108189,54777,53412,92861,46054,46807,59056,32314,26742,15743,8169,7574
0.0 Scen,2032,245,Jefferson County,276656,141721,134935,107803,54598,53205,93097,46186,46911,59873,32707,27166,15883,8230,7653
0.0 Scen,2033,245,Jefferson County,277373,142112,135261,107390,54402,52988,93296,46309,46987,60695,33102,27593,15992,8299,7693
0.0 Scen,2034,245,Jefferson County,278091,142479,135612,106979,54206,52773,93504,46422,47082,61508,33493,28015,16100,8358,7742
0.0 Scen,2035,245,Jefferson County,278793,142825,135968,106557,54000,52557,93659,46522,47137,62322,33888,28434,16255,8415,7840
0.0 Scen,2036,245,Jefferson County,279391,143148,136243,106137,53796,52341,93774,46624,47150,63122,34273,28849,16358,8455,7903
0.0 Scen,2037,245,Jefferson County,280079,143480,136599,105719,53598,52121,93969,46716,47253,63921,34657,29264,16470,8509,7961
0.0 Scen,2038,245,Jefferson County,280686,143815,136871,105300,53400,51900,94068,46803,47265,64720,35039,29681,16598,8573,8025
0.0 Scen,2039,245,Jefferson County,281304,144112,137192,104857,53182,51675,94220,46892,47328,65515,35414,30101,16712,8624,8088
0.0 Scen,2040,245,Jefferson County,281893,144421,137472,104438,52979,51459,94334,46977,47357,66304,35790,30514,16817,8675,8142
0.0 Scen,2041,245,Jefferson County,282435,144730,137705,104016,52784,51232,94416,47061,47355,67086,36163,30923,16917,8722,8195
0.0 Scen,2042,245,Jefferson County,283004,145017,137987,103602,52588,51014,94532,47134,47398,67864,36531,31333,17006,8764,8242
0.0 Scen,2043,245,Jefferson County,283544,145309,138235,103188,52401,50787,94609,47195,47414,68645,36906,31739,17102,8807,8295
0.0 Scen,2044,245,Jefferson County,284019,145588,138431,102757,52195,50562,94686,47291,47395,69403,37257,32146,17173,8845,8328
0.0 Scen,2045,245,Jefferson County,284537,145862,138675,102325,51994,50331,94778,47368,47410,70162,37616,32546,17272,8884,8388
0.0 Scen,2046,245,Jefferson County,285036,146145,138891,101919,51808,50111,94842,47437,47405,70927,37981,32946,17348,8919,8429
0.0 Scen,2047,245,Jefferson County,285580,146422,139158,101529,51623,49906,94946,47517,47429,71669,38327,33342,17436,8955,8481
0.0 Scen,2048,245,Jefferson County,286063,146707,139356,101159,51456,49703,94984,47589,47395,72406,38673,33733,17514,8989,8525
0.0 Scen,2049,245,Jefferson County,286672,147010,139662,100817,51298,49519,95123,47673,47450,73146,39022,34124,17586,9017,8569
0.0 Scen,2050,245,Jefferson County,287222,147322,139900,100484,51149,49335,95191,47755,47436,73884,39366,34518,17663,9052,8611
0.0 Scen,2010,247,Jim Hogg County,5300,2616,2684,334,174,160,18,16,2,4907,2407,2500,41,19,22
0.0 Scen,2011,247,Jim Hogg County,5357,2646,2711,338,176,162,18,16,2,4960,2435,2525,41,19,22
0.0 Scen,2012,247,Jim Hogg County,5412,2677,2735,340,178,162,18,16,2,5013,2464,2549,41,19,22
0.0 Scen,2013,247,Jim Hogg County,5471,2705,2766,343,180,163,18,16,2,5069,2490,2579,41,19,22
0.0 Scen,2014,247,Jim Hogg County,5526,2733,2793,346,181,165,18,16,2,5121,2517,2604,41,19,22
0.0 Scen,2015,247,Jim Hogg County,5580,2760,2820,350,183,167,18,16,2,5171,2542,2629,41,19,22
0.0 Scen,2016,247,Jim Hogg County,5630,2784,2846,350,183,167,18,16,2,5221,2566,2655,41,19,22
0.0 Scen,2017,247,Jim Hogg County,5688,2814,2874,349,182,167,18,16,2,5280,2597,2683,41,19,22
0.0 Scen,2018,247,Jim Hogg County,5748,2845,2903,348,181,167,18,16,2,5341,2629,2712,41,19,22
0.0 Scen,2019,247,Jim Hogg County,5800,2872,2928,348,181,167,18,16,2,5393,2656,2737,41,19,22
0.0 Scen,2020,247,Jim Hogg County,5859,2902,2957,348,181,167,18,16,2,5452,2686,2766,41,19,22
0.0 Scen,2021,247,Jim Hogg County,5914,2933,2981,348,181,167,18,16,2,5507,2717,2790,41,19,22
0.0 Scen,2022,247,Jim Hogg County,5969,2961,3008,348,181,167,18,16,2,5562,2745,2817,41,19,22
0.0 Scen,2023,247,Jim Hogg County,6024,2989,3035,346,180,166,18,16,2,5619,2774,2845,41,19,22
0.0 Scen,2024,247,Jim Hogg County,6081,3021,3060,346,180,166,18,16,2,5676,2806,2870,41,19,22
0.0 Scen,2025,247,Jim Hogg County,6136,3051,3085,344,180,164,18,16,2,5733,2836,2897,41,19,22
0.0 Scen,2026,247,Jim Hogg County,6194,3080,3114,341,177,164,18,16,2,5795,2869,2926,40,18,22
0.0 Scen,2027,247,Jim Hogg County,6250,3110,3140,339,176,163,18,16,2,5853,2900,2953,40,18,22
0.0 Scen,2028,247,Jim Hogg County,6308,3137,3171,335,174,161,18,16,2,5915,2929,2986,40,18,22
0.0 Scen,2029,247,Jim Hogg County,6364,3165,3199,333,173,160,18,16,2,5973,2958,3015,40,18,22
0.0 Scen,2030,247,Jim Hogg County,6432,3200,3232,331,171,160,18,16,2,6043,2995,3048,40,18,22
0.0 Scen,2031,247,Jim Hogg County,6491,3229,3262,330,171,159,18,16,2,6103,3024,3079,40,18,22
0.0 Scen,2032,247,Jim Hogg County,6544,3254,3290,332,171,161,18,16,2,6154,3049,3105,40,18,22
0.0 Scen,2033,247,Jim Hogg County,6604,3283,3321,331,171,160,18,16,2,6215,3078,3137,40,18,22
0.0 Scen,2034,247,Jim Hogg County,6661,3315,3346,330,170,160,18,16,2,6272,3110,3162,41,19,22
0.0 Scen,2035,247,Jim Hogg County,6713,3342,3371,328,169,159,18,16,2,6326,3138,3188,41,19,22
0.0 Scen,2036,247,Jim Hogg County,6768,3372,3396,327,168,159,18,16,2,6382,3169,3213,41,19,22
0.0 Scen,2037,247,Jim Hogg County,6826,3402,3424,326,168,158,18,16,2,6441,3199,3242,41,19,22
0.0 Scen,2038,247,Jim Hogg County,6881,3430,3451,324,167,157,18,16,2,6498,3228,3270,41,19,22
0.0 Scen,2039,247,Jim Hogg County,6940,3462,3478,321,166,155,18,16,2,6560,3261,3299,41,19,22
0.0 Scen,2040,247,Jim Hogg County,6994,3491,3503,319,165,154,18,16,2,6616,3291,3325,41,19,22
0.0 Scen,2041,247,Jim Hogg County,7050,3522,3528,315,163,152,18,16,2,6676,3324,3352,41,19,22
0.0 Scen,2042,247,Jim Hogg County,7108,3554,3554,313,162,151,18,16,2,6736,3357,3379,41,19,22
0.0 Scen,2043,247,Jim Hogg County,7169,3588,3581,311,161,150,18,16,2,6799,3392,3407,41,19,22
0.0 Scen,2044,247,Jim Hogg County,7228,3621,3607,308,160,148,18,16,2,6861,3426,3435,41,19,22
0.0 Scen,2045,247,Jim Hogg County,7288,3652,3636,305,158,147,18,16,2,6924,3459,3465,41,19,22
0.0 Scen,2046,247,Jim Hogg County,7347,3683,3664,302,156,146,17,15,2,6987,3493,3494,41,19,22
0.0 Scen,2047,247,Jim Hogg County,7413,3717,3696,300,155,145,17,15,2,7055,3528,3527,41,19,22
0.0 Scen,2048,247,Jim Hogg County,7474,3751,3723,298,154,144,17,15,2,7118,3563,3555,41,19,22
0.0 Scen,2049,247,Jim Hogg County,7535,3783,3752,295,153,142,17,15,2,7182,3596,3586,41,19,22
0.0 Scen,2050,247,Jim Hogg County,7601,3817,3784,292,151,141,17,15,2,7251,3632,3619,41,19,22
0.0 Scen,2010,249,Jim Wells County,40838,20107,20731,8062,3988,4074,156,93,63,32254,15849,16405,366,177,189
0.0 Scen,2011,249,Jim Wells County,41317,20347,20970,8051,3978,4073,157,94,63,32736,16094,16642,373,181,192
0.0 Scen,2012,249,Jim Wells County,41827,20602,21225,8045,3972,4073,158,94,64,33244,16351,16893,380,185,195
0.0 Scen,2013,249,Jim Wells County,42327,20859,21468,8029,3963,4066,160,95,65,33749,16611,17138,389,190,199
0.0 Scen,2014,249,Jim Wells County,42821,21110,21711,8017,3955,4062,162,96,66,34244,16864,17380,398,195,203
0.0 Scen,2015,249,Jim Wells County,43324,21375,21949,8007,3951,4056,165,98,67,34744,17125,17619,408,201,207
0.0 Scen,2016,249,Jim Wells County,43838,21636,22202,8001,3949,4052,167,99,68,35255,17384,17871,415,204,211
0.0 Scen,2017,249,Jim Wells County,44362,21905,22457,7997,3950,4047,168,100,68,35772,17645,18127,425,210,215
0.0 Scen,2018,249,Jim Wells County,44885,22172,22713,7986,3947,4039,168,99,69,36297,17911,18386,434,215,219
0.0 Scen,2019,249,Jim Wells County,45421,22446,22975,7995,3954,4041,169,99,70,36815,18174,18641,442,219,223
0.0 Scen,2020,249,Jim Wells County,45962,22723,23239,8002,3957,4045,171,100,71,37341,18444,18897,448,222,226
0.0 Scen,2021,249,Jim Wells County,46498,22992,23506,8008,3957,4051,172,100,72,37863,18709,19154,455,226,229
0.0 Scen,2022,249,Jim Wells County,47022,23256,23766,8011,3955,4056,174,101,73,38373,18969,19404,464,231,233
0.0 Scen,2023,249,Jim Wells County,47536,23521,24015,8014,3958,4056,175,101,74,38877,19228,19649,470,234,236
0.0 Scen,2024,249,Jim Wells County,48041,23778,24263,8013,3957,4056,177,102,75,39375,19481,19894,476,238,238
0.0 Scen,2025,249,Jim Wells County,48543,24036,24507,8010,3957,4053,176,102,74,39876,19736,20140,481,241,240
0.0 Scen,2026,249,Jim Wells County,49042,24294,24748,8008,3954,4054,177,102,75,40369,19993,20376,488,245,243
0.0 Scen,2027,249,Jim Wells County,49542,24547,24995,8013,3957,4056,180,102,78,40858,20242,20616,491,246,245
0.0 Scen,2028,249,Jim Wells County,50057,24806,25251,8013,3952,4061,182,103,79,41369,20504,20865,493,247,246
0.0 Scen,2029,249,Jim Wells County,50536,25054,25482,8007,3949,4058,182,103,79,41852,20755,21097,495,247,248
0.0 Scen,2030,249,Jim Wells County,51024,25307,25717,7995,3944,4051,183,104,79,42348,21009,21339,498,250,248
0.0 Scen,2031,249,Jim Wells County,51517,25558,25959,7995,3946,4049,184,105,79,42839,21258,21581,499,249,250
0.0 Scen,2032,249,Jim Wells County,52013,25811,26202,7983,3937,4046,186,106,80,43342,21517,21825,502,251,251
0.0 Scen,2033,249,Jim Wells County,52526,26073,26453,7975,3933,4042,188,106,82,43858,21781,22077,505,253,252
0.0 Scen,2034,249,Jim Wells County,53032,26330,26702,7958,3925,4033,188,106,82,44378,22044,22334,508,255,253
0.0 Scen,2035,249,Jim Wells County,53562,26606,26956,7940,3917,4023,188,106,82,44922,22326,22596,512,257,255
0.0 Scen,2036,249,Jim Wells County,54102,26886,27216,7924,3910,4014,189,106,83,45473,22610,22863,516,260,256
0.0 Scen,2037,249,Jim Wells County,54648,27171,27477,7903,3901,4002,189,106,83,46039,22904,23135,517,260,257
0.0 Scen,2038,249,Jim Wells County,55213,27463,27750,7886,3894,3992,189,105,84,46622,23205,23417,516,259,257
0.0 Scen,2039,249,Jim Wells County,55792,27761,28031,7869,3887,3982,188,105,83,47215,23508,23707,520,261,259
0.0 Scen,2040,249,Jim Wells County,56375,28062,28313,7855,3881,3974,186,103,83,47813,23816,23997,521,262,259
0.0 Scen,2041,249,Jim Wells County,56963,28363,28600,7833,3868,3965,186,104,82,48422,24129,24293,522,262,260
0.0 Scen,2042,249,Jim Wells County,57569,28672,28897,7822,3865,3957,184,102,82,49037,24441,24596,526,264,262
0.0 Scen,2043,249,Jim Wells County,58192,29005,29187,7804,3856,3948,184,103,81,49674,24780,24894,530,266,264
0.0 Scen,2044,249,Jim Wells County,58795,29312,29483,7787,3850,3937,183,102,81,50289,25092,25197,536,268,268
0.0 Scen,2045,249,Jim Wells County,59423,29641,29782,7775,3845,3930,182,102,80,50926,25424,25502,540,270,270
0.0 Scen,2046,249,Jim Wells County,60058,29976,30082,7768,3846,3922,180,100,80,51568,25758,25810,542,272,270
0.0 Scen,2047,249,Jim Wells County,60702,30316,30386,7761,3843,3918,180,100,80,52217,26099,26118,544,274,270
0.0 Scen,2048,249,Jim Wells County,61347,30654,30693,7753,3842,3911,179,99,80,52866,26437,26429,549,276,273
0.0 Scen,2049,249,Jim Wells County,61988,30990,30998,7742,3839,3903,178,99,79,53515,26774,26741,553,278,275
0.0 Scen,2050,249,Jim Wells County,62653,31340,31313,7736,3841,3895,177,98,79,54183,27122,27061,557,279,278
0.0 Scen,2010,251,Johnson County,150934,75519,75415,115545,56890,58655,3797,2104,1693,27319,14401,12918,4273,2124,2149
0.0 Scen,2011,251,Johnson County,151896,75985,75911,116005,57111,58894,3827,2119,1708,27757,14614,13143,4307,2141,2166
0.0 Scen,2012,251,Johnson County,152883,76464,76419,116462,57329,59133,3860,2136,1724,28211,14837,13374,4350,2162,2188
0.0 Scen,2013,251,Johnson County,153874,76944,76930,116918,57547,59371,3891,2148,1743,28668,15065,13603,4397,2184,2213
0.0 Scen,2014,251,Johnson County,154845,77418,77427,117353,57755,59598,3929,2169,1760,29129,15293,13836,4434,2201,2233
0.0 Scen,2015,251,Johnson County,155818,77898,77920,117786,57963,59823,3956,2182,1774,29606,15532,14074,4470,2221,2249
0.0 Scen,2016,251,Johnson County,156772,78372,78400,118186,58163,60023,3988,2199,1789,30084,15769,14315,4514,2241,2273
0.0 Scen,2017,251,Johnson County,157756,78861,78895,118603,58368,60235,4024,2217,1807,30569,16012,14557,4560,2264,2296
0.0 Scen,2018,251,Johnson County,158734,79333,79401,119011,58557,60454,4051,2230,1821,31071,16262,14809,4601,2284,2317
0.0 Scen,2019,251,Johnson County,159703,79812,79891,119398,58745,60653,4078,2241,1837,31577,16517,15060,4650,2309,2341
0.0 Scen,2020,251,Johnson County,160685,80288,80397,119788,58929,60859,4102,2250,1852,32096,16777,15319,4699,2332,2367
0.0 Scen,2021,251,Johnson County,161667,80769,80898,120176,59116,61060,4119,2253,1866,32626,17042,15584,4746,2358,2388
0.0 Scen,2022,251,Johnson County,162653,81248,81405,120553,59291,61262,4140,2261,1879,33167,17315,15852,4793,2381,2412
0.0 Scen,2023,251,Johnson County,163600,81709,81891,120904,59460,61444,4156,2264,1892,33699,17580,16119,4841,2405,2436
0.0 Scen,2024,251,Johnson County,164512,82149,82363,121214,59605,61609,4173,2270,1903,34238,17847,16391,4887,2427,2460
0.0 Scen,2025,251,Johnson County,165419,82596,82823,121512,59755,61757,4186,2275,1911,34781,18113,16668,4940,2453,2487
0.0 Scen,2026,251,Johnson County,166281,83012,83269,121780,59885,61895,4189,2273,1916,35330,18381,16949,4982,2473,2509
0.0 Scen,2027,251,Johnson County,167108,83412,83696,121997,59992,62005,4206,2280,1926,35875,18645,17230,5030,2495,2535
0.0 Scen,2028,251,Johnson County,167860,83777,84083,122168,60072,62096,4208,2278,1930,36417,18916,17501,5067,2511,2556
0.0 Scen,2029,251,Johnson County,168616,84157,84459,122337,60161,62176,4215,2283,1932,36952,19179,17773,5112,2534,2578
0.0 Scen,2030,251,Johnson County,169289,84488,84801,122433,60214,62219,4216,2282,1934,37490,19439,18051,5150,2553,2597
0.0 Scen,2031,251,Johnson County,169945,84814,85131,122521,60262,62259,4215,2281,1934,38021,19700,18321,5188,2571,2617
0.0 Scen,2032,251,Johnson County,170519,85101,85418,122549,60284,62265,4213,2277,1936,38540,19955,18585,5217,2585,2632
0.0 Scen,2033,251,Johnson County,171052,85363,85689,122557,60291,62266,4209,2274,1935,39036,20195,18841,5250,2603,2647
0.0 Scen,2034,251,Johnson County,171514,85603,85911,122513,60284,62229,4208,2271,1937,39528,20431,19097,5265,2617,2648
0.0 Scen,2035,251,Johnson County,171983,85834,86149,122469,60273,62196,4199,2265,1934,40010,20666,19344,5305,2630,2675
0.0 Scen,2036,251,Johnson County,172403,86045,86358,122409,60254,62155,4196,2261,1935,40474,20890,19584,5324,2640,2684
0.0 Scen,2037,251,Johnson County,172798,86256,86542,122315,60230,62085,4189,2257,1932,40952,21121,19831,5342,2648,2694
0.0 Scen,2038,251,Johnson County,173157,86439,86718,122204,60188,62016,4182,2252,1930,41410,21340,20070,5361,2659,2702
0.0 Scen,2039,251,Johnson County,173496,86612,86884,122094,60146,61948,4173,2247,1926,41859,21555,20304,5370,2664,2706
0.0 Scen,2040,251,Johnson County,173814,86784,87030,121965,60106,61859,4164,2240,1924,42307,21769,20538,5378,2669,2709
0.0 Scen,2041,251,Johnson County,174091,86931,87160,121817,60048,61769,4153,2234,1919,42738,21978,20760,5383,2671,2712
0.0 Scen,2042,251,Johnson County,174397,87091,87306,121681,59995,61686,4155,2234,1921,43168,22185,20983,5393,2677,2716
0.0 Scen,2043,251,Johnson County,174658,87237,87421,121525,59946,61579,4144,2229,1915,43592,22385,21207,5397,2677,2720
0.0 Scen,2044,251,Johnson County,174926,87380,87546,121363,59886,61477,4140,2226,1914,44016,22588,21428,5407,2680,2727
0.0 Scen,2045,251,Johnson County,175167,87509,87658,121195,59822,61373,4134,2221,1913,44438,22789,21649,5400,2677,2723
0.0 Scen,2046,251,Johnson County,175407,87642,87765,121026,59760,61266,4122,2213,1909,44851,22990,21861,5408,2679,2729
0.0 Scen,2047,251,Johnson County,175643,87771,87872,120866,59700,61166,4115,2206,1909,45264,23187,22077,5398,2678,2720
0.0 Scen,2048,251,Johnson County,175891,87914,87977,120705,59650,61055,4109,2203,1906,45676,23384,22292,5401,2677,2724
0.0 Scen,2049,251,Johnson County,176127,88051,88076,120552,59601,60951,4101,2194,1907,46080,23580,22500,5394,2676,2718
0.0 Scen,2050,251,Johnson County,176390,88199,88191,120410,59559,60851,4094,2187,1907,46493,23781,22712,5393,2672,2721
0.0 Scen,2010,253,Jones County,20202,12383,7819,12549,6809,5740,2292,1997,295,5009,3399,1610,352,178,174
0.0 Scen,2011,253,Jones County,20240,12408,7832,12533,6804,5729,2302,2004,298,5051,3421,1630,354,179,175
0.0 Scen,2012,253,Jones County,20282,12440,7842,12520,6803,5717,2314,2012,302,5092,3444,1648,356,181,175
0.0 Scen,2013,253,Jones County,20332,12473,7859,12509,6803,5706,2326,2020,306,5139,3468,1671,358,182,176
0.0 Scen,2014,253,Jones County,20371,12495,7876,12503,6802,5701,2332,2022,310,5176,3487,1689,360,184,176
0.0 Scen,2015,253,Jones County,20423,12526,7897,12502,6806,5696,2341,2027,314,5218,3508,1710,362,185,177
0.0 Scen,2016,253,Jones County,20473,12556,7917,12504,6810,5694,2346,2029,317,5258,3528,1730,365,189,176
0.0 Scen,2017,253,Jones County,20527,12587,7940,12512,6819,5693,2351,2030,321,5297,3547,1750,367,191,176
0.0 Scen,2018,253,Jones County,20580,12614,7966,12518,6823,5695,2359,2033,326,5337,3568,1769,366,190,176
0.0 Scen,2019,253,Jones County,20615,12634,7981,12506,6820,5686,2360,2031,329,5379,3589,1790,370,194,176
0.0 Scen,2020,253,Jones County,20662,12654,8008,12505,6819,5686,2366,2032,334,5420,3608,1812,371,195,176
0.0 Scen,2021,253,Jones County,20713,12682,8031,12499,6819,5680,2377,2037,340,5461,3629,1832,376,197,179
0.0 Scen,2022,253,Jones County,20760,12711,8049,12494,6818,5676,2382,2038,344,5505,3653,1852,379,202,177
0.0 Scen,2023,253,Jones County,20795,12724,8071,12484,6814,5670,2388,2037,351,5543,3671,1872,380,202,178
0.0 Scen,2024,253,Jones County,20837,12745,8092,12479,6815,5664,2394,2037,357,5581,3689,1892,383,204,179
0.0 Scen,2025,253,Jones County,20876,12761,8115,12468,6808,5660,2403,2040,363,5619,3707,1912,386,206,180
0.0 Scen,2026,253,Jones County,20915,12779,8136,12452,6799,5653,2413,2047,366,5661,3726,1935,389,207,182
0.0 Scen,2027,253,Jones County,20942,12786,8156,12433,6788,5645,2416,2045,371,5697,3743,1954,396,210,186
0.0 Scen,2028,253,Jones County,20965,12792,8173,12402,6769,5633,2420,2045,375,5742,3767,1975,401,211,190
0.0 Scen,2029,253,Jones County,20989,12804,8185,12374,6758,5616,2429,2050,379,5780,3783,1997,406,213,193
0.0 Scen,2030,253,Jones County,20995,12804,8191,12341,6745,5596,2426,2042,384,5817,3801,2016,411,216,195
0.0 Scen,2031,253,Jones County,21017,12813,8204,12316,6732,5584,2432,2044,388,5853,3818,2035,416,219,197
0.0 Scen,2032,253,Jones County,21029,12816,8213,12291,6719,5572,2430,2039,391,5888,3837,2051,420,221,199
0.0 Scen,2033,253,Jones County,21027,12811,8216,12255,6701,5554,2429,2035,394,5918,3851,2067,425,224,201
0.0 Scen,2034,253,Jones County,21026,12811,8215,12227,6690,5537,2431,2034,397,5941,3863,2078,427,224,203
0.0 Scen,2035,253,Jones County,21037,12815,8222,12199,6675,5524,2432,2031,401,5971,3879,2092,435,230,205
0.0 Scen,2036,253,Jones County,21029,12813,8216,12164,6662,5502,2433,2028,405,5996,3894,2102,436,229,207
0.0 Scen,2037,253,Jones County,21026,12806,8220,12130,6643,5487,2435,2026,409,6018,3903,2115,443,234,209
0.0 Scen,2038,253,Jones County,21018,12797,8221,12100,6629,5471,2432,2020,412,6043,3915,2128,443,233,210
0.0 Scen,2039,253,Jones County,21022,12799,8223,12075,6619,5456,2431,2017,414,6071,3929,2142,445,234,211
0.0 Scen,2040,253,Jones County,21016,12789,8227,12050,6605,5445,2429,2011,418,6091,3939,2152,446,234,212
0.0 Scen,2041,253,Jones County,21003,12784,8219,12017,6591,5426,2426,2008,418,6112,3950,2162,448,235,213
0.0 Scen,2042,253,Jones County,20990,12770,8220,11991,6579,5412,2418,1997,421,6134,3961,2173,447,233,214
0.0 Scen,2043,253,Jones County,20991,12763,8228,11975,6571,5404,2413,1987,426,6155,3971,2184,448,234,214
0.0 Scen,2044,253,Jones County,20978,12751,8227,11950,6558,5392,2408,1981,427,6173,3978,2195,447,234,213
0.0 Scen,2045,253,Jones County,20969,12739,8230,11924,6542,5382,2401,1972,429,6197,3990,2207,447,235,212
0.0 Scen,2046,253,Jones County,20966,12740,8226,11903,6537,5366,2400,1968,432,6216,3999,2217,447,236,211
0.0 Scen,2047,253,Jones County,20964,12737,8227,11881,6526,5355,2402,1967,435,6235,4008,2227,446,236,210
0.0 Scen,2048,253,Jones County,20971,12741,8230,11867,6524,5343,2400,1961,439,6256,4018,2238,448,238,210
0.0 Scen,2049,253,Jones County,20972,12736,8236,11849,6515,5334,2397,1956,441,6277,4027,2250,449,238,211
0.0 Scen,2050,253,Jones County,20982,12745,8237,11837,6514,5323,2401,1956,445,6293,4034,2259,451,241,210
0.0 Scen,2010,255,Karnes County,14824,8842,5982,5956,3214,2742,1351,1255,96,7376,4301,3075,141,72,69
0.0 Scen,2011,255,Karnes County,14871,8869,6002,5924,3199,2725,1357,1259,98,7447,4338,3109,143,73,70
0.0 Scen,2012,255,Karnes County,14908,8890,6018,5886,3182,2704,1360,1260,100,7518,4375,3143,144,73,71
0.0 Scen,2013,255,Karnes County,14957,8919,6038,5853,3166,2687,1368,1266,102,7590,4413,3177,146,74,72
0.0 Scen,2014,255,Karnes County,14999,8942,6057,5820,3150,2670,1371,1268,103,7661,4450,3211,147,74,73
0.0 Scen,2015,255,Karnes County,15039,8961,6078,5789,3135,2654,1373,1269,104,7728,4482,3246,149,75,74
0.0 Scen,2016,255,Karnes County,15075,8976,6099,5756,3119,2637,1373,1268,105,7796,4514,3282,150,75,75
0.0 Scen,2017,255,Karnes County,15110,8988,6122,5725,3104,2621,1371,1264,107,7862,4544,3318,152,76,76
0.0 Scen,2018,255,Karnes County,15138,9001,6137,5691,3091,2600,1369,1262,107,7924,4571,3353,154,77,77
0.0 Scen,2019,255,Karnes County,15168,9013,6155,5655,3073,2582,1368,1260,108,7990,4602,3388,155,78,77
0.0 Scen,2020,255,Karnes County,15203,9031,6172,5623,3058,2565,1370,1261,109,8055,4635,3420,155,77,78
0.0 Scen,2021,255,Karnes County,15242,9054,6188,5596,3051,2545,1370,1260,110,8119,4665,3454,157,78,79
0.0 Scen,2022,255,Karnes County,15261,9061,6200,5559,3033,2526,1367,1257,110,8175,4692,3483,160,79,81
0.0 Scen,2023,255,Karnes County,15298,9079,6219,5526,3017,2509,1366,1256,110,8244,4726,3518,162,80,82
0.0 Scen,2024,255,Karnes County,15317,9081,6236,5494,3001,2493,1361,1249,112,8296,4748,3548,166,83,83
0.0 Scen,2025,255,Karnes County,15344,9094,6250,5458,2980,2478,1361,1249,112,8358,4782,3576,167,83,84
0.0 Scen,2026,255,Karnes County,15380,9108,6272,5430,2967,2463,1357,1244,113,8424,4813,3611,169,84,85
0.0 Scen,2027,255,Karnes County,15409,9116,6293,5394,2945,2449,1354,1240,114,8490,4846,3644,171,85,86
0.0 Scen,2028,255,Karnes County,15448,9133,6315,5365,2928,2437,1356,1240,116,8553,4878,3675,174,87,87
0.0 Scen,2029,255,Karnes County,15481,9146,6335,5335,2913,2422,1355,1239,116,8615,4906,3709,176,88,88
0.0 Scen,2030,255,Karnes County,15519,9163,6356,5306,2897,2409,1353,1237,116,8682,4940,3742,178,89,89
0.0 Scen,2031,255,Karnes County,15562,9184,6378,5277,2882,2395,1354,1236,118,8750,4975,3775,181,91,90
0.0 Scen,2032,255,Karnes County,15589,9195,6394,5241,2865,2376,1352,1233,119,8812,5005,3807,184,92,92
0.0 Scen,2033,255,Karnes County,15628,9215,6413,5212,2850,2362,1356,1236,120,8872,5034,3838,188,95,93
0.0 Scen,2034,255,Karnes County,15661,9237,6424,5181,2840,2341,1359,1238,121,8930,5063,3867,191,96,95
0.0 Scen,2035,255,Karnes County,15684,9243,6441,5144,2820,2324,1356,1234,122,8991,5092,3899,193,97,96
0.0 Scen,2036,255,Karnes County,15715,9262,6453,5111,2806,2305,1355,1232,123,9052,5125,3927,197,99,98
0.0 Scen,2037,255,Karnes County,15737,9273,6464,5077,2790,2287,1352,1227,125,9108,5155,3953,200,101,99
0.0 Scen,2038,255,Karnes County,15749,9277,6472,5031,2766,2265,1351,1224,127,9165,5185,3980,202,102,100
0.0 Scen,2039,255,Karnes County,15760,9281,6479,4991,2747,2244,1348,1220,128,9219,5211,4008,202,103,99
0.0 Scen,2040,255,Karnes County,15765,9283,6482,4950,2729,2221,1345,1216,129,9265,5234,4031,205,104,101
0.0 Scen,2041,255,Karnes County,15778,9287,6491,4912,2708,2204,1344,1214,130,9316,5259,4057,206,106,100
0.0 Scen,2042,255,Karnes County,15789,9288,6501,4876,2689,2187,1341,1210,131,9365,5283,4082,207,106,101
0.0 Scen,2043,255,Karnes County,15792,9288,6504,4835,2670,2165,1339,1207,132,9409,5304,4105,209,107,102
0.0 Scen,2044,255,Karnes County,15802,9294,6508,4799,2655,2144,1336,1203,133,9457,5328,4129,210,108,102
0.0 Scen,2045,255,Karnes County,15804,9290,6514,4765,2637,2128,1333,1199,134,9495,5345,4150,211,109,102
0.0 Scen,2046,255,Karnes County,15808,9292,6516,4726,2620,2106,1328,1194,134,9543,5369,4174,211,109,102
0.0 Scen,2047,255,Karnes County,15819,9295,6524,4697,2605,2092,1326,1192,134,9585,5389,4196,211,109,102
0.0 Scen,2048,255,Karnes County,15824,9291,6533,4662,2585,2077,1320,1186,134,9632,5412,4220,210,108,102
0.0 Scen,2049,255,Karnes County,15838,9296,6542,4634,2573,2061,1316,1182,134,9679,5434,4245,209,107,102
0.0 Scen,2050,255,Karnes County,15854,9300,6554,4609,2560,2049,1311,1177,134,9727,5457,4270,207,106,101
0.0 Scen,2010,257,Kaufman County,103350,50811,52539,72328,35429,36899,10571,5036,5535,17548,8975,8573,2903,1371,1532
0.0 Scen,2011,257,Kaufman County,104077,51183,52894,72640,35589,37051,10613,5059,5554,17902,9154,8748,2922,1381,1541
0.0 Scen,2012,257,Kaufman County,104793,51546,53247,72920,35729,37191,10664,5086,5578,18261,9336,8925,2948,1395,1553
0.0 Scen,2013,257,Kaufman County,105485,51888,53597,73186,35857,37329,10715,5115,5600,18615,9510,9105,2969,1406,1563
0.0 Scen,2014,257,Kaufman County,106186,52239,53947,73452,35988,37464,10767,5144,5623,18967,9684,9283,3000,1423,1577
0.0 Scen,2015,257,Kaufman County,106851,52560,54291,73685,36098,37587,10821,5173,5648,19323,9855,9468,3022,1434,1588
0.0 Scen,2016,257,Kaufman County,107527,52893,54634,73911,36206,37705,10888,5211,5677,19682,10030,9652,3046,1446,1600
0.0 Scen,2017,257,Kaufman County,108211,53223,54988,74144,36317,37827,10950,5242,5708,20044,10204,9840,3073,1460,1613
0.0 Scen,2018,257,Kaufman County,108889,53557,55332,74363,36428,37935,11014,5278,5736,20413,10379,10034,3099,1472,1627
0.0 Scen,2019,257,Kaufman County,109553,53884,55669,74572,36533,38039,11073,5310,5763,20780,10556,10224,3128,1485,1643
0.0 Scen,2020,257,Kaufman County,110241,54220,56021,74791,36641,38150,11129,5337,5792,21163,10739,10424,3158,1503,1655
0.0 Scen,2021,257,Kaufman County,110960,54563,56397,75027,36754,38273,11196,5370,5826,21551,10923,10628,3186,1516,1670
0.0 Scen,2022,257,Kaufman County,111685,54917,56768,75270,36869,38401,11253,5400,5853,21949,11116,10833,3213,1532,1681
0.0 Scen,2023,257,Kaufman County,112422,55274,57148,75508,36980,38528,11312,5428,5884,22351,11314,11037,3251,1552,1699
0.0 Scen,2024,257,Kaufman County,113117,55620,57497,75725,37090,38635,11359,5452,5907,22752,11511,11241,3281,1567,1714
0.0 Scen,2025,257,Kaufman County,113820,55961,57859,75923,37184,38739,11414,5476,5938,23169,11717,11452,3314,1584,1730
0.0 Scen,2026,257,Kaufman County,114506,56302,58204,76110,37279,38831,11457,5494,5963,23588,11926,11662,3351,1603,1748
0.0 Scen,2027,257,Kaufman County,115168,56635,58533,76282,37363,38919,11489,5511,5978,24015,12140,11875,3382,1621,1761
0.0 Scen,2028,257,Kaufman County,115835,56971,58864,76453,37450,39003,11527,5530,5997,24435,12350,12085,3420,1641,1779
0.0 Scen,2029,257,Kaufman County,116483,57296,59187,76598,37520,39078,11560,5547,6013,24870,12570,12300,3455,1659,1796
0.0 Scen,2030,257,Kaufman County,117098,57604,59494,76726,37583,39143,11583,5557,6026,25301,12786,12515,3488,1678,1810
0.0 Scen,2031,257,Kaufman County,117691,57899,59792,76841,37636,39205,11601,5566,6035,25724,13001,12723,3525,1696,1829
0.0 Scen,2032,257,Kaufman County,118226,58171,60055,76913,37671,39242,11613,5576,6037,26141,13211,12930,3559,1713,1846
0.0 Scen,2033,257,Kaufman County,118706,58409,60297,76952,37690,39262,11617,5578,6039,26552,13415,13137,3585,1726,1859
0.0 Scen,2034,257,Kaufman County,119142,58640,60502,76976,37705,39271,11616,5584,6032,26953,13614,13339,3597,1737,1860
0.0 Scen,2035,257,Kaufman County,119565,58846,60719,76966,37707,39259,11612,5580,6032,27355,13808,13547,3632,1751,1881
0.0 Scen,2036,257,Kaufman County,119922,59025,60897,76922,37688,39234,11605,5578,6027,27747,14004,13743,3648,1755,1893
0.0 Scen,2037,257,Kaufman County,120280,59216,61064,76876,37673,39203,11602,5580,6022,28132,14195,13937,3670,1768,1902
0.0 Scen,2038,257,Kaufman County,120575,59371,61204,76795,37646,39149,11590,5574,6016,28513,14382,14131,3677,1769,1908
0.0 Scen,2039,257,Kaufman County,120854,59520,61334,76687,37597,39090,11582,5572,6010,28891,14572,14319,3694,1779,1915
0.0 Scen,2040,257,Kaufman County,121108,59655,61453,76571,37553,39018,11576,5573,6003,29262,14749,14513,3699,1780,1919
0.0 Scen,2041,257,Kaufman County,121328,59771,61557,76434,37493,38941,11561,5567,5994,29630,14929,14701,3703,1782,1921
0.0 Scen,2042,257,Kaufman County,121550,59896,61654,76305,37444,38861,11546,5561,5985,29992,15109,14883,3707,1782,1925
0.0 Scen,2043,257,Kaufman County,121739,60002,61737,76135,37373,38762,11532,5557,5975,30356,15281,15075,3716,1791,1925
0.0 Scen,2044,257,Kaufman County,121908,60101,61807,75973,37309,38664,11504,5546,5958,30713,15453,15260,3718,1793,1925
0.0 Scen,2045,257,Kaufman County,122072,60196,61876,75802,37238,38564,11477,5536,5941,31072,15628,15444,3721,1794,1927
0.0 Scen,2046,257,Kaufman County,122233,60289,61944,75634,37170,38464,11447,5524,5923,31429,15799,15630,3723,1796,1927
0.0 Scen,2047,257,Kaufman County,122408,60392,62016,75464,37104,38360,11417,5511,5906,31802,15981,15821,3725,1796,1929
0.0 Scen,2048,257,Kaufman County,122585,60496,62089,75318,37049,38269,11387,5499,5888,32156,16155,16001,3724,1793,1931
0.0 Scen,2049,257,Kaufman County,122757,60600,62157,75165,36993,38172,11355,5483,5872,32518,16334,16184,3719,1790,1929
0.0 Scen,2050,257,Kaufman County,122944,60720,62224,75026,36945,38081,11316,5469,5847,32885,16515,16370,3717,1791,1926
0.0 Scen,2010,259,Kendall County,33410,16299,17111,25746,12404,13342,138,79,59,6829,3480,3349,697,336,361
0.0 Scen,2011,259,Kendall County,33400,16300,17100,25618,12343,13275,139,80,59,6939,3537,3402,704,340,364
0.0 Scen,2012,259,Kendall County,33389,16305,17084,25489,12287,13202,140,80,60,7050,3595,3455,710,343,367
0.0 Scen,2013,259,Kendall County,33389,16314,17075,25364,12231,13133,141,81,60,7167,3655,3512,717,347,370
0.0 Scen,2014,259,Kendall County,33391,16324,17067,25236,12173,13063,141,81,60,7291,3720,3571,723,350,373
0.0 Scen,2015,259,Kendall County,33418,16343,17075,25126,12118,13008,142,82,60,7418,3787,3631,732,356,376
0.0 Scen,2016,259,Kendall County,33446,16357,17089,25020,12065,12955,143,82,61,7545,3850,3695,738,360,378
0.0 Scen,2017,259,Kendall County,33477,16370,17107,24917,12012,12905,144,83,61,7669,3911,3758,747,364,383
0.0 Scen,2018,259,Kendall County,33520,16385,17135,24826,11965,12861,145,83,62,7792,3969,3823,757,368,389
0.0 Scen,2019,259,Kendall County,33566,16410,17156,24730,11917,12813,146,83,63,7924,4037,3887,766,373,393
0.0 Scen,2020,259,Kendall County,33619,16427,17192,24655,11876,12779,148,84,64,8047,4093,3954,769,374,395
0.0 Scen,2021,259,Kendall County,33692,16462,17230,24593,11845,12748,150,85,65,8171,4152,4019,778,380,398
0.0 Scen,2022,259,Kendall County,33773,16499,17274,24538,11818,12720,152,86,66,8294,4210,4084,789,385,404
0.0 Scen,2023,259,Kendall County,33847,16535,17312,24486,11793,12693,154,87,67,8410,4265,4145,797,390,407
0.0 Scen,2024,259,Kendall County,33934,16574,17360,24441,11768,12673,156,88,68,8530,4323,4207,807,395,412
0.0 Scen,2025,259,Kendall County,34018,16615,17403,24397,11748,12649,158,89,69,8644,4376,4268,819,402,417
0.0 Scen,2026,259,Kendall County,34097,16654,17443,24344,11723,12621,159,90,69,8761,4431,4330,833,410,423
0.0 Scen,2027,259,Kendall County,34170,16689,17481,24284,11692,12592,161,91,70,8880,4490,4390,845,416,429
0.0 Scen,2028,259,Kendall County,34225,16717,17508,24220,11661,12559,163,92,71,8989,4546,4443,853,418,435
0.0 Scen,2029,259,Kendall County,34276,16743,17533,24145,11626,12519,165,93,72,9101,4600,4501,865,424,441
0.0 Scen,2030,259,Kendall County,34317,16774,17543,24071,11596,12475,167,94,73,9205,4654,4551,874,430,444
0.0 Scen,2031,259,Kendall County,34352,16798,17554,23985,11559,12426,168,95,73,9317,4709,4608,882,435,447
0.0 Scen,2032,259,Kendall County,34356,16807,17549,23878,11509,12369,167,94,73,9417,4762,4655,894,442,452
0.0 Scen,2033,259,Kendall County,34345,16809,17536,23761,11459,12302,167,94,73,9516,4810,4706,901,446,455
0.0 Scen,2034,259,Kendall County,34321,16811,17510,23628,11402,12226,165,92,73,9619,4865,4754,909,452,457
0.0 Scen,2035,259,Kendall County,34293,16813,17480,23490,11345,12145,166,93,73,9717,4918,4799,920,457,463
0.0 Scen,2036,259,Kendall County,34248,16800,17448,23338,11277,12061,164,91,73,9820,4970,4850,926,462,464
0.0 Scen,2037,259,Kendall County,34193,16787,17406,23180,11211,11969,163,91,72,9918,5019,4899,932,466,466
0.0 Scen,2038,259,Kendall County,34136,16771,17365,23013,11140,11873,161,89,72,10025,5072,4953,937,470,467
0.0 Scen,2039,259,Kendall County,34046,16739,17307,22821,11058,11763,159,88,71,10123,5120,5003,943,473,470
0.0 Scen,2040,259,Kendall County,33973,16714,17259,22640,10980,11660,159,87,72,10228,5174,5054,946,473,473
0.0 Scen,2041,259,Kendall County,33895,16685,17210,22452,10895,11557,158,87,71,10334,5228,5106,951,475,476
0.0 Scen,2042,259,Kendall County,33810,16644,17166,22266,10806,11460,157,86,71,10432,5276,5156,955,476,479
0.0 Scen,2043,259,Kendall County,33735,16621,17114,22080,10729,11351,156,86,70,10540,5329,5211,959,477,482
0.0 Scen,2044,259,Kendall County,33651,16587,17064,21897,10647,11250,155,85,70,10639,5378,5261,960,477,483
0.0 Scen,2045,259,Kendall County,33578,16564,17014,21721,10571,11150,154,85,69,10739,5428,5311,964,480,484
0.0 Scen,2046,259,Kendall County,33497,16530,16967,21539,10490,11049,153,84,69,10841,5477,5364,964,479,485
0.0 Scen,2047,259,Kendall County,33442,16512,16930,21379,10417,10962,152,84,68,10943,5530,5413,968,481,487
0.0 Scen,2048,259,Kendall County,33391,16496,16895,21227,10353,10874,151,83,68,11048,5581,5467,965,479,486
0.0 Scen,2049,259,Kendall County,33339,16483,16856,21075,10289,10786,150,83,67,11148,5633,5515,966,478,488
0.0 Scen,2050,259,Kendall County,33307,16477,16830,20943,10233,10710,148,81,67,11250,5684,5566,966,479,487
0.0 Scen,2010,261,Kenedy County,416,212,204,86,40,46,1,0,1,319,167,152,10,5,5
0.0 Scen,2011,261,Kenedy County,421,215,206,87,41,46,1,0,1,323,169,154,10,5,5
0.0 Scen,2012,261,Kenedy County,426,217,209,88,41,47,1,0,1,327,171,156,10,5,5
0.0 Scen,2013,261,Kenedy County,430,220,210,89,42,47,1,0,1,330,173,157,10,5,5
0.0 Scen,2014,261,Kenedy County,433,221,212,90,42,48,1,0,1,332,174,158,10,5,5
0.0 Scen,2015,261,Kenedy County,436,223,213,91,43,48,1,0,1,334,175,159,10,5,5
0.0 Scen,2016,261,Kenedy County,440,225,215,92,43,49,1,0,1,337,177,160,10,5,5
0.0 Scen,2017,261,Kenedy County,444,228,216,93,44,49,1,0,1,340,179,161,10,5,5
0.0 Scen,2018,261,Kenedy County,447,230,217,93,44,49,1,0,1,343,181,162,10,5,5
0.0 Scen,2019,261,Kenedy County,451,233,218,94,45,49,1,0,1,346,183,163,10,5,5
0.0 Scen,2020,261,Kenedy County,453,234,219,94,45,49,1,0,1,348,184,164,10,5,5
0.0 Scen,2021,261,Kenedy County,456,237,219,94,46,48,1,0,1,351,186,165,10,5,5
0.0 Scen,2022,261,Kenedy County,460,239,221,95,46,49,1,0,1,354,188,166,10,5,5
0.0 Scen,2023,261,Kenedy County,463,240,223,96,46,50,1,0,1,356,189,167,10,5,5
0.0 Scen,2024,261,Kenedy County,465,240,225,96,45,51,1,0,1,358,190,168,10,5,5
0.0 Scen,2025,261,Kenedy County,468,242,226,97,46,51,1,0,1,360,191,169,10,5,5
0.0 Scen,2026,261,Kenedy County,469,243,226,96,46,50,1,0,1,362,192,170,10,5,5
0.0 Scen,2027,261,Kenedy County,471,245,226,97,47,50,1,0,1,363,193,170,10,5,5
0.0 Scen,2028,261,Kenedy County,474,246,228,98,47,51,1,0,1,365,194,171,10,5,5
0.0 Scen,2029,261,Kenedy County,475,248,227,99,48,51,1,0,1,365,195,170,10,5,5
0.0 Scen,2030,261,Kenedy County,477,248,229,100,47,53,1,0,1,366,196,170,10,5,5
0.0 Scen,2031,261,Kenedy County,479,250,229,101,48,53,1,0,1,367,197,170,10,5,5
0.0 Scen,2032,261,Kenedy County,480,251,229,102,48,54,1,0,1,367,198,169,10,5,5
0.0 Scen,2033,261,Kenedy County,478,251,227,99,47,52,1,0,1,368,199,169,10,5,5
0.0 Scen,2034,261,Kenedy County,479,252,227,100,47,53,1,0,1,368,200,168,10,5,5
0.0 Scen,2035,261,Kenedy County,478,252,226,100,47,53,1,0,1,367,200,167,10,5,5
0.0 Scen,2036,261,Kenedy County,478,251,227,100,46,54,1,0,1,367,200,167,10,5,5
0.0 Scen,2037,261,Kenedy County,479,252,227,100,46,54,1,0,1,368,201,167,10,5,5
0.0 Scen,2038,261,Kenedy County,479,252,227,99,45,54,1,0,1,369,202,167,10,5,5
0.0 Scen,2039,261,Kenedy County,477,252,225,99,46,53,1,0,1,367,201,166,10,5,5
0.0 Scen,2040,261,Kenedy County,476,252,224,99,46,53,1,0,1,366,201,165,10,5,5
0.0 Scen,2041,261,Kenedy County,475,251,224,99,46,53,1,0,1,365,200,165,10,5,5
0.0 Scen,2042,261,Kenedy County,475,251,224,98,45,53,1,0,1,366,201,165,10,5,5
0.0 Scen,2043,261,Kenedy County,473,251,222,97,45,52,1,0,1,365,201,164,10,5,5
0.0 Scen,2044,261,Kenedy County,472,251,221,97,45,52,1,0,1,364,201,163,10,5,5
0.0 Scen,2045,261,Kenedy County,472,253,219,98,47,51,1,0,1,363,201,162,10,5,5
0.0 Scen,2046,261,Kenedy County,472,253,219,98,47,51,1,0,1,363,201,162,10,5,5
0.0 Scen,2047,261,Kenedy County,471,253,218,98,47,51,1,0,1,362,201,161,10,5,5
0.0 Scen,2048,261,Kenedy County,469,251,218,98,46,52,1,0,1,360,200,160,10,5,5
0.0 Scen,2049,261,Kenedy County,467,251,216,98,47,51,1,0,1,358,199,159,10,5,5
0.0 Scen,2050,261,Kenedy County,465,250,215,97,47,50,1,0,1,357,198,159,10,5,5
0.0 Scen,2010,263,Kent County,808,392,416,669,320,349,6,2,4,120,64,56,13,6,7
0.0 Scen,2011,263,Kent County,808,394,414,668,321,347,6,2,4,121,65,56,13,6,7
0.0 Scen,2012,263,Kent County,808,395,413,667,322,345,6,2,4,122,65,57,13,6,7
0.0 Scen,2013,263,Kent County,809,397,412,667,323,344,6,2,4,123,66,57,13,6,7
0.0 Scen,2014,263,Kent County,808,397,411,665,323,342,6,2,4,124,66,58,13,6,7
0.0 Scen,2015,263,Kent County,804,398,406,660,323,337,6,2,4,125,67,58,13,6,7
0.0 Scen,2016,263,Kent County,807,400,407,661,324,337,6,2,4,127,68,59,13,6,7
0.0 Scen,2017,263,Kent County,811,403,408,663,326,337,6,2,4,129,69,60,13,6,7
0.0 Scen,2018,263,Kent County,813,405,408,663,327,336,6,2,4,131,70,61,13,6,7
0.0 Scen,2019,263,Kent County,818,409,409,665,329,336,6,2,4,134,72,62,13,6,7
0.0 Scen,2020,263,Kent County,819,410,409,664,329,335,6,2,4,136,73,63,13,6,7
0.0 Scen,2021,263,Kent County,828,415,413,671,333,338,6,2,4,138,74,64,13,6,7
0.0 Scen,2022,263,Kent County,833,420,413,673,336,337,6,2,4,141,76,65,13,6,7
0.0 Scen,2023,263,Kent County,842,426,416,679,340,339,6,2,4,144,78,66,13,6,7
0.0 Scen,2024,263,Kent County,848,430,418,682,342,340,6,2,4,147,80,67,13,6,7
0.0 Scen,2025,263,Kent County,856,437,419,688,347,341,6,2,4,149,82,67,13,6,7
0.0 Scen,2026,263,Kent County,864,444,420,692,351,341,6,2,4,153,85,68,13,6,7
0.0 Scen,2027,263,Kent County,866,446,420,692,352,340,6,2,4,155,86,69,13,6,7
0.0 Scen,2028,263,Kent County,866,445,421,690,350,340,6,2,4,157,87,70,13,6,7
0.0 Scen,2029,263,Kent County,866,444,422,687,347,340,6,2,4,160,89,71,13,6,7
0.0 Scen,2030,263,Kent County,865,444,421,683,346,337,6,2,4,163,90,73,13,6,7
0.0 Scen,2031,263,Kent County,863,443,420,678,343,335,6,2,4,166,92,74,13,6,7
0.0 Scen,2032,263,Kent County,861,443,418,674,343,331,6,2,4,168,92,76,13,6,7
0.0 Scen,2033,263,Kent County,859,443,416,671,342,329,6,2,4,169,93,76,13,6,7
0.0 Scen,2034,263,Kent County,858,443,415,669,342,327,6,2,4,170,93,77,13,6,7
0.0 Scen,2035,263,Kent County,853,440,413,664,339,325,6,2,4,170,93,77,13,6,7
0.0 Scen,2036,263,Kent County,850,438,412,660,336,324,6,2,4,171,94,77,13,6,7
0.0 Scen,2037,263,Kent County,851,439,412,659,336,323,6,2,4,173,95,78,13,6,7
0.0 Scen,2038,263,Kent County,849,438,411,656,334,322,6,2,4,174,96,78,13,6,7
0.0 Scen,2039,263,Kent County,847,439,408,652,334,318,6,2,4,176,97,79,13,6,7
0.0 Scen,2040,263,Kent County,843,437,406,646,331,315,6,2,4,178,98,80,13,6,7
0.0 Scen,2041,263,Kent County,839,434,405,640,327,313,6,2,4,180,99,81,13,6,7
0.0 Scen,2042,263,Kent County,837,433,404,637,326,311,6,2,4,181,99,82,13,6,7
0.0 Scen,2043,263,Kent County,833,431,402,633,324,309,6,2,4,181,99,82,13,6,7
0.0 Scen,2044,263,Kent County,835,432,403,634,325,309,6,2,4,182,99,83,13,6,7
0.0 Scen,2045,263,Kent County,833,430,403,631,323,308,6,2,4,183,99,84,13,6,7
0.0 Scen,2046,263,Kent County,829,428,401,627,321,306,6,2,4,183,99,84,13,6,7
0.0 Scen,2047,263,Kent County,828,428,400,625,321,304,6,2,4,184,99,85,13,6,7
0.0 Scen,2048,263,Kent County,824,426,398,620,319,301,6,2,4,185,99,86,13,6,7
0.0 Scen,2049,263,Kent County,824,426,398,618,318,300,6,2,4,187,100,87,13,6,7
0.0 Scen,2050,263,Kent County,825,427,398,617,318,299,6,2,4,189,101,88,13,6,7
0.0 Scen,2010,265,Kerr County,49625,24068,25557,35851,17086,18765,739,437,302,11895,5999,5896,1140,546,594
0.0 Scen,2011,265,Kerr County,49472,23989,25483,35511,16914,18597,746,441,305,12069,6085,5984,1146,549,597
0.0 Scen,2012,265,Kerr County,49337,23917,25420,35187,16746,18441,752,446,306,12246,6172,6074,1152,553,599
0.0 Scen,2013,265,Kerr County,49225,23853,25372,34883,16590,18293,760,450,310,12422,6256,6166,1160,557,603
0.0 Scen,2014,265,Kerr County,49126,23803,25323,34580,16440,18140,764,452,312,12613,6349,6264,1169,562,607
0.0 Scen,2015,265,Kerr County,49022,23746,25276,34281,16291,17990,771,456,315,12790,6433,6357,1180,566,614
0.0 Scen,2016,265,Kerr County,48927,23707,25220,33990,16154,17836,780,462,318,12968,6519,6449,1189,572,617
0.0 Scen,2017,265,Kerr County,48836,23662,25174,33703,16019,17684,789,465,324,13146,6602,6544,1198,576,622
0.0 Scen,2018,265,Kerr County,48740,23616,25124,33405,15874,17531,794,467,327,13332,6691,6641,1209,584,625
0.0 Scen,2019,265,Kerr County,48634,23573,25061,33115,15742,17373,800,471,329,13501,6772,6729,1218,588,630
0.0 Scen,2020,265,Kerr County,48544,23534,25010,32827,15605,17222,806,474,332,13686,6863,6823,1225,592,633
0.0 Scen,2021,265,Kerr County,48465,23505,24960,32549,15476,17073,813,478,335,13868,6952,6916,1235,599,636
0.0 Scen,2022,265,Kerr County,48384,23478,24906,32270,15349,16921,820,482,338,14056,7045,7011,1238,602,636
0.0 Scen,2023,265,Kerr County,48310,23460,24850,31988,15223,16765,828,487,341,14240,7140,7100,1254,610,644
0.0 Scen,2024,265,Kerr County,48221,23433,24788,31705,15096,16609,832,489,343,14422,7233,7189,1262,615,647
0.0 Scen,2025,265,Kerr County,48131,23403,24728,31420,14966,16454,833,489,344,14606,7328,7278,1272,620,652
0.0 Scen,2026,265,Kerr County,48044,23375,24669,31133,14837,16296,836,491,345,14791,7420,7371,1284,627,657
0.0 Scen,2027,265,Kerr County,47955,23347,24608,30848,14710,16138,840,493,347,14971,7511,7460,1296,633,663
0.0 Scen,2028,265,Kerr County,47852,23316,24536,30554,14579,15975,844,495,349,15151,7604,7547,1303,638,665
0.0 Scen,2029,265,Kerr County,47755,23287,24468,30261,14449,15812,846,495,351,15331,7696,7635,1317,647,670
0.0 Scen,2030,265,Kerr County,47648,23248,24400,29959,14312,15647,851,499,352,15508,7783,7725,1330,654,676
0.0 Scen,2031,265,Kerr County,47543,23217,24326,29664,14186,15478,853,499,354,15691,7876,7815,1335,656,679
0.0 Scen,2032,265,Kerr County,47434,23184,24250,29371,14057,15314,856,501,355,15866,7966,7900,1341,660,681
0.0 Scen,2033,265,Kerr County,47327,23152,24175,29085,13933,15152,857,500,357,16038,8054,7984,1347,665,682
0.0 Scen,2034,265,Kerr County,47207,23109,24098,28791,13803,14988,854,497,357,16209,8140,8069,1353,669,684
0.0 Scen,2035,265,Kerr County,47105,23075,24030,28529,13693,14836,852,494,358,16367,8217,8150,1357,671,686
0.0 Scen,2036,265,Kerr County,47008,23050,23958,28266,13579,14687,853,495,358,16526,8300,8226,1363,676,687
0.0 Scen,2037,265,Kerr County,46904,23014,23890,28009,13468,14541,851,492,359,16676,8375,8301,1368,679,689
0.0 Scen,2038,265,Kerr County,46835,22997,23838,27782,13373,14409,849,490,359,16829,8451,8378,1375,683,692
0.0 Scen,2039,265,Kerr County,46757,22977,23780,27556,13282,14274,842,484,358,16984,8531,8453,1375,680,695
0.0 Scen,2040,265,Kerr County,46701,22967,23734,27348,13198,14150,844,483,361,17132,8604,8528,1377,682,695
0.0 Scen,2041,265,Kerr County,46649,22953,23696,27156,13118,14038,839,476,363,17278,8678,8600,1376,681,695
0.0 Scen,2042,265,Kerr County,46604,22952,23652,26970,13046,13924,836,473,363,17424,8752,8672,1374,681,693
0.0 Scen,2043,265,Kerr County,46558,22944,23614,26788,12972,13816,835,472,363,17565,8822,8743,1370,678,692
0.0 Scen,2044,265,Kerr County,46515,22950,23565,26619,12916,13703,832,471,361,17697,8886,8811,1367,677,690
0.0 Scen,2045,265,Kerr County,46468,22937,23531,26456,12851,13605,828,466,362,17821,8946,8875,1363,674,689
0.0 Scen,2046,265,Kerr County,46442,22942,23500,26307,12798,13509,823,461,362,17951,9008,8943,1361,675,686
0.0 Scen,2047,265,Kerr County,46427,22952,23475,26170,12750,13420,820,458,362,18081,9072,9009,1356,672,684
0.0 Scen,2048,265,Kerr County,46410,22961,23449,26035,12704,13331,816,454,362,18208,9134,9074,1351,669,682
0.0 Scen,2049,265,Kerr County,46409,22983,23426,25915,12664,13251,813,453,360,18335,9199,9136,1346,667,679
0.0 Scen,2050,265,Kerr County,46410,23000,23410,25804,12625,13179,811,451,360,18457,9261,9196,1338,663,675
0.0 Scen,2010,267,Kimble County,4607,2281,2326,3450,1686,1764,16,12,4,1077,550,527,64,33,31
0.0 Scen,2011,267,Kimble County,4604,2277,2327,3432,1673,1759,16,12,4,1092,559,533,64,33,31
0.0 Scen,2012,267,Kimble County,4599,2275,2324,3412,1663,1749,16,12,4,1107,567,540,64,33,31
0.0 Scen,2013,267,Kimble County,4589,2269,2320,3384,1647,1737,16,12,4,1124,576,548,65,34,31
0.0 Scen,2014,267,Kimble County,4578,2260,2318,3358,1631,1727,16,12,4,1139,583,556,65,34,31
0.0 Scen,2015,267,Kimble County,4576,2261,2315,3338,1622,1716,16,12,4,1156,592,564,66,35,31
0.0 Scen,2016,267,Kimble County,4564,2256,2308,3308,1607,1701,16,12,4,1174,602,572,66,35,31
0.0 Scen,2017,267,Kimble County,4554,2251,2303,3283,1594,1689,16,12,4,1190,611,579,65,34,31
0.0 Scen,2018,267,Kimble County,4550,2252,2298,3259,1585,1674,16,12,4,1210,621,589,65,34,31
0.0 Scen,2019,267,Kimble County,4552,2256,2296,3243,1579,1664,16,12,4,1228,631,597,65,34,31
0.0 Scen,2020,267,Kimble County,4549,2255,2294,3220,1568,1652,16,12,4,1248,641,607,65,34,31
0.0 Scen,2021,267,Kimble County,4551,2256,2295,3198,1556,1642,16,12,4,1272,654,618,65,34,31
0.0 Scen,2022,267,Kimble County,4552,2255,2297,3176,1544,1632,16,12,4,1295,665,630,65,34,31
0.0 Scen,2023,267,Kimble County,4554,2256,2298,3156,1533,1623,16,12,4,1317,677,640,65,34,31
0.0 Scen,2024,267,Kimble County,4559,2262,2297,3139,1525,1614,16,12,4,1339,691,648,65,34,31
0.0 Scen,2025,267,Kimble County,4558,2262,2296,3118,1514,1604,16,12,4,1359,702,657,65,34,31
0.0 Scen,2026,267,Kimble County,4559,2261,2298,3096,1504,1592,16,12,4,1382,711,671,65,34,31
0.0 Scen,2027,267,Kimble County,4556,2262,2294,3076,1495,1581,16,12,4,1399,721,678,65,34,31
0.0 Scen,2028,267,Kimble County,4557,2261,2296,3053,1483,1570,16,12,4,1423,732,691,65,34,31
0.0 Scen,2029,267,Kimble County,4555,2262,2293,3030,1472,1558,16,12,4,1444,744,700,65,34,31
0.0 Scen,2030,267,Kimble County,4547,2260,2287,3004,1461,1543,16,12,4,1463,754,709,64,33,31
0.0 Scen,2031,267,Kimble County,4544,2260,2284,2982,1451,1531,16,12,4,1482,764,718,64,33,31
0.0 Scen,2032,267,Kimble County,4535,2256,2279,2957,1439,1518,16,12,4,1498,772,726,64,33,31
0.0 Scen,2033,267,Kimble County,4523,2249,2274,2930,1425,1505,16,12,4,1514,780,734,63,32,31
0.0 Scen,2034,267,Kimble County,4512,2245,2267,2902,1412,1490,16,12,4,1532,790,742,62,31,31
0.0 Scen,2035,267,Kimble County,4500,2241,2259,2877,1402,1475,16,12,4,1545,796,749,62,31,31
0.0 Scen,2036,267,Kimble County,4489,2237,2252,2850,1391,1459,16,12,4,1561,803,758,62,31,31
0.0 Scen,2037,267,Kimble County,4476,2234,2242,2822,1380,1442,16,12,4,1576,811,765,62,31,31
0.0 Scen,2038,267,Kimble County,4467,2230,2237,2799,1370,1429,16,12,4,1591,818,773,61,30,31
0.0 Scen,2039,267,Kimble County,4460,2228,2232,2778,1362,1416,16,12,4,1606,825,781,60,29,31
0.0 Scen,2040,267,Kimble County,4448,2225,2223,2755,1352,1403,16,12,4,1619,833,786,58,28,30
0.0 Scen,2041,267,Kimble County,4446,2226,2220,2739,1347,1392,16,12,4,1635,840,795,56,27,29
0.0 Scen,2042,267,Kimble County,4437,2227,2210,2720,1343,1377,16,12,4,1647,846,801,54,26,28
0.0 Scen,2043,267,Kimble County,4436,2227,2209,2707,1338,1369,16,12,4,1661,852,809,52,25,27
0.0 Scen,2044,267,Kimble County,4439,2232,2207,2697,1337,1360,16,12,4,1676,859,817,50,24,26
0.0 Scen,2045,267,Kimble County,4437,2234,2203,2681,1332,1349,16,12,4,1692,867,825,48,23,25
0.0 Scen,2046,267,Kimble County,4444,2239,2205,2675,1331,1344,16,12,4,1706,874,832,47,22,25
0.0 Scen,2047,267,Kimble County,4445,2241,2204,2661,1326,1335,16,12,4,1723,882,841,45,21,24
0.0 Scen,2048,267,Kimble County,4446,2241,2205,2648,1319,1329,17,13,4,1738,889,849,43,20,23
0.0 Scen,2049,267,Kimble County,4451,2242,2209,2637,1312,1325,17,13,4,1755,897,858,42,20,22
0.0 Scen,2050,267,Kimble County,4454,2246,2208,2625,1309,1316,17,13,4,1770,904,866,42,20,22
0.0 Scen,2010,269,King County,286,141,145,242,115,127,0,0,0,39,24,15,5,2,3
0.0 Scen,2011,269,King County,287,142,145,243,116,127,0,0,0,39,24,15,5,2,3
0.0 Scen,2012,269,King County,288,143,145,244,117,127,0,0,0,39,24,15,5,2,3
0.0 Scen,2013,269,King County,290,144,146,246,118,128,0,0,0,39,24,15,5,2,3
0.0 Scen,2014,269,King County,292,145,147,248,119,129,0,0,0,39,24,15,5,2,3
0.0 Scen,2015,269,King County,293,145,148,249,119,130,0,0,0,39,24,15,5,2,3
0.0 Scen,2016,269,King County,294,145,149,250,119,131,0,0,0,39,24,15,5,2,3
0.0 Scen,2017,269,King County,294,145,149,250,119,131,0,0,0,39,24,15,5,2,3
0.0 Scen,2018,269,King County,299,146,153,254,120,134,0,0,0,40,24,16,5,2,3
0.0 Scen,2019,269,King County,299,146,153,253,119,134,0,0,0,41,25,16,5,2,3
0.0 Scen,2020,269,King County,300,146,154,253,119,134,0,0,0,42,25,17,5,2,3
0.0 Scen,2021,269,King County,299,148,151,251,120,131,0,0,0,43,26,17,5,2,3
0.0 Scen,2022,269,King County,302,149,153,253,121,132,0,0,0,44,26,18,5,2,3
0.0 Scen,2023,269,King County,305,152,153,255,123,132,0,0,0,45,27,18,5,2,3
0.0 Scen,2024,269,King County,305,152,153,255,123,132,0,0,0,45,27,18,5,2,3
0.0 Scen,2025,269,King County,308,153,155,258,124,134,0,0,0,45,27,18,5,2,3
0.0 Scen,2026,269,King County,310,153,157,260,124,136,0,0,0,45,27,18,5,2,3
0.0 Scen,2027,269,King County,313,156,157,263,127,136,0,0,0,45,27,18,5,2,3
0.0 Scen,2028,269,King County,314,156,158,264,127,137,0,0,0,45,27,18,5,2,3
0.0 Scen,2029,269,King County,315,157,158,265,128,137,0,0,0,45,27,18,5,2,3
0.0 Scen,2030,269,King County,316,157,159,266,128,138,0,0,0,45,27,18,5,2,3
0.0 Scen,2031,269,King County,317,158,159,267,129,138,0,0,0,45,27,18,5,2,3
0.0 Scen,2032,269,King County,317,157,160,267,128,139,0,0,0,45,27,18,5,2,3
0.0 Scen,2033,269,King County,317,157,160,267,128,139,0,0,0,45,27,18,5,2,3
0.0 Scen,2034,269,King County,317,157,160,267,128,139,0,0,0,45,27,18,5,2,3
0.0 Scen,2035,269,King County,317,157,160,267,128,139,0,0,0,45,27,18,5,2,3
0.0 Scen,2036,269,King County,316,156,160,266,127,139,0,0,0,45,27,18,5,2,3
0.0 Scen,2037,269,King County,316,156,160,266,127,139,0,0,0,45,27,18,5,2,3
0.0 Scen,2038,269,King County,315,155,160,265,126,139,0,0,0,45,27,18,5,2,3
0.0 Scen,2039,269,King County,314,154,160,264,125,139,0,0,0,45,27,18,5,2,3
0.0 Scen,2040,269,King County,313,153,160,263,124,139,0,0,0,45,27,18,5,2,3
0.0 Scen,2041,269,King County,311,152,159,261,123,138,0,0,0,45,27,18,5,2,3
0.0 Scen,2042,269,King County,307,150,157,257,121,136,0,0,0,45,27,18,5,2,3
0.0 Scen,2043,269,King County,305,149,156,255,120,135,0,0,0,45,27,18,5,2,3
0.0 Scen,2044,269,King County,302,146,156,252,117,135,0,0,0,45,27,18,5,2,3
0.0 Scen,2045,269,King County,299,145,154,249,116,133,0,0,0,45,27,18,5,2,3
0.0 Scen,2046,269,King County,297,144,153,247,115,132,0,0,0,45,27,18,5,2,3
0.0 Scen,2047,269,King County,294,143,151,244,114,130,0,0,0,45,27,18,5,2,3
0.0 Scen,2048,269,King County,293,142,151,243,113,130,0,0,0,45,27,18,5,2,3
0.0 Scen,2049,269,King County,289,140,149,240,112,128,0,0,0,44,26,18,5,2,3
0.0 Scen,2050,269,King County,286,138,148,238,111,127,0,0,0,43,25,18,5,2,3
0.0 Scen,2010,271,Kinney County,3598,1955,1643,1496,749,747,39,21,18,2004,1153,851,59,32,27
0.0 Scen,2011,271,Kinney County,3606,1956,1650,1482,739,743,39,21,18,2026,1164,862,59,32,27
0.0 Scen,2012,271,Kinney County,3614,1957,1657,1467,728,739,39,21,18,2049,1176,873,59,32,27
0.0 Scen,2013,271,Kinney County,3619,1959,1660,1450,717,733,39,21,18,2071,1189,882,59,32,27
0.0 Scen,2014,271,Kinney County,3629,1962,1667,1436,707,729,39,21,18,2095,1202,893,59,32,27
0.0 Scen,2015,271,Kinney County,3636,1963,1673,1416,694,722,39,21,18,2123,1217,906,58,31,27
0.0 Scen,2016,271,Kinney County,3647,1967,1680,1396,681,715,39,21,18,2154,1234,920,58,31,27
0.0 Scen,2017,271,Kinney County,3654,1971,1683,1376,671,705,39,21,18,2181,1248,933,58,31,27
0.0 Scen,2018,271,Kinney County,3665,1978,1687,1361,664,697,39,21,18,2207,1262,945,58,31,27
0.0 Scen,2019,271,Kinney County,3672,1979,1693,1344,652,692,39,21,18,2232,1275,957,57,31,26
0.0 Scen,2020,271,Kinney County,3686,1985,1701,1332,644,688,39,21,18,2258,1289,969,57,31,26
0.0 Scen,2021,271,Kinney County,3693,1989,1704,1314,634,680,39,21,18,2283,1303,980,57,31,26
0.0 Scen,2022,271,Kinney County,3702,1993,1709,1298,625,673,39,21,18,2308,1316,992,57,31,26
0.0 Scen,2023,271,Kinney County,3711,1997,1714,1284,617,667,39,21,18,2331,1328,1003,57,31,26
0.0 Scen,2024,271,Kinney County,3714,2000,1714,1264,608,656,38,20,18,2355,1341,1014,57,31,26
0.0 Scen,2025,271,Kinney County,3718,2003,1715,1248,599,649,37,19,18,2376,1354,1022,57,31,26
0.0 Scen,2026,271,Kinney County,3724,2008,1716,1234,593,641,37,19,18,2396,1365,1031,57,31,26
0.0 Scen,2027,271,Kinney County,3733,2016,1717,1218,586,632,37,19,18,2421,1380,1041,57,31,26
0.0 Scen,2028,271,Kinney County,3738,2023,1715,1203,580,623,37,19,18,2441,1393,1048,57,31,26
0.0 Scen,2029,271,Kinney County,3741,2028,1713,1185,572,613,37,19,18,2462,1406,1056,57,31,26
0.0 Scen,2030,271,Kinney County,3749,2032,1717,1168,565,603,37,19,18,2486,1417,1069,58,31,27
0.0 Scen,2031,271,Kinney County,3750,2031,1719,1154,559,595,37,19,18,2501,1422,1079,58,31,27
0.0 Scen,2032,271,Kinney County,3754,2036,1718,1138,554,584,36,18,18,2522,1433,1089,58,31,27
0.0 Scen,2033,271,Kinney County,3754,2037,1717,1123,548,575,35,18,17,2540,1441,1099,56,30,26
0.0 Scen,2034,271,Kinney County,3757,2040,1717,1107,541,566,34,18,16,2561,1452,1109,55,29,26
0.0 Scen,2035,271,Kinney County,3762,2043,1719,1095,536,559,33,18,15,2580,1460,1120,54,29,25
0.0 Scen,2036,271,Kinney County,3768,2048,1720,1085,534,551,32,17,15,2597,1468,1129,54,29,25
0.0 Scen,2037,271,Kinney County,3775,2055,1720,1075,531,544,32,17,15,2614,1478,1136,54,29,25
0.0 Scen,2038,271,Kinney County,3775,2057,1718,1062,528,534,31,16,15,2629,1485,1144,53,28,25
0.0 Scen,2039,271,Kinney County,3777,2057,1720,1051,524,527,29,15,14,2645,1491,1154,52,27,25
0.0 Scen,2040,271,Kinney County,3782,2060,1722,1038,518,520,28,15,13,2665,1500,1165,51,27,24
0.0 Scen,2041,271,Kinney County,3786,2063,1723,1029,514,515,27,14,13,2680,1508,1172,50,27,23
0.0 Scen,2042,271,Kinney County,3790,2067,1723,1017,510,507,25,13,12,2700,1518,1182,48,26,22
0.0 Scen,2043,271,Kinney County,3803,2075,1728,1011,507,504,25,13,12,2721,1530,1191,46,25,21
0.0 Scen,2044,271,Kinney County,3815,2080,1735,1005,505,500,25,13,12,2740,1538,1202,45,24,21
0.0 Scen,2045,271,Kinney County,3824,2081,1743,999,501,498,24,12,12,2756,1544,1212,45,24,21
0.0 Scen,2046,271,Kinney County,3834,2085,1749,994,501,493,24,12,12,2771,1548,1223,45,24,21
0.0 Scen,2047,271,Kinney County,3847,2090,1757,992,500,492,24,13,11,2786,1553,1233,45,24,21
0.0 Scen,2048,271,Kinney County,3853,2091,1762,984,496,488,24,13,11,2800,1558,1242,45,24,21
0.0 Scen,2049,271,Kinney County,3865,2096,1769,981,496,485,24,13,11,2815,1563,1252,45,24,21
0.0 Scen,2050,271,Kinney County,3874,2096,1778,977,494,483,24,13,11,2829,1566,1263,44,23,21
0.0 Scen,2010,273,Kleberg County,32061,16337,15724,7479,3961,3518,1070,621,449,22495,11183,11312,1017,572,445
0.0 Scen,2011,273,Kleberg County,32439,16533,15906,7508,3977,3531,1083,628,455,22809,11343,11466,1039,585,454
0.0 Scen,2012,273,Kleberg County,32767,16693,16074,7521,3980,3541,1099,637,462,23092,11483,11609,1055,593,462
0.0 Scen,2013,273,Kleberg County,33083,16845,16238,7528,3980,3548,1112,643,469,23365,11617,11748,1078,605,473
0.0 Scen,2014,273,Kleberg County,33382,16998,16384,7528,3978,3550,1126,650,476,23637,11759,11878,1091,611,480
0.0 Scen,2015,273,Kleberg County,33670,17142,16528,7519,3971,3548,1141,658,483,23909,11896,12013,1101,617,484
0.0 Scen,2016,273,Kleberg County,34014,17311,16703,7520,3967,3553,1157,667,490,24223,12055,12168,1114,622,492
0.0 Scen,2017,273,Kleberg County,34355,17486,16869,7519,3965,3554,1175,678,497,24531,12214,12317,1130,629,501
0.0 Scen,2018,273,Kleberg County,34721,17656,17065,7530,3960,3570,1190,684,506,24853,12375,12478,1148,637,511
0.0 Scen,2019,273,Kleberg County,35083,17833,17250,7537,3961,3576,1210,694,516,25166,12530,12636,1170,648,522
0.0 Scen,2020,273,Kleberg County,35447,18020,17427,7552,3967,3585,1230,704,526,25482,12694,12788,1183,655,528
0.0 Scen,2021,273,Kleberg County,35775,18189,17586,7558,3969,3589,1248,712,536,25770,12845,12925,1199,663,536
0.0 Scen,2022,273,Kleberg County,36091,18346,17745,7558,3967,3591,1263,721,542,26059,12988,13071,1211,670,541
0.0 Scen,2023,273,Kleberg County,36414,18503,17911,7552,3961,3591,1275,726,549,26361,13138,13223,1226,678,548
0.0 Scen,2024,273,Kleberg County,36743,18672,18071,7551,3960,3591,1287,731,556,26664,13295,13369,1241,686,555
0.0 Scen,2025,273,Kleberg County,37072,18838,18234,7540,3954,3586,1303,738,565,26971,13451,13520,1258,695,563
0.0 Scen,2026,273,Kleberg County,37404,19012,18392,7539,3951,3588,1314,745,569,27278,13613,13665,1273,703,570
0.0 Scen,2027,273,Kleberg County,37724,19166,18558,7531,3943,3588,1323,747,576,27585,13767,13818,1285,709,576
0.0 Scen,2028,273,Kleberg County,38055,19342,18713,7526,3944,3582,1336,754,582,27894,13928,13966,1299,716,583
0.0 Scen,2029,273,Kleberg County,38389,19515,18874,7518,3942,3576,1345,758,587,28218,14093,14125,1308,722,586
0.0 Scen,2030,273,Kleberg County,38711,19677,19034,7504,3933,3571,1353,762,591,28537,14256,14281,1317,726,591
0.0 Scen,2031,273,Kleberg County,39036,19837,19199,7501,3929,3572,1364,767,597,28843,14409,14434,1328,732,596
0.0 Scen,2032,273,Kleberg County,39365,20004,19361,7493,3924,3569,1376,773,603,29156,14569,14587,1340,738,602
0.0 Scen,2033,273,Kleberg County,39705,20176,19529,7493,3923,3570,1389,779,610,29473,14731,14742,1350,743,607
0.0 Scen,2034,273,Kleberg County,40038,20347,19691,7494,3924,3570,1401,784,617,29789,14893,14896,1354,746,608
0.0 Scen,2035,273,Kleberg County,40369,20513,19856,7493,3920,3573,1415,792,623,30102,15053,15049,1359,748,611
0.0 Scen,2036,273,Kleberg County,40705,20681,20024,7500,3925,3575,1425,795,630,30414,15211,15203,1366,750,616
0.0 Scen,2037,273,Kleberg County,41044,20856,20188,7503,3928,3575,1438,802,636,30725,15371,15354,1378,755,623
0.0 Scen,2038,273,Kleberg County,41383,21025,20358,7509,3931,3578,1448,806,642,31038,15528,15510,1388,760,628
0.0 Scen,2039,273,Kleberg County,41736,21207,20529,7520,3936,3584,1467,818,649,31351,15688,15663,1398,765,633
0.0 Scen,2040,273,Kleberg County,42082,21385,20697,7529,3942,3587,1477,822,655,31666,15849,15817,1410,772,638
0.0 Scen,2041,273,Kleberg County,42430,21562,20868,7541,3948,3593,1492,830,662,31975,16005,15970,1422,779,643
0.0 Scen,2042,273,Kleberg County,42771,21734,21037,7549,3953,3596,1506,838,668,32283,16160,16123,1433,783,650
0.0 Scen,2043,273,Kleberg County,43120,21912,21208,7561,3957,3604,1521,847,674,32595,16320,16275,1443,788,655
0.0 Scen,2044,273,Kleberg County,43483,22099,21384,7583,3972,3611,1535,853,682,32907,16479,16428,1458,795,663
0.0 Scen,2045,273,Kleberg County,43832,22276,21556,7594,3979,3615,1546,857,689,33221,16638,16583,1471,802,669
0.0 Scen,2046,273,Kleberg County,44178,22452,21726,7600,3983,3617,1564,868,696,33534,16797,16737,1480,804,676
0.0 Scen,2047,273,Kleberg County,44532,22635,21897,7613,3993,3620,1576,872,704,33850,16958,16892,1493,812,681
0.0 Scen,2048,273,Kleberg County,44892,22815,22077,7630,4003,3627,1591,878,713,34167,17117,17050,1504,817,687
0.0 Scen,2049,273,Kleberg County,45249,23001,22248,7652,4017,3635,1600,884,716,34485,17278,17207,1512,822,690
0.0 Scen,2050,273,Kleberg County,45605,23181,22424,7665,4026,3639,1614,892,722,34805,17438,17367,1521,825,696
0.0 Scen,2010,275,Knox County,3719,1835,1884,2347,1142,1205,209,98,111,1101,559,542,62,36,26
0.0 Scen,2011,275,Knox County,3730,1843,1887,2336,1139,1197,211,99,112,1121,569,552,62,36,26
0.0 Scen,2012,275,Knox County,3742,1854,1888,2326,1139,1187,212,99,113,1142,580,562,62,36,26
0.0 Scen,2013,275,Knox County,3760,1868,1892,2320,1140,1180,214,101,113,1164,591,573,62,36,26
0.0 Scen,2014,275,Knox County,3767,1874,1893,2306,1135,1171,217,102,115,1183,602,581,61,35,26
0.0 Scen,2015,275,Knox County,3784,1883,1901,2300,1133,1167,220,104,116,1203,611,592,61,35,26
0.0 Scen,2016,275,Knox County,3795,1892,1903,2288,1129,1159,224,107,117,1222,621,601,61,35,26
0.0 Scen,2017,275,Knox County,3815,1907,1908,2283,1130,1153,226,109,117,1245,633,612,61,35,26
0.0 Scen,2018,275,Knox County,3838,1921,1917,2278,1129,1149,229,111,118,1269,646,623,62,35,27
0.0 Scen,2019,275,Knox County,3862,1930,1932,2273,1126,1147,233,112,121,1294,657,637,62,35,27
0.0 Scen,2020,275,Knox County,3884,1940,1944,2271,1124,1147,232,112,120,1319,669,650,62,35,27
0.0 Scen,2021,275,Knox County,3901,1952,1949,2262,1120,1142,234,114,120,1342,682,660,63,36,27
0.0 Scen,2022,275,Knox County,3923,1964,1959,2261,1119,1142,237,116,121,1362,693,669,63,36,27
0.0 Scen,2023,275,Knox County,3954,1979,1975,2261,1119,1142,241,118,123,1388,705,683,64,37,27
0.0 Scen,2024,275,Knox County,3980,1994,1986,2258,1120,1138,246,120,126,1411,717,694,65,37,28
0.0 Scen,2025,275,Knox County,4008,2013,1995,2259,1122,1137,249,122,127,1434,731,703,66,38,28
0.0 Scen,2026,275,Knox County,4036,2028,2008,2255,1120,1135,256,127,129,1458,743,715,67,38,29
0.0 Scen,2027,275,Knox County,4067,2046,2021,2256,1122,1134,259,129,130,1483,755,728,69,40,29
0.0 Scen,2028,275,Knox County,4092,2060,2032,2250,1120,1130,261,129,132,1511,771,740,70,40,30
0.0 Scen,2029,275,Knox County,4117,2074,2043,2249,1119,1130,262,129,133,1535,785,750,71,41,30
0.0 Scen,2030,275,Knox County,4145,2088,2057,2249,1119,1130,262,129,133,1562,799,763,72,41,31
0.0 Scen,2031,275,Knox County,4174,2102,2072,2248,1118,1130,262,129,133,1591,813,778,73,42,31
0.0 Scen,2032,275,Knox County,4205,2118,2087,2250,1118,1132,263,130,133,1618,828,790,74,42,32
0.0 Scen,2033,275,Knox County,4238,2135,2103,2256,1120,1136,264,131,133,1643,841,802,75,43,32
0.0 Scen,2034,275,Knox County,4265,2147,2118,2256,1118,1138,264,131,133,1669,855,814,76,43,33
0.0 Scen,2035,275,Knox County,4291,2160,2131,2256,1117,1139,264,131,133,1694,868,826,77,44,33
0.0 Scen,2036,275,Knox County,4313,2171,2142,2253,1116,1137,264,131,133,1718,880,838,78,44,34
0.0 Scen,2037,275,Knox County,4339,2185,2154,2252,1116,1136,264,131,133,1744,893,851,79,45,34
0.0 Scen,2038,275,Knox County,4358,2194,2164,2248,1114,1134,265,132,133,1764,903,861,81,45,36
0.0 Scen,2039,275,Knox County,4386,2207,2179,2251,1114,1137,265,132,133,1788,915,873,82,46,36
0.0 Scen,2040,275,Knox County,4410,2218,2192,2253,1117,1136,265,131,134,1809,924,885,83,46,37
0.0 Scen,2041,275,Knox County,4433,2229,2204,2253,1116,1137,265,132,133,1831,934,897,84,47,37
0.0 Scen,2042,275,Knox County,4458,2241,2217,2256,1119,1137,265,131,134,1852,944,908,85,47,38
0.0 Scen,2043,275,Knox County,4485,2256,2229,2261,1122,1139,266,132,134,1872,954,918,86,48,38
0.0 Scen,2044,275,Knox County,4515,2272,2243,2265,1126,1139,268,133,135,1896,965,931,86,48,38
0.0 Scen,2045,275,Knox County,4547,2290,2257,2273,1130,1143,270,136,134,1918,976,942,86,48,38
0.0 Scen,2046,275,Knox County,4576,2305,2271,2277,1133,1144,273,138,135,1940,986,954,86,48,38
0.0 Scen,2047,275,Knox County,4603,2322,2281,2281,1136,1145,274,140,134,1962,998,964,86,48,38
0.0 Scen,2048,275,Knox County,4627,2331,2296,2281,1135,1146,275,140,135,1986,1009,977,85,47,38
0.0 Scen,2049,275,Knox County,4651,2344,2307,2280,1134,1146,275,141,134,2011,1022,989,85,47,38
0.0 Scen,2050,275,Knox County,4680,2358,2322,2287,1139,1148,274,139,135,2034,1033,1001,85,47,38
0.0 Scen,2010,277,Lamar County,49793,24044,25749,37891,18362,19529,6628,3061,3567,3223,1661,1562,2051,960,1091
0.0 Scen,2011,277,Lamar County,49941,24123,25818,37893,18368,19525,6686,3089,3597,3284,1692,1592,2078,974,1104
0.0 Scen,2012,277,Lamar County,50125,24225,25900,37919,18387,19532,6747,3122,3625,3349,1726,1623,2110,990,1120
0.0 Scen,2013,277,Lamar County,50303,24326,25977,37947,18411,19536,6800,3149,3651,3417,1760,1657,2139,1006,1133
0.0 Scen,2014,277,Lamar County,50484,24424,26060,37973,18435,19538,6855,3173,3682,3485,1794,1691,2171,1022,1149
0.0 Scen,2015,277,Lamar County,50665,24526,26139,38004,18462,19542,6902,3197,3705,3555,1829,1726,2204,1038,1166
0.0 Scen,2016,277,Lamar County,50844,24631,26213,38031,18489,19542,6950,3220,3730,3625,1866,1759,2238,1056,1182
0.0 Scen,2017,277,Lamar County,51030,24736,26294,38053,18511,19542,7000,3245,3755,3700,1906,1794,2277,1074,1203
0.0 Scen,2018,277,Lamar County,51187,24831,26356,38062,18524,19538,7042,3270,3772,3775,1945,1830,2308,1092,1216
0.0 Scen,2019,277,Lamar County,51371,24937,26434,38085,18546,19539,7087,3293,3794,3851,1985,1866,2348,1113,1235
0.0 Scen,2020,277,Lamar County,51527,25020,26507,38092,18554,19538,7124,3313,3811,3927,2023,1904,2384,1130,1254
0.0 Scen,2021,277,Lamar County,51699,25118,26581,38106,18568,19538,7159,3334,3825,4011,2067,1944,2423,1149,1274
0.0 Scen,2022,277,Lamar County,51858,25205,26653,38101,18574,19527,7197,3351,3846,4098,2111,1987,2462,1169,1293
0.0 Scen,2023,277,Lamar County,52013,25293,26720,38089,18574,19515,7236,3373,3863,4183,2156,2027,2505,1190,1315
0.0 Scen,2024,277,Lamar County,52147,25371,26776,38061,18568,19493,7271,3392,3879,4276,2202,2074,2539,1209,1330
0.0 Scen,2025,277,Lamar County,52275,25447,26828,38027,18559,19468,7306,3412,3894,4362,2248,2114,2580,1228,1352
0.0 Scen,2026,277,Lamar County,52396,25517,26879,37979,18540,19439,7342,3431,3911,4460,2299,2161,2615,1247,1368
0.0 Scen,2027,277,Lamar County,52482,25565,26917,37905,18507,19398,7374,3447,3927,4557,2348,2209,2646,1263,1383
0.0 Scen,2028,277,Lamar County,52575,25617,26958,37823,18470,19353,7403,3462,3941,4659,2398,2261,2690,1287,1403
0.0 Scen,2029,277,Lamar County,52661,25674,26987,37746,18441,19305,7431,3478,3953,4761,2452,2309,2723,1303,1420
0.0 Scen,2030,277,Lamar County,52728,25718,27010,37646,18399,19247,7461,3495,3966,4859,2499,2360,2762,1325,1437
0.0 Scen,2031,277,Lamar County,52785,25751,27034,37538,18348,19190,7483,3508,3975,4963,2551,2412,2801,1344,1457
0.0 Scen,2032,277,Lamar County,52839,25789,27050,37432,18301,19131,7512,3527,3985,5060,2600,2460,2835,1361,1474
0.0 Scen,2033,277,Lamar County,52885,25816,27069,37319,18250,19069,7538,3539,3999,5159,2649,2510,2869,1378,1491
0.0 Scen,2034,277,Lamar County,52906,25837,27069,37194,18195,18999,7565,3554,4011,5249,2692,2557,2898,1396,1502
0.0 Scen,2035,277,Lamar County,52956,25868,27088,37088,18146,18942,7592,3572,4020,5339,2736,2603,2937,1414,1523
0.0 Scen,2036,277,Lamar County,52987,25892,27095,36978,18096,18882,7621,3588,4033,5423,2778,2645,2965,1430,1535
0.0 Scen,2037,277,Lamar County,53019,25919,27100,36872,18051,18821,7646,3604,4042,5505,2817,2688,2996,1447,1549
0.0 Scen,2038,277,Lamar County,53051,25945,27106,36764,18004,18760,7676,3625,4051,5589,2855,2734,3022,1461,1561
0.0 Scen,2039,277,Lamar County,53085,25977,27108,36665,17967,18698,7693,3637,4056,5675,2896,2779,3052,1477,1575
0.0 Scen,2040,277,Lamar County,53121,26002,27119,36563,17921,18642,7715,3652,4063,5761,2937,2824,3082,1492,1590
0.0 Scen,2041,277,Lamar County,53152,26029,27123,36468,17883,18585,7736,3666,4070,5844,2977,2867,3104,1503,1601
0.0 Scen,2042,277,Lamar County,53192,26064,27128,36382,17852,18530,7753,3678,4075,5927,3018,2909,3130,1516,1614
0.0 Scen,2043,277,Lamar County,53210,26094,27116,36281,17815,18466,7764,3689,4075,6009,3059,2950,3156,1531,1625
0.0 Scen,2044,277,Lamar County,53235,26120,27115,36191,17779,18412,7781,3702,4079,6083,3094,2989,3180,1545,1635
0.0 Scen,2045,277,Lamar County,53265,26152,27113,36098,17746,18352,7798,3716,4082,6165,3134,3031,3204,1556,1648
0.0 Scen,2046,277,Lamar County,53281,26184,27097,36001,17717,18284,7808,3727,4081,6243,3171,3072,3229,1569,1660
0.0 Scen,2047,277,Lamar County,53307,26211,27096,35910,17678,18232,7823,3742,4081,6320,3208,3112,3254,1583,1671
0.0 Scen,2048,277,Lamar County,53316,26237,27079,35813,17647,18166,7830,3751,4079,6398,3245,3153,3275,1594,1681
0.0 Scen,2049,277,Lamar County,53323,26257,27066,35719,17611,18108,7829,3758,4071,6478,3282,3196,3297,1606,1691
0.0 Scen,2050,277,Lamar County,53336,26276,27060,35628,17573,18055,7828,3762,4066,6562,3323,3239,3318,1618,1700
0.0 Scen,2010,279,Lamb County,13977,6964,7013,6020,2925,3095,555,281,274,7231,3689,3542,171,69,102
0.0 Scen,2011,279,Lamb County,14086,7022,7064,5983,2909,3074,558,283,275,7372,3760,3612,173,70,103
0.0 Scen,2012,279,Lamb County,14192,7076,7116,5947,2894,3053,562,285,277,7509,3827,3682,174,70,104
0.0 Scen,2013,279,Lamb County,14297,7132,7165,5910,2877,3033,567,287,280,7645,3897,3748,175,71,104
0.0 Scen,2014,279,Lamb County,14406,7187,7219,5873,2858,3015,571,289,282,7785,3969,3816,177,71,106
0.0 Scen,2015,279,Lamb County,14519,7245,7274,5834,2837,2997,575,291,284,7931,4044,3887,179,73,106
0.0 Scen,2016,279,Lamb County,14630,7295,7335,5801,2818,2983,579,294,285,8068,4109,3959,182,74,108
0.0 Scen,2017,279,Lamb County,14736,7354,7382,5765,2806,2959,582,296,286,8204,4176,4028,185,76,109
0.0 Scen,2018,279,Lamb County,14850,7411,7439,5728,2788,2940,587,299,288,8346,4246,4100,189,78,111
0.0 Scen,2019,279,Lamb County,14963,7472,7491,5701,2780,2921,590,301,289,8479,4311,4168,193,80,113
0.0 Scen,2020,279,Lamb County,15086,7535,7551,5668,2766,2902,596,304,292,8625,4383,4242,197,82,115
0.0 Scen,2021,279,Lamb County,15205,7597,7608,5644,2758,2886,602,306,296,8761,4449,4312,198,84,114
0.0 Scen,2022,279,Lamb County,15339,7668,7671,5629,2755,2874,605,308,297,8904,4519,4385,201,86,115
0.0 Scen,2023,279,Lamb County,15465,7736,7729,5608,2749,2859,611,312,299,9040,4587,4453,206,88,118
0.0 Scen,2024,279,Lamb County,15601,7803,7798,5590,2743,2847,615,313,302,9186,4657,4529,210,90,120
0.0 Scen,2025,279,Lamb County,15742,7883,7859,5577,2743,2834,622,318,304,9328,4730,4598,215,92,123
0.0 Scen,2026,279,Lamb County,15879,7956,7923,5557,2737,2820,626,320,306,9478,4805,4673,218,94,124
0.0 Scen,2027,279,Lamb County,16023,8030,7993,5545,2735,2810,629,322,307,9627,4877,4750,222,96,126
0.0 Scen,2028,279,Lamb County,16163,8110,8053,5528,2734,2794,634,325,309,9776,4953,4823,225,98,127
0.0 Scen,2029,279,Lamb County,16307,8180,8127,5510,2724,2786,641,330,311,9925,5025,4900,231,101,130
0.0 Scen,2030,279,Lamb County,16448,8252,8196,5502,2724,2778,644,331,313,10067,5094,4973,235,103,132
0.0 Scen,2031,279,Lamb County,16587,8324,8263,5482,2717,2765,649,333,316,10217,5168,5049,239,106,133
0.0 Scen,2032,279,Lamb County,16729,8402,8327,5475,2719,2756,651,334,317,10360,5240,5120,243,109,134
0.0 Scen,2033,279,Lamb County,16869,8479,8390,5463,2716,2747,657,339,318,10502,5312,5190,247,112,135
0.0 Scen,2034,279,Lamb County,17013,8553,8460,5451,2710,2741,659,340,319,10651,5388,5263,252,115,137
0.0 Scen,2035,279,Lamb County,17144,8627,8517,5434,2705,2729,660,342,318,10795,5463,5332,255,117,138
0.0 Scen,2036,279,Lamb County,17273,8692,8581,5418,2697,2721,659,340,319,10938,5536,5402,258,119,139
0.0 Scen,2037,279,Lamb County,17413,8767,8646,5403,2693,2710,659,339,320,11091,5615,5476,260,120,140
0.0 Scen,2038,279,Lamb County,17547,8841,8706,5387,2688,2699,661,340,321,11237,5692,5545,262,121,141
0.0 Scen,2039,279,Lamb County,17685,8914,8771,5373,2684,2689,660,338,322,11389,5771,5618,263,121,142
0.0 Scen,2040,279,Lamb County,17819,8982,8837,5352,2673,2679,658,336,322,11543,5850,5693,266,123,143
0.0 Scen,2041,279,Lamb County,17955,9051,8904,5332,2665,2667,656,335,321,11700,5928,5772,267,123,144
0.0 Scen,2042,279,Lamb County,18101,9127,8974,5318,2661,2657,655,334,321,11860,6009,5851,268,123,145
0.0 Scen,2043,279,Lamb County,18246,9203,9043,5305,2656,2649,653,332,321,12018,6091,5927,270,124,146
0.0 Scen,2044,279,Lamb County,18398,9278,9120,5297,2653,2644,654,332,322,12177,6170,6007,270,123,147
0.0 Scen,2045,279,Lamb County,18546,9355,9191,5285,2651,2634,651,329,322,12340,6252,6088,270,123,147
0.0 Scen,2046,279,Lamb County,18694,9432,9262,5274,2650,2624,650,328,322,12501,6331,6170,269,123,146
0.0 Scen,2047,279,Lamb County,18845,9512,9333,5270,2651,2619,646,326,320,12658,6412,6246,271,123,148
0.0 Scen,2048,279,Lamb County,18990,9585,9405,5263,2648,2615,644,325,319,12812,6490,6322,271,122,149
0.0 Scen,2049,279,Lamb County,19154,9677,9477,5261,2654,2607,643,324,319,12975,6574,6401,275,125,150
0.0 Scen,2050,279,Lamb County,19311,9764,9547,5260,2657,2603,640,323,317,13136,6658,6478,275,126,149
0.0 Scen,2010,281,Lampasas County,19677,9705,9972,14836,7290,7546,581,298,283,3443,1759,1684,817,358,459
0.0 Scen,2011,281,Lampasas County,19746,9740,10006,14837,7290,7547,585,301,284,3497,1786,1711,827,363,464
0.0 Scen,2012,281,Lampasas County,19814,9774,10040,14838,7289,7549,590,304,286,3551,1814,1737,835,367,468
0.0 Scen,2013,281,Lampasas County,19884,9810,10074,14832,7286,7546,597,308,289,3614,1845,1769,841,371,470
0.0 Scen,2014,281,Lampasas County,19962,9854,10108,14833,7290,7543,601,310,291,3677,1878,1799,851,376,475
0.0 Scen,2015,281,Lampasas County,20060,9906,10154,14846,7297,7549,610,315,295,3744,1912,1832,860,382,478
0.0 Scen,2016,281,Lampasas County,20154,9956,10198,14860,7304,7556,618,319,299,3808,1946,1862,868,387,481
0.0 Scen,2017,281,Lampasas County,20273,10014,10259,14888,7316,7572,628,325,303,3874,1980,1894,883,393,490
0.0 Scen,2018,281,Lampasas County,20382,10070,10312,14910,7326,7584,638,329,309,3940,2015,1925,894,400,494
0.0 Scen,2019,281,Lampasas County,20494,10127,10367,14935,7336,7599,648,335,313,4007,2049,1958,904,407,497
0.0 Scen,2020,281,Lampasas County,20607,10182,10425,14958,7346,7612,663,342,321,4073,2083,1990,913,411,502
0.0 Scen,2021,281,Lampasas County,20716,10239,10477,14972,7354,7618,673,347,326,4143,2118,2025,928,420,508
0.0 Scen,2022,281,Lampasas County,20813,10292,10521,14985,7361,7624,681,351,330,4211,2153,2058,936,427,509
0.0 Scen,2023,281,Lampasas County,20915,10341,10574,14992,7365,7627,689,355,334,4281,2187,2094,953,434,519
0.0 Scen,2024,281,Lampasas County,21017,10393,10624,15001,7370,7631,696,358,338,4354,2224,2130,966,441,525
0.0 Scen,2025,281,Lampasas County,21115,10448,10667,15008,7380,7628,703,361,342,4426,2261,2165,978,446,532
0.0 Scen,2026,281,Lampasas County,21204,10493,10711,15008,7383,7625,710,364,346,4496,2294,2202,990,452,538
0.0 Scen,2027,281,Lampasas County,21277,10534,10743,15000,7383,7617,716,367,349,4557,2324,2233,1004,460,544
0.0 Scen,2028,281,Lampasas County,21355,10575,10780,14992,7379,7613,721,372,349,4623,2355,2268,1019,469,550
0.0 Scen,2029,281,Lampasas County,21431,10615,10816,14989,7382,7607,725,373,352,4683,2383,2300,1034,477,557
0.0 Scen,2030,281,Lampasas County,21495,10641,10854,14975,7374,7601,730,375,355,4743,2408,2335,1047,484,563
0.0 Scen,2031,281,Lampasas County,21550,10666,10884,14961,7366,7595,730,374,356,4796,2434,2362,1063,492,571
0.0 Scen,2032,281,Lampasas County,21602,10697,10905,14942,7364,7578,732,374,358,4850,2460,2390,1078,499,579
0.0 Scen,2033,281,Lampasas County,21645,10722,10923,14919,7356,7563,731,373,358,4905,2487,2418,1090,506,584
0.0 Scen,2034,281,Lampasas County,21683,10746,10937,14896,7349,7547,728,371,357,4957,2511,2446,1102,515,587
0.0 Scen,2035,281,Lampasas County,21716,10764,10952,14869,7338,7531,723,368,355,5008,2535,2473,1116,523,593
0.0 Scen,2036,281,Lampasas County,21750,10783,10967,14850,7334,7516,718,364,354,5057,2557,2500,1125,528,597
0.0 Scen,2037,281,Lampasas County,21781,10800,10981,14826,7327,7499,714,361,353,5105,2578,2527,1136,534,602
0.0 Scen,2038,281,Lampasas County,21815,10824,10991,14803,7318,7485,712,362,350,5154,2603,2551,1146,541,605
0.0 Scen,2039,281,Lampasas County,21860,10855,11005,14794,7320,7474,710,362,348,5201,2626,2575,1155,547,608
0.0 Scen,2040,281,Lampasas County,21891,10878,11013,14775,7313,7462,707,362,345,5250,2651,2599,1159,552,607
0.0 Scen,2041,281,Lampasas County,21918,10894,11024,14757,7309,7448,698,354,344,5296,2673,2623,1167,558,609
0.0 Scen,2042,281,Lampasas County,21955,10916,11039,14739,7302,7437,697,354,343,5344,2697,2647,1175,563,612
0.0 Scen,2043,281,Lampasas County,21989,10936,11053,14720,7294,7426,692,350,342,5394,2723,2671,1183,569,614
0.0 Scen,2044,281,Lampasas County,22022,10960,11062,14702,7290,7412,689,348,341,5445,2749,2696,1186,573,613
0.0 Scen,2045,281,Lampasas County,22067,10985,11082,14694,7290,7404,683,342,341,5493,2773,2720,1197,580,617
0.0 Scen,2046,281,Lampasas County,22103,11015,11088,14681,7292,7389,680,340,340,5540,2798,2742,1202,585,617
0.0 Scen,2047,281,Lampasas County,22149,11040,11109,14671,7289,7382,677,338,339,5593,2824,2769,1208,589,619
0.0 Scen,2048,281,Lampasas County,22186,11066,11120,14656,7286,7370,674,336,338,5643,2850,2793,1213,594,619
0.0 Scen,2049,281,Lampasas County,22229,11095,11134,14644,7287,7357,672,333,339,5694,2877,2817,1219,598,621
0.0 Scen,2050,281,Lampasas County,22283,11127,11156,14638,7288,7350,674,333,341,5745,2904,2841,1226,602,624
0.0 Scen,2010,283,La Salle County,6886,4089,2797,894,465,429,18,17,1,5920,3575,2345,54,32,22
0.0 Scen,2011,283,La Salle County,6958,4127,2831,900,468,432,18,17,1,5986,3610,2376,54,32,22
0.0 Scen,2012,283,La Salle County,7042,4171,2871,906,472,434,18,17,1,6064,3650,2414,54,32,22
0.0 Scen,2013,283,La Salle County,7118,4213,2905,911,476,435,18,17,1,6135,3688,2447,54,32,22
0.0 Scen,2014,283,La Salle County,7190,4250,2940,915,478,437,18,17,1,6202,3722,2480,55,33,22
0.0 Scen,2015,283,La Salle County,7261,4286,2975,916,478,438,18,17,1,6272,3758,2514,55,33,22
0.0 Scen,2016,283,La Salle County,7327,4315,3012,919,479,440,18,17,1,6335,3786,2549,55,33,22
0.0 Scen,2017,283,La Salle County,7393,4343,3050,921,479,442,18,17,1,6399,3814,2585,55,33,22
0.0 Scen,2018,283,La Salle County,7463,4377,3086,924,480,444,18,17,1,6466,3847,2619,55,33,22
0.0 Scen,2019,283,La Salle County,7531,4413,3118,925,483,442,18,17,1,6533,3880,2653,55,33,22
0.0 Scen,2020,283,La Salle County,7596,4445,3151,923,481,442,18,17,1,6600,3914,2686,55,33,22
0.0 Scen,2021,283,La Salle County,7659,4477,3182,922,481,441,18,17,1,6664,3946,2718,55,33,22
0.0 Scen,2022,283,La Salle County,7726,4512,3214,924,483,441,18,17,1,6730,3979,2751,54,33,21
0.0 Scen,2023,283,La Salle County,7787,4540,3247,917,478,439,18,17,1,6798,4012,2786,54,33,21
0.0 Scen,2024,283,La Salle County,7843,4566,3277,910,473,437,18,17,1,6861,4043,2818,54,33,21
0.0 Scen,2025,283,La Salle County,7900,4593,3307,903,468,435,18,17,1,6925,4075,2850,54,33,21
0.0 Scen,2026,283,La Salle County,7958,4619,3339,899,465,434,18,17,1,6987,4104,2883,54,33,21
0.0 Scen,2027,283,La Salle County,8010,4647,3363,891,462,429,18,17,1,7047,4135,2912,54,33,21
0.0 Scen,2028,283,La Salle County,8066,4675,3391,885,458,427,18,17,1,7109,4167,2942,54,33,21
0.0 Scen,2029,283,La Salle County,8119,4702,3417,875,452,423,18,17,1,7172,4200,2972,54,33,21
0.0 Scen,2030,283,La Salle County,8166,4724,3442,862,445,417,18,17,1,7232,4229,3003,54,33,21
0.0 Scen,2031,283,La Salle County,8219,4752,3467,858,444,414,18,17,1,7289,4258,3031,54,33,21
0.0 Scen,2032,283,La Salle County,8274,4781,3493,850,440,410,18,17,1,7352,4291,3061,54,33,21
0.0 Scen,2033,283,La Salle County,8322,4803,3519,843,438,405,17,16,1,7408,4316,3092,54,33,21
0.0 Scen,2034,283,La Salle County,8373,4830,3543,836,435,401,17,16,1,7466,4346,3120,54,33,21
0.0 Scen,2035,283,La Salle County,8421,4855,3566,830,434,396,17,16,1,7519,4372,3147,55,33,22
0.0 Scen,2036,283,La Salle County,8467,4876,3591,823,431,392,17,16,1,7572,4396,3176,55,33,22
0.0 Scen,2037,283,La Salle County,8523,4904,3619,819,429,390,17,16,1,7633,4426,3207,54,33,21
0.0 Scen,2038,283,La Salle County,8565,4920,3645,809,422,387,16,15,1,7686,4450,3236,54,33,21
0.0 Scen,2039,283,La Salle County,8613,4945,3668,802,420,382,16,15,1,7741,4477,3264,54,33,21
0.0 Scen,2040,283,La Salle County,8660,4967,3693,793,415,378,16,15,1,7797,4504,3293,54,33,21
0.0 Scen,2041,283,La Salle County,8706,4988,3718,786,413,373,16,15,1,7850,4527,3323,54,33,21
0.0 Scen,2042,283,La Salle County,8756,5012,3744,780,411,369,16,15,1,7906,4553,3353,54,33,21
0.0 Scen,2043,283,La Salle County,8807,5035,3772,774,408,366,16,15,1,7963,4579,3384,54,33,21
0.0 Scen,2044,283,La Salle County,8850,5052,3798,767,404,363,16,15,1,8014,4600,3414,53,33,20
0.0 Scen,2045,283,La Salle County,8908,5082,3826,762,403,359,15,14,1,8079,4632,3447,52,33,19
0.0 Scen,2046,283,La Salle County,8962,5107,3855,757,402,355,14,13,1,8139,4659,3480,52,33,19
0.0 Scen,2047,283,La Salle County,9016,5133,3883,752,401,351,13,12,1,8199,4687,3512,52,33,19
0.0 Scen,2048,283,La Salle County,9072,5159,3913,745,399,346,13,12,1,8262,4715,3547,52,33,19
0.0 Scen,2049,283,La Salle County,9128,5183,3945,737,396,341,13,12,1,8326,4742,3584,52,33,19
0.0 Scen,2050,283,La Salle County,9186,5210,3976,730,394,336,13,12,1,8391,4771,3620,52,33,19
0.0 Scen,2010,285,Lavaca County,19263,9416,9847,14674,7109,7565,1255,612,643,3077,1567,1510,257,128,129
0.0 Scen,2011,285,Lavaca County,19213,9402,9811,14560,7060,7500,1260,617,643,3130,1594,1536,263,131,132
0.0 Scen,2012,285,Lavaca County,19167,9387,9780,14456,7014,7442,1264,620,644,3181,1621,1560,266,132,134
0.0 Scen,2013,285,Lavaca County,19127,9374,9753,14352,6969,7383,1271,625,646,3233,1645,1588,271,135,136
0.0 Scen,2014,285,Lavaca County,19094,9365,9729,14257,6930,7327,1275,627,648,3287,1671,1616,275,137,138
0.0 Scen,2015,285,Lavaca County,19069,9360,9709,14169,6891,7278,1281,631,650,3338,1698,1640,281,140,141
0.0 Scen,2016,285,Lavaca County,19043,9352,9691,14075,6847,7228,1289,636,653,3392,1725,1667,287,144,143
0.0 Scen,2017,285,Lavaca County,19031,9356,9675,13989,6812,7177,1302,644,658,3449,1755,1694,291,145,146
0.0 Scen,2018,285,Lavaca County,19022,9360,9662,13912,6778,7134,1306,646,660,3506,1787,1719,298,149,149
0.0 Scen,2019,285,Lavaca County,19019,9365,9654,13838,6745,7093,1311,649,662,3566,1817,1749,304,154,150
0.0 Scen,2020,285,Lavaca County,19016,9374,9642,13762,6712,7050,1318,657,661,3623,1846,1777,313,159,154
0.0 Scen,2021,285,Lavaca County,19024,9383,9641,13696,6682,7014,1321,657,664,3684,1879,1805,323,165,158
0.0 Scen,2022,285,Lavaca County,19036,9399,9637,13637,6659,6978,1328,662,666,3738,1908,1830,333,170,163
0.0 Scen,2023,285,Lavaca County,19048,9410,9638,13571,6631,6940,1334,667,667,3802,1939,1863,341,173,168
0.0 Scen,2024,285,Lavaca County,19062,9423,9639,13510,6606,6904,1340,669,671,3865,1972,1893,347,176,171
0.0 Scen,2025,285,Lavaca County,19077,9441,9636,13450,6582,6868,1345,673,672,3928,2006,1922,354,180,174
0.0 Scen,2026,285,Lavaca County,19084,9446,9638,13385,6548,6837,1348,677,671,3990,2037,1953,361,184,177
0.0 Scen,2027,285,Lavaca County,19099,9457,9642,13325,6523,6802,1351,677,674,4056,2069,1987,367,188,179
0.0 Scen,2028,285,Lavaca County,19110,9467,9643,13266,6496,6770,1351,676,675,4121,2103,2018,372,192,180
0.0 Scen,2029,285,Lavaca County,19119,9476,9643,13208,6473,6735,1354,679,675,4184,2133,2051,373,191,182
0.0 Scen,2030,285,Lavaca County,19132,9486,9646,13150,6448,6702,1354,679,675,4248,2163,2085,380,196,184
0.0 Scen,2031,285,Lavaca County,19131,9491,9640,13084,6419,6665,1352,681,671,4311,2194,2117,384,197,187
0.0 Scen,2032,285,Lavaca County,19139,9497,9642,13024,6389,6635,1354,684,670,4370,2223,2147,391,201,190
0.0 Scen,2033,285,Lavaca County,19139,9506,9633,12958,6364,6594,1350,682,668,4436,2256,2180,395,204,191
0.0 Scen,2034,285,Lavaca County,19130,9504,9626,12882,6330,6552,1347,680,667,4499,2286,2213,402,208,194
0.0 Scen,2035,285,Lavaca County,19110,9501,9609,12801,6293,6508,1344,680,664,4559,2319,2240,406,209,197
0.0 Scen,2036,285,Lavaca County,19089,9498,9591,12725,6262,6463,1342,680,662,4610,2344,2266,412,212,200
0.0 Scen,2037,285,Lavaca County,19069,9495,9574,12647,6226,6421,1342,680,662,4663,2374,2289,417,215,202
0.0 Scen,2038,285,Lavaca County,19047,9490,9557,12570,6190,6380,1333,678,655,4724,2405,2319,420,217,203
0.0 Scen,2039,285,Lavaca County,19024,9487,9537,12490,6154,6336,1329,678,651,4779,2434,2345,426,221,205
0.0 Scen,2040,285,Lavaca County,19004,9481,9523,12408,6116,6292,1326,678,648,4837,2462,2375,433,225,208
0.0 Scen,2041,285,Lavaca County,18988,9484,9504,12332,6086,6246,1320,675,645,4895,2492,2403,441,231,210
0.0 Scen,2042,285,Lavaca County,18968,9474,9494,12256,6047,6209,1314,675,639,4949,2517,2432,449,235,214
0.0 Scen,2043,285,Lavaca County,18961,9478,9483,12183,6015,6168,1316,678,638,5004,2544,2460,458,241,217
0.0 Scen,2044,285,Lavaca County,18949,9478,9471,12110,5984,6126,1312,678,634,5059,2571,2488,468,245,223
0.0 Scen,2045,285,Lavaca County,18942,9479,9463,12040,5954,6086,1313,679,634,5112,2596,2516,477,250,227
0.0 Scen,2046,285,Lavaca County,18942,9481,9461,11978,5927,6051,1309,677,632,5170,2623,2547,485,254,231
0.0 Scen,2047,285,Lavaca County,18946,9484,9462,11918,5898,6020,1303,673,630,5233,2655,2578,492,258,234
0.0 Scen,2048,285,Lavaca County,18944,9490,9454,11857,5876,5981,1296,669,627,5289,2683,2606,502,262,240
0.0 Scen,2049,285,Lavaca County,18960,9507,9453,11811,5858,5953,1295,670,625,5343,2712,2631,511,267,244
0.0 Scen,2050,285,Lavaca County,18978,9520,9458,11765,5839,5926,1295,669,626,5399,2741,2658,519,271,248
0.0 Scen,2010,287,Lee County,16612,8410,8202,10798,5343,5455,1772,940,832,3724,1966,1758,318,161,157
0.0 Scen,2011,287,Lee County,16651,8425,8226,10767,5322,5445,1776,942,834,3786,1998,1788,322,163,159
0.0 Scen,2012,287,Lee County,16696,8444,8252,10744,5311,5433,1781,942,839,3846,2027,1819,325,164,161
0.0 Scen,2013,287,Lee County,16745,8469,8276,10712,5293,5419,1789,947,842,3917,2064,1853,327,165,162
0.0 Scen,2014,287,Lee County,16800,8497,8303,10687,5282,5405,1799,950,849,3982,2097,1885,332,168,164
0.0 Scen,2015,287,Lee County,16854,8529,8325,10664,5274,5390,1801,952,849,4053,2133,1920,336,170,166
0.0 Scen,2016,287,Lee County,16927,8570,8357,10649,5270,5379,1810,956,854,4130,2172,1958,338,172,166
0.0 Scen,2017,287,Lee County,16987,8602,8385,10622,5257,5365,1816,960,856,4206,2211,1995,343,174,169
0.0 Scen,2018,287,Lee County,17053,8640,8413,10601,5249,5352,1819,962,857,4285,2251,2034,348,178,170
0.0 Scen,2019,287,Lee County,17120,8676,8444,10576,5236,5340,1824,964,860,4367,2295,2072,353,181,172
0.0 Scen,2020,287,Lee County,17191,8713,8478,10554,5224,5330,1829,967,862,4449,2337,2112,359,185,174
0.0 Scen,2021,287,Lee County,17267,8759,8508,10534,5217,5317,1833,971,862,4535,2383,2152,365,188,177
0.0 Scen,2022,287,Lee County,17338,8798,8540,10510,5207,5303,1834,970,864,4620,2428,2192,374,193,181
0.0 Scen,2023,287,Lee County,17419,8839,8580,10491,5198,5293,1836,972,864,4710,2472,2238,382,197,185
0.0 Scen,2024,287,Lee County,17507,8884,8623,10477,5192,5285,1841,974,867,4799,2517,2282,390,201,189
0.0 Scen,2025,287,Lee County,17593,8932,8661,10461,5189,5272,1844,975,869,4890,2564,2326,398,204,194
0.0 Scen,2026,287,Lee County,17678,8979,8699,10448,5187,5261,1843,974,869,4981,2610,2371,406,208,198
0.0 Scen,2027,287,Lee County,17756,9020,8736,10428,5178,5250,1838,971,867,5075,2658,2417,415,213,202
0.0 Scen,2028,287,Lee County,17827,9053,8774,10412,5172,5240,1834,968,866,5161,2698,2463,420,215,205
0.0 Scen,2029,287,Lee County,17895,9083,8812,10386,5155,5231,1833,968,865,5250,2742,2508,426,218,208
0.0 Scen,2030,287,Lee County,17966,9116,8850,10372,5149,5223,1827,963,864,5336,2784,2552,431,220,211
0.0 Scen,2031,287,Lee County,18022,9139,8883,10342,5129,5213,1819,959,860,5424,2827,2597,437,224,213
0.0 Scen,2032,287,Lee County,18073,9162,8911,10318,5119,5199,1806,950,856,5504,2864,2640,445,229,216
0.0 Scen,2033,287,Lee County,18110,9172,8938,10288,5100,5188,1793,943,850,5580,2897,2683,449,232,217
0.0 Scen,2034,287,Lee County,18136,9178,8958,10247,5082,5165,1779,931,848,5656,2931,2725,454,234,220
0.0 Scen,2035,287,Lee County,18162,9188,8974,10209,5064,5145,1763,924,839,5728,2962,2766,462,238,224
0.0 Scen,2036,287,Lee County,18186,9193,8993,10175,5045,5130,1746,913,833,5800,2996,2804,465,239,226
0.0 Scen,2037,287,Lee County,18210,9202,9008,10141,5027,5114,1732,906,826,5868,3027,2841,469,242,227
0.0 Scen,2038,287,Lee County,18214,9204,9010,10099,5009,5090,1715,895,820,5932,3058,2874,468,242,226
0.0 Scen,2039,287,Lee County,18227,9214,9013,10062,4994,5068,1695,886,809,5999,3090,2909,471,244,227
0.0 Scen,2040,287,Lee County,18236,9216,9020,10020,4973,5047,1683,880,803,6061,3118,2943,472,245,227
0.0 Scen,2041,287,Lee County,18240,9227,9013,9974,4954,5020,1668,876,792,6122,3149,2973,476,248,228
0.0 Scen,2042,287,Lee County,18246,9230,9016,9924,4927,4997,1657,873,784,6185,3180,3005,480,250,230
0.0 Scen,2043,287,Lee County,18258,9242,9016,9881,4909,4972,1646,870,776,6247,3210,3037,484,253,231
0.0 Scen,2044,287,Lee County,18257,9244,9013,9831,4885,4946,1632,863,769,6305,3240,3065,489,256,233
0.0 Scen,2045,287,Lee County,18260,9254,9006,9782,4862,4920,1618,860,758,6366,3273,3093,494,259,235
0.0 Scen,2046,287,Lee County,18279,9270,9009,9744,4848,4896,1608,855,753,6428,3305,3123,499,262,237
0.0 Scen,2047,287,Lee County,18289,9276,9013,9702,4830,4872,1596,847,749,6487,3335,3152,504,264,240
0.0 Scen,2048,287,Lee County,18302,9284,9018,9658,4809,4849,1588,845,743,6548,3365,3183,508,265,243
0.0 Scen,2049,287,Lee County,18329,9301,9028,9626,4799,4827,1578,839,739,6614,3396,3218,511,267,244
0.0 Scen,2050,287,Lee County,18357,9320,9037,9590,4784,4806,1566,834,732,6686,3433,3253,515,269,246
0.0 Scen,2010,289,Leon County,16801,8385,8416,13078,6501,6577,1181,561,620,2260,1205,1055,282,118,164
0.0 Scen,2011,289,Leon County,16820,8392,8428,13048,6481,6567,1182,564,618,2303,1227,1076,287,120,167
0.0 Scen,2012,289,Leon County,16844,8399,8445,13021,6460,6561,1184,567,617,2348,1250,1098,291,122,169
0.0 Scen,2013,289,Leon County,16863,8405,8458,12990,6437,6553,1186,571,615,2391,1272,1119,296,125,171
0.0 Scen,2014,289,Leon County,16889,8415,8474,12962,6418,6544,1185,572,613,2441,1297,1144,301,128,173
0.0 Scen,2015,289,Leon County,16924,8433,8491,12940,6405,6535,1185,574,611,2490,1321,1169,309,133,176
0.0 Scen,2016,289,Leon County,16952,8447,8505,12911,6386,6525,1185,575,610,2540,1348,1192,316,138,178
0.0 Scen,2017,289,Leon County,16985,8457,8528,12884,6365,6519,1192,579,613,2586,1371,1215,323,142,181
0.0 Scen,2018,289,Leon County,17018,8477,8541,12860,6353,6507,1193,580,613,2635,1398,1237,330,146,184
0.0 Scen,2019,289,Leon County,17049,8492,8557,12836,6339,6497,1190,580,610,2685,1423,1262,338,150,188
0.0 Scen,2020,289,Leon County,17082,8503,8579,12805,6319,6486,1194,581,613,2733,1448,1285,350,155,195
0.0 Scen,2021,289,Leon County,17112,8521,8591,12775,6304,6471,1198,585,613,2782,1473,1309,357,159,198
0.0 Scen,2022,289,Leon County,17138,8534,8604,12747,6288,6459,1195,585,610,2834,1499,1335,362,162,200
0.0 Scen,2023,289,Leon County,17177,8555,8622,12724,6275,6449,1199,588,611,2884,1525,1359,370,167,203
0.0 Scen,2024,289,Leon County,17213,8574,8639,12699,6264,6435,1198,588,610,2938,1551,1387,378,171,207
0.0 Scen,2025,289,Leon County,17246,8591,8655,12667,6246,6421,1200,591,609,2994,1579,1415,385,175,210
0.0 Scen,2026,289,Leon County,17271,8607,8664,12632,6229,6403,1199,593,606,3048,1606,1442,392,179,213
0.0 Scen,2027,289,Leon County,17303,8622,8681,12609,6216,6393,1194,592,602,3102,1632,1470,398,182,216
0.0 Scen,2028,289,Leon County,17313,8627,8686,12566,6193,6373,1191,591,600,3154,1659,1495,402,184,218
0.0 Scen,2029,289,Leon County,17336,8635,8701,12529,6172,6357,1190,589,601,3212,1689,1523,405,185,220
0.0 Scen,2030,289,Leon County,17350,8638,8712,12489,6147,6342,1183,585,598,3268,1718,1550,410,188,222
0.0 Scen,2031,289,Leon County,17357,8646,8711,12440,6128,6312,1177,581,596,3325,1746,1579,415,191,224
0.0 Scen,2032,289,Leon County,17375,8658,8717,12402,6110,6292,1170,579,591,3381,1774,1607,422,195,227
0.0 Scen,2033,289,Leon County,17385,8664,8721,12370,6096,6274,1161,575,586,3431,1798,1633,423,195,228
0.0 Scen,2034,289,Leon County,17401,8679,8722,12338,6085,6253,1152,570,582,3479,1823,1656,432,201,231
0.0 Scen,2035,289,Leon County,17407,8683,8724,12303,6070,6233,1143,564,579,3529,1848,1681,432,201,231
0.0 Scen,2036,289,Leon County,17424,8694,8730,12274,6058,6216,1132,559,573,3583,1874,1709,435,203,232
0.0 Scen,2037,289,Leon County,17445,8708,8737,12249,6049,6200,1123,555,568,3633,1898,1735,440,206,234
0.0 Scen,2038,289,Leon County,17461,8716,8745,12224,6040,6184,1110,547,563,3680,1919,1761,447,210,237
0.0 Scen,2039,289,Leon County,17479,8724,8755,12203,6031,6172,1098,540,558,3724,1938,1786,454,215,239
0.0 Scen,2040,289,Leon County,17505,8740,8765,12186,6024,6162,1089,537,552,3768,1959,1809,462,220,242
0.0 Scen,2041,289,Leon County,17539,8761,8778,12180,6024,6156,1078,531,547,3811,1979,1832,470,227,243
0.0 Scen,2042,289,Leon County,17570,8780,8790,12167,6021,6146,1071,529,542,3855,2000,1855,477,230,247
0.0 Scen,2043,289,Leon County,17599,8800,8799,12156,6018,6138,1060,525,535,3900,2023,1877,483,234,249
0.0 Scen,2044,289,Leon County,17637,8821,8816,12151,6017,6134,1052,522,530,3945,2045,1900,489,237,252
0.0 Scen,2045,289,Leon County,17672,8845,8827,12146,6021,6125,1042,518,524,3988,2065,1923,496,241,255
0.0 Scen,2046,289,Leon County,17719,8876,8843,12153,6030,6123,1032,513,519,4029,2086,1943,505,247,258
0.0 Scen,2047,289,Leon County,17771,8906,8865,12162,6039,6123,1022,507,515,4072,2108,1964,515,252,263
0.0 Scen,2048,289,Leon County,17827,8941,8886,12173,6049,6124,1017,506,511,4114,2129,1985,523,257,266
0.0 Scen,2049,289,Leon County,17897,8979,8918,12191,6062,6129,1013,503,510,4161,2153,2008,532,261,271
0.0 Scen,2050,289,Leon County,17962,9018,8944,12210,6076,6134,1007,502,505,4207,2176,2031,538,264,274
0.0 Scen,2010,291,Liberty County,75643,37190,38453,52321,25549,26772,8074,3798,4276,13602,7066,6536,1646,777,869
0.0 Scen,2011,291,Liberty County,76184,37460,38724,52568,25673,26895,8101,3809,4292,13853,7192,6661,1662,786,876
0.0 Scen,2012,291,Liberty County,76733,37732,39001,52807,25791,27016,8135,3822,4313,14113,7324,6789,1678,795,883
0.0 Scen,2013,291,Liberty County,77302,38014,39288,53067,25916,27151,8165,3837,4328,14378,7458,6920,1692,803,889
0.0 Scen,2014,291,Liberty County,77861,38291,39570,53324,26040,27284,8191,3849,4342,14635,7587,7048,1711,815,896
0.0 Scen,2015,291,Liberty County,78409,38561,39848,53571,26163,27408,8220,3864,4356,14888,7709,7179,1730,825,905
0.0 Scen,2016,291,Liberty County,78976,38850,40126,53831,26300,27531,8246,3876,4370,15152,7840,7312,1747,834,913
0.0 Scen,2017,291,Liberty County,79515,39111,40404,54073,26420,27653,8269,3885,4384,15406,7961,7445,1767,845,922
0.0 Scen,2018,291,Liberty County,80056,39371,40685,54313,26534,27779,8293,3896,4397,15666,8087,7579,1784,854,930
0.0 Scen,2019,291,Liberty County,80568,39622,40946,54526,26644,27882,8316,3909,4407,15923,8206,7717,1803,863,940
0.0 Scen,2020,291,Liberty County,81082,39878,41204,54747,26751,27996,8328,3919,4409,16181,8332,7849,1826,876,950
0.0 Scen,2021,291,Liberty County,81613,40144,41469,54970,26869,28101,8350,3933,4417,16444,8453,7991,1849,889,960
0.0 Scen,2022,291,Liberty County,82111,40384,41727,55171,26969,28202,8376,3945,4431,16697,8572,8125,1867,898,969
0.0 Scen,2023,291,Liberty County,82585,40621,41964,55360,27065,28295,8387,3952,4435,16949,8692,8257,1889,912,977
0.0 Scen,2024,291,Liberty County,83053,40848,42205,55522,27147,28375,8410,3962,4448,17210,8815,8395,1911,924,987
0.0 Scen,2025,291,Liberty County,83476,41058,42418,55653,27215,28438,8424,3972,4452,17465,8935,8530,1934,936,998
0.0 Scen,2026,291,Liberty County,83886,41259,42627,55765,27269,28496,8442,3983,4459,17718,9057,8661,1961,950,1011
0.0 Scen,2027,291,Liberty County,84269,41451,42818,55855,27314,28541,8459,3994,4465,17968,9179,8789,1987,964,1023
0.0 Scen,2028,291,Liberty County,84619,41623,42996,55920,27344,28576,8476,4004,4472,18215,9300,8915,2008,975,1033
0.0 Scen,2029,291,Liberty County,84958,41782,43176,55959,27357,28602,8492,4011,4481,18471,9427,9044,2036,987,1049
0.0 Scen,2030,291,Liberty County,85284,41943,43341,55978,27366,28612,8507,4017,4490,18729,9555,9174,2070,1005,1065
0.0 Scen,2031,291,Liberty County,85603,42103,43500,55996,27374,28622,8517,4023,4494,18988,9684,9304,2102,1022,1080
0.0 Scen,2032,291,Liberty County,85922,42260,43662,56010,27380,28630,8533,4031,4502,19246,9811,9435,2133,1038,1095
0.0 Scen,2033,291,Liberty County,86194,42391,43803,55995,27370,28625,8536,4029,4507,19501,9939,9562,2162,1053,1109
0.0 Scen,2034,291,Liberty County,86469,42532,43937,55989,27372,28617,8540,4032,4508,19752,10064,9688,2188,1064,1124
0.0 Scen,2035,291,Liberty County,86731,42661,44070,55973,27366,28607,8539,4031,4508,20006,10188,9818,2213,1076,1137
0.0 Scen,2036,291,Liberty County,86983,42795,44188,55958,27367,28591,8536,4029,4507,20250,10309,9941,2239,1090,1149
0.0 Scen,2037,291,Liberty County,87214,42912,44302,55930,27361,28569,8534,4027,4507,20491,10426,10065,2259,1098,1161
0.0 Scen,2038,291,Liberty County,87442,43029,44413,55910,27356,28554,8531,4025,4506,20728,10542,10186,2273,1106,1167
0.0 Scen,2039,291,Liberty County,87683,43156,44527,55899,27361,28538,8518,4018,4500,20968,10659,10309,2298,1118,1180
0.0 Scen,2040,291,Liberty County,87919,43282,44637,55888,27366,28522,8513,4020,4493,21202,10772,10430,2316,1124,1192
0.0 Scen,2041,291,Liberty County,88126,43391,44735,55863,27367,28496,8505,4014,4491,21429,10880,10549,2329,1130,1199
0.0 Scen,2042,291,Liberty County,88343,43512,44831,55848,27372,28476,8505,4018,4487,21646,10984,10662,2344,1138,1206
0.0 Scen,2043,291,Liberty County,88548,43635,44913,55828,27378,28450,8495,4014,4481,21869,11098,10771,2356,1145,1211
0.0 Scen,2044,291,Liberty County,88745,43746,44999,55811,27382,28429,8486,4011,4475,22086,11203,10883,2362,1150,1212
0.0 Scen,2045,291,Liberty County,88949,43860,45089,55796,27388,28408,8477,4009,4468,22299,11305,10994,2377,1158,1219
0.0 Scen,2046,291,Liberty County,89120,43945,45175,55770,27388,28382,8460,3997,4463,22504,11400,11104,2386,1160,1226
0.0 Scen,2047,291,Liberty County,89312,44056,45256,55754,27397,28357,8445,3990,4455,22719,11505,11214,2394,1164,1230
0.0 Scen,2048,291,Liberty County,89492,44151,45341,55727,27393,28334,8432,3986,4446,22932,11603,11329,2401,1169,1232
0.0 Scen,2049,291,Liberty County,89665,44251,45414,55709,27398,28311,8413,3980,4433,23129,11696,11433,2414,1177,1237
0.0 Scen,2050,291,Liberty County,89830,44348,45482,55677,27396,28281,8402,3979,4423,23332,11793,11539,2419,1180,1239
0.0 Scen,2010,293,Limestone County,23384,12122,11262,14433,7321,7112,4041,2037,2004,4465,2544,1921,445,220,225
0.0 Scen,2011,293,Limestone County,23481,12177,11304,14413,7313,7100,4066,2052,2014,4550,2588,1962,452,224,228
0.0 Scen,2012,293,Limestone County,23600,12242,11358,14406,7308,7098,4092,2068,2024,4644,2638,2006,458,228,230
0.0 Scen,2013,293,Limestone County,23714,12303,11411,14394,7307,7087,4120,2083,2037,4737,2683,2054,463,230,233
0.0 Scen,2014,293,Limestone County,23838,12379,11459,14386,7307,7079,4149,2103,2046,4833,2735,2098,470,234,236
0.0 Scen,2015,293,Limestone County,23958,12438,11520,14374,7299,7075,4181,2119,2062,4927,2783,2144,476,237,239
0.0 Scen,2016,293,Limestone County,24074,12495,11579,14361,7292,7069,4202,2127,2075,5027,2836,2191,484,240,244
0.0 Scen,2017,293,Limestone County,24184,12552,11632,14348,7288,7060,4222,2136,2086,5125,2884,2241,489,244,245
0.0 Scen,2018,293,Limestone County,24295,12612,11683,14329,7279,7050,4239,2146,2093,5225,2937,2288,502,250,252
0.0 Scen,2019,293,Limestone County,24406,12667,11739,14317,7270,7047,4252,2153,2099,5323,2988,2335,514,256,258
0.0 Scen,2020,293,Limestone County,24499,12712,11787,14286,7256,7030,4262,2154,2108,5430,3041,2389,521,261,260
0.0 Scen,2021,293,Limestone County,24595,12767,11828,14255,7243,7012,4271,2159,2112,5536,3096,2440,533,269,264
0.0 Scen,2022,293,Limestone County,24691,12821,11870,14228,7233,6995,4279,2165,2114,5640,3148,2492,544,275,269
0.0 Scen,2023,293,Limestone County,24777,12864,11913,14189,7214,6975,4284,2168,2116,5748,3201,2547,556,281,275
0.0 Scen,2024,293,Limestone County,24866,12908,11958,14153,7196,6957,4294,2171,2123,5852,3253,2599,567,288,279
0.0 Scen,2025,293,Limestone County,24949,12953,11996,14106,7174,6932,4298,2174,2124,5965,3312,2653,580,293,287
0.0 Scen,2026,293,Limestone County,25023,12994,12029,14056,7150,6906,4302,2178,2124,6073,3367,2706,592,299,293
0.0 Scen,2027,293,Limestone County,25105,13043,12062,14002,7128,6874,4313,2186,2127,6187,3424,2763,603,305,298
0.0 Scen,2028,293,Limestone County,25175,13080,12095,13942,7098,6844,4317,2190,2127,6295,3478,2817,621,314,307
0.0 Scen,2029,293,Limestone County,25248,13122,12126,13886,7072,6814,4323,2196,2127,6406,3534,2872,633,320,313
0.0 Scen,2030,293,Limestone County,25317,13158,12159,13826,7044,6782,4324,2197,2127,6520,3591,2929,647,326,321
0.0 Scen,2031,293,Limestone County,25384,13187,12197,13771,7014,6757,4323,2196,2127,6628,3644,2984,662,333,329
0.0 Scen,2032,293,Limestone County,25445,13220,12225,13714,6987,6727,4321,2196,2125,6735,3696,3039,675,341,334
0.0 Scen,2033,293,Limestone County,25499,13248,12251,13652,6959,6693,4319,2197,2122,6839,3744,3095,689,348,341
0.0 Scen,2034,293,Limestone County,25561,13278,12283,13598,6934,6664,4319,2198,2121,6942,3792,3150,702,354,348
0.0 Scen,2035,293,Limestone County,25621,13305,12316,13552,6911,6641,4313,2195,2118,7043,3839,3204,713,360,353
0.0 Scen,2036,293,Limestone County,25694,13340,12354,13507,6891,6616,4318,2198,2120,7140,3884,3256,729,367,362
0.0 Scen,2037,293,Limestone County,25752,13365,12387,13456,6870,6586,4316,2193,2123,7237,3928,3309,743,374,369
0.0 Scen,2038,293,Limestone County,25824,13400,12424,13417,6852,6565,4315,2194,2121,7336,3973,3363,756,381,375
0.0 Scen,2039,293,Limestone County,25891,13434,12457,13376,6837,6539,4312,2189,2123,7433,4019,3414,770,389,381
0.0 Scen,2040,293,Limestone County,25953,13459,12494,13333,6813,6520,4309,2189,2120,7531,4064,3467,780,393,387
0.0 Scen,2041,293,Limestone County,26029,13496,12533,13304,6801,6503,4308,2189,2119,7627,4108,3519,790,398,392
0.0 Scen,2042,293,Limestone County,26087,13531,12556,13266,6786,6480,4303,2190,2113,7720,4152,3568,798,403,395
0.0 Scen,2043,293,Limestone County,26155,13567,12588,13242,6780,6462,4295,2186,2109,7809,4191,3618,809,410,399
0.0 Scen,2044,293,Limestone County,26228,13600,12628,13216,6768,6448,4288,2183,2105,7901,4233,3668,823,416,407
0.0 Scen,2045,293,Limestone County,26291,13631,12660,13189,6759,6430,4274,2174,2100,7991,4273,3718,837,425,412
0.0 Scen,2046,293,Limestone County,26364,13665,12699,13162,6751,6411,4271,2170,2101,8083,4313,3770,848,431,417
0.0 Scen,2047,293,Limestone County,26443,13702,12741,13137,6740,6397,4270,2169,2101,8176,4356,3820,860,437,423
0.0 Scen,2048,293,Limestone County,26515,13733,12782,13107,6727,6380,4268,2167,2101,8268,4395,3873,872,444,428
0.0 Scen,2049,293,Limestone County,26584,13765,12819,13081,6717,6364,4257,2159,2098,8362,4439,3923,884,450,434
0.0 Scen,2050,293,Limestone County,26658,13798,12860,13051,6702,6349,4252,2155,2097,8457,4484,3973,898,457,441
0.0 Scen,2010,295,Lipscomb County,3302,1662,1640,2213,1100,1113,7,2,5,1007,528,479,75,32,43
0.0 Scen,2011,295,Lipscomb County,3322,1673,1649,2213,1100,1113,7,2,5,1026,538,488,76,33,43
0.0 Scen,2012,295,Lipscomb County,3342,1683,1659,2213,1101,1112,7,2,5,1045,547,498,77,33,44
0.0 Scen,2013,295,Lipscomb County,3368,1697,1671,2220,1105,1115,7,2,5,1064,557,507,77,33,44
0.0 Scen,2014,295,Lipscomb County,3395,1714,1681,2227,1111,1116,7,2,5,1083,568,515,78,33,45
0.0 Scen,2015,295,Lipscomb County,3417,1726,1691,2229,1112,1117,7,2,5,1102,578,524,79,34,45
0.0 Scen,2016,295,Lipscomb County,3437,1738,1699,2228,1114,1114,7,2,5,1122,588,534,80,34,46
0.0 Scen,2017,295,Lipscomb County,3465,1753,1712,2231,1116,1115,7,2,5,1146,600,546,81,35,46
0.0 Scen,2018,295,Lipscomb County,3494,1770,1724,2236,1119,1117,7,2,5,1170,614,556,81,35,46
0.0 Scen,2019,295,Lipscomb County,3518,1787,1731,2236,1122,1114,7,2,5,1192,626,566,83,37,46
0.0 Scen,2020,295,Lipscomb County,3548,1800,1748,2239,1123,1116,7,2,5,1217,637,580,85,38,47
0.0 Scen,2021,295,Lipscomb County,3575,1814,1761,2240,1123,1117,7,2,5,1241,650,591,87,39,48
0.0 Scen,2022,295,Lipscomb County,3604,1832,1772,2245,1127,1118,7,2,5,1263,663,600,89,40,49
0.0 Scen,2023,295,Lipscomb County,3633,1847,1786,2248,1128,1120,7,2,5,1288,676,612,90,41,49
0.0 Scen,2024,295,Lipscomb County,3666,1861,1805,2252,1129,1123,7,2,5,1315,688,627,92,42,50
0.0 Scen,2025,295,Lipscomb County,3697,1877,1820,2253,1128,1125,7,2,5,1343,704,639,94,43,51
0.0 Scen,2026,295,Lipscomb County,3719,1888,1831,2252,1127,1125,7,2,5,1365,716,649,95,43,52
0.0 Scen,2027,295,Lipscomb County,3746,1901,1845,2251,1126,1125,7,2,5,1390,729,661,98,44,54
0.0 Scen,2028,295,Lipscomb County,3764,1909,1855,2241,1119,1122,7,2,5,1416,743,673,100,45,55
0.0 Scen,2029,295,Lipscomb County,3792,1922,1870,2241,1117,1124,7,2,5,1442,757,685,102,46,56
0.0 Scen,2030,295,Lipscomb County,3817,1936,1881,2237,1117,1120,7,2,5,1469,770,699,104,47,57
0.0 Scen,2031,295,Lipscomb County,3843,1951,1892,2235,1118,1117,7,2,5,1495,783,712,106,48,58
0.0 Scen,2032,295,Lipscomb County,3867,1960,1907,2227,1111,1116,7,2,5,1525,798,727,108,49,59
0.0 Scen,2033,295,Lipscomb County,3897,1978,1919,2226,1112,1114,7,2,5,1554,814,740,110,50,60
0.0 Scen,2034,295,Lipscomb County,3916,1989,1927,2219,1110,1109,7,2,5,1579,827,752,111,50,61
0.0 Scen,2035,295,Lipscomb County,3934,1997,1937,2211,1104,1107,7,2,5,1604,840,764,112,51,61
0.0 Scen,2036,295,Lipscomb County,3950,2007,1943,2202,1101,1101,7,2,5,1628,853,775,113,51,62
0.0 Scen,2037,295,Lipscomb County,3967,2016,1951,2193,1096,1097,7,2,5,1653,866,787,114,52,62
0.0 Scen,2038,295,Lipscomb County,3984,2024,1960,2187,1093,1094,7,2,5,1675,877,798,115,52,63
0.0 Scen,2039,295,Lipscomb County,3996,2035,1961,2175,1089,1086,7,2,5,1698,891,807,116,53,63
0.0 Scen,2040,295,Lipscomb County,4011,2042,1969,2165,1085,1080,7,2,5,1722,902,820,117,53,64
0.0 Scen,2041,295,Lipscomb County,4026,2050,1976,2157,1081,1076,7,2,5,1744,913,831,118,54,64
0.0 Scen,2042,295,Lipscomb County,4034,2056,1978,2146,1077,1069,7,2,5,1763,924,839,118,53,65
0.0 Scen,2043,295,Lipscomb County,4046,2064,1982,2137,1073,1064,7,2,5,1784,935,849,118,54,64
0.0 Scen,2044,295,Lipscomb County,4069,2078,1991,2136,1075,1061,7,2,5,1807,947,860,119,54,65
0.0 Scen,2045,295,Lipscomb County,4078,2084,1994,2124,1070,1054,7,2,5,1829,958,871,118,54,64
0.0 Scen,2046,295,Lipscomb County,4096,2093,2003,2122,1070,1052,7,2,5,1850,968,882,117,53,64
0.0 Scen,2047,295,Lipscomb County,4115,2106,2009,2122,1072,1050,7,2,5,1869,978,891,117,54,63
0.0 Scen,2048,295,Lipscomb County,4132,2114,2018,2120,1073,1047,7,2,5,1887,985,902,118,54,64
0.0 Scen,2049,295,Lipscomb County,4149,2124,2025,2116,1072,1044,7,2,5,1907,995,912,119,55,64
0.0 Scen,2050,295,Lipscomb County,4167,2135,2032,2116,1074,1042,7,2,5,1924,1004,920,120,55,65
0.0 Scen,2010,297,Live Oak County,11531,6195,5336,6805,3491,3314,453,433,20,4060,2143,1917,213,128,85
0.0 Scen,2011,297,Live Oak County,11543,6202,5341,6760,3466,3294,455,435,20,4114,2172,1942,214,129,85
0.0 Scen,2012,297,Live Oak County,11551,6205,5346,6717,3443,3274,454,434,20,4165,2199,1966,215,129,86
0.0 Scen,2013,297,Live Oak County,11571,6216,5355,6674,3421,3253,457,437,20,4224,2228,1996,216,130,86
0.0 Scen,2014,297,Live Oak County,11590,6224,5366,6636,3400,3236,457,437,20,4281,2257,2024,216,130,86
0.0 Scen,2015,297,Live Oak County,11611,6231,5380,6597,3377,3220,456,436,20,4341,2287,2054,217,131,86
0.0 Scen,2016,297,Live Oak County,11638,6247,5391,6558,3357,3201,457,437,20,4405,2322,2083,218,131,87
0.0 Scen,2017,297,Live Oak County,11658,6257,5401,6517,3335,3182,457,437,20,4463,2351,2112,221,134,87
0.0 Scen,2018,297,Live Oak County,11671,6261,5410,6473,3311,3162,454,434,20,4520,2381,2139,224,135,89
0.0 Scen,2019,297,Live Oak County,11688,6267,5421,6429,3288,3141,456,436,20,4577,2407,2170,226,136,90
0.0 Scen,2020,297,Live Oak County,11696,6264,5432,6384,3262,3122,451,430,21,4637,2439,2198,224,133,91
0.0 Scen,2021,297,Live Oak County,11710,6272,5438,6338,3236,3102,452,431,21,4693,2470,2223,227,135,92
0.0 Scen,2022,297,Live Oak County,11734,6286,5448,6297,3214,3083,454,432,22,4755,2505,2250,228,135,93
0.0 Scen,2023,297,Live Oak County,11752,6296,5456,6253,3192,3061,453,431,22,4815,2536,2279,231,137,94
0.0 Scen,2024,297,Live Oak County,11767,6303,5464,6214,3172,3042,452,429,23,4869,2565,2304,232,137,95
0.0 Scen,2025,297,Live Oak County,11766,6303,5463,6165,3148,3017,449,427,22,4919,2591,2328,233,137,96
0.0 Scen,2026,297,Live Oak County,11783,6310,5473,6127,3132,2995,448,425,23,4971,2614,2357,237,139,98
0.0 Scen,2027,297,Live Oak County,11793,6320,5473,6082,3112,2970,447,424,23,5026,2644,2382,238,140,98
0.0 Scen,2028,297,Live Oak County,11785,6313,5472,6035,3090,2945,443,419,24,5070,2666,2404,237,138,99
0.0 Scen,2029,297,Live Oak County,11783,6316,5467,5985,3066,2919,446,421,25,5115,2691,2424,237,138,99
0.0 Scen,2030,297,Live Oak County,11788,6325,5463,5942,3049,2893,445,419,26,5162,2717,2445,239,140,99
0.0 Scen,2031,297,Live Oak County,11785,6323,5462,5898,3028,2870,445,419,26,5205,2738,2467,237,138,99
0.0 Scen,2032,297,Live Oak County,11786,6325,5461,5853,3008,2845,443,417,26,5254,2763,2491,236,137,99
0.0 Scen,2033,297,Live Oak County,11779,6326,5453,5801,2986,2815,441,415,26,5300,2787,2513,237,138,99
0.0 Scen,2034,297,Live Oak County,11775,6328,5447,5750,2962,2788,440,414,26,5347,2813,2534,238,139,99
0.0 Scen,2035,297,Live Oak County,11763,6323,5440,5698,2938,2760,439,413,26,5389,2834,2555,237,138,99
0.0 Scen,2036,297,Live Oak County,11766,6330,5436,5652,2918,2734,437,411,26,5439,2862,2577,238,139,99
0.0 Scen,2037,297,Live Oak County,11758,6325,5433,5604,2897,2707,434,408,26,5484,2883,2601,236,137,99
0.0 Scen,2038,297,Live Oak County,11759,6333,5426,5554,2874,2680,435,409,26,5532,2911,2621,238,139,99
0.0 Scen,2039,297,Live Oak County,11753,6331,5422,5503,2850,2653,430,404,26,5584,2940,2644,236,137,99
0.0 Scen,2040,297,Live Oak County,11754,6336,5418,5450,2825,2625,431,406,25,5636,2967,2669,237,138,99
0.0 Scen,2041,297,Live Oak County,11755,6342,5413,5402,2806,2596,429,404,25,5687,2994,2693,237,138,99
0.0 Scen,2042,297,Live Oak County,11761,6353,5408,5350,2784,2566,429,404,25,5747,3029,2718,235,136,99
0.0 Scen,2043,297,Live Oak County,11764,6357,5407,5301,2762,2539,427,402,25,5801,3057,2744,235,136,99
0.0 Scen,2044,297,Live Oak County,11772,6364,5408,5254,2741,2513,426,401,25,5860,3089,2771,232,133,99
0.0 Scen,2045,297,Live Oak County,11795,6385,5410,5217,2726,2491,426,401,25,5916,3120,2796,236,138,98
0.0 Scen,2046,297,Live Oak County,11807,6395,5412,5168,2704,2464,424,399,25,5981,3156,2825,234,136,98
0.0 Scen,2047,297,Live Oak County,11825,6414,5411,5123,2686,2437,425,400,25,6041,3189,2852,236,139,97
0.0 Scen,2048,297,Live Oak County,11831,6418,5413,5072,2663,2409,422,397,25,6102,3221,2881,235,137,98
0.0 Scen,2049,297,Live Oak County,11839,6426,5413,5017,2637,2380,421,396,25,6166,3256,2910,235,137,98
0.0 Scen,2050,297,Live Oak County,11861,6443,5418,4980,2624,2356,419,394,25,6230,3291,2939,232,134,98
0.0 Scen,2010,299,Llano County,19301,9329,9972,17303,8374,8929,102,60,42,1542,736,806,354,159,195
0.0 Scen,2011,299,Llano County,19141,9249,9892,17105,8274,8831,103,61,42,1573,752,821,360,162,198
0.0 Scen,2012,299,Llano County,18987,9169,9818,16912,8174,8738,104,61,43,1606,769,837,365,165,200
0.0 Scen,2013,299,Llano County,18836,9093,9743,16720,8076,8644,105,62,43,1638,785,853,373,170,203
0.0 Scen,2014,299,Llano County,18690,9017,9673,16536,7981,8555,106,62,44,1667,800,867,381,174,207
0.0 Scen,2015,299,Llano County,18544,8939,9605,16350,7883,8467,107,63,44,1700,816,884,387,177,210
0.0 Scen,2016,299,Llano County,18400,8866,9534,16166,7789,8377,108,63,45,1734,834,900,392,180,212
0.0 Scen,2017,299,Llano County,18253,8790,9463,15978,7691,8287,108,63,45,1769,853,916,398,183,215
0.0 Scen,2018,299,Llano County,18105,8715,9390,15792,7597,8195,108,63,45,1803,870,933,402,185,217
0.0 Scen,2019,299,Llano County,17962,8646,9316,15607,7505,8102,110,64,46,1839,888,951,406,189,217
0.0 Scen,2020,299,Llano County,17815,8573,9242,15419,7410,8009,112,65,47,1875,907,968,409,191,218
0.0 Scen,2021,299,Llano County,17676,8508,9168,15236,7321,7915,113,65,48,1913,927,986,414,195,219
0.0 Scen,2022,299,Llano County,17541,8437,9104,15057,7225,7832,114,65,49,1950,947,1003,420,200,220
0.0 Scen,2023,299,Llano County,17405,8375,9030,14876,7141,7735,115,65,50,1988,967,1021,426,202,224
0.0 Scen,2024,299,Llano County,17262,8305,8957,14691,7047,7644,116,65,51,2023,987,1036,432,206,226
0.0 Scen,2025,299,Llano County,17129,8243,8886,14517,6962,7555,116,65,51,2060,1007,1053,436,209,227
0.0 Scen,2026,299,Llano County,16982,8173,8809,14326,6871,7455,117,65,52,2100,1026,1074,439,211,228
0.0 Scen,2027,299,Llano County,16841,8109,8732,14137,6781,7356,119,66,53,2143,1049,1094,442,213,229
0.0 Scen,2028,299,Llano County,16696,8045,8651,13952,6695,7257,119,66,53,2178,1069,1109,447,215,232
0.0 Scen,2029,299,Llano County,16555,7982,8573,13764,6607,7157,120,67,53,2219,1091,1128,452,217,235
0.0 Scen,2030,299,Llano County,16419,7923,8496,13580,6523,7057,120,66,54,2261,1114,1147,458,220,238
0.0 Scen,2031,299,Llano County,16286,7863,8423,13403,6439,6964,121,67,54,2299,1134,1165,463,223,240
0.0 Scen,2032,299,Llano County,16160,7815,8345,13233,6368,6865,121,67,54,2341,1155,1186,465,225,240
0.0 Scen,2033,299,Llano County,16035,7761,8274,13059,6288,6771,122,68,54,2383,1176,1207,471,229,242
0.0 Scen,2034,299,Llano County,15915,7712,8203,12894,6215,6679,122,67,55,2422,1197,1225,477,233,244
0.0 Scen,2035,299,Llano County,15790,7665,8125,12727,6144,6583,123,68,55,2458,1216,1242,482,237,245
0.0 Scen,2036,299,Llano County,15674,7621,8053,12565,6077,6488,124,68,56,2499,1237,1262,486,239,247
0.0 Scen,2037,299,Llano County,15571,7582,7989,12416,6013,6403,125,69,56,2539,1258,1281,491,242,249
0.0 Scen,2038,299,Llano County,15473,7544,7929,12273,5953,6320,125,69,56,2578,1278,1300,497,244,253
0.0 Scen,2039,299,Llano County,15380,7507,7873,12136,5892,6244,125,70,55,2614,1298,1316,505,247,258
0.0 Scen,2040,299,Llano County,15297,7478,7819,12005,5839,6166,127,70,57,2654,1319,1335,511,250,261
0.0 Scen,2041,299,Llano County,15216,7450,7766,11883,5790,6093,128,72,56,2688,1335,1353,517,253,264
0.0 Scen,2042,299,Llano County,15145,7426,7719,11767,5742,6025,128,71,57,2726,1356,1370,524,257,267
0.0 Scen,2043,299,Llano County,15083,7404,7679,11659,5695,5964,128,71,57,2763,1374,1389,533,264,269
0.0 Scen,2044,299,Llano County,15029,7395,7634,11557,5659,5898,127,70,57,2803,1396,1407,542,270,272
0.0 Scen,2045,299,Llano County,14983,7383,7600,11465,5622,5843,126,70,56,2843,1417,1426,549,274,275
0.0 Scen,2046,299,Llano County,14945,7377,7568,11381,5591,5790,125,69,56,2884,1439,1445,555,278,277
0.0 Scen,2047,299,Llano County,14903,7365,7538,11294,5556,5738,124,69,55,2925,1459,1466,560,281,279
0.0 Scen,2048,299,Llano County,14872,7365,7507,11219,5531,5688,123,68,55,2965,1482,1483,565,284,281
0.0 Scen,2049,299,Llano County,14854,7370,7484,11152,5508,5644,122,68,54,3008,1507,1501,572,287,285
0.0 Scen,2050,299,Llano County,14839,7371,7468,11091,5487,5604,121,67,54,3048,1527,1521,579,290,289
0.0 Scen,2010,301,Loving County,82,46,36,60,34,26,0,0,0,18,9,9,4,3,1
0.0 Scen,2011,301,Loving County,82,46,36,60,34,26,0,0,0,18,9,9,4,3,1
0.0 Scen,2012,301,Loving County,82,46,36,60,34,26,0,0,0,18,9,9,4,3,1
0.0 Scen,2013,301,Loving County,82,46,36,60,34,26,0,0,0,18,9,9,4,3,1
0.0 Scen,2014,301,Loving County,82,46,36,60,34,26,0,0,0,18,9,9,4,3,1
0.0 Scen,2015,301,Loving County,82,46,36,60,34,26,0,0,0,18,9,9,4,3,1
0.0 Scen,2016,301,Loving County,82,46,36,60,34,26,0,0,0,18,9,9,4,3,1
0.0 Scen,2017,301,Loving County,83,47,36,61,35,26,0,0,0,18,9,9,4,3,1
0.0 Scen,2018,301,Loving County,83,47,36,61,35,26,0,0,0,18,9,9,4,3,1
0.0 Scen,2019,301,Loving County,83,47,36,61,35,26,0,0,0,18,9,9,4,3,1
0.0 Scen,2020,301,Loving County,83,47,36,61,35,26,0,0,0,18,9,9,4,3,1
0.0 Scen,2021,301,Loving County,83,47,36,61,35,26,0,0,0,18,9,9,4,3,1
0.0 Scen,2022,301,Loving County,83,47,36,61,35,26,0,0,0,18,9,9,4,3,1
0.0 Scen,2023,301,Loving County,83,47,36,61,35,26,0,0,0,18,9,9,4,3,1
0.0 Scen,2024,301,Loving County,82,46,36,60,34,26,0,0,0,18,9,9,4,3,1
0.0 Scen,2025,301,Loving County,82,46,36,60,34,26,0,0,0,18,9,9,4,3,1
0.0 Scen,2026,301,Loving County,82,46,36,60,34,26,0,0,0,18,9,9,4,3,1
0.0 Scen,2027,301,Loving County,81,45,36,59,33,26,0,0,0,18,9,9,4,3,1
0.0 Scen,2028,301,Loving County,79,43,36,57,31,26,0,0,0,18,9,9,4,3,1
0.0 Scen,2029,301,Loving County,78,42,36,56,30,26,0,0,0,18,9,9,4,3,1
0.0 Scen,2030,301,Loving County,79,43,36,57,31,26,0,0,0,18,9,9,4,3,1
0.0 Scen,2031,301,Loving County,79,43,36,57,31,26,0,0,0,18,9,9,4,3,1
0.0 Scen,2032,301,Loving County,78,42,36,56,30,26,0,0,0,18,9,9,4,3,1
0.0 Scen,2033,301,Loving County,76,41,35,54,29,25,0,0,0,18,9,9,4,3,1
0.0 Scen,2034,301,Loving County,75,40,35,53,28,25,0,0,0,18,9,9,4,3,1
0.0 Scen,2035,301,Loving County,74,39,35,52,27,25,0,0,0,18,9,9,4,3,1
0.0 Scen,2036,301,Loving County,74,39,35,52,27,25,0,0,0,18,9,9,4,3,1
0.0 Scen,2037,301,Loving County,72,38,34,50,26,24,0,0,0,18,9,9,4,3,1
0.0 Scen,2038,301,Loving County,71,38,33,49,26,23,0,0,0,18,9,9,4,3,1
0.0 Scen,2039,301,Loving County,69,37,32,47,25,22,0,0,0,18,9,9,4,3,1
0.0 Scen,2040,301,Loving County,67,36,31,45,24,21,0,0,0,18,9,9,4,3,1
0.0 Scen,2041,301,Loving County,65,35,30,43,23,20,0,0,0,18,9,9,4,3,1
0.0 Scen,2042,301,Loving County,63,34,29,41,22,19,0,0,0,18,9,9,4,3,1
0.0 Scen,2043,301,Loving County,61,33,28,39,21,18,0,0,0,18,9,9,4,3,1
0.0 Scen,2044,301,Loving County,59,32,27,37,20,17,0,0,0,18,9,9,4,3,1
0.0 Scen,2045,301,Loving County,57,31,26,35,19,16,0,0,0,18,9,9,4,3,1
0.0 Scen,2046,301,Loving County,55,30,25,33,18,15,0,0,0,18,9,9,4,3,1
0.0 Scen,2047,301,Loving County,54,29,25,32,17,15,0,0,0,18,9,9,4,3,1
0.0 Scen,2048,301,Loving County,53,28,25,31,16,15,0,0,0,18,9,9,4,3,1
0.0 Scen,2049,301,Loving County,52,27,25,30,15,15,0,0,0,18,9,9,4,3,1
0.0 Scen,2050,301,Loving County,50,26,24,28,14,14,0,0,0,18,9,9,4,3,1
0.0 Scen,2010,303,Lubbock County,278831,137786,141045,159815,78165,81650,19957,9918,10039,88924,44536,44388,10135,5167,4968
0.0 Scen,2011,303,Lubbock County,280901,138864,142037,160029,78327,81702,20149,10012,10137,90446,45284,45162,10277,5241,5036
0.0 Scen,2012,303,Lubbock County,282882,139907,142975,160154,78440,81714,20339,10112,10227,91962,46034,45928,10427,5321,5106
0.0 Scen,2013,303,Lubbock County,284769,140902,143867,160230,78532,81698,20519,10200,10319,93457,46779,46678,10563,5391,5172
0.0 Scen,2014,303,Lubbock County,286638,141861,144777,160289,78599,81690,20693,10282,10411,94951,47518,47433,10705,5462,5243
0.0 Scen,2015,303,Lubbock County,288516,142820,145696,160352,78661,81691,20879,10371,10508,96456,48260,48196,10829,5528,5301
0.0 Scen,2016,303,Lubbock County,290668,143928,146740,160650,78851,81799,21056,10462,10594,98006,49024,48982,10956,5591,5365
0.0 Scen,2017,303,Lubbock County,292793,145037,147756,160934,79035,81899,21235,10562,10673,99545,49786,49759,11079,5654,5425
0.0 Scen,2018,303,Lubbock County,294959,146152,148807,161225,79223,82002,21419,10647,10772,101109,50563,50546,11206,5719,5487
0.0 Scen,2019,303,Lubbock County,297084,147257,149827,161495,79404,82091,21594,10736,10858,102657,51332,51325,11338,5785,5553
0.0 Scen,2020,303,Lubbock County,299140,148322,150818,161693,79551,82142,21771,10824,10947,104217,52104,52113,11459,5843,5616
0.0 Scen,2021,303,Lubbock County,301184,149383,151801,161869,79688,82181,21946,10911,11035,105779,52875,52904,11590,5909,5681
0.0 Scen,2022,303,Lubbock County,303203,150441,152762,162036,79814,82222,22114,10998,11116,107350,53658,53692,11703,5971,5732
0.0 Scen,2023,303,Lubbock County,305209,151472,153737,162166,79916,82250,22296,11084,11212,108926,54442,54484,11821,6030,5791
0.0 Scen,2024,303,Lubbock County,307159,152475,154684,162249,79993,82256,22474,11175,11299,110498,55217,55281,11938,6090,5848
0.0 Scen,2025,303,Lubbock County,309066,153464,155602,162299,80050,82249,22648,11263,11385,112076,56006,56070,12043,6145,5898
0.0 Scen,2026,303,Lubbock County,310912,154407,156505,162298,80081,82217,22819,11350,11469,113650,56778,56872,12145,6198,5947
0.0 Scen,2027,303,Lubbock County,312695,155328,157367,162241,80069,82172,22992,11441,11551,115227,57566,57661,12235,6252,5983
0.0 Scen,2028,303,Lubbock County,314494,156242,158252,162176,80069,82107,23153,11523,11630,116812,58350,58462,12353,6300,6053
0.0 Scen,2029,303,Lubbock County,316159,157096,159063,162015,80006,82009,23309,11601,11708,118384,59140,59244,12451,6349,6102
0.0 Scen,2030,303,Lubbock County,317791,157922,159869,161835,79942,81893,23463,11679,11784,119964,59913,60051,12529,6388,6141
0.0 Scen,2031,303,Lubbock County,319439,158780,160659,161663,79877,81786,23619,11758,11861,121541,60710,60831,12616,6435,6181
0.0 Scen,2032,303,Lubbock County,321033,159600,161433,161457,79790,81667,23767,11836,11931,123106,61493,61613,12703,6481,6222
0.0 Scen,2033,303,Lubbock County,322601,160403,162198,161253,79711,81542,23910,11909,12001,124650,62258,62392,12788,6525,6263
0.0 Scen,2034,303,Lubbock County,324153,161207,162946,161045,79626,81419,24052,11985,12067,126188,63031,63157,12868,6565,6303
0.0 Scen,2035,303,Lubbock County,325690,162011,163679,160847,79551,81296,24188,12056,12132,127704,63795,63909,12951,6609,6342
0.0 Scen,2036,303,Lubbock County,327227,162805,164422,160642,79477,81165,24318,12125,12193,129227,64549,64678,13040,6654,6386
0.0 Scen,2037,303,Lubbock County,328753,163602,165151,160461,79410,81051,24450,12194,12256,130715,65299,65416,13127,6699,6428
0.0 Scen,2038,303,Lubbock County,330286,164419,165867,160270,79351,80919,24574,12258,12316,132231,66067,66164,13211,6743,6468
0.0 Scen,2039,303,Lubbock County,331778,165206,166572,160094,79297,80797,24697,12324,12373,133688,66797,66891,13299,6788,6511
0.0 Scen,2040,303,Lubbock County,333269,166003,167266,159920,79248,80672,24821,12390,12431,135141,67531,67610,13387,6834,6553
0.0 Scen,2041,303,Lubbock County,334793,166810,167983,159780,79212,80568,24943,12458,12485,136602,68264,68338,13468,6876,6592
0.0 Scen,2042,303,Lubbock County,336241,167574,168667,159615,79159,80456,25045,12508,12537,138038,68993,69045,13543,6914,6629
0.0 Scen,2043,303,Lubbock County,337746,168382,169364,159456,79117,80339,25154,12562,12592,139513,69746,69767,13623,6957,6666
0.0 Scen,2044,303,Lubbock County,339153,169146,170007,159284,79076,80208,25262,12625,12637,140917,70455,70462,13690,6990,6700
0.0 Scen,2045,303,Lubbock County,340576,169905,170671,159113,79029,80084,25377,12690,12687,142329,71161,71168,13757,7025,6732
0.0 Scen,2046,303,Lubbock County,341971,170657,171314,158939,78982,79957,25471,12743,12728,143740,71875,71865,13821,7057,6764
0.0 Scen,2047,303,Lubbock County,343376,171417,171959,158762,78938,79824,25590,12804,12786,145144,72588,72556,13880,7087,6793
0.0 Scen,2048,303,Lubbock County,344754,172163,172591,158576,78881,79695,25693,12859,12834,146544,73307,73237,13941,7116,6825
0.0 Scen,2049,303,Lubbock County,346129,172900,173229,158404,78835,79569,25795,12915,12880,147934,74008,73926,13996,7142,6854
0.0 Scen,2050,303,Lubbock County,347502,173648,173854,158226,78784,79442,25910,12979,12931,149323,74717,74606,14043,7168,6875
0.0 Scen,2010,305,Lynn County,5915,2947,2968,2984,1437,1547,113,66,47,2743,1407,1336,75,37,38
0.0 Scen,2011,305,Lynn County,5962,2972,2990,2984,1437,1547,114,67,47,2788,1430,1358,76,38,38
0.0 Scen,2012,305,Lynn County,6011,2998,3013,2989,1441,1548,115,67,48,2830,1452,1378,77,38,39
0.0 Scen,2013,305,Lynn County,6066,3028,3038,2990,1442,1548,116,68,48,2882,1479,1403,78,39,39
0.0 Scen,2014,305,Lynn County,6118,3053,3065,2994,1445,1549,116,67,49,2930,1503,1427,78,38,40
0.0 Scen,2015,305,Lynn County,6169,3087,3082,2995,1451,1544,117,68,49,2978,1529,1449,79,39,40
0.0 Scen,2016,305,Lynn County,6222,3118,3104,2998,1458,1540,118,68,50,3026,1553,1473,80,39,41
0.0 Scen,2017,305,Lynn County,6276,3149,3127,2998,1459,1539,119,69,50,3079,1582,1497,80,39,41
0.0 Scen,2018,305,Lynn County,6334,3184,3150,3003,1467,1536,120,69,51,3130,1609,1521,81,39,42
0.0 Scen,2019,305,Lynn County,6392,3215,3177,3004,1467,1537,121,71,50,3185,1637,1548,82,40,42
0.0 Scen,2020,305,Lynn County,6450,3244,3206,3007,1468,1539,120,71,49,3240,1665,1575,83,40,43
0.0 Scen,2021,305,Lynn County,6508,3272,3236,3008,1466,1542,120,71,49,3296,1694,1602,84,41,43
0.0 Scen,2022,305,Lynn County,6570,3301,3269,3010,1464,1546,120,70,50,3355,1726,1629,85,41,44
0.0 Scen,2023,305,Lynn County,6635,3335,3300,3018,1469,1549,121,71,50,3411,1753,1658,85,42,43
0.0 Scen,2024,305,Lynn County,6696,3362,3334,3023,1470,1553,119,70,49,3468,1780,1688,86,42,44
0.0 Scen,2025,305,Lynn County,6754,3391,3363,3026,1472,1554,117,69,48,3524,1807,1717,87,43,44
0.0 Scen,2026,305,Lynn County,6805,3414,3391,3025,1470,1555,116,69,47,3575,1832,1743,89,43,46
0.0 Scen,2027,305,Lynn County,6854,3434,3420,3022,1467,1555,114,68,46,3628,1855,1773,90,44,46
0.0 Scen,2028,305,Lynn County,6914,3463,3451,3024,1467,1557,114,68,46,3683,1882,1801,93,46,47
0.0 Scen,2029,305,Lynn County,6961,3486,3475,3023,1467,1556,112,67,45,3732,1905,1827,94,47,47
0.0 Scen,2030,305,Lynn County,7014,3510,3504,3023,1467,1556,112,67,45,3784,1929,1855,95,47,48
0.0 Scen,2031,305,Lynn County,7064,3537,3527,3022,1469,1553,111,67,44,3835,1953,1882,96,48,48
0.0 Scen,2032,305,Lynn County,7110,3557,3553,3024,1471,1553,110,67,43,3879,1971,1908,97,48,49
0.0 Scen,2033,305,Lynn County,7159,3578,3581,3030,1473,1557,109,66,43,3922,1990,1932,98,49,49
0.0 Scen,2034,305,Lynn County,7204,3597,3607,3034,1475,1559,107,65,42,3964,2008,1956,99,49,50
0.0 Scen,2035,305,Lynn County,7246,3618,3628,3032,1476,1556,105,64,41,4009,2028,1981,100,50,50
0.0 Scen,2036,305,Lynn County,7284,3636,3648,3025,1474,1551,103,63,40,4055,2049,2006,101,50,51
0.0 Scen,2037,305,Lynn County,7323,3659,3664,3022,1475,1547,102,63,39,4097,2070,2027,102,51,51
0.0 Scen,2038,305,Lynn County,7360,3679,3681,3015,1474,1541,103,63,40,4139,2091,2048,103,51,52
0.0 Scen,2039,305,Lynn County,7404,3707,3697,3017,1478,1539,103,64,39,4180,2113,2067,104,52,52
0.0 Scen,2040,305,Lynn County,7446,3729,3717,3016,1480,1536,102,63,39,4223,2134,2089,105,52,53
0.0 Scen,2041,305,Lynn County,7492,3753,3739,3016,1480,1536,101,63,38,4269,2157,2112,106,53,53
0.0 Scen,2042,305,Lynn County,7541,3780,3761,3017,1482,1535,99,62,37,4318,2183,2135,107,53,54
0.0 Scen,2043,305,Lynn County,7581,3799,3782,3014,1481,1533,97,61,36,4362,2203,2159,108,54,54
0.0 Scen,2044,305,Lynn County,7635,3827,3808,3019,1485,1534,96,60,36,4411,2228,2183,109,54,55
0.0 Scen,2045,305,Lynn County,7685,3854,3831,3021,1489,1532,94,59,35,4460,2251,2209,110,55,55
0.0 Scen,2046,305,Lynn County,7749,3886,3863,3033,1496,1537,92,58,34,4513,2277,2236,111,55,56
0.0 Scen,2047,305,Lynn County,7811,3918,3893,3038,1497,1541,92,58,34,4569,2307,2262,112,56,56
0.0 Scen,2048,305,Lynn County,7865,3947,3918,3042,1501,1541,90,57,33,4620,2333,2287,113,56,57
0.0 Scen,2049,305,Lynn County,7925,3980,3945,3047,1505,1542,89,56,33,4675,2362,2313,114,57,57
0.0 Scen,2050,305,Lynn County,7986,4013,3973,3051,1509,1542,87,55,32,4733,2392,2341,115,57,58
0.0 Scen,2010,307,McCulloch County,8283,4057,4226,5568,2672,2896,133,67,66,2476,1263,1213,106,55,51
0.0 Scen,2011,307,McCulloch County,8298,4068,4230,5544,2662,2882,134,68,66,2513,1282,1231,107,56,51
0.0 Scen,2012,307,McCulloch County,8309,4075,4234,5517,2650,2867,135,68,67,2549,1301,1248,108,56,52
0.0 Scen,2013,307,McCulloch County,8320,4086,4234,5490,2640,2850,135,69,66,2586,1320,1266,109,57,52
0.0 Scen,2014,307,McCulloch County,8336,4096,4240,5464,2630,2834,135,69,66,2627,1340,1287,110,57,53
0.0 Scen,2015,307,McCulloch County,8352,4109,4243,5439,2621,2818,134,69,65,2668,1361,1307,111,58,53
0.0 Scen,2016,307,McCulloch County,8376,4124,4252,5419,2613,2806,135,70,65,2711,1383,1328,111,58,53
0.0 Scen,2017,307,McCulloch County,8404,4141,4263,5399,2604,2795,137,71,66,2757,1408,1349,111,58,53
0.0 Scen,2018,307,McCulloch County,8436,4158,4278,5386,2601,2785,138,71,67,2800,1428,1372,112,58,54
0.0 Scen,2019,307,McCulloch County,8469,4176,4293,5374,2596,2778,139,71,68,2843,1450,1393,113,59,54
0.0 Scen,2020,307,McCulloch County,8502,4198,4304,5361,2593,2768,140,71,69,2887,1475,1412,114,59,55
0.0 Scen,2021,307,McCulloch County,8532,4214,4318,5348,2586,2762,142,73,69,2927,1495,1432,115,60,55
0.0 Scen,2022,307,McCulloch County,8569,4233,4336,5339,2582,2757,143,74,69,2970,1516,1454,117,61,56
0.0 Scen,2023,307,McCulloch County,8602,4254,4348,5326,2578,2748,145,75,70,3013,1539,1474,118,62,56
0.0 Scen,2024,307,McCulloch County,8637,4270,4367,5315,2574,2741,147,76,71,3055,1558,1497,120,62,58
0.0 Scen,2025,307,McCulloch County,8665,4283,4382,5298,2565,2733,149,77,72,3097,1578,1519,121,63,58
0.0 Scen,2026,307,McCulloch County,8695,4298,4397,5282,2558,2724,150,78,72,3141,1599,1542,122,63,59
0.0 Scen,2027,307,McCulloch County,8713,4310,4403,5260,2549,2711,149,78,71,3181,1619,1562,123,64,59
0.0 Scen,2028,307,McCulloch County,8736,4322,4414,5246,2542,2704,148,77,71,3220,1639,1581,122,64,58
0.0 Scen,2029,307,McCulloch County,8751,4328,4423,5226,2530,2696,147,77,70,3255,1657,1598,123,64,59
0.0 Scen,2030,307,McCulloch County,8758,4336,4422,5203,2522,2681,147,76,71,3286,1674,1612,122,64,58
0.0 Scen,2031,307,McCulloch County,8775,4348,4427,5184,2515,2669,148,77,71,3319,1691,1628,124,65,59
0.0 Scen,2032,307,McCulloch County,8799,4363,4436,5172,2513,2659,149,77,72,3353,1708,1645,125,65,60
0.0 Scen,2033,307,McCulloch County,8813,4372,4441,5156,2507,2649,149,78,71,3384,1721,1663,124,66,58
0.0 Scen,2034,307,McCulloch County,8825,4377,4448,5140,2502,2638,148,77,71,3413,1732,1681,124,66,58
0.0 Scen,2035,307,McCulloch County,8844,4388,4456,5124,2496,2628,148,77,71,3446,1748,1698,126,67,59
0.0 Scen,2036,307,McCulloch County,8850,4394,4456,5101,2488,2613,149,77,72,3476,1764,1712,124,65,59
0.0 Scen,2037,307,McCulloch County,8857,4403,4454,5076,2481,2595,148,77,71,3509,1779,1730,124,66,58
0.0 Scen,2038,307,McCulloch County,8878,4417,4461,5061,2477,2584,147,76,71,3547,1799,1748,123,65,58
0.0 Scen,2039,307,McCulloch County,8892,4427,4465,5043,2471,2572,146,76,70,3580,1815,1765,123,65,58
0.0 Scen,2040,307,McCulloch County,8909,4439,4470,5030,2469,2561,145,75,70,3612,1831,1781,122,64,58
0.0 Scen,2041,307,McCulloch County,8927,4453,4474,5016,2467,2549,144,75,69,3646,1847,1799,121,64,57
0.0 Scen,2042,307,McCulloch County,8948,4470,4478,5003,2467,2536,142,73,69,3683,1867,1816,120,63,57
0.0 Scen,2043,307,McCulloch County,8972,4485,4487,4992,2463,2529,141,73,68,3720,1886,1834,119,63,56
0.0 Scen,2044,307,McCulloch County,8994,4499,4495,4978,2459,2519,140,72,68,3757,1905,1852,119,63,56
0.0 Scen,2045,307,McCulloch County,9020,4520,4500,4966,2459,2507,139,72,67,3797,1926,1871,118,63,55
0.0 Scen,2046,307,McCulloch County,9049,4541,4508,4958,2462,2496,138,71,67,3836,1946,1890,117,62,55
0.0 Scen,2047,307,McCulloch County,9081,4563,4518,4955,2465,2490,137,71,66,3872,1965,1907,117,62,55
0.0 Scen,2048,307,McCulloch County,9115,4586,4529,4951,2468,2483,136,70,66,3911,1987,1924,117,61,56
0.0 Scen,2049,307,McCulloch County,9144,4605,4539,4940,2465,2475,135,70,65,3952,2009,1943,117,61,56
0.0 Scen,2050,307,McCulloch County,9184,4627,4557,4941,2468,2473,134,69,65,3993,2030,1963,116,60,56
0.0 Scen,2010,309,McLennan County,234906,114169,120737,138295,66939,71356,33892,15776,18116,55471,28147,27324,7248,3307,3941
0.0 Scen,2011,309,McLennan County,236273,114901,121372,138365,67023,71342,34119,15893,18226,56480,28645,27835,7309,3340,3969
0.0 Scen,2012,309,McLennan County,237577,115614,121963,138352,67080,71272,34339,16007,18332,57508,29150,28358,7378,3377,4001
0.0 Scen,2013,309,McLennan County,238868,116322,122546,138325,67118,71207,34548,16124,18424,58550,29668,28882,7445,3412,4033
0.0 Scen,2014,309,McLennan County,240158,117020,123138,138286,67144,71142,34756,16236,18520,59599,30188,29411,7517,3452,4065
0.0 Scen,2015,309,McLennan County,241520,117744,123776,138292,67191,71101,34971,16350,18621,60653,30707,29946,7604,3496,4108
0.0 Scen,2016,309,McLennan County,242887,118469,124418,138299,67227,71072,35185,16465,18720,61710,31232,30478,7693,3545,4148
0.0 Scen,2017,309,McLennan County,244261,119206,125055,138338,67277,71061,35373,16575,18798,62766,31761,31005,7784,3593,4191
0.0 Scen,2018,309,McLennan County,245654,119933,125721,138378,67325,71053,35576,16676,18900,63826,32290,31536,7874,3642,4232
0.0 Scen,2019,309,McLennan County,247072,120681,126391,138463,67399,71064,35754,16775,18979,64892,32823,32069,7963,3684,4279
0.0 Scen,2020,309,McLennan County,248460,121397,127063,138531,67457,71074,35919,16861,19058,65956,33350,32606,8054,3729,4325
0.0 Scen,2021,309,McLennan County,249896,122154,127742,138629,67538,71091,36089,16953,19136,67025,33879,33146,8153,3784,4369
0.0 Scen,2022,309,McLennan County,251334,122913,128421,138718,67616,71102,36246,17038,19208,68117,34424,33693,8253,3835,4418
0.0 Scen,2023,309,McLennan County,252715,123627,129088,138781,67668,71113,36383,17111,19272,69204,34964,34240,8347,3884,4463
0.0 Scen,2024,309,McLennan County,254088,124352,129736,138834,67709,71125,36511,17196,19315,70301,35513,34788,8442,3934,4508
0.0 Scen,2025,309,McLennan County,255425,125037,130388,138860,67736,71124,36618,17253,19365,71400,36061,35339,8547,3987,4560
0.0 Scen,2026,309,McLennan County,256776,125741,131035,138880,67769,71111,36753,17321,19432,72504,36614,35890,8639,4037,4602
0.0 Scen,2027,309,McLennan County,258028,126381,131647,138843,67760,71083,36864,17386,19478,73597,37156,36441,8724,4079,4645
0.0 Scen,2028,309,McLennan County,259250,127033,132217,138793,67762,71031,36944,17441,19503,74705,37706,36999,8808,4124,4684
0.0 Scen,2029,309,McLennan County,260401,127654,132747,138671,67732,70939,37039,17496,19543,75807,38261,37546,8884,4165,4719
0.0 Scen,2030,309,McLennan County,261480,128216,133264,138502,67665,70837,37119,17547,19572,76903,38800,38103,8956,4204,4752
0.0 Scen,2031,309,McLennan County,262529,128781,133748,138336,67604,70732,37187,17592,19595,77983,39342,38641,9023,4243,4780
0.0 Scen,2032,309,McLennan County,263543,129318,134225,138149,67534,70615,37240,17634,19606,79061,39871,39190,9093,4279,4814
0.0 Scen,2033,309,McLennan County,264538,129848,134690,137948,67458,70490,37289,17663,19626,80135,40407,39728,9166,4320,4846
0.0 Scen,2034,309,McLennan County,265484,130354,135130,137719,67371,70348,37332,17696,19636,81204,40937,40267,9229,4350,4879
0.0 Scen,2035,309,McLennan County,266422,130874,135548,137506,67289,70217,37368,17731,19637,82247,41461,40786,9301,4393,4908
0.0 Scen,2036,309,McLennan County,267324,131362,135962,137274,67200,70074,37386,17752,19634,83301,41985,41316,9363,4425,4938
0.0 Scen,2037,309,McLennan County,268253,131869,136384,137058,67121,69937,37407,17781,19626,84357,42504,41853,9431,4463,4968
0.0 Scen,2038,309,McLennan County,269150,132372,136778,136856,67061,69795,37422,17807,19615,85383,43010,42373,9489,4494,4995
0.0 Scen,2039,309,McLennan County,269992,132826,137166,136634,66971,69663,37413,17822,19591,86399,43508,42891,9546,4525,5021
0.0 Scen,2040,309,McLennan County,270842,133298,137544,136429,66901,69528,37414,17838,19576,87407,44004,43403,9592,4555,5037
0.0 Scen,2041,309,McLennan County,271697,133772,137925,136237,66835,69402,37400,17846,19554,88418,44513,43905,9642,4578,5064
0.0 Scen,2042,309,McLennan County,272510,134232,138278,136036,66774,69262,37368,17845,19523,89416,45004,44412,9690,4609,5081
0.0 Scen,2043,309,McLennan County,273326,134684,138642,135846,66713,69133,37344,17849,19495,90399,45487,44912,9737,4635,5102
0.0 Scen,2044,309,McLennan County,274106,135141,138965,135639,66658,68981,37312,17853,19459,91377,45971,45406,9778,4659,5119
0.0 Scen,2045,309,McLennan County,274886,135588,139298,135458,66604,68854,37270,17853,19417,92344,46450,45894,9814,4681,5133
0.0 Scen,2046,309,McLennan County,275663,136038,139625,135275,66551,68724,37231,17855,19376,93307,46930,46377,9850,4702,5148
0.0 Scen,2047,309,McLennan County,276427,136478,139949,135100,66506,68594,37190,17854,19336,94250,47397,46853,9887,4721,5166
0.0 Scen,2048,309,McLennan County,277157,136915,140242,134916,66457,68459,37128,17850,19278,95195,47868,47327,9918,4740,5178
0.0 Scen,2049,309,McLennan County,277950,137359,140591,134772,66425,68347,37095,17842,19253,96133,48333,47800,9950,4759,5191
0.0 Scen,2050,309,McLennan County,278704,137804,140900,134628,66396,68232,37030,17831,19199,97069,48799,48270,9977,4778,5199
0.0 Scen,2010,311,McMullen County,707,367,340,432,219,213,8,5,3,261,142,119,6,1,5
0.0 Scen,2011,311,McMullen County,716,372,344,437,222,215,8,5,3,265,144,121,6,1,5
0.0 Scen,2012,311,McMullen County,724,376,348,441,224,217,8,5,3,269,146,123,6,1,5
0.0 Scen,2013,311,McMullen County,731,379,352,444,225,219,8,5,3,273,148,125,6,1,5
0.0 Scen,2014,311,McMullen County,739,382,357,448,226,222,8,5,3,277,150,127,6,1,5
0.0 Scen,2015,311,McMullen County,748,386,362,453,228,225,8,5,3,281,152,129,6,1,5
0.0 Scen,2016,311,McMullen County,755,389,366,456,229,227,8,5,3,285,154,131,6,1,5
0.0 Scen,2017,311,McMullen County,759,392,367,456,229,227,8,5,3,289,157,132,6,1,5
0.0 Scen,2018,311,McMullen County,763,393,370,456,228,228,8,5,3,293,159,134,6,1,5
0.0 Scen,2019,311,McMullen County,769,396,373,458,229,229,8,5,3,297,161,136,6,1,5
0.0 Scen,2020,311,McMullen County,771,396,375,456,227,229,8,5,3,301,163,138,6,1,5
0.0 Scen,2021,311,McMullen County,773,398,375,454,226,228,8,5,3,305,166,139,6,1,5
0.0 Scen,2022,311,McMullen County,776,400,376,452,225,227,8,5,3,310,169,141,6,1,5
0.0 Scen,2023,311,McMullen County,781,404,377,452,226,226,8,5,3,315,172,143,6,1,5
0.0 Scen,2024,311,McMullen County,783,405,378,450,224,226,8,5,3,319,175,144,6,1,5
0.0 Scen,2025,311,McMullen County,785,407,378,450,225,225,8,5,3,321,176,145,6,1,5
0.0 Scen,2026,311,McMullen County,783,407,376,445,223,222,8,5,3,324,178,146,6,1,5
0.0 Scen,2027,311,McMullen County,786,408,378,445,223,222,8,5,3,327,179,148,6,1,5
0.0 Scen,2028,311,McMullen County,790,411,379,445,224,221,8,5,3,331,181,150,6,1,5
0.0 Scen,2029,311,McMullen County,793,414,379,445,225,220,8,5,3,334,183,151,6,1,5
0.0 Scen,2030,311,McMullen County,795,416,379,444,225,219,8,5,3,337,185,152,6,1,5
0.0 Scen,2031,311,McMullen County,796,418,378,442,225,217,8,5,3,340,187,153,6,1,5
0.0 Scen,2032,311,McMullen County,796,419,377,439,224,215,8,5,3,343,189,154,6,1,5
0.0 Scen,2033,311,McMullen County,796,420,376,436,223,213,8,5,3,346,191,155,6,1,5
0.0 Scen,2034,311,McMullen County,798,421,377,435,222,213,8,5,3,349,193,156,6,1,5
0.0 Scen,2035,311,McMullen County,801,423,378,435,222,213,8,5,3,352,195,157,6,1,5
0.0 Scen,2036,311,McMullen County,800,422,378,431,219,212,8,5,3,355,197,158,6,1,5
0.0 Scen,2037,311,McMullen County,800,422,378,429,218,211,8,5,3,357,198,159,6,1,5
0.0 Scen,2038,311,McMullen County,801,422,379,427,216,211,8,5,3,360,200,160,6,1,5
0.0 Scen,2039,311,McMullen County,801,422,379,424,214,210,8,5,3,363,202,161,6,1,5
0.0 Scen,2040,311,McMullen County,802,423,379,422,213,209,8,5,3,366,204,162,6,1,5
0.0 Scen,2041,311,McMullen County,803,423,380,421,212,209,8,5,3,368,205,163,6,1,5
0.0 Scen,2042,311,McMullen County,804,424,380,420,212,208,8,5,3,370,206,164,6,1,5
0.0 Scen,2043,311,McMullen County,805,424,381,419,211,208,8,5,3,372,207,165,6,1,5
0.0 Scen,2044,311,McMullen County,806,425,381,419,212,207,8,5,3,373,207,166,6,1,5
0.0 Scen,2045,311,McMullen County,807,426,381,418,212,206,8,5,3,375,208,167,6,1,5
0.0 Scen,2046,311,McMullen County,806,425,381,415,210,205,8,5,3,377,209,168,6,1,5
0.0 Scen,2047,311,McMullen County,806,425,381,414,209,205,8,5,3,378,210,168,6,1,5
0.0 Scen,2048,311,McMullen County,807,426,381,414,209,205,8,5,3,379,211,168,6,1,5
0.0 Scen,2049,311,McMullen County,807,427,380,413,209,204,8,5,3,380,212,168,6,1,5
0.0 Scen,2050,311,McMullen County,808,428,380,412,209,203,8,5,3,382,213,169,6,1,5
0.0 Scen,2010,313,Madison County,13664,7873,5791,8030,4240,3790,2687,1750,937,2688,1752,936,259,131,128
0.0 Scen,2011,313,Madison County,13724,7910,5814,8032,4244,3788,2701,1760,941,2726,1772,954,265,134,131
0.0 Scen,2012,313,Madison County,13783,7943,5840,8033,4246,3787,2717,1771,946,2764,1790,974,269,136,133
0.0 Scen,2013,313,Madison County,13843,7976,5867,8029,4244,3785,2732,1780,952,2807,1813,994,275,139,136
0.0 Scen,2014,313,Madison County,13909,8009,5900,8031,4243,3788,2749,1790,959,2849,1834,1015,280,142,138
0.0 Scen,2015,313,Madison County,13978,8043,5935,8037,4244,3793,2764,1800,964,2893,1855,1038,284,144,140
0.0 Scen,2016,313,Madison County,14040,8069,5971,8035,4238,3797,2779,1808,971,2935,1875,1060,291,148,143
0.0 Scen,2017,313,Madison County,14094,8096,5998,8027,4233,3794,2790,1815,975,2981,1897,1084,296,151,145
0.0 Scen,2018,313,Madison County,14154,8119,6035,8026,4230,3796,2802,1817,985,3025,1918,1107,301,154,147
0.0 Scen,2019,313,Madison County,14211,8145,6066,8022,4227,3795,2815,1823,992,3068,1938,1130,306,157,149
0.0 Scen,2020,313,Madison County,14282,8176,6106,8030,4230,3800,2829,1827,1002,3113,1960,1153,310,159,151
0.0 Scen,2021,313,Madison County,14335,8192,6143,8028,4222,3806,2834,1826,1008,3159,1983,1176,314,161,153
0.0 Scen,2022,313,Madison County,14410,8227,6183,8036,4227,3809,2850,1831,1019,3206,2005,1201,318,164,154
0.0 Scen,2023,313,Madison County,14479,8261,6218,8034,4226,3808,2868,1838,1030,3255,2030,1225,322,167,155
0.0 Scen,2024,313,Madison County,14542,8292,6250,8033,4226,3807,2879,1843,1036,3302,2053,1249,328,170,158
0.0 Scen,2025,313,Madison County,14605,8325,6280,8028,4225,3803,2893,1850,1043,3349,2076,1273,335,174,161
0.0 Scen,2026,313,Madison County,14645,8345,6300,8013,4218,3795,2902,1853,1049,3392,2098,1294,338,176,162
0.0 Scen,2027,313,Madison County,14705,8375,6330,8006,4215,3791,2919,1861,1058,3437,2119,1318,343,180,163
0.0 Scen,2028,313,Madison County,14739,8392,6347,7991,4208,3783,2923,1861,1062,3477,2140,1337,348,183,165
0.0 Scen,2029,313,Madison County,14783,8412,6371,7979,4205,3774,2932,1863,1069,3515,2158,1357,357,186,171
0.0 Scen,2030,313,Madison County,14826,8432,6394,7965,4198,3767,2939,1865,1074,3557,2178,1379,365,191,174
0.0 Scen,2031,313,Madison County,14887,8468,6419,7960,4198,3762,2955,1876,1079,3601,2200,1401,371,194,177
0.0 Scen,2032,313,Madison County,14934,8494,6440,7952,4197,3755,2959,1877,1082,3643,2221,1422,380,199,181
0.0 Scen,2033,313,Madison County,14977,8516,6461,7947,4195,3752,2963,1879,1084,3681,2240,1441,386,202,184
0.0 Scen,2034,313,Madison County,15025,8544,6481,7941,4193,3748,2961,1879,1082,3726,2264,1462,397,208,189
0.0 Scen,2035,313,Madison County,15063,8564,6499,7923,4187,3736,2969,1881,1088,3764,2283,1481,407,213,194
0.0 Scen,2036,313,Madison County,15107,8589,6518,7909,4183,3726,2970,1881,1089,3809,2306,1503,419,219,200
0.0 Scen,2037,313,Madison County,15152,8611,6541,7896,4176,3720,2975,1884,1091,3852,2329,1523,429,222,207
0.0 Scen,2038,313,Madison County,15187,8629,6558,7886,4174,3712,2974,1882,1092,3886,2346,1540,441,227,214
0.0 Scen,2039,313,Madison County,15229,8652,6577,7875,4170,3705,2975,1881,1094,3927,2368,1559,452,233,219
0.0 Scen,2040,313,Madison County,15278,8680,6598,7868,4168,3700,2980,1884,1096,3969,2390,1579,461,238,223
0.0 Scen,2041,313,Madison County,15337,8716,6621,7865,4172,3693,2989,1888,1101,4012,2413,1599,471,243,228
0.0 Scen,2042,313,Madison County,15378,8737,6641,7858,4170,3688,2991,1887,1104,4051,2434,1617,478,246,232
0.0 Scen,2043,313,Madison County,15430,8771,6659,7860,4177,3683,2993,1888,1105,4088,2452,1636,489,254,235
0.0 Scen,2044,313,Madison County,15493,8810,6683,7869,4186,3683,2996,1890,1106,4130,2475,1655,498,259,239
0.0 Scen,2045,313,Madison County,15543,8841,6702,7865,4187,3678,2999,1890,1109,4173,2501,1672,506,263,243
0.0 Scen,2046,313,Madison County,15604,8880,6724,7872,4194,3678,3005,1895,1110,4213,2524,1689,514,267,247
0.0 Scen,2047,313,Madison County,15661,8914,6747,7882,4204,3678,3005,1893,1112,4250,2544,1706,524,273,251
0.0 Scen,2048,313,Madison County,15723,8949,6774,7891,4210,3681,3009,1896,1113,4291,2566,1725,532,277,255
0.0 Scen,2049,313,Madison County,15780,8985,6795,7904,4220,3684,3010,1898,1112,4328,2588,1740,538,279,259
0.0 Scen,2050,313,Madison County,15833,9025,6808,7913,4234,3679,3011,1900,1111,4364,2608,1756,545,283,262
0.0 Scen,2010,315,Marion County,10546,5171,5375,7564,3796,3768,2319,1047,1272,328,164,164,335,164,171
0.0 Scen,2011,315,Marion County,10535,5163,5372,7533,3776,3757,2324,1051,1273,336,168,168,342,168,174
0.0 Scen,2012,315,Marion County,10523,5155,5368,7501,3757,3744,2328,1054,1274,344,172,172,350,172,178
0.0 Scen,2013,315,Marion County,10517,5149,5368,7470,3738,3732,2337,1060,1277,352,176,176,358,175,183
0.0 Scen,2014,315,Marion County,10515,5146,5369,7445,3721,3724,2343,1065,1278,360,180,180,367,180,187
0.0 Scen,2015,315,Marion County,10499,5135,5364,7409,3700,3709,2346,1067,1279,369,184,185,375,184,191
0.0 Scen,2016,315,Marion County,10485,5126,5359,7378,3681,3697,2349,1071,1278,376,187,189,382,187,195
0.0 Scen,2017,315,Marion County,10458,5110,5348,7337,3657,3680,2347,1071,1276,384,191,193,390,191,199
0.0 Scen,2018,315,Marion County,10440,5099,5341,7301,3637,3664,2349,1072,1277,392,195,197,398,195,203
0.0 Scen,2019,315,Marion County,10419,5084,5335,7264,3615,3649,2350,1072,1278,400,199,201,405,198,207
0.0 Scen,2020,315,Marion County,10394,5067,5327,7222,3588,3634,2351,1074,1277,409,204,205,412,201,211
0.0 Scen,2021,315,Marion County,10364,5051,5313,7177,3567,3610,2350,1071,1279,417,208,209,420,205,215
0.0 Scen,2022,315,Marion County,10322,5033,5289,7129,3544,3585,2341,1068,1273,424,212,212,428,209,219
0.0 Scen,2023,315,Marion County,10288,5014,5274,7079,3515,3564,2342,1068,1274,431,216,215,436,215,221
0.0 Scen,2024,315,Marion County,10244,4997,5247,7026,3491,3535,2335,1065,1270,439,221,218,444,220,224
0.0 Scen,2025,315,Marion County,10195,4970,5225,6979,3465,3514,2320,1057,1263,447,226,221,449,222,227
0.0 Scen,2026,315,Marion County,10141,4944,5197,6922,3437,3485,2310,1052,1258,456,231,225,453,224,229
0.0 Scen,2027,315,Marion County,10093,4923,5170,6870,3412,3458,2302,1050,1252,465,236,229,456,225,231
0.0 Scen,2028,315,Marion County,10039,4898,5141,6819,3386,3433,2288,1044,1244,472,240,232,460,228,232
0.0 Scen,2029,315,Marion County,9983,4875,5108,6766,3362,3404,2270,1036,1234,482,245,237,465,232,233
0.0 Scen,2030,315,Marion County,9926,4852,5074,6711,3337,3374,2254,1030,1224,493,251,242,468,234,234
0.0 Scen,2031,315,Marion County,9878,4835,5043,6659,3315,3344,2243,1027,1216,504,257,247,472,236,236
0.0 Scen,2032,315,Marion County,9823,4811,5012,6602,3287,3315,2230,1023,1207,514,262,252,477,239,238
0.0 Scen,2033,315,Marion County,9766,4787,4979,6546,3260,3286,2216,1018,1198,524,268,256,480,241,239
0.0 Scen,2034,315,Marion County,9712,4762,4950,6491,3234,3257,2199,1010,1189,534,273,261,488,245,243
0.0 Scen,2035,315,Marion County,9660,4737,4923,6436,3206,3230,2185,1005,1180,544,278,266,495,248,247
0.0 Scen,2036,315,Marion County,9618,4723,4895,6390,3185,3205,2173,1002,1171,554,283,271,501,253,248
0.0 Scen,2037,315,Marion County,9575,4709,4866,6340,3162,3178,2162,1001,1161,564,288,276,509,258,251
0.0 Scen,2038,315,Marion County,9535,4688,4847,6295,3140,3155,2152,996,1156,574,293,281,514,259,255
0.0 Scen,2039,315,Marion County,9496,4676,4820,6249,3120,3129,2142,994,1148,584,298,286,521,264,257
0.0 Scen,2040,315,Marion County,9463,4668,4795,6202,3101,3101,2138,995,1143,594,304,290,529,268,261
0.0 Scen,2041,315,Marion County,9426,4654,4772,6155,3080,3075,2131,992,1139,604,310,294,536,272,264
0.0 Scen,2042,315,Marion County,9395,4644,4751,6112,3061,3051,2126,991,1135,612,315,297,545,277,268
0.0 Scen,2043,315,Marion County,9362,4631,4731,6066,3039,3027,2119,989,1130,622,321,301,555,282,273
0.0 Scen,2044,315,Marion County,9335,4620,4715,6022,3019,3003,2114,987,1127,632,327,305,567,287,280
0.0 Scen,2045,315,Marion County,9305,4605,4700,5979,2996,2983,2108,985,1123,642,332,310,576,292,284
0.0 Scen,2046,315,Marion County,9284,4599,4685,5939,2978,2961,2106,986,1120,653,338,315,586,297,289
0.0 Scen,2047,315,Marion County,9261,4591,4670,5901,2959,2942,2100,984,1116,664,344,320,596,304,292
0.0 Scen,2048,315,Marion County,9240,4587,4653,5866,2944,2922,2095,985,1110,675,350,325,604,308,296
0.0 Scen,2049,315,Marion County,9218,4584,4634,5828,2928,2900,2090,985,1105,685,356,329,615,315,300
0.0 Scen,2050,315,Marion County,9198,4580,4618,5793,2913,2880,2085,985,1100,696,362,334,624,320,304
0.0 Scen,2010,317,Martin County,4799,2411,2388,2578,1289,1289,67,33,34,2086,1051,1035,68,38,30
0.0 Scen,2011,317,Martin County,4853,2438,2415,2593,1295,1298,68,34,34,2124,1071,1053,68,38,30
0.0 Scen,2012,317,Martin County,4911,2468,2443,2609,1304,1305,69,34,35,2165,1092,1073,68,38,30
0.0 Scen,2013,317,Martin County,4971,2500,2471,2626,1313,1313,70,35,35,2207,1114,1093,68,38,30
0.0 Scen,2014,317,Martin County,5035,2530,2505,2643,1321,1322,71,35,36,2253,1136,1117,68,38,30
0.0 Scen,2015,317,Martin County,5103,2563,2540,2664,1330,1334,73,36,37,2298,1159,1139,68,38,30
0.0 Scen,2016,317,Martin County,5165,2592,2573,2680,1336,1344,74,36,38,2343,1182,1161,68,38,30
0.0 Scen,2017,317,Martin County,5238,2632,2606,2706,1350,1356,74,37,37,2390,1207,1183,68,38,30
0.0 Scen,2018,317,Martin County,5309,2670,2639,2731,1362,1369,75,37,38,2436,1233,1203,67,38,29
0.0 Scen,2019,317,Martin County,5386,2710,2676,2757,1377,1380,76,38,38,2486,1257,1229,67,38,29
0.0 Scen,2020,317,Martin County,5457,2740,2717,2780,1385,1395,77,38,39,2533,1279,1254,67,38,29
0.0 Scen,2021,317,Martin County,5522,2778,2744,2797,1396,1401,78,39,39,2579,1304,1275,68,39,29
0.0 Scen,2022,317,Martin County,5590,2812,2778,2820,1410,1410,79,39,40,2622,1324,1298,69,39,30
0.0 Scen,2023,317,Martin County,5658,2846,2812,2839,1419,1420,80,40,40,2669,1347,1322,70,40,30
0.0 Scen,2024,317,Martin County,5723,2877,2846,2862,1430,1432,80,39,41,2710,1368,1342,71,40,31
0.0 Scen,2025,317,Martin County,5785,2906,2879,2878,1437,1441,81,40,41,2754,1388,1366,72,41,31
0.0 Scen,2026,317,Martin County,5845,2939,2906,2896,1449,1447,82,40,42,2794,1409,1385,73,41,32
0.0 Scen,2027,317,Martin County,5909,2970,2939,2915,1458,1457,82,41,41,2838,1429,1409,74,42,32
0.0 Scen,2028,317,Martin County,5962,2996,2966,2922,1461,1461,83,41,42,2882,1452,1430,75,42,33
0.0 Scen,2029,317,Martin County,6019,3028,2991,2933,1467,1466,85,43,42,2925,1475,1450,76,43,33
0.0 Scen,2030,317,Martin County,6068,3053,3015,2937,1469,1468,86,43,43,2968,1498,1470,77,43,34
0.0 Scen,2031,317,Martin County,6116,3080,3036,2942,1473,1469,87,44,43,3009,1519,1490,78,44,34
0.0 Scen,2032,317,Martin County,6162,3102,3060,2949,1475,1474,87,43,44,3047,1540,1507,79,44,35
0.0 Scen,2033,317,Martin County,6203,3123,3080,2950,1477,1473,88,43,45,3085,1558,1527,80,45,35
0.0 Scen,2034,317,Martin County,6242,3141,3101,2953,1479,1474,86,41,45,3122,1576,1546,81,45,36
0.0 Scen,2035,317,Martin County,6280,3163,3117,2955,1479,1476,87,43,44,3156,1595,1561,82,46,36
0.0 Scen,2036,317,Martin County,6328,3186,3142,2961,1482,1479,87,42,45,3198,1616,1582,82,46,36
0.0 Scen,2037,317,Martin County,6372,3211,3161,2963,1485,1478,89,44,45,3238,1636,1602,82,46,36
0.0 Scen,2038,317,Martin County,6419,3235,3184,2971,1491,1480,89,44,45,3278,1654,1624,81,46,35
0.0 Scen,2039,317,Martin County,6472,3264,3208,2982,1497,1485,90,45,45,3321,1677,1644,79,45,34
0.0 Scen,2040,317,Martin County,6520,3286,3234,2990,1500,1490,91,45,46,3360,1696,1664,79,45,34
0.0 Scen,2041,317,Martin County,6569,3315,3254,3000,1508,1492,92,46,46,3400,1717,1683,77,44,33
0.0 Scen,2042,317,Martin County,6617,3341,3276,3011,1516,1495,92,45,47,3438,1737,1701,76,43,33
0.0 Scen,2043,317,Martin County,6668,3367,3301,3023,1522,1501,92,46,46,3478,1757,1721,75,42,33
0.0 Scen,2044,317,Martin County,6720,3394,3326,3033,1528,1505,93,46,47,3519,1778,1741,75,42,33
0.0 Scen,2045,317,Martin County,6765,3417,3348,3047,1537,1510,93,46,47,3549,1792,1757,76,42,34
0.0 Scen,2046,317,Martin County,6823,3450,3373,3065,1549,1516,94,46,48,3588,1813,1775,76,42,34
0.0 Scen,2047,317,Martin County,6867,3478,3389,3078,1560,1518,95,47,48,3620,1830,1790,74,41,33
0.0 Scen,2048,317,Martin County,6919,3507,3412,3097,1572,1525,95,46,49,3655,1849,1806,72,40,32
0.0 Scen,2049,317,Martin County,6970,3533,3437,3113,1581,1532,94,46,48,3692,1867,1825,71,39,32
0.0 Scen,2050,317,Martin County,7021,3560,3461,3131,1590,1541,95,46,49,3725,1886,1839,70,38,32
0.0 Scen,2010,319,Mason County,4012,1978,2034,3092,1497,1595,14,7,7,864,452,412,42,22,20
0.0 Scen,2011,319,Mason County,4004,1972,2032,3072,1485,1587,14,7,7,876,458,418,42,22,20
0.0 Scen,2012,319,Mason County,3990,1963,2027,3047,1470,1577,14,7,7,887,464,423,42,22,20
0.0 Scen,2013,319,Mason County,3975,1953,2022,3020,1453,1567,14,7,7,899,471,428,42,22,20
0.0 Scen,2014,319,Mason County,3961,1944,2017,2995,1438,1557,14,7,7,910,477,433,42,22,20
0.0 Scen,2015,319,Mason County,3939,1934,2005,2964,1423,1541,14,7,7,919,482,437,42,22,20
0.0 Scen,2016,319,Mason County,3921,1926,1995,2934,1408,1526,14,7,7,931,489,442,42,22,20
0.0 Scen,2017,319,Mason County,3905,1921,1984,2904,1396,1508,14,7,7,946,496,450,41,22,19
0.0 Scen,2018,319,Mason County,3892,1917,1975,2876,1383,1493,14,7,7,961,505,456,41,22,19
0.0 Scen,2019,319,Mason County,3883,1912,1971,2855,1372,1483,14,7,7,974,512,462,40,21,19
0.0 Scen,2020,319,Mason County,3875,1910,1965,2834,1362,1472,14,7,7,987,520,467,40,21,19
0.0 Scen,2021,319,Mason County,3869,1906,1963,2809,1350,1459,14,7,7,1005,528,477,41,21,20
0.0 Scen,2022,319,Mason County,3866,1907,1959,2793,1342,1451,14,7,7,1019,537,482,40,21,19
0.0 Scen,2023,319,Mason County,3864,1906,1958,2772,1331,1441,14,7,7,1038,547,491,40,21,19
0.0 Scen,2024,319,Mason County,3868,1910,1958,2763,1327,1436,14,7,7,1051,555,496,40,21,19
0.0 Scen,2025,319,Mason County,3863,1907,1956,2743,1318,1425,14,7,7,1066,561,505,40,21,19
0.0 Scen,2026,319,Mason County,3855,1902,1953,2723,1308,1415,14,7,7,1078,566,512,40,21,19
0.0 Scen,2027,319,Mason County,3857,1903,1954,2712,1303,1409,14,7,7,1091,572,519,40,21,19
0.0 Scen,2028,319,Mason County,3850,1902,1948,2691,1294,1397,14,7,7,1104,579,525,41,22,19
0.0 Scen,2029,319,Mason County,3852,1903,1949,2680,1287,1393,14,7,7,1117,587,530,41,22,19
0.0 Scen,2030,319,Mason County,3851,1902,1949,2665,1278,1387,14,7,7,1131,595,536,41,22,19
0.0 Scen,2031,319,Mason County,3850,1906,1944,2653,1276,1377,14,7,7,1142,601,541,41,22,19
0.0 Scen,2032,319,Mason County,3841,1904,1937,2633,1268,1365,14,7,7,1153,607,546,41,22,19
0.0 Scen,2033,319,Mason County,3830,1900,1930,2612,1259,1353,14,7,7,1163,612,551,41,22,19
0.0 Scen,2034,319,Mason County,3821,1898,1923,2595,1253,1342,14,7,7,1171,616,555,41,22,19
0.0 Scen,2035,319,Mason County,3812,1892,1920,2576,1243,1333,14,7,7,1180,620,560,42,22,20
0.0 Scen,2036,319,Mason County,3801,1887,1914,2557,1235,1322,14,7,7,1188,623,565,42,22,20
0.0 Scen,2037,319,Mason County,3789,1884,1905,2536,1228,1308,14,7,7,1197,627,570,42,22,20
0.0 Scen,2038,319,Mason County,3781,1881,1900,2518,1221,1297,14,7,7,1207,631,576,42,22,20
0.0 Scen,2039,319,Mason County,3767,1875,1892,2497,1213,1284,14,7,7,1214,633,581,42,22,20
0.0 Scen,2040,319,Mason County,3762,1874,1888,2484,1208,1276,14,7,7,1222,637,585,42,22,20
0.0 Scen,2041,319,Mason County,3754,1875,1879,2469,1205,1264,14,7,7,1229,641,588,42,22,20
0.0 Scen,2042,319,Mason County,3750,1877,1873,2457,1203,1254,14,7,7,1237,645,592,42,22,20
0.0 Scen,2043,319,Mason County,3745,1878,1867,2443,1199,1244,14,7,7,1246,650,596,42,22,20
0.0 Scen,2044,319,Mason County,3740,1877,1863,2432,1196,1236,14,7,7,1252,652,600,42,22,20
0.0 Scen,2045,319,Mason County,3735,1875,1860,2421,1191,1230,14,7,7,1258,655,603,42,22,20
0.0 Scen,2046,319,Mason County,3728,1874,1854,2407,1187,1220,14,7,7,1265,658,607,42,22,20
0.0 Scen,2047,319,Mason County,3724,1872,1852,2398,1184,1214,14,7,7,1271,660,611,41,21,20
0.0 Scen,2048,319,Mason County,3723,1874,1849,2390,1183,1207,14,7,7,1278,663,615,41,21,20
0.0 Scen,2049,319,Mason County,3718,1873,1845,2379,1179,1200,14,7,7,1285,666,619,40,21,19
0.0 Scen,2050,319,Mason County,3716,1874,1842,2372,1177,1195,14,7,7,1290,669,621,40,21,19
0.0 Scen,2010,321,Matagorda County,36702,18363,18339,17400,8619,8781,4060,1933,2127,14074,7219,6855,1168,592,576
0.0 Scen,2011,321,Matagorda County,36917,18467,18450,17363,8603,8760,4061,1930,2131,14317,7338,6979,1176,596,580
0.0 Scen,2012,321,Matagorda County,37134,18570,18564,17337,8591,8746,4061,1926,2135,14555,7454,7101,1181,599,582
0.0 Scen,2013,321,Matagorda County,37371,18681,18690,17308,8578,8730,4071,1930,2141,14801,7570,7231,1191,603,588
0.0 Scen,2014,321,Matagorda County,37608,18791,18817,17280,8562,8718,4086,1936,2150,15043,7685,7358,1199,608,591
0.0 Scen,2015,321,Matagorda County,37840,18897,18943,17253,8545,8708,4096,1940,2156,15278,7798,7480,1213,614,599
0.0 Scen,2016,321,Matagorda County,38087,19012,19075,17228,8530,8698,4110,1945,2165,15525,7916,7609,1224,621,603
0.0 Scen,2017,321,Matagorda County,38339,19130,19209,17209,8518,8691,4125,1949,2176,15769,8037,7732,1236,626,610
0.0 Scen,2018,321,Matagorda County,38574,19243,19331,17177,8499,8678,4138,1955,2183,16014,8158,7856,1245,631,614
0.0 Scen,2019,321,Matagorda County,38799,19351,19448,17138,8477,8661,4154,1964,2190,16254,8274,7980,1253,636,617
0.0 Scen,2020,321,Matagorda County,39023,19460,19563,17096,8454,8642,4160,1965,2195,16501,8397,8104,1266,644,622
0.0 Scen,2021,321,Matagorda County,39252,19572,19680,17057,8431,8626,4162,1965,2197,16757,8527,8230,1276,649,627
0.0 Scen,2022,321,Matagorda County,39479,19683,19796,17016,8406,8610,4165,1969,2196,17009,8652,8357,1289,656,633
0.0 Scen,2023,321,Matagorda County,39701,19795,19906,16967,8378,8589,4166,1973,2193,17262,8779,8483,1306,665,641
0.0 Scen,2024,321,Matagorda County,39919,19911,20008,16916,8351,8565,4163,1975,2188,17518,8911,8607,1322,674,648
0.0 Scen,2025,321,Matagorda County,40119,20013,20106,16857,8319,8538,4159,1976,2183,17767,9037,8730,1336,681,655
0.0 Scen,2026,321,Matagorda County,40337,20123,20214,16809,8291,8518,4154,1976,2178,18021,9165,8856,1353,691,662
0.0 Scen,2027,321,Matagorda County,40517,20217,20300,16730,8251,8479,4152,1977,2175,18267,9289,8978,1368,700,668
0.0 Scen,2028,321,Matagorda County,40713,20323,20390,16663,8217,8446,4146,1978,2168,18524,9421,9103,1380,707,673
0.0 Scen,2029,321,Matagorda County,40906,20425,20481,16586,8178,8408,4146,1982,2164,18779,9549,9230,1395,716,679
0.0 Scen,2030,321,Matagorda County,41089,20512,20577,16497,8134,8363,4151,1985,2166,19028,9669,9359,1413,724,689
0.0 Scen,2031,321,Matagorda County,41260,20596,20664,16417,8091,8326,4140,1982,2158,19281,9794,9487,1422,729,693
0.0 Scen,2032,321,Matagorda County,41426,20680,20746,16328,8047,8281,4144,1984,2160,19519,9914,9605,1435,735,700
0.0 Scen,2033,321,Matagorda County,41589,20760,20829,16241,8003,8238,4144,1987,2157,19752,10029,9723,1452,741,711
0.0 Scen,2034,321,Matagorda County,41743,20838,20905,16143,7954,8189,4147,1993,2154,19991,10146,9845,1462,745,717
0.0 Scen,2035,321,Matagorda County,41901,20913,20988,16052,7904,8148,4150,1998,2152,20229,10262,9967,1470,749,721
0.0 Scen,2036,321,Matagorda County,42059,20995,21064,15961,7858,8103,4153,2004,2149,20468,10380,10088,1477,753,724
0.0 Scen,2037,321,Matagorda County,42204,21069,21135,15869,7815,8054,4153,2006,2147,20701,10494,10207,1481,754,727
0.0 Scen,2038,321,Matagorda County,42356,21151,21205,15777,7770,8007,4151,2009,2142,20939,10614,10325,1489,758,731
0.0 Scen,2039,321,Matagorda County,42524,21241,21283,15695,7733,7962,4155,2014,2141,21179,10734,10445,1495,760,735
0.0 Scen,2040,321,Matagorda County,42690,21323,21367,15615,7692,7923,4161,2018,2143,21413,10851,10562,1501,762,739
0.0 Scen,2041,321,Matagorda County,42857,21408,21449,15539,7654,7885,4164,2021,2143,21653,10971,10682,1501,762,739
0.0 Scen,2042,321,Matagorda County,43009,21480,21529,15459,7615,7844,4169,2024,2145,21885,11084,10801,1496,757,739
0.0 Scen,2043,321,Matagorda County,43154,21555,21599,15374,7577,7797,4171,2028,2143,22118,11197,10921,1491,753,738
0.0 Scen,2044,321,Matagorda County,43318,21643,21675,15299,7543,7756,4178,2037,2141,22352,11312,11040,1489,751,738
0.0 Scen,2045,321,Matagorda County,43483,21730,21753,15229,7509,7720,4183,2041,2142,22583,11430,11153,1488,750,738
0.0 Scen,2046,321,Matagorda County,43648,21805,21843,15161,7475,7686,4188,2046,2142,22814,11535,11279,1485,749,736
0.0 Scen,2047,321,Matagorda County,43817,21905,21912,15094,7450,7644,4197,2056,2141,23043,11651,11392,1483,748,735
0.0 Scen,2048,321,Matagorda County,43982,21985,21997,15032,7419,7613,4201,2060,2141,23264,11758,11506,1485,748,737
0.0 Scen,2049,321,Matagorda County,44158,22082,22076,14966,7391,7575,4207,2067,2140,23500,11877,11623,1485,747,738
0.0 Scen,2050,321,Matagorda County,44325,22164,22161,14919,7370,7549,4207,2066,2141,23719,11984,11735,1480,744,736
0.0 Scen,2010,323,Maverick County,54258,26451,27807,1552,842,710,75,45,30,51914,25201,26713,717,363,354
0.0 Scen,2011,323,Maverick County,55036,26842,28194,1568,850,718,75,45,30,52664,25578,27086,729,369,360
0.0 Scen,2012,323,Maverick County,55811,27237,28574,1580,858,722,75,45,30,53421,25962,27459,735,372,363
0.0 Scen,2013,323,Maverick County,56598,27636,28962,1593,862,731,76,46,30,54184,26351,27833,745,377,368
0.0 Scen,2014,323,Maverick County,57422,28053,29369,1608,871,737,77,46,31,54983,26755,28228,754,381,373
0.0 Scen,2015,323,Maverick County,58275,28485,29790,1626,878,748,78,47,31,55804,27170,28634,767,390,377
0.0 Scen,2016,323,Maverick County,59141,28924,30217,1636,883,753,79,47,32,56648,27598,29050,778,396,382
0.0 Scen,2017,323,Maverick County,60029,29380,30649,1649,891,758,80,48,32,57510,28038,29472,790,403,387
0.0 Scen,2018,323,Maverick County,60931,29840,31091,1657,896,761,81,48,33,58390,28487,29903,803,409,394
0.0 Scen,2019,323,Maverick County,61857,30323,31534,1667,902,765,82,49,33,59291,28953,30338,817,419,398
0.0 Scen,2020,323,Maverick County,62775,30791,31984,1675,905,770,82,49,33,60193,29415,30778,825,422,403
0.0 Scen,2021,323,Maverick County,63702,31270,32432,1676,903,773,83,50,33,61109,29891,31218,834,426,408
0.0 Scen,2022,323,Maverick County,64642,31744,32898,1678,900,778,84,50,34,62038,30365,31673,842,429,413
0.0 Scen,2023,323,Maverick County,65610,32241,33369,1681,901,780,85,51,34,62990,30853,32137,854,436,418
0.0 Scen,2024,323,Maverick County,66590,32745,33845,1687,900,787,86,51,35,63955,31354,32601,862,440,422
0.0 Scen,2025,323,Maverick County,67551,33239,34312,1688,899,789,87,52,35,64902,31841,33061,874,447,427
0.0 Scen,2026,323,Maverick County,68531,33743,34788,1692,899,793,89,53,36,65867,32339,33528,883,452,431
0.0 Scen,2027,323,Maverick County,69500,34240,35260,1700,900,800,90,54,36,66816,32828,33988,894,458,436
0.0 Scen,2028,323,Maverick County,70462,34737,35725,1702,898,804,91,54,37,67761,33318,34443,908,467,441
0.0 Scen,2029,323,Maverick County,71405,35228,36177,1704,899,805,91,54,37,68688,33798,34890,922,477,445
0.0 Scen,2030,323,Maverick County,72335,35710,36625,1713,903,810,92,54,38,69597,34270,35327,933,483,450
0.0 Scen,2031,323,Maverick County,73259,36187,37072,1720,905,815,93,55,38,70503,34740,35763,943,487,456
0.0 Scen,2032,323,Maverick County,74182,36674,37508,1726,911,815,94,55,39,71409,35216,36193,953,492,461
0.0 Scen,2033,323,Maverick County,75096,37152,37944,1733,916,817,94,55,39,72303,35681,36622,966,500,466
0.0 Scen,2034,323,Maverick County,76015,37631,38384,1734,916,818,94,55,39,73207,36152,37055,980,508,472
0.0 Scen,2035,323,Maverick County,76950,38113,38837,1736,918,818,94,55,39,74126,36626,37500,994,514,480
0.0 Scen,2036,323,Maverick County,77868,38601,39267,1736,917,819,94,55,39,75034,37108,37926,1004,521,483
0.0 Scen,2037,323,Maverick County,78827,39092,39735,1739,918,821,94,55,39,75975,37592,38383,1019,527,492
0.0 Scen,2038,323,Maverick County,79780,39593,40187,1740,919,821,93,55,38,76914,38083,38831,1033,536,497
0.0 Scen,2039,323,Maverick County,80725,40089,40636,1742,922,820,93,55,38,77846,38569,39277,1044,543,501
0.0 Scen,2040,323,Maverick County,81691,40594,41097,1742,922,820,91,54,37,78803,39069,39734,1055,549,506
0.0 Scen,2041,323,Maverick County,82669,41110,41559,1746,926,820,90,53,37,79767,39577,40190,1066,554,512
0.0 Scen,2042,323,Maverick County,83669,41635,42034,1747,927,820,89,52,37,80760,40097,40663,1073,559,514
0.0 Scen,2043,323,Maverick County,84682,42162,42520,1743,924,819,87,51,36,81771,40623,41148,1081,564,517
0.0 Scen,2044,323,Maverick County,85720,42702,43018,1741,923,818,86,50,36,82802,41160,41642,1091,569,522
0.0 Scen,2045,323,Maverick County,86757,43248,43509,1737,920,817,85,49,36,83839,41706,42133,1096,573,523
0.0 Scen,2046,323,Maverick County,87837,43815,44022,1734,918,816,84,48,36,84919,42273,42646,1100,576,524
0.0 Scen,2047,323,Maverick County,88919,44370,44549,1731,916,815,83,47,36,85997,42828,43169,1108,579,529
0.0 Scen,2048,323,Maverick County,90014,44940,45074,1726,915,811,82,46,36,87095,43400,43695,1111,579,532
0.0 Scen,2049,323,Maverick County,91111,45510,45601,1719,910,809,82,46,36,88193,43972,44221,1117,582,535
0.0 Scen,2050,323,Maverick County,92230,46094,46136,1714,910,804,81,45,36,89316,44556,44760,1119,583,536
0.0 Scen,2010,325,Medina County,46006,23656,22350,21408,10724,10684,913,785,128,22871,11711,11160,814,436,378
0.0 Scen,2011,325,Medina County,46176,23736,22440,21355,10692,10663,912,784,128,23084,11818,11266,825,442,383
0.0 Scen,2012,325,Medina County,46360,23820,22540,21306,10662,10644,913,784,129,23306,11927,11379,835,447,388
0.0 Scen,2013,325,Medina County,46551,23907,22644,21256,10630,10626,911,782,129,23538,12040,11498,846,455,391
0.0 Scen,2014,325,Medina County,46745,24005,22740,21211,10605,10606,910,781,129,23769,12159,11610,855,460,395
0.0 Scen,2015,325,Medina County,46971,24117,22854,21172,10581,10591,914,784,130,24017,12284,11733,868,468,400
0.0 Scen,2016,325,Medina County,47180,24213,22967,21129,10551,10578,912,781,131,24260,12408,11852,879,473,406
0.0 Scen,2017,325,Medina County,47384,24307,23077,21079,10523,10556,912,780,132,24504,12528,11976,889,476,413
0.0 Scen,2018,325,Medina County,47597,24408,23189,21037,10496,10541,908,776,132,24750,12654,12096,902,482,420
0.0 Scen,2019,325,Medina County,47802,24506,23296,20983,10467,10516,914,781,133,25000,12776,12224,905,482,423
0.0 Scen,2020,325,Medina County,48032,24606,23426,20941,10437,10504,913,778,135,25263,12905,12358,915,486,429
0.0 Scen,2021,325,Medina County,48267,24718,23549,20903,10413,10490,918,780,138,25520,13033,12487,926,492,434
0.0 Scen,2022,325,Medina County,48503,24828,23675,20872,10394,10478,910,773,137,25783,13163,12620,938,498,440
0.0 Scen,2023,325,Medina County,48756,24955,23801,20841,10377,10464,916,778,138,26051,13297,12754,948,503,445
0.0 Scen,2024,325,Medina County,48997,25073,23924,20814,10359,10455,917,777,140,26305,13427,12878,961,510,451
0.0 Scen,2025,325,Medina County,49240,25189,24051,20779,10338,10441,920,778,142,26566,13556,13010,975,517,458
0.0 Scen,2026,325,Medina County,49487,25305,24182,20744,10315,10429,922,778,144,26834,13691,13143,987,521,466
0.0 Scen,2027,325,Medina County,49708,25419,24289,20701,10292,10409,925,780,145,27084,13817,13267,998,530,468
0.0 Scen,2028,325,Medina County,49919,25521,24398,20653,10265,10388,931,784,147,27319,13933,13386,1016,539,477
0.0 Scen,2029,325,Medina County,50111,25617,24494,20594,10234,10360,932,783,149,27559,14053,13506,1026,547,479
0.0 Scen,2030,325,Medina County,50296,25711,24585,20531,10202,10329,935,784,151,27789,14171,13618,1041,554,487
0.0 Scen,2031,325,Medina County,50476,25791,24685,20474,10169,10305,933,780,153,28017,14282,13735,1052,560,492
0.0 Scen,2032,325,Medina County,50627,25866,24761,20405,10136,10269,932,778,154,28228,14388,13840,1062,564,498
0.0 Scen,2033,325,Medina County,50772,25939,24833,20323,10095,10228,933,778,155,28439,14494,13945,1077,572,505
0.0 Scen,2034,325,Medina County,50885,25998,24887,20243,10061,10182,932,777,155,28624,14583,14041,1086,577,509
0.0 Scen,2035,325,Medina County,50994,26054,24940,20151,10016,10135,930,775,155,28814,14680,14134,1099,583,516
0.0 Scen,2036,325,Medina County,51082,26097,24985,20059,9973,10086,928,773,155,28988,14763,14225,1107,588,519
0.0 Scen,2037,325,Medina County,51170,26149,25021,19969,9934,10035,926,771,155,29155,14850,14305,1120,594,526
0.0 Scen,2038,325,Medina County,51247,26183,25064,19874,9888,9986,925,769,156,29319,14929,14390,1129,597,532
0.0 Scen,2039,325,Medina County,51303,26204,25099,19764,9835,9929,920,764,156,29480,15003,14477,1139,602,537
0.0 Scen,2040,325,Medina County,51366,26240,25126,19661,9786,9875,920,764,156,29636,15082,14554,1149,608,541
0.0 Scen,2041,325,Medina County,51426,26269,25157,19557,9737,9820,916,760,156,29795,15160,14635,1158,612,546
0.0 Scen,2042,325,Medina County,51471,26293,25178,19451,9690,9761,908,752,156,29946,15234,14712,1166,617,549
0.0 Scen,2043,325,Medina County,51526,26323,25203,19345,9641,9704,902,748,154,30105,15312,14793,1174,622,552
0.0 Scen,2044,325,Medina County,51575,26349,25226,19242,9595,9647,895,742,153,30255,15385,14870,1183,627,556
0.0 Scen,2045,325,Medina County,51617,26373,25244,19136,9547,9589,884,733,151,30404,15461,14943,1193,632,561
0.0 Scen,2046,325,Medina County,51673,26404,25269,19042,9506,9536,877,727,150,30553,15534,15019,1201,637,564
0.0 Scen,2047,325,Medina County,51738,26439,25299,18954,9467,9487,865,716,149,30711,15615,15096,1208,641,567
0.0 Scen,2048,325,Medina County,51796,26467,25329,18871,9430,9441,858,710,148,30855,15686,15169,1212,641,571
0.0 Scen,2049,325,Medina County,51880,26517,25363,18794,9397,9397,852,706,146,31014,15769,15245,1220,645,575
0.0 Scen,2050,325,Medina County,51937,26546,25391,18723,9362,9361,839,696,143,31150,15839,15311,1225,649,576
0.0 Scen,2010,327,Menard County,2242,1133,1109,1425,714,711,11,8,3,790,404,386,16,7,9
0.0 Scen,2011,327,Menard County,2244,1134,1110,1420,711,709,11,8,3,797,408,389,16,7,9
0.0 Scen,2012,327,Menard County,2246,1136,1110,1415,709,706,11,8,3,804,412,392,16,7,9
0.0 Scen,2013,327,Menard County,2245,1135,1110,1407,704,703,11,8,3,811,416,395,16,7,9
0.0 Scen,2014,327,Menard County,2243,1134,1109,1401,701,700,11,8,3,815,418,397,16,7,9
0.0 Scen,2015,327,Menard County,2244,1134,1110,1394,697,697,11,8,3,823,422,401,16,7,9
0.0 Scen,2016,327,Menard County,2242,1131,1111,1386,691,695,11,8,3,829,425,404,16,7,9
0.0 Scen,2017,327,Menard County,2245,1130,1115,1378,685,693,11,8,3,840,430,410,16,7,9
0.0 Scen,2018,327,Menard County,2241,1126,1115,1368,678,690,11,8,3,846,433,413,16,7,9
0.0 Scen,2019,327,Menard County,2239,1122,1117,1358,669,689,11,8,3,854,438,416,16,7,9
0.0 Scen,2020,327,Menard County,2235,1121,1114,1346,662,684,11,8,3,862,444,418,16,7,9
0.0 Scen,2021,327,Menard County,2234,1120,1114,1336,656,680,11,8,3,871,449,422,16,7,9
0.0 Scen,2022,327,Menard County,2234,1122,1112,1329,653,676,11,8,3,878,454,424,16,7,9
0.0 Scen,2023,327,Menard County,2232,1122,1110,1320,648,672,11,8,3,885,459,426,16,7,9
0.0 Scen,2024,327,Menard County,2229,1119,1110,1310,641,669,11,8,3,892,463,429,16,7,9
0.0 Scen,2025,327,Menard County,2225,1118,1107,1299,636,663,11,8,3,899,467,432,16,7,9
0.0 Scen,2026,327,Menard County,2218,1115,1103,1286,629,657,11,8,3,905,471,434,16,7,9
0.0 Scen,2027,327,Menard County,2207,1110,1097,1270,621,649,11,8,3,910,474,436,16,7,9
0.0 Scen,2028,327,Menard County,2199,1105,1094,1255,613,642,11,8,3,917,477,440,16,7,9
0.0 Scen,2029,327,Menard County,2192,1103,1089,1243,609,634,11,8,3,922,479,443,16,7,9
0.0 Scen,2030,327,Menard County,2181,1099,1082,1227,603,624,11,8,3,927,481,446,16,7,9
0.0 Scen,2031,327,Menard County,2172,1097,1075,1213,598,615,11,8,3,932,484,448,16,7,9
0.0 Scen,2032,327,Menard County,2164,1094,1070,1201,593,608,11,8,3,936,486,450,16,7,9
0.0 Scen,2033,327,Menard County,2151,1086,1065,1185,584,601,11,8,3,939,487,452,16,7,9
0.0 Scen,2034,327,Menard County,2146,1084,1062,1176,580,596,11,8,3,943,489,454,16,7,9
0.0 Scen,2035,327,Menard County,2141,1084,1057,1167,577,590,11,8,3,947,492,455,16,7,9
0.0 Scen,2036,327,Menard County,2133,1082,1051,1156,573,583,11,8,3,950,494,456,16,7,9
0.0 Scen,2037,327,Menard County,2124,1080,1044,1145,570,575,11,8,3,952,495,457,16,7,9
0.0 Scen,2038,327,Menard County,2119,1079,1040,1136,567,569,11,8,3,956,497,459,16,7,9
0.0 Scen,2039,327,Menard County,2112,1074,1038,1126,562,564,11,8,3,959,497,462,16,7,9
0.0 Scen,2040,327,Menard County,2104,1069,1035,1116,557,559,11,8,3,961,497,464,16,7,9
0.0 Scen,2041,327,Menard County,2101,1067,1034,1112,555,557,11,8,3,962,497,465,16,7,9
0.0 Scen,2042,327,Menard County,2094,1065,1029,1103,552,551,11,8,3,964,498,466,16,7,9
0.0 Scen,2043,327,Menard County,2084,1058,1026,1093,545,548,11,8,3,964,498,466,16,7,9
0.0 Scen,2044,327,Menard County,2073,1054,1019,1084,542,542,10,7,3,963,498,465,16,7,9
0.0 Scen,2045,327,Menard County,2067,1051,1016,1078,539,539,10,7,3,963,498,465,16,7,9
0.0 Scen,2046,327,Menard County,2061,1050,1011,1074,539,535,10,7,3,961,497,464,16,7,9
0.0 Scen,2047,327,Menard County,2057,1052,1005,1071,541,530,10,7,3,960,497,463,16,7,9
0.0 Scen,2048,327,Menard County,2055,1051,1004,1070,540,530,10,7,3,959,497,462,16,7,9
0.0 Scen,2049,327,Menard County,2051,1051,1000,1067,540,527,10,7,3,958,497,461,16,7,9
0.0 Scen,2050,327,Menard County,2049,1052,997,1066,541,525,10,7,3,957,497,460,16,7,9
0.0 Scen,2010,329,Midland County,136872,67242,69630,72822,35606,37216,8675,4191,4484,51600,25558,26042,3775,1887,1888
0.0 Scen,2011,329,Midland County,138091,67864,70227,72944,35681,37263,8726,4217,4509,52581,26046,26535,3840,1920,1920
0.0 Scen,2012,329,Midland County,139324,68501,70823,73056,35753,37303,8786,4250,4536,53574,26544,27030,3908,1954,1954
0.0 Scen,2013,329,Midland County,140574,69132,71442,73178,35823,37355,8852,4285,4567,54563,27036,27527,3981,1988,1993
0.0 Scen,2014,329,Midland County,141816,69778,72038,73292,35903,37389,8912,4319,4593,55560,27532,28028,4052,2024,2028
0.0 Scen,2015,329,Midland County,143048,70409,72639,73405,35976,37429,8970,4350,4620,56550,28023,28527,4123,2060,2063
0.0 Scen,2016,329,Midland County,144213,71018,73195,73493,36033,37460,9013,4375,4638,57516,28513,29003,4191,2097,2094
0.0 Scen,2017,329,Midland County,145376,71618,73758,73567,36088,37479,9065,4404,4661,58488,28998,29490,4256,2128,2128
0.0 Scen,2018,329,Midland County,146493,72200,74293,73610,36131,37479,9110,4431,4679,59450,29475,29975,4323,2163,2160
0.0 Scen,2019,329,Midland County,147611,72785,74826,73642,36163,37479,9156,4458,4698,60425,29966,30459,4388,2198,2190
0.0 Scen,2020,329,Midland County,148704,73362,75342,73651,36190,37461,9213,4493,4720,61390,30449,30941,4450,2230,2220
0.0 Scen,2021,329,Midland County,149786,73913,75873,73642,36197,37445,9263,4519,4744,62370,30937,31433,4511,2260,2251
0.0 Scen,2022,329,Midland County,150853,74467,76386,73627,36211,37416,9308,4543,4765,63345,31423,31922,4573,2290,2283
0.0 Scen,2023,329,Midland County,151891,74999,76892,73579,36198,37381,9364,4570,4794,64317,31910,32407,4631,2321,2310
0.0 Scen,2024,329,Midland County,152916,75514,77402,73528,36178,37350,9417,4597,4820,65284,32391,32893,4687,2348,2339
0.0 Scen,2025,329,Midland County,153900,76015,77885,73442,36138,37304,9464,4621,4843,66248,32877,33371,4746,2379,2367
0.0 Scen,2026,329,Midland County,154875,76511,78364,73337,36090,37247,9518,4650,4868,67216,33362,33854,4804,2409,2395
0.0 Scen,2027,329,Midland County,155804,76985,78819,73206,36030,37176,9565,4672,4893,68181,33849,34332,4852,2434,2418
0.0 Scen,2028,329,Midland County,156708,77442,79266,73053,35955,37098,9613,4697,4916,69143,34335,34808,4899,2455,2444
0.0 Scen,2029,329,Midland County,157604,77899,79705,72889,35877,37012,9663,4726,4937,70103,34817,35286,4949,2479,2470
0.0 Scen,2030,329,Midland County,158483,78351,80132,72719,35797,36922,9716,4752,4964,71051,35295,35756,4997,2507,2490
0.0 Scen,2031,329,Midland County,159355,78794,80561,72551,35715,36836,9760,4778,4982,71993,35770,36223,5051,2531,2520
0.0 Scen,2032,329,Midland County,160186,79216,80970,72349,35619,36730,9803,4801,5002,72935,36242,36693,5099,2554,2545
0.0 Scen,2033,329,Midland County,161014,79642,81372,72154,35528,36626,9841,4820,5021,73874,36715,37159,5145,2579,2566
0.0 Scen,2034,329,Midland County,161809,80043,81766,71939,35426,36513,9881,4840,5041,74795,37176,37619,5194,2601,2593
0.0 Scen,2035,329,Midland County,162580,80443,82137,71711,35324,36387,9914,4858,5056,75713,37638,38075,5242,2623,2619
0.0 Scen,2036,329,Midland County,163304,80827,82477,71470,35210,36260,9940,4871,5069,76606,38099,38507,5288,2647,2641
0.0 Scen,2037,329,Midland County,164042,81206,82836,71214,35092,36122,9972,4890,5082,77519,38552,38967,5337,2672,2665
0.0 Scen,2038,329,Midland County,164733,81565,83168,70951,34969,35982,9990,4897,5093,78408,39003,39405,5384,2696,2688
0.0 Scen,2039,329,Midland County,165418,81921,83497,70676,34840,35836,10005,4904,5101,79299,39454,39845,5438,2723,2715
0.0 Scen,2040,329,Midland County,166063,82252,83811,70399,34710,35689,10020,4911,5109,80162,39886,40276,5482,2745,2737
0.0 Scen,2041,329,Midland County,166705,82588,84117,70103,34578,35525,10040,4923,5117,81031,40320,40711,5531,2767,2764
0.0 Scen,2042,329,Midland County,167312,82909,84403,69798,34440,35358,10046,4925,5121,81889,40752,41137,5579,2792,2787
0.0 Scen,2043,329,Midland County,167900,83228,84672,69487,34303,35184,10057,4931,5126,82730,41177,41553,5626,2817,2809
0.0 Scen,2044,329,Midland County,168474,83534,84940,69172,34164,35008,10067,4935,5132,83565,41599,41966,5670,2836,2834
0.0 Scen,2045,329,Midland County,169031,83837,85194,68856,34024,34832,10085,4945,5140,84378,42012,42366,5712,2856,2856
0.0 Scen,2046,329,Midland County,169577,84138,85439,68538,33893,34645,10089,4944,5145,85196,42425,42771,5754,2876,2878
0.0 Scen,2047,329,Midland County,170114,84434,85680,68219,33758,34461,10090,4942,5148,86007,42835,43172,5798,2899,2899
0.0 Scen,2048,329,Midland County,170653,84737,85916,67906,33625,34281,10098,4951,5147,86812,43244,43568,5837,2917,2920
0.0 Scen,2049,329,Midland County,171185,85036,86149,67604,33502,34102,10105,4957,5148,87599,43644,43955,5877,2933,2944
0.0 Scen,2050,329,Midland County,171713,85337,86376,67314,33381,33933,10106,4961,5145,88378,44042,44336,5915,2953,2962
0.0 Scen,2010,331,Milam County,24757,12225,12532,16216,7952,8264,2380,1130,1250,5780,2949,2831,381,194,187
0.0 Scen,2011,331,Milam County,24835,12276,12559,16158,7929,8229,2392,1140,1252,5899,3010,2889,386,197,189
0.0 Scen,2012,331,Milam County,24926,12325,12601,16111,7907,8204,2399,1145,1254,6023,3072,2951,393,201,192
0.0 Scen,2013,331,Milam County,25017,12383,12634,16056,7886,8170,2411,1155,1256,6151,3138,3013,399,204,195
0.0 Scen,2014,331,Milam County,25122,12438,12684,16007,7862,8145,2426,1165,1261,6283,3203,3080,406,208,198
0.0 Scen,2015,331,Milam County,25247,12504,12743,15965,7841,8124,2442,1174,1268,6425,3275,3150,415,214,201
0.0 Scen,2016,331,Milam County,25374,12567,12807,15927,7820,8107,2457,1185,1272,6567,3344,3223,423,218,205
0.0 Scen,2017,331,Milam County,25514,12637,12877,15899,7803,8096,2476,1196,1280,6709,3416,3293,430,222,208
0.0 Scen,2018,331,Milam County,25658,12703,12955,15868,7784,8084,2497,1208,1289,6851,3484,3367,442,227,215
0.0 Scen,2019,331,Milam County,25796,12777,13019,15840,7773,8067,2510,1214,1296,6995,3558,3437,451,232,219
0.0 Scen,2020,331,Milam County,25936,12851,13085,15806,7759,8047,2526,1221,1305,7143,3634,3509,461,237,224
0.0 Scen,2021,331,Milam County,26082,12924,13158,15774,7745,8029,2542,1231,1311,7294,3705,3589,472,243,229
0.0 Scen,2022,331,Milam County,26228,13005,13223,15738,7732,8006,2561,1242,1319,7447,3784,3663,482,247,235
0.0 Scen,2023,331,Milam County,26374,13077,13297,15702,7716,7986,2578,1250,1328,7605,3860,3745,489,251,238
0.0 Scen,2024,331,Milam County,26510,13147,13363,15665,7701,7964,2591,1255,1336,7757,3935,3822,497,256,241
0.0 Scen,2025,331,Milam County,26639,13216,13423,15625,7683,7942,2598,1259,1339,7915,4016,3899,501,258,243
0.0 Scen,2026,331,Milam County,26764,13275,13489,15583,7661,7922,2605,1262,1343,8067,4089,3978,509,263,246
0.0 Scen,2027,331,Milam County,26910,13350,13560,15548,7647,7901,2611,1264,1347,8232,4170,4062,519,269,250
0.0 Scen,2028,331,Milam County,27030,13408,13622,15502,7625,7877,2616,1266,1350,8385,4245,4140,527,272,255
0.0 Scen,2029,331,Milam County,27170,13482,13688,15466,7607,7859,2621,1268,1353,8546,4330,4216,537,277,260
0.0 Scen,2030,331,Milam County,27285,13535,13750,15409,7577,7832,2622,1268,1354,8707,4406,4301,547,284,263
0.0 Scen,2031,331,Milam County,27407,13598,13809,15360,7556,7804,2629,1270,1359,8865,4485,4380,553,287,266
0.0 Scen,2032,331,Milam County,27513,13656,13857,15303,7531,7772,2624,1269,1355,9023,4563,4460,563,293,270
0.0 Scen,2033,331,Milam County,27613,13711,13902,15242,7507,7735,2625,1269,1356,9174,4637,4537,572,298,274
0.0 Scen,2034,331,Milam County,27722,13771,13951,15187,7483,7704,2621,1268,1353,9334,4718,4616,580,302,278
0.0 Scen,2035,331,Milam County,27822,13826,13996,15130,7456,7674,2618,1268,1350,9486,4793,4693,588,309,279
0.0 Scen,2036,331,Milam County,27923,13881,14042,15069,7430,7639,2611,1264,1347,9645,4872,4773,598,315,283
0.0 Scen,2037,331,Milam County,28040,13941,14099,15015,7407,7608,2610,1264,1346,9805,4950,4855,610,320,290
0.0 Scen,2038,331,Milam County,28157,14012,14145,14962,7386,7576,2604,1266,1338,9974,5034,4940,617,326,291
0.0 Scen,2039,331,Milam County,28279,14081,14198,14908,7365,7543,2602,1266,1336,10139,5117,5022,630,333,297
0.0 Scen,2040,331,Milam County,28408,14152,14256,14861,7348,7513,2600,1265,1335,10306,5200,5106,641,339,302
0.0 Scen,2041,331,Milam County,28540,14221,14319,14811,7327,7484,2602,1266,1336,10474,5284,5190,653,344,309
0.0 Scen,2042,331,Milam County,28675,14292,14383,14770,7312,7458,2599,1264,1335,10645,5369,5276,661,347,314
0.0 Scen,2043,331,Milam County,28809,14372,14437,14719,7293,7426,2597,1264,1333,10819,5459,5360,674,356,318
0.0 Scen,2044,331,Milam County,28954,14449,14505,14677,7277,7400,2599,1266,1333,10993,5545,5448,685,361,324
0.0 Scen,2045,331,Milam County,29105,14536,14569,14641,7268,7373,2600,1267,1333,11172,5636,5536,692,365,327
0.0 Scen,2046,331,Milam County,29268,14627,14641,14613,7261,7352,2601,1271,1330,11350,5725,5625,704,370,334
0.0 Scen,2047,331,Milam County,29423,14707,14716,14571,7242,7329,2606,1274,1332,11535,5818,5717,711,373,338
0.0 Scen,2048,331,Milam County,29580,14792,14788,14537,7229,7308,2603,1275,1328,11721,5910,5811,719,378,341
0.0 Scen,2049,331,Milam County,29751,14887,14864,14508,7220,7288,2609,1281,1328,11904,6002,5902,730,384,346
0.0 Scen,2050,331,Milam County,29928,14979,14949,14483,7211,7272,2616,1285,1331,12089,6094,5995,740,389,351
0.0 Scen,2010,333,Mills County,4936,2445,2491,4024,1965,2059,26,13,13,818,429,389,68,38,30
0.0 Scen,2011,333,Mills County,4921,2439,2482,3996,1952,2044,26,13,13,830,435,395,69,39,30
0.0 Scen,2012,333,Mills County,4907,2428,2479,3969,1936,2033,26,13,13,842,440,402,70,39,31
0.0 Scen,2013,333,Mills County,4891,2419,2472,3941,1921,2020,26,13,13,854,446,408,70,39,31
0.0 Scen,2014,333,Mills County,4879,2411,2468,3916,1908,2008,26,13,13,866,451,415,71,39,32
0.0 Scen,2015,333,Mills County,4867,2408,2459,3895,1900,1995,26,13,13,876,457,419,70,38,32
0.0 Scen,2016,333,Mills County,4866,2406,2460,3880,1892,1988,26,13,13,889,463,426,71,38,33
0.0 Scen,2017,333,Mills County,4863,2408,2455,3862,1885,1977,25,13,12,904,471,433,72,39,33
0.0 Scen,2018,333,Mills County,4866,2409,2457,3846,1878,1968,26,13,13,923,480,443,71,38,33
0.0 Scen,2019,333,Mills County,4866,2413,2453,3831,1872,1959,27,14,13,936,488,448,72,39,33
0.0 Scen,2020,333,Mills County,4871,2417,2454,3816,1867,1949,28,14,14,955,497,458,72,39,33
0.0 Scen,2021,333,Mills County,4878,2421,2457,3805,1861,1944,29,15,14,972,506,466,72,39,33
0.0 Scen,2022,333,Mills County,4894,2429,2465,3801,1859,1942,30,15,15,991,516,475,72,39,33
0.0 Scen,2023,333,Mills County,4902,2433,2469,3794,1856,1938,31,16,15,1005,522,483,72,39,33
0.0 Scen,2024,333,Mills County,4914,2442,2472,3787,1854,1933,32,16,16,1022,532,490,73,40,33
0.0 Scen,2025,333,Mills County,4921,2447,2474,3779,1851,1928,33,17,16,1036,539,497,73,40,33
0.0 Scen,2026,333,Mills County,4930,2453,2477,3772,1849,1923,34,17,17,1051,547,504,73,40,33
0.0 Scen,2027,333,Mills County,4936,2458,2478,3761,1843,1918,35,18,17,1067,557,510,73,40,33
0.0 Scen,2028,333,Mills County,4943,2463,2480,3752,1840,1912,35,18,17,1083,565,518,73,40,33
0.0 Scen,2029,333,Mills County,4948,2464,2484,3742,1834,1908,35,18,17,1098,572,526,73,40,33
0.0 Scen,2030,333,Mills County,4952,2469,2483,3728,1830,1898,35,18,17,1116,581,535,73,40,33
0.0 Scen,2031,333,Mills County,4961,2475,2486,3719,1827,1892,35,18,17,1134,590,544,73,40,33
0.0 Scen,2032,333,Mills County,4971,2479,2492,3712,1823,1889,35,18,17,1151,598,553,73,40,33
0.0 Scen,2033,333,Mills County,4970,2477,2493,3695,1813,1882,35,18,17,1168,606,562,72,40,32
0.0 Scen,2034,333,Mills County,4972,2482,2490,3682,1811,1871,35,18,17,1184,614,570,71,39,32
0.0 Scen,2035,333,Mills County,4977,2487,2490,3671,1808,1863,35,18,17,1200,622,578,71,39,32
0.0 Scen,2036,333,Mills County,4982,2492,2490,3660,1805,1855,35,18,17,1216,630,586,71,39,32
0.0 Scen,2037,333,Mills County,4992,2501,2491,3655,1806,1849,35,18,17,1231,638,593,71,39,32
0.0 Scen,2038,333,Mills County,4994,2504,2490,3641,1800,1841,35,18,17,1247,647,600,71,39,32
0.0 Scen,2039,333,Mills County,4994,2508,2486,3628,1797,1831,35,18,17,1261,655,606,70,38,32
0.0 Scen,2040,333,Mills County,4993,2505,2488,3614,1787,1827,34,18,16,1274,662,612,71,38,33
0.0 Scen,2041,333,Mills County,4992,2505,2487,3601,1781,1820,34,18,16,1287,669,618,70,37,33
0.0 Scen,2042,333,Mills County,4997,2510,2487,3594,1780,1814,34,18,16,1299,675,624,70,37,33
0.0 Scen,2043,333,Mills County,4996,2512,2484,3580,1775,1805,34,18,16,1314,683,631,68,36,32
0.0 Scen,2044,333,Mills County,5002,2520,2482,3573,1776,1797,34,18,16,1329,691,638,66,35,31
0.0 Scen,2045,333,Mills County,5005,2521,2484,3565,1772,1793,34,18,16,1341,696,645,65,35,30
0.0 Scen,2046,333,Mills County,5012,2527,2485,3561,1773,1788,34,18,16,1352,701,651,65,35,30
0.0 Scen,2047,333,Mills County,5022,2535,2487,3560,1776,1784,34,18,16,1364,706,658,64,35,29
0.0 Scen,2048,333,Mills County,5028,2540,2488,3555,1777,1778,33,17,16,1378,712,666,62,34,28
0.0 Scen,2049,333,Mills County,5043,2548,2495,3557,1779,1778,33,17,16,1392,718,674,61,34,27
0.0 Scen,2050,333,Mills County,5060,2558,2502,3561,1783,1778,33,17,16,1406,724,682,60,34,26
0.0 Scen,2010,335,Mitchell County,9403,5746,3657,4753,2509,2244,1043,922,121,3481,2245,1236,126,70,56
0.0 Scen,2011,335,Mitchell County,9445,5769,3676,4751,2509,2242,1046,924,122,3520,2265,1255,128,71,57
0.0 Scen,2012,335,Mitchell County,9484,5791,3693,4748,2510,2238,1047,925,122,3560,2285,1275,129,71,58
0.0 Scen,2013,335,Mitchell County,9512,5806,3706,4742,2510,2232,1044,921,123,3596,2303,1293,130,72,58
0.0 Scen,2014,335,Mitchell County,9549,5825,3724,4737,2510,2227,1045,920,125,3636,2323,1313,131,72,59
0.0 Scen,2015,335,Mitchell County,9589,5845,3744,4729,2507,2222,1045,917,128,3683,2348,1335,132,73,59
0.0 Scen,2016,335,Mitchell County,9630,5871,3759,4723,2509,2214,1046,916,130,3728,2372,1356,133,74,59
0.0 Scen,2017,335,Mitchell County,9658,5884,3774,4715,2507,2208,1040,910,130,3769,2393,1376,134,74,60
0.0 Scen,2018,335,Mitchell County,9707,5906,3801,4715,2506,2209,1041,910,131,3815,2415,1400,136,75,61
0.0 Scen,2019,335,Mitchell County,9740,5916,3824,4705,2498,2207,1040,908,132,3857,2434,1423,138,76,62
0.0 Scen,2020,335,Mitchell County,9775,5929,3846,4697,2493,2204,1037,904,133,3902,2456,1446,139,76,63
0.0 Scen,2021,335,Mitchell County,9819,5955,3864,4691,2493,2198,1040,906,134,3948,2479,1469,140,77,63
0.0 Scen,2022,335,Mitchell County,9853,5969,3884,4684,2489,2195,1035,901,134,3993,2502,1491,141,77,64
0.0 Scen,2023,335,Mitchell County,9900,5994,3906,4681,2488,2193,1040,905,135,4037,2523,1514,142,78,64
0.0 Scen,2024,335,Mitchell County,9939,6010,3929,4677,2485,2192,1037,900,137,4082,2547,1535,143,78,65
0.0 Scen,2025,335,Mitchell County,9982,6033,3949,4675,2485,2190,1039,899,140,4122,2568,1554,146,81,65
0.0 Scen,2026,335,Mitchell County,10009,6042,3967,4666,2480,2186,1042,902,140,4155,2581,1574,146,79,67
0.0 Scen,2027,335,Mitchell County,10044,6062,3982,4654,2474,2180,1043,902,141,4199,2606,1593,148,80,68
0.0 Scen,2028,335,Mitchell County,10085,6083,4002,4650,2475,2175,1046,902,144,4239,2625,1614,150,81,69
0.0 Scen,2029,335,Mitchell County,10114,6097,4017,4643,2474,2169,1048,902,146,4271,2639,1632,152,82,70
0.0 Scen,2030,335,Mitchell County,10141,6111,4030,4634,2470,2164,1048,901,147,4305,2656,1649,154,84,70
0.0 Scen,2031,335,Mitchell County,10169,6130,4039,4625,2467,2158,1049,901,148,4340,2677,1663,155,85,70
0.0 Scen,2032,335,Mitchell County,10196,6149,4047,4615,2465,2150,1053,904,149,4372,2694,1678,156,86,70
0.0 Scen,2033,335,Mitchell County,10227,6165,4062,4612,2464,2148,1050,900,150,4407,2714,1693,158,87,71
0.0 Scen,2034,335,Mitchell County,10254,6180,4074,4609,2467,2142,1049,898,151,4438,2729,1709,158,86,72
0.0 Scen,2035,335,Mitchell County,10280,6196,4084,4599,2461,2138,1051,899,152,4469,2748,1721,161,88,73
0.0 Scen,2036,335,Mitchell County,10301,6209,4092,4592,2461,2131,1050,897,153,4498,2763,1735,161,88,73
0.0 Scen,2037,335,Mitchell County,10332,6224,4108,4589,2459,2130,1051,897,154,4530,2779,1751,162,89,73
0.0 Scen,2038,335,Mitchell County,10359,6236,4123,4584,2457,2127,1051,896,155,4561,2794,1767,163,89,74
0.0 Scen,2039,335,Mitchell County,10389,6253,4136,4580,2458,2122,1049,893,156,4596,2812,1784,164,90,74
0.0 Scen,2040,335,Mitchell County,10410,6264,4146,4567,2452,2115,1049,892,157,4630,2829,1801,164,91,73
0.0 Scen,2041,335,Mitchell County,10445,6284,4161,4569,2456,2113,1050,892,158,4661,2845,1816,165,91,74
0.0 Scen,2042,335,Mitchell County,10469,6299,4170,4558,2455,2103,1052,893,159,4694,2860,1834,165,91,74
0.0 Scen,2043,335,Mitchell County,10497,6313,4184,4553,2455,2098,1052,892,160,4727,2875,1852,165,91,74
0.0 Scen,2044,335,Mitchell County,10527,6331,4196,4547,2454,2093,1052,891,161,4762,2895,1867,166,91,75
0.0 Scen,2045,335,Mitchell County,10552,6345,4207,4543,2455,2088,1048,886,162,4796,2913,1883,165,91,74
0.0 Scen,2046,335,Mitchell County,10582,6362,4220,4539,2456,2083,1053,890,163,4826,2926,1900,164,90,74
0.0 Scen,2047,335,Mitchell County,10613,6377,4236,4536,2456,2080,1051,887,164,4861,2944,1917,165,90,75
0.0 Scen,2048,335,Mitchell County,10648,6396,4252,4537,2457,2080,1053,888,165,4893,2961,1932,165,90,75
0.0 Scen,2049,335,Mitchell County,10685,6414,4271,4536,2457,2079,1051,885,166,4932,2982,1950,166,90,76
0.0 Scen,2050,335,Mitchell County,10713,6432,4281,4535,2461,2074,1050,883,167,4961,2997,1964,167,91,76
0.0 Scen,2010,337,Montague County,19719,9665,10054,17347,8488,8859,38,27,11,1930,968,962,404,182,222
0.0 Scen,2011,337,Montague County,19739,9679,10060,17325,8479,8846,38,27,11,1968,988,980,408,185,223
0.0 Scen,2012,337,Montague County,19761,9692,10069,17308,8472,8836,38,27,11,2004,1006,998,411,187,224
0.0 Scen,2013,337,Montague County,19787,9709,10078,17288,8465,8823,38,27,11,2044,1027,1017,417,190,227
0.0 Scen,2014,337,Montague County,19821,9731,10090,17275,8463,8812,38,27,11,2087,1049,1038,421,192,229
0.0 Scen,2015,337,Montague County,19849,9747,10102,17255,8454,8801,38,27,11,2130,1071,1059,426,195,231
0.0 Scen,2016,337,Montague County,19883,9769,10114,17238,8450,8788,38,27,11,2176,1095,1081,431,197,234
0.0 Scen,2017,337,Montague County,19914,9789,10125,17217,8445,8772,38,27,11,2223,1118,1105,436,199,237
0.0 Scen,2018,337,Montague County,19963,9812,10151,17208,8439,8769,38,27,11,2270,1142,1128,447,204,243
0.0 Scen,2019,337,Montague County,20005,9837,10168,17198,8435,8763,38,27,11,2316,1167,1149,453,208,245
0.0 Scen,2020,337,Montague County,20049,9863,10186,17190,8432,8758,38,27,11,2363,1192,1171,458,212,246
0.0 Scen,2021,337,Montague County,20095,9888,10207,17182,8428,8754,39,28,11,2412,1217,1195,462,215,247
0.0 Scen,2022,337,Montague County,20139,9912,10227,17168,8422,8746,40,28,12,2465,1243,1222,466,219,247
0.0 Scen,2023,337,Montague County,20190,9943,10247,17163,8423,8740,41,29,12,2513,1268,1245,473,223,250
0.0 Scen,2024,337,Montague County,20225,9967,10258,17140,8417,8723,42,29,13,2562,1293,1269,481,228,253
0.0 Scen,2025,337,Montague County,20277,9993,10284,17129,8411,8718,43,30,13,2617,1321,1296,488,231,257
0.0 Scen,2026,337,Montague County,20301,10007,10294,17100,8396,8704,43,30,13,2666,1347,1319,492,234,258
0.0 Scen,2027,337,Montague County,20336,10030,10306,17081,8392,8689,44,31,13,2716,1371,1345,495,236,259
0.0 Scen,2028,337,Montague County,20360,10046,10314,17052,8380,8672,44,31,13,2762,1395,1367,502,240,262
0.0 Scen,2029,337,Montague County,20379,10057,10322,17018,8365,8653,44,31,13,2810,1419,1391,507,242,265
0.0 Scen,2030,337,Montague County,20402,10072,10330,16989,8354,8635,44,31,13,2856,1442,1414,513,245,268
0.0 Scen,2031,337,Montague County,20419,10084,10335,16952,8341,8611,44,31,13,2904,1464,1440,519,248,271
0.0 Scen,2032,337,Montague County,20442,10095,10347,16924,8327,8597,43,30,13,2951,1486,1465,524,252,272
0.0 Scen,2033,337,Montague County,20453,10104,10349,16891,8314,8577,43,30,13,2994,1508,1486,525,252,273
0.0 Scen,2034,337,Montague County,20463,10113,10350,16857,8300,8557,43,30,13,3036,1530,1506,527,253,274
0.0 Scen,2035,337,Montague County,20469,10120,10349,16815,8282,8533,43,30,13,3081,1552,1529,530,256,274
0.0 Scen,2036,337,Montague County,20483,10136,10347,16783,8275,8508,43,30,13,3125,1575,1550,532,256,276
0.0 Scen,2037,337,Montague County,20501,10148,10353,16755,8264,8491,43,30,13,3168,1597,1571,535,257,278
0.0 Scen,2038,337,Montague County,20510,10157,10353,16721,8252,8469,43,30,13,3212,1618,1594,534,257,277
0.0 Scen,2039,337,Montague County,20530,10171,10359,16694,8243,8451,43,30,13,3255,1639,1616,538,259,279
0.0 Scen,2040,337,Montague County,20548,10186,10362,16670,8239,8431,43,30,13,3294,1657,1637,541,260,281
0.0 Scen,2041,337,Montague County,20571,10199,10372,16653,8233,8420,43,30,13,3331,1673,1658,544,263,281
0.0 Scen,2042,337,Montague County,20596,10217,10379,16639,8233,8406,43,30,13,3367,1690,1677,547,264,283
0.0 Scen,2043,337,Montague County,20619,10235,10384,16624,8232,8392,41,29,12,3405,1708,1697,549,266,283
0.0 Scen,2044,337,Montague County,20650,10255,10395,16615,8233,8382,41,29,12,3443,1725,1718,551,268,283
0.0 Scen,2045,337,Montague County,20668,10269,10399,16595,8228,8367,42,29,13,3477,1742,1735,554,270,284
0.0 Scen,2046,337,Montague County,20698,10288,10410,16587,8226,8361,42,29,13,3513,1760,1753,556,273,283
0.0 Scen,2047,337,Montague County,20735,10312,10423,16589,8233,8356,42,29,13,3548,1778,1770,556,272,284
0.0 Scen,2048,337,Montague County,20773,10335,10438,16589,8236,8353,41,28,13,3584,1798,1786,559,273,286
0.0 Scen,2049,337,Montague County,20820,10363,10457,16601,8246,8355,41,28,13,3616,1813,1803,562,276,286
0.0 Scen,2050,337,Montague County,20862,10390,10472,16604,8254,8350,41,28,13,3652,1831,1821,565,277,288
0.0 Scen,2010,339,Montgomery County,455746,225911,229835,324611,159667,164944,18537,8908,9629,94698,48868,45830,17900,8468,9432
0.0 Scen,2011,339,Montgomery County,458828,227463,231365,325694,160224,165470,18692,8989,9703,96320,49671,46649,18122,8579,9543
0.0 Scen,2012,339,Montgomery County,461755,228932,232823,326676,160723,165953,18829,9058,9771,97922,50466,47456,18328,8685,9643
0.0 Scen,2013,339,Montgomery County,464700,230408,234292,327663,161218,166445,18987,9143,9844,99522,51262,48260,18528,8785,9743
0.0 Scen,2014,339,Montgomery County,467504,231779,235725,328571,161663,166908,19116,9198,9918,101105,52047,49058,18712,8871,9841
0.0 Scen,2015,339,Montgomery County,470317,233156,237161,329495,162099,167396,19262,9270,9992,102692,52838,49854,18868,8949,9919
0.0 Scen,2016,339,Montgomery County,473030,234487,238543,330309,162485,167824,19399,9336,10063,104288,53630,50658,19034,9036,9998
0.0 Scen,2017,339,Montgomery County,475628,235774,239854,331018,162832,168186,19519,9404,10115,105906,54426,51480,19185,9112,10073
0.0 Scen,2018,339,Montgomery County,478262,237053,241209,331728,163170,168558,19651,9462,10189,107547,55239,52308,19336,9182,10154
0.0 Scen,2019,339,Montgomery County,480828,238271,242557,332377,163451,168926,19784,9526,10258,109176,56032,53144,19491,9262,10229
0.0 Scen,2020,339,Montgomery County,483418,239556,243862,333019,163768,169251,19914,9597,10317,110833,56847,53986,19652,9344,10308
0.0 Scen,2021,339,Montgomery County,486008,240775,245233,333653,164034,169619,20038,9652,10386,112521,57677,54844,19796,9412,10384
0.0 Scen,2022,339,Montgomery County,488644,242051,246593,334254,164308,169946,20165,9715,10450,114236,58519,55717,19989,9509,10480
0.0 Scen,2023,339,Montgomery County,491233,243298,247935,334805,164552,170253,20288,9777,10511,115976,59375,56601,20164,9594,10570
0.0 Scen,2024,339,Montgomery County,493779,244519,249260,335328,164782,170546,20402,9839,10563,117724,60227,57497,20325,9671,10654
0.0 Scen,2025,339,Montgomery County,496322,245752,250570,335764,164964,170800,20511,9896,10615,119509,61109,58400,20538,9783,10755
0.0 Scen,2026,339,Montgomery County,498853,246994,251859,336189,165177,171012,20642,9956,10686,121287,61979,59308,20735,9882,10853
0.0 Scen,2027,339,Montgomery County,501181,248114,253067,336462,165282,171180,20739,10002,10737,123086,62863,60223,20894,9967,10927
0.0 Scen,2028,339,Montgomery County,503522,249239,254283,336660,165362,171298,20843,10059,10784,124892,63737,61155,21127,10081,11046
0.0 Scen,2029,339,Montgomery County,505718,250294,255424,336744,165377,171367,20938,10108,10830,126698,64618,62080,21338,10191,11147
0.0 Scen,2030,339,Montgomery County,507853,251349,256504,336775,165407,171368,21029,10150,10879,128518,65516,63002,21531,10276,11255
0.0 Scen,2031,339,Montgomery County,509831,252315,257516,336677,165346,171331,21112,10198,10914,130286,66371,63915,21756,10400,11356
0.0 Scen,2032,339,Montgomery County,511610,253206,258404,336433,165246,171187,21187,10235,10952,132053,67235,64818,21937,10490,11447
0.0 Scen,2033,339,Montgomery County,513252,254063,259189,336096,165113,170983,21246,10269,10977,133790,68083,65707,22120,10598,11522
0.0 Scen,2034,339,Montgomery County,514725,254785,259940,335599,164880,170719,21297,10296,11001,135498,68916,66582,22331,10693,11638
0.0 Scen,2035,339,Montgomery County,516046,255480,260566,335025,164635,170390,21351,10328,11023,137168,69733,67435,22502,10784,11718
0.0 Scen,2036,339,Montgomery County,517188,256082,261106,334322,164317,170005,21374,10345,11029,138824,70544,68280,22668,10876,11792
0.0 Scen,2037,339,Montgomery County,518155,256590,261565,333504,163952,169552,21415,10366,11049,140409,71314,69095,22827,10958,11869
0.0 Scen,2038,339,Montgomery County,519037,257038,261999,332639,163542,169097,21436,10379,11057,141988,72090,69898,22974,11027,11947
0.0 Scen,2039,339,Montgomery County,519745,257425,262320,331674,163118,168556,21453,10385,11068,143505,72818,70687,23113,11104,12009
0.0 Scen,2040,339,Montgomery County,520288,257734,262554,330614,162633,167981,21464,10395,11069,144994,73540,71454,23216,11166,12050
0.0 Scen,2041,339,Montgomery County,520725,257993,262732,329494,162137,167357,21456,10392,11064,146449,74246,72203,23326,11218,12108
0.0 Scen,2042,339,Montgomery County,521055,258226,262829,328334,161614,166720,21456,10399,11057,147860,74940,72920,23405,11273,12132
0.0 Scen,2043,339,Montgomery County,521357,258406,262951,327145,161064,166081,21441,10391,11050,149289,75636,73653,23482,11315,12167
0.0 Scen,2044,339,Montgomery County,521485,258544,262941,325893,160521,165372,21431,10394,11037,150639,76282,74357,23522,11347,12175
0.0 Scen,2045,339,Montgomery County,521596,258637,262959,324641,159965,164676,21420,10393,11027,151968,76927,75041,23567,11352,12215
0.0 Scen,2046,339,Montgomery County,521678,258749,262929,323387,159408,163979,21405,10391,11014,153260,77549,75711,23626,11401,12225
0.0 Scen,2047,339,Montgomery County,521776,258854,262922,322171,158868,163303,21385,10388,10997,154566,78178,76388,23654,11420,12234
0.0 Scen,2048,339,Montgomery County,521810,258945,262865,320971,158350,162621,21371,10389,10982,155822,78783,77039,23646,11423,12223
0.0 Scen,2049,339,Montgomery County,521920,259064,262856,319815,157850,161965,21344,10384,10960,157081,79387,77694,23680,11443,12237
0.0 Scen,2050,339,Montgomery County,522040,259199,262841,318705,157377,161328,21324,10381,10943,158321,79987,78334,23690,11454,12236
0.0 Scen,2010,341,Moore County,21904,11317,10587,8370,4091,4279,287,205,82,11542,6019,5523,1705,1002,703
0.0 Scen,2011,341,Moore County,22200,11467,10733,8387,4099,4288,291,207,84,11774,6136,5638,1748,1025,723
0.0 Scen,2012,341,Moore County,22496,11619,10877,8402,4108,4294,295,209,86,12010,6255,5755,1789,1047,742
0.0 Scen,2013,341,Moore County,22794,11772,11022,8414,4116,4298,299,212,87,12249,6375,5874,1832,1069,763
0.0 Scen,2014,341,Moore County,23103,11922,11181,8425,4120,4305,304,215,89,12496,6495,6001,1878,1092,786
0.0 Scen,2015,341,Moore County,23406,12071,11335,8435,4126,4309,309,218,91,12735,6612,6123,1927,1115,812
0.0 Scen,2016,341,Moore County,23696,12213,11483,8446,4132,4314,313,221,92,12967,6722,6245,1970,1138,832
0.0 Scen,2017,341,Moore County,24001,12363,11638,8456,4140,4316,318,224,94,13210,6836,6374,2017,1163,854
0.0 Scen,2018,341,Moore County,24301,12511,11790,8466,4149,4317,322,227,95,13453,6949,6504,2060,1186,874
0.0 Scen,2019,341,Moore County,24600,12659,11941,8474,4153,4321,328,230,98,13695,7066,6629,2103,1210,893
0.0 Scen,2020,341,Moore County,24899,12807,12092,8482,4158,4324,331,231,100,13938,7184,6754,2148,1234,914
0.0 Scen,2021,341,Moore County,25193,12949,12244,8488,4163,4325,335,233,102,14177,7297,6880,2193,1256,937
0.0 Scen,2022,341,Moore County,25492,13096,12396,8500,4171,4329,338,235,103,14411,7409,7002,2243,1281,962
0.0 Scen,2023,341,Moore County,25786,13246,12540,8513,4181,4332,342,237,105,14642,7522,7120,2289,1306,983
0.0 Scen,2024,341,Moore County,26087,13400,12687,8523,4191,4332,346,239,107,14880,7637,7243,2338,1333,1005
0.0 Scen,2025,341,Moore County,26372,13541,12831,8533,4198,4335,350,241,109,15108,7748,7360,2381,1354,1027
0.0 Scen,2026,341,Moore County,26683,13700,12983,8549,4210,4339,354,243,111,15352,7868,7484,2428,1379,1049
0.0 Scen,2027,341,Moore County,26978,13849,13129,8559,4217,4342,358,245,113,15589,7986,7603,2472,1401,1071
0.0 Scen,2028,341,Moore County,27299,14011,13288,8570,4224,4346,363,248,115,15846,8114,7732,2520,1425,1095
0.0 Scen,2029,341,Moore County,27596,14161,13435,8580,4229,4351,367,251,116,16081,8230,7851,2568,1451,1117
0.0 Scen,2030,341,Moore County,27902,14312,13590,8586,4232,4354,372,254,118,16327,8350,7977,2617,1476,1141
0.0 Scen,2031,341,Moore County,28202,14470,13732,8592,4238,4354,376,256,120,16573,8476,8097,2661,1500,1161
0.0 Scen,2032,341,Moore County,28506,14624,13882,8593,4241,4352,380,258,122,16822,8599,8223,2711,1526,1185
0.0 Scen,2033,341,Moore County,28814,14783,14031,8604,4248,4356,387,262,125,17065,8724,8341,2758,1549,1209
0.0 Scen,2034,341,Moore County,29138,14952,14186,8620,4261,4359,394,267,127,17309,8845,8464,2815,1579,1236
0.0 Scen,2035,341,Moore County,29442,15105,14337,8623,4266,4357,400,271,129,17553,8966,8587,2866,1602,1264
0.0 Scen,2036,341,Moore County,29744,15260,14484,8628,4271,4357,405,274,131,17792,9085,8707,2919,1630,1289
0.0 Scen,2037,341,Moore County,30053,15418,14635,8640,4278,4362,409,276,133,18029,9204,8825,2975,1660,1315
0.0 Scen,2038,341,Moore County,30364,15578,14786,8650,4287,4363,412,277,135,18269,9324,8945,3033,1690,1343
0.0 Scen,2039,341,Moore County,30666,15729,14937,8658,4295,4363,418,281,137,18497,9435,9062,3093,1718,1375
0.0 Scen,2040,341,Moore County,30974,15882,15092,8667,4300,4367,423,283,140,18731,9551,9180,3153,1748,1405
0.0 Scen,2041,341,Moore County,31277,16035,15242,8675,4305,4370,429,286,143,18963,9666,9297,3210,1778,1432
0.0 Scen,2042,341,Moore County,31584,16194,15390,8689,4316,4373,434,288,146,19191,9781,9410,3270,1809,1461
0.0 Scen,2043,341,Moore County,31887,16338,15549,8698,4319,4379,439,290,149,19420,9890,9530,3330,1839,1491
0.0 Scen,2044,341,Moore County,32188,16484,15704,8714,4328,4386,443,292,151,19646,10001,9645,3385,1863,1522
0.0 Scen,2045,341,Moore County,32486,16636,15850,8721,4336,4385,447,294,153,19873,10113,9760,3445,1893,1552
0.0 Scen,2046,341,Moore County,32784,16789,15995,8733,4345,4388,450,295,155,20098,10228,9870,3503,1921,1582
0.0 Scen,2047,341,Moore County,33075,16931,16144,8738,4349,4389,453,296,157,20321,10335,9986,3563,1951,1612
0.0 Scen,2048,341,Moore County,33380,17089,16291,8752,4363,4389,456,297,159,20547,10447,10100,3625,1982,1643
0.0 Scen,2049,341,Moore County,33679,17232,16447,8764,4369,4395,458,297,161,20776,10557,10219,3681,2009,1672
0.0 Scen,2050,341,Moore County,33987,17387,16600,8781,4384,4397,461,298,163,21001,10665,10336,3744,2040,1704
0.0 Scen,2010,343,Morris County,12934,6239,6695,8636,4187,4449,2952,1353,1599,1003,527,476,343,172,171
0.0 Scen,2011,343,Morris County,12965,6257,6708,8630,4184,4446,2966,1361,1605,1023,538,485,346,174,172
0.0 Scen,2012,343,Morris County,13001,6276,6725,8628,4183,4445,2982,1369,1613,1044,549,495,347,175,172
0.0 Scen,2013,343,Morris County,13038,6304,6734,8628,4187,4441,2998,1382,1616,1062,558,504,350,177,173
0.0 Scen,2014,343,Morris County,13070,6323,6747,8614,4182,4432,3019,1393,1626,1083,569,514,354,179,175
0.0 Scen,2015,343,Morris County,13111,6349,6762,8609,4181,4428,3037,1406,1631,1106,581,525,359,181,178
0.0 Scen,2016,343,Morris County,13156,6376,6780,8604,4181,4423,3061,1419,1642,1128,592,536,363,184,179
0.0 Scen,2017,343,Morris County,13189,6393,6796,8590,4175,4415,3079,1428,1651,1154,604,550,366,186,180
0.0 Scen,2018,343,Morris County,13232,6419,6813,8581,4171,4410,3103,1443,1660,1177,616,561,371,189,182
0.0 Scen,2019,343,Morris County,13267,6441,6826,8572,4169,4403,3117,1453,1664,1201,628,573,377,191,186
0.0 Scen,2020,343,Morris County,13313,6464,6849,8564,4163,4401,3133,1461,1672,1229,642,587,387,198,189
0.0 Scen,2021,343,Morris County,13344,6486,6858,8549,4158,4391,3150,1471,1679,1253,656,597,392,201,191
0.0 Scen,2022,343,Morris County,13372,6499,6873,8530,4150,4380,3160,1473,1687,1281,671,610,401,205,196
0.0 Scen,2023,343,Morris County,13383,6509,6874,8507,4142,4365,3164,1477,1687,1305,683,622,407,207,200
0.0 Scen,2024,343,Morris County,13403,6519,6884,8491,4134,4357,3165,1477,1688,1331,697,634,416,211,205
0.0 Scen,2025,343,Morris County,13408,6526,6882,8461,4120,4341,3165,1478,1687,1360,713,647,422,215,207
0.0 Scen,2026,343,Morris County,13416,6534,6882,8439,4109,4330,3164,1480,1684,1387,727,660,426,218,208
0.0 Scen,2027,343,Morris County,13423,6542,6881,8415,4102,4313,3163,1480,1683,1414,740,674,431,220,211
0.0 Scen,2028,343,Morris County,13424,6547,6877,8392,4092,4300,3154,1478,1676,1441,754,687,437,223,214
0.0 Scen,2029,343,Morris County,13430,6559,6871,8372,4084,4288,3146,1480,1666,1470,769,701,442,226,216
0.0 Scen,2030,343,Morris County,13452,6578,6874,8356,4080,4276,3145,1484,1661,1502,785,717,449,229,220
0.0 Scen,2031,343,Morris County,13462,6588,6874,8335,4071,4264,3140,1484,1656,1530,800,730,457,233,224
0.0 Scen,2032,343,Morris County,13475,6602,6873,8319,4067,4252,3134,1484,1650,1559,815,744,463,236,227
0.0 Scen,2033,343,Morris County,13493,6620,6873,8301,4061,4240,3130,1486,1644,1590,833,757,472,240,232
0.0 Scen,2034,343,Morris County,13513,6636,6877,8291,4062,4229,3127,1486,1641,1620,848,772,475,240,235
0.0 Scen,2035,343,Morris County,13524,6646,6878,8274,4056,4218,3120,1484,1636,1649,863,786,481,243,238
0.0 Scen,2036,343,Morris County,13550,6669,6881,8268,4058,4210,3121,1488,1633,1676,877,799,485,246,239
0.0 Scen,2037,343,Morris County,13573,6690,6883,8256,4056,4200,3125,1493,1632,1703,892,811,489,249,240
0.0 Scen,2038,343,Morris County,13588,6699,6889,8242,4050,4192,3128,1494,1634,1728,905,823,490,250,240
0.0 Scen,2039,343,Morris County,13605,6717,6888,8231,4050,4181,3130,1498,1632,1751,916,835,493,253,240
0.0 Scen,2040,343,Morris County,13632,6738,6894,8220,4047,4173,3139,1506,1633,1777,930,847,496,255,241
0.0 Scen,2041,343,Morris County,13652,6754,6898,8205,4045,4160,3148,1510,1638,1800,941,859,499,258,241
0.0 Scen,2042,343,Morris County,13683,6777,6906,8199,4046,4153,3153,1516,1637,1826,954,872,505,261,244
0.0 Scen,2043,343,Morris County,13712,6796,6916,8190,4044,4146,3158,1519,1639,1851,966,885,513,267,246
0.0 Scen,2044,343,Morris County,13741,6815,6926,8184,4044,4140,3164,1523,1641,1874,978,896,519,270,249
0.0 Scen,2045,343,Morris County,13766,6830,6936,8175,4042,4133,3166,1525,1641,1900,990,910,525,273,252
0.0 Scen,2046,343,Morris County,13796,6850,6946,8172,4042,4130,3170,1531,1639,1925,1002,923,529,275,254
0.0 Scen,2047,343,Morris County,13824,6876,6948,8165,4046,4119,3174,1537,1637,1950,1015,935,535,278,257
0.0 Scen,2048,343,Morris County,13849,6900,6949,8159,4048,4111,3176,1543,1633,1974,1027,947,540,282,258
0.0 Scen,2049,343,Morris County,13873,6919,6954,8153,4045,4108,3175,1548,1627,1999,1040,959,546,286,260
0.0 Scen,2050,343,Morris County,13910,6944,6966,8151,4048,4103,3181,1553,1628,2027,1054,973,551,289,262
0.0 Scen,2010,345,Motley County,1210,613,597,1013,509,504,24,15,9,163,84,79,10,5,5
0.0 Scen,2011,345,Motley County,1214,615,599,1014,509,505,24,15,9,166,86,80,10,5,5
0.0 Scen,2012,345,Motley County,1216,615,601,1013,508,505,24,15,9,169,87,82,10,5,5
0.0 Scen,2013,345,Motley County,1218,615,603,1012,506,506,24,15,9,172,89,83,10,5,5
0.0 Scen,2014,345,Motley County,1221,618,603,1012,507,505,24,15,9,175,91,84,10,5,5
0.0 Scen,2015,345,Motley County,1223,619,604,1011,506,505,24,15,9,178,93,85,10,5,5
0.0 Scen,2016,345,Motley County,1221,618,603,1006,503,503,24,15,9,181,95,86,10,5,5
0.0 Scen,2017,345,Motley County,1225,620,605,1006,503,503,24,15,9,185,97,88,10,5,5
0.0 Scen,2018,345,Motley County,1231,624,607,1008,505,503,24,15,9,189,99,90,10,5,5
0.0 Scen,2019,345,Motley County,1229,623,606,1002,502,500,24,15,9,193,101,92,10,5,5
0.0 Scen,2020,345,Motley County,1228,624,604,997,501,496,24,15,9,197,103,94,10,5,5
0.0 Scen,2021,345,Motley County,1229,626,603,994,501,493,24,15,9,201,105,96,10,5,5
0.0 Scen,2022,345,Motley County,1230,627,603,991,500,491,24,15,9,205,107,98,10,5,5
0.0 Scen,2023,345,Motley County,1228,626,602,985,496,489,24,15,9,209,110,99,10,5,5
0.0 Scen,2024,345,Motley County,1231,628,603,984,495,489,24,15,9,213,113,100,10,5,5
0.0 Scen,2025,345,Motley County,1230,627,603,978,491,487,24,15,9,218,116,102,10,5,5
0.0 Scen,2026,345,Motley County,1228,629,599,971,490,481,24,15,9,223,119,104,10,5,5
0.0 Scen,2027,345,Motley County,1228,630,598,966,488,478,24,15,9,228,122,106,10,5,5
0.0 Scen,2028,345,Motley County,1228,634,594,962,489,473,23,15,8,233,125,108,10,5,5
0.0 Scen,2029,345,Motley County,1230,634,596,960,487,473,23,15,8,237,127,110,10,5,5
0.0 Scen,2030,345,Motley County,1227,633,594,953,484,469,23,15,8,241,129,112,10,5,5
0.0 Scen,2031,345,Motley County,1222,632,590,943,480,463,23,15,8,246,132,114,10,5,5
0.0 Scen,2032,345,Motley County,1220,632,588,937,478,459,23,15,8,250,134,116,10,5,5
0.0 Scen,2033,345,Motley County,1217,631,586,929,474,455,23,15,8,255,137,118,10,5,5
0.0 Scen,2034,345,Motley County,1212,629,583,920,470,450,23,15,8,259,139,120,10,5,5
0.0 Scen,2035,345,Motley County,1207,629,578,912,468,444,23,15,8,262,141,121,10,5,5
0.0 Scen,2036,345,Motley County,1202,625,577,904,463,441,22,14,8,266,143,123,10,5,5
0.0 Scen,2037,345,Motley County,1197,625,572,896,461,435,22,14,8,269,145,124,10,5,5
0.0 Scen,2038,345,Motley County,1192,624,568,889,458,431,21,14,7,272,147,125,10,5,5
0.0 Scen,2039,345,Motley County,1186,622,564,882,455,427,19,13,6,275,149,126,10,5,5
0.0 Scen,2040,345,Motley County,1180,620,560,873,451,422,19,13,6,278,151,127,10,5,5
0.0 Scen,2041,345,Motley County,1174,618,556,864,447,417,19,13,6,281,153,128,10,5,5
0.0 Scen,2042,345,Motley County,1174,617,557,859,444,415,19,13,6,286,155,131,10,5,5
0.0 Scen,2043,345,Motley County,1170,616,554,852,441,411,19,13,6,289,157,132,10,5,5
0.0 Scen,2044,345,Motley County,1164,614,550,845,438,407,18,12,6,291,159,132,10,5,5
0.0 Scen,2045,345,Motley County,1162,614,548,839,435,404,18,12,6,295,162,133,10,5,5
0.0 Scen,2046,345,Motley County,1159,613,546,832,431,401,18,12,6,299,165,134,10,5,5
0.0 Scen,2047,345,Motley County,1157,613,544,826,429,397,18,12,6,303,167,136,10,5,5
0.0 Scen,2048,345,Motley County,1153,612,541,819,426,393,18,12,6,306,169,137,10,5,5
0.0 Scen,2049,345,Motley County,1153,614,539,816,426,390,18,12,6,309,171,138,10,5,5
0.0 Scen,2050,345,Motley County,1152,616,536,812,426,386,18,12,6,312,173,139,10,5,5
0.0 Scen,2010,347,Nacogdoches County,64524,30800,33724,39699,18927,20772,11573,5122,6451,11356,5851,5505,1896,900,996
0.0 Scen,2011,347,Nacogdoches County,64986,31079,33907,39813,19016,20797,11660,5177,6483,11592,5972,5620,1921,914,1007
0.0 Scen,2012,347,Nacogdoches County,65444,31358,34086,39917,19101,20816,11752,5235,6517,11834,6096,5738,1941,926,1015
0.0 Scen,2013,347,Nacogdoches County,65882,31618,34264,39994,19170,20824,11840,5287,6553,12081,6222,5859,1967,939,1028
0.0 Scen,2014,347,Nacogdoches County,66322,31879,34443,40060,19227,20833,11942,5351,6591,12328,6349,5979,1992,952,1040
0.0 Scen,2015,347,Nacogdoches County,66782,32137,34645,40139,19285,20854,12048,5413,6635,12576,6475,6101,2019,964,1055
0.0 Scen,2016,347,Nacogdoches County,67341,32439,34902,40289,19376,20913,12178,5485,6693,12828,6599,6229,2046,979,1067
0.0 Scen,2017,347,Nacogdoches County,67926,32746,35180,40452,19463,20989,12309,5556,6753,13095,6735,6360,2070,992,1078
0.0 Scen,2018,347,Nacogdoches County,68548,33074,35474,40636,19565,21071,12449,5630,6819,13359,6870,6489,2104,1009,1095
0.0 Scen,2019,347,Nacogdoches County,69181,33402,35779,40835,19668,21167,12585,5703,6882,13630,7007,6623,2131,1024,1107
0.0 Scen,2020,347,Nacogdoches County,69817,33726,36091,41034,19767,21267,12728,5779,6949,13894,7139,6755,2161,1041,1120
0.0 Scen,2021,347,Nacogdoches County,70466,34059,36407,41237,19875,21362,12868,5855,7013,14171,7275,6896,2190,1054,1136
0.0 Scen,2022,347,Nacogdoches County,71102,34384,36718,41432,19977,21455,12994,5921,7073,14450,7412,7038,2226,1074,1152
0.0 Scen,2023,347,Nacogdoches County,71731,34699,37032,41626,20075,21551,13132,5994,7138,14724,7545,7179,2249,1085,1164
0.0 Scen,2024,347,Nacogdoches County,72385,35033,37352,41831,20186,21645,13264,6065,7199,14999,7674,7325,2291,1108,1183
0.0 Scen,2025,347,Nacogdoches County,73016,35354,37662,42024,20287,21737,13399,6137,7262,15273,7805,7468,2320,1125,1195
0.0 Scen,2026,347,Nacogdoches County,73664,35686,37978,42215,20390,21825,13536,6213,7323,15563,7943,7620,2350,1140,1210
0.0 Scen,2027,347,Nacogdoches County,74285,35996,38289,42400,20486,21914,13658,6277,7381,15845,8077,7768,2382,1156,1226
0.0 Scen,2028,347,Nacogdoches County,74897,36309,38588,42572,20580,21992,13775,6340,7435,16139,8217,7922,2411,1172,1239
0.0 Scen,2029,347,Nacogdoches County,75467,36618,38849,42727,20675,22052,13878,6399,7479,16427,8357,8070,2435,1187,1248
0.0 Scen,2030,347,Nacogdoches County,76033,36911,39122,42850,20746,22104,13988,6458,7530,16732,8507,8225,2463,1200,1263
0.0 Scen,2031,347,Nacogdoches County,76597,37204,39393,42971,20810,22161,14105,6523,7582,17031,8655,8376,2490,1216,1274
0.0 Scen,2032,347,Nacogdoches County,77151,37483,39668,43093,20880,22213,14211,6576,7635,17330,8800,8530,2517,1227,1290
0.0 Scen,2033,347,Nacogdoches County,77724,37782,39942,43216,20950,22266,14338,6641,7697,17626,8949,8677,2544,1242,1302
0.0 Scen,2034,347,Nacogdoches County,78320,38085,40235,43352,21023,22329,14463,6706,7757,17928,9095,8833,2577,1261,1316
0.0 Scen,2035,347,Nacogdoches County,78924,38403,40521,43499,21108,22391,14590,6773,7817,18231,9248,8983,2604,1274,1330
0.0 Scen,2036,347,Nacogdoches County,79542,38720,40822,43661,21196,22465,14712,6836,7876,18530,9395,9135,2639,1293,1346
0.0 Scen,2037,347,Nacogdoches County,80174,39041,41133,43832,21283,22549,14849,6912,7937,18824,9539,9285,2669,1307,1362
0.0 Scen,2038,347,Nacogdoches County,80819,39381,41438,44013,21383,22630,14984,6985,7999,19125,9691,9434,2697,1322,1375
0.0 Scen,2039,347,Nacogdoches County,81489,39736,41753,44215,21496,22719,15120,7058,8062,19423,9841,9582,2731,1341,1390
0.0 Scen,2040,347,Nacogdoches County,82163,40086,42077,44433,21613,22820,15253,7131,8122,19718,9986,9732,2759,1356,1403
0.0 Scen,2041,347,Nacogdoches County,82859,40441,42418,44674,21739,22935,15389,7205,8184,20012,10130,9882,2784,1367,1417
0.0 Scen,2042,347,Nacogdoches County,83540,40803,42737,44907,21867,23040,15521,7282,8239,20307,10276,10031,2805,1378,1427
0.0 Scen,2043,347,Nacogdoches County,84246,41168,43078,45153,22001,23152,15659,7352,8307,20600,10420,10180,2834,1395,1439
0.0 Scen,2044,347,Nacogdoches County,84953,41536,43417,45408,22137,23271,15791,7425,8366,20897,10566,10331,2857,1408,1449
0.0 Scen,2045,347,Nacogdoches County,85688,41920,43768,45682,22289,23393,15931,7502,8429,21189,10707,10482,2886,1422,1464
0.0 Scen,2046,347,Nacogdoches County,86403,42295,44108,45950,22435,23515,16056,7572,8484,21487,10854,10633,2910,1434,1476
0.0 Scen,2047,347,Nacogdoches County,87128,42670,44458,46237,22589,23648,16185,7639,8546,21770,10995,10775,2936,1447,1489
0.0 Scen,2048,347,Nacogdoches County,87871,43063,44808,46537,22753,23784,16312,7710,8602,22064,11139,10925,2958,1461,1497
0.0 Scen,2049,347,Nacogdoches County,88622,43455,45167,46843,22915,23928,16440,7782,8658,22362,11286,11076,2977,1472,1505
0.0 Scen,2050,347,Nacogdoches County,89389,43856,45533,47160,23085,24075,16570,7856,8714,22657,11430,11227,3002,1485,1517
0.0 Scen,2010,349,Navarro County,47735,23657,24078,28587,13966,14621,6490,3151,3339,11345,5888,5457,1313,652,661
0.0 Scen,2011,349,Navarro County,48008,23796,24212,28565,13962,14603,6516,3160,3356,11598,6014,5584,1329,660,669
0.0 Scen,2012,349,Navarro County,48290,23942,24348,28545,13957,14588,6539,3170,3369,11861,6146,5715,1345,669,676
0.0 Scen,2013,349,Navarro County,48582,24095,24487,28524,13955,14569,6563,3179,3384,12131,6283,5848,1364,678,686
0.0 Scen,2014,349,Navarro County,48885,24253,24632,28513,13954,14559,6585,3189,3396,12406,6423,5983,1381,687,694
0.0 Scen,2015,349,Navarro County,49187,24407,24780,28494,13946,14548,6613,3202,3411,12682,6562,6120,1398,697,701
0.0 Scen,2016,349,Navarro County,49486,24565,24921,28475,13942,14533,6637,3218,3419,12959,6700,6259,1415,705,710
0.0 Scen,2017,349,Navarro County,49791,24723,25068,28454,13937,14517,6664,3231,3433,13242,6841,6401,1431,714,717
0.0 Scen,2018,349,Navarro County,50089,24881,25208,28434,13931,14503,6684,3246,3438,13526,6982,6544,1445,722,723
0.0 Scen,2019,349,Navarro County,50385,25022,25363,28414,13921,14493,6701,3253,3448,13809,7118,6691,1461,730,731
0.0 Scen,2020,349,Navarro County,50682,25178,25504,28388,13914,14474,6720,3265,3455,14096,7261,6835,1478,738,740
0.0 Scen,2021,349,Navarro County,50990,25342,25648,28362,13906,14456,6742,3279,3463,14393,7410,6983,1493,747,746
0.0 Scen,2022,349,Navarro County,51304,25506,25798,28340,13901,14439,6759,3293,3466,14687,7552,7135,1518,760,758
0.0 Scen,2023,349,Navarro County,51609,25667,25942,28312,13897,14415,6776,3305,3471,14982,7693,7289,1539,772,767
0.0 Scen,2024,349,Navarro County,51888,25803,26085,28268,13877,14391,6782,3308,3474,15281,7837,7444,1557,781,776
0.0 Scen,2025,349,Navarro County,52160,25934,26226,28213,13853,14360,6787,3312,3475,15584,7978,7606,1576,791,785
0.0 Scen,2026,349,Navarro County,52418,26063,26355,28148,13826,14322,6793,3318,3475,15884,8119,7765,1593,800,793
0.0 Scen,2027,349,Navarro County,52683,26205,26478,28072,13796,14276,6812,3329,3483,16188,8270,7918,1611,810,801
0.0 Scen,2028,349,Navarro County,52938,26339,26599,27991,13765,14226,6818,3331,3487,16498,8422,8076,1631,821,810
0.0 Scen,2029,349,Navarro County,53185,26467,26718,27900,13725,14175,6829,3340,3489,16805,8571,8234,1651,831,820
0.0 Scen,2030,349,Navarro County,53423,26588,26835,27803,13677,14126,6837,3344,3493,17109,8722,8387,1674,845,829
0.0 Scen,2031,349,Navarro County,53675,26719,26956,27707,13637,14070,6853,3351,3502,17413,8873,8540,1702,858,844
0.0 Scen,2032,349,Navarro County,53899,26829,27070,27601,13585,14016,6858,3353,3505,17715,9022,8693,1725,869,856
0.0 Scen,2033,349,Navarro County,54134,26957,27177,27497,13539,13958,6863,3358,3505,18026,9179,8847,1748,881,867
0.0 Scen,2034,349,Navarro County,54351,27072,27279,27385,13487,13898,6870,3361,3509,18331,9332,8999,1765,892,873
0.0 Scen,2035,349,Navarro County,54590,27195,27395,27276,13439,13837,6880,3366,3514,18647,9490,9157,1787,900,887
0.0 Scen,2036,349,Navarro County,54791,27302,27489,27147,13381,13766,6881,3367,3514,18958,9646,9312,1805,908,897
0.0 Scen,2037,349,Navarro County,55012,27416,27596,27031,13326,13705,6880,3365,3515,19274,9806,9468,1827,919,908
0.0 Scen,2038,349,Navarro County,55232,27531,27701,26921,13277,13644,6879,3367,3512,19590,9964,9626,1842,923,919
0.0 Scen,2039,349,Navarro County,55444,27645,27799,26805,13221,13584,6872,3366,3506,19909,10124,9785,1858,934,924
0.0 Scen,2040,349,Navarro County,55682,27767,27915,26697,13171,13526,6867,3363,3504,20241,10290,9951,1877,943,934
0.0 Scen,2041,349,Navarro County,55915,27889,28026,26597,13124,13473,6862,3363,3499,20566,10452,10114,1890,950,940
0.0 Scen,2042,349,Navarro County,56128,28005,28123,26487,13078,13409,6857,3364,3493,20879,10607,10272,1905,956,949
0.0 Scen,2043,349,Navarro County,56352,28129,28223,26389,13036,13353,6845,3362,3483,21202,10767,10435,1916,964,952
0.0 Scen,2044,349,Navarro County,56575,28247,28328,26288,12992,13296,6840,3365,3475,21517,10920,10597,1930,970,960
0.0 Scen,2045,349,Navarro County,56796,28367,28429,26189,12953,13236,6821,3358,3463,21841,11078,10763,1945,978,967
0.0 Scen,2046,349,Navarro County,57042,28492,28550,26104,12915,13189,6810,3355,3455,22169,11237,10932,1959,985,974
0.0 Scen,2047,349,Navarro County,57279,28615,28664,26017,12880,13137,6799,3351,3448,22497,11397,11100,1966,987,979
0.0 Scen,2048,349,Navarro County,57500,28734,28766,25923,12842,13081,6778,3341,3437,22826,11561,11265,1973,990,983
0.0 Scen,2049,349,Navarro County,57741,28870,28871,25834,12807,13027,6763,3338,3425,23162,11730,11432,1982,995,987
0.0 Scen,2050,349,Navarro County,57978,29003,28975,25753,12779,12974,6742,3332,3410,23495,11893,11602,1988,999,989
0.0 Scen,2010,351,Newton County,14445,7445,7000,10825,5501,5324,2891,1550,1341,403,235,168,326,159,167
0.0 Scen,2011,351,Newton County,14473,7459,7014,10821,5499,5322,2908,1558,1350,410,239,171,334,163,171
0.0 Scen,2012,351,Newton County,14509,7474,7035,10824,5499,5325,2927,1566,1361,417,243,174,341,166,175
0.0 Scen,2013,351,Newton County,14553,7494,7059,10833,5501,5332,2947,1576,1371,425,247,178,348,170,178
0.0 Scen,2014,351,Newton County,14606,7519,7087,10848,5505,5343,2970,1588,1382,433,251,182,355,175,180
0.0 Scen,2015,351,Newton County,14648,7541,7107,10860,5512,5348,2983,1594,1389,442,256,186,363,179,184
0.0 Scen,2016,351,Newton County,14691,7559,7132,10870,5512,5358,2998,1602,1396,451,261,190,372,184,188
0.0 Scen,2017,351,Newton County,14744,7591,7153,10883,5522,5361,3016,1613,1403,461,266,195,384,190,194
0.0 Scen,2018,351,Newton County,14790,7618,7172,10888,5522,5366,3038,1629,1409,471,272,199,393,195,198
0.0 Scen,2019,351,Newton County,14832,7637,7195,10898,5525,5373,3050,1634,1416,482,278,204,402,200,202
0.0 Scen,2020,351,Newton County,14869,7657,7212,10901,5527,5374,3062,1640,1422,494,284,210,412,206,206
0.0 Scen,2021,351,Newton County,14909,7674,7235,10910,5529,5381,3072,1643,1429,507,292,215,420,210,210
0.0 Scen,2022,351,Newton County,14952,7697,7255,10911,5530,5381,3091,1653,1438,519,299,220,431,215,216
0.0 Scen,2023,351,Newton County,14992,7716,7276,10916,5535,5381,3104,1656,1448,533,306,227,439,219,220
0.0 Scen,2024,351,Newton County,15018,7731,7287,10906,5529,5377,3118,1665,1453,546,313,233,448,224,224
0.0 Scen,2025,351,Newton County,15044,7742,7302,10897,5523,5374,3131,1670,1461,559,320,239,457,229,228
0.0 Scen,2026,351,Newton County,15050,7745,7305,10875,5512,5363,3136,1672,1464,572,327,245,467,234,233
0.0 Scen,2027,351,Newton County,15059,7744,7315,10858,5500,5358,3148,1676,1472,582,332,250,471,236,235
0.0 Scen,2028,351,Newton County,15061,7742,7319,10834,5486,5348,3157,1680,1477,593,338,255,477,238,239
0.0 Scen,2029,351,Newton County,15059,7743,7316,10811,5474,5337,3162,1685,1477,605,344,261,481,240,241
0.0 Scen,2030,351,Newton County,15055,7737,7318,10787,5459,5328,3160,1684,1476,618,350,268,490,244,246
0.0 Scen,2031,351,Newton County,15049,7737,7312,10763,5448,5315,3159,1685,1474,629,356,273,498,248,250
0.0 Scen,2032,351,Newton County,15034,7730,7304,10739,5438,5301,3150,1678,1472,641,362,279,504,252,252
0.0 Scen,2033,351,Newton County,15020,7723,7297,10710,5425,5285,3145,1673,1472,652,368,284,513,257,256
0.0 Scen,2034,351,Newton County,15001,7717,7284,10678,5412,5266,3138,1669,1469,663,374,289,522,262,260
0.0 Scen,2035,351,Newton County,14973,7705,7268,10643,5395,5248,3128,1663,1465,675,381,294,527,266,261
0.0 Scen,2036,351,Newton County,14952,7694,7258,10611,5381,5230,3122,1658,1464,687,387,300,532,268,264
0.0 Scen,2037,351,Newton County,14925,7686,7239,10575,5368,5207,3109,1650,1459,699,393,306,542,275,267
0.0 Scen,2038,351,Newton County,14907,7676,7231,10539,5351,5188,3105,1645,1460,711,400,311,552,280,272
0.0 Scen,2039,351,Newton County,14895,7675,7220,10510,5343,5167,3101,1641,1460,722,406,316,562,285,277
0.0 Scen,2040,351,Newton County,14869,7662,7207,10470,5323,5147,3095,1638,1457,733,412,321,571,289,282
0.0 Scen,2041,351,Newton County,14856,7656,7200,10433,5306,5127,3099,1637,1462,744,418,326,580,295,285
0.0 Scen,2042,351,Newton County,14847,7658,7189,10404,5296,5108,3095,1636,1459,757,426,331,591,300,291
0.0 Scen,2043,351,Newton County,14842,7657,7185,10379,5285,5094,3092,1635,1457,769,432,337,602,305,297
0.0 Scen,2044,351,Newton County,14833,7650,7183,10344,5270,5074,3096,1634,1462,781,438,343,612,308,304
0.0 Scen,2045,351,Newton County,14818,7643,7175,10309,5252,5057,3096,1635,1461,793,444,349,620,312,308
0.0 Scen,2046,351,Newton County,14814,7641,7173,10278,5238,5040,3098,1635,1463,805,451,354,633,317,316
0.0 Scen,2047,351,Newton County,14806,7633,7173,10246,5222,5024,3101,1633,1468,817,457,360,642,321,321
0.0 Scen,2048,351,Newton County,14791,7623,7168,10210,5204,5006,3100,1630,1470,828,463,365,653,326,327
0.0 Scen,2049,351,Newton County,14781,7616,7165,10174,5185,4989,3104,1630,1474,840,469,371,663,332,331
0.0 Scen,2050,351,Newton County,14773,7609,7164,10144,5170,4974,3105,1628,1477,853,475,378,671,336,335
0.0 Scen,2010,353,Nolan County,15216,7561,7655,9191,4580,4611,666,334,332,5103,2519,2584,256,128,128
0.0 Scen,2011,353,Nolan County,15275,7595,7680,9167,4571,4596,672,338,334,5176,2556,2620,260,130,130
0.0 Scen,2012,353,Nolan County,15348,7636,7712,9153,4568,4585,678,342,336,5255,2595,2660,262,131,131
0.0 Scen,2013,353,Nolan County,15422,7673,7749,9138,4563,4575,683,344,339,5335,2633,2702,266,133,133
0.0 Scen,2014,353,Nolan County,15499,7717,7782,9130,4562,4568,689,347,342,5410,2672,2738,270,136,134
0.0 Scen,2015,353,Nolan County,15575,7761,7814,9121,4561,4560,695,351,344,5485,2711,2774,274,138,136
0.0 Scen,2016,353,Nolan County,15661,7806,7855,9113,4560,4553,703,355,348,5566,2750,2816,279,141,138
0.0 Scen,2017,353,Nolan County,15756,7856,7900,9118,4565,4553,711,359,352,5642,2788,2854,285,144,141
0.0 Scen,2018,353,Nolan County,15847,7904,7943,9118,4568,4550,720,363,357,5719,2826,2893,290,147,143
0.0 Scen,2019,353,Nolan County,15934,7955,7979,9108,4566,4542,730,370,360,5799,2866,2933,297,153,144
0.0 Scen,2020,353,Nolan County,16024,8004,8020,9100,4564,4536,739,376,363,5882,2908,2974,303,156,147
0.0 Scen,2021,353,Nolan County,16108,8047,8061,9087,4560,4527,748,381,367,5965,2948,3017,308,158,150
0.0 Scen,2022,353,Nolan County,16183,8090,8093,9067,4553,4514,757,385,372,6044,2989,3055,315,163,152
0.0 Scen,2023,353,Nolan County,16275,8137,8138,9060,4550,4510,766,390,376,6127,3030,3097,322,167,155
0.0 Scen,2024,353,Nolan County,16358,8178,8180,9046,4544,4502,773,393,380,6210,3070,3140,329,171,158
0.0 Scen,2025,353,Nolan County,16434,8219,8215,9026,4539,4487,781,396,385,6292,3111,3181,335,173,162
0.0 Scen,2026,353,Nolan County,16512,8260,8252,9010,4532,4478,791,401,390,6371,3151,3220,340,176,164
0.0 Scen,2027,353,Nolan County,16590,8303,8287,8992,4527,4465,799,405,394,6454,3192,3262,345,179,166
0.0 Scen,2028,353,Nolan County,16675,8351,8324,8979,4525,4454,809,411,398,6535,3232,3303,352,183,169
0.0 Scen,2029,353,Nolan County,16756,8391,8365,8963,4517,4446,816,414,402,6621,3275,3346,356,185,171
0.0 Scen,2030,353,Nolan County,16836,8430,8406,8946,4509,4437,824,417,407,6701,3315,3386,365,189,176
0.0 Scen,2031,353,Nolan County,16916,8471,8445,8929,4501,4428,831,420,411,6785,3358,3427,371,192,179
0.0 Scen,2032,353,Nolan County,16987,8512,8475,8905,4491,4414,837,424,413,6864,3400,3464,381,197,184
0.0 Scen,2033,353,Nolan County,17055,8547,8508,8885,4484,4401,840,425,415,6944,3440,3504,386,198,188
0.0 Scen,2034,353,Nolan County,17124,8581,8543,8865,4474,4391,845,426,419,7021,3480,3541,393,201,192
0.0 Scen,2035,353,Nolan County,17188,8617,8571,8851,4469,4382,846,426,420,7092,3518,3574,399,204,195
0.0 Scen,2036,353,Nolan County,17249,8656,8593,8830,4463,4367,852,431,421,7163,3555,3608,404,207,197
0.0 Scen,2037,353,Nolan County,17307,8685,8622,8811,4454,4357,852,430,422,7236,3593,3643,408,208,200
0.0 Scen,2038,353,Nolan County,17372,8721,8651,8796,4447,4349,856,432,424,7309,3632,3677,411,210,201
0.0 Scen,2039,353,Nolan County,17424,8750,8674,8776,4440,4336,855,432,423,7378,3667,3711,415,211,204
0.0 Scen,2040,353,Nolan County,17484,8786,8698,8758,4433,4325,863,439,424,7443,3701,3742,420,213,207
0.0 Scen,2041,353,Nolan County,17530,8809,8721,8744,4430,4314,857,432,425,7506,3731,3775,423,216,207
0.0 Scen,2042,353,Nolan County,17586,8838,8748,8729,4423,4306,858,433,425,7571,3763,3808,428,219,209
0.0 Scen,2043,353,Nolan County,17650,8882,8768,8716,4425,4291,861,435,426,7638,3799,3839,435,223,212
0.0 Scen,2044,353,Nolan County,17705,8916,8789,8699,4418,4281,863,436,427,7702,3835,3867,441,227,214
0.0 Scen,2045,353,Nolan County,17776,8957,8819,8692,4416,4276,862,435,427,7775,3875,3900,447,231,216
0.0 Scen,2046,353,Nolan County,17837,8993,8844,8677,4410,4267,861,434,427,7845,3913,3932,454,236,218
0.0 Scen,2047,353,Nolan County,17903,9032,8871,8663,4406,4257,863,436,427,7916,3951,3965,461,239,222
0.0 Scen,2048,353,Nolan County,17973,9070,8903,8651,4399,4252,862,436,426,7990,3992,3998,470,243,227
0.0 Scen,2049,353,Nolan County,18030,9104,8926,8632,4391,4241,861,436,425,8061,4031,4030,476,246,230
0.0 Scen,2050,353,Nolan County,18108,9149,8959,8627,4389,4238,865,441,424,8134,4069,4065,482,250,232
0.0 Scen,2010,355,Nueces County,340223,167038,173185,111870,55804,56066,12178,6239,5939,206293,100452,105841,9882,4543,5339
0.0 Scen,2011,355,Nueces County,342596,168282,174314,111828,55802,56026,12211,6261,5950,208545,101608,106937,10012,4611,5401
0.0 Scen,2012,355,Nueces County,344933,169493,175440,111767,55791,55976,12242,6281,5961,210777,102742,108035,10147,4679,5468
0.0 Scen,2013,355,Nueces County,347214,170692,176522,111685,55769,55916,12270,6297,5973,212987,103876,109111,10272,4750,5522
0.0 Scen,2014,355,Nueces County,349420,171850,177570,111573,55724,55849,12304,6320,5984,215150,104993,110157,10393,4813,5580
0.0 Scen,2015,355,Nueces County,351630,173012,178618,111438,55692,55746,12313,6324,5989,217367,106122,111245,10512,4874,5638
0.0 Scen,2016,355,Nueces County,353818,174138,179680,111294,55603,55691,12342,6340,6002,219545,107256,112289,10637,4939,5698
0.0 Scen,2017,355,Nueces County,355970,175245,180725,111123,55527,55596,12371,6358,6013,221731,108369,113362,10745,4991,5754
0.0 Scen,2018,355,Nueces County,358116,176353,181763,110946,55441,55505,12410,6376,6034,223907,109486,114421,10853,5050,5803
0.0 Scen,2019,355,Nueces County,360218,177447,182771,110750,55341,55409,12441,6389,6052,226065,110607,115458,10962,5110,5852
0.0 Scen,2020,355,Nueces County,362278,178506,183772,110534,55226,55308,12471,6408,6063,228215,111715,116500,11058,5157,5901
0.0 Scen,2021,355,Nueces County,364359,179577,184782,110323,55114,55209,12503,6422,6081,230375,112833,117542,11158,5208,5950
0.0 Scen,2022,355,Nueces County,366478,180637,185841,110094,54989,55105,12542,6438,6104,232573,113943,118630,11269,5267,6002
0.0 Scen,2023,355,Nueces County,368464,181666,186798,109841,54853,54988,12566,6448,6118,234696,115048,119648,11361,5317,6044
0.0 Scen,2024,355,Nueces County,370455,182654,187801,109560,54691,54869,12595,6455,6140,236845,116144,120701,11455,5364,6091
0.0 Scen,2025,355,Nueces County,372328,183615,188713,109246,54515,54731,12605,6458,6147,238934,117232,121702,11543,5410,6133
0.0 Scen,2026,355,Nueces County,374167,184536,189631,108909,54329,54580,12625,6456,6169,241012,118302,122710,11621,5449,6172
0.0 Scen,2027,355,Nueces County,375921,185442,190479,108527,54120,54407,12631,6452,6179,243069,119365,123704,11694,5505,6189
0.0 Scen,2028,355,Nueces County,377589,186278,191311,108104,53894,54210,12639,6456,6183,245058,120383,124675,11788,5545,6243
0.0 Scen,2029,355,Nueces County,379209,187099,192110,107652,53655,53997,12640,6449,6191,247058,121410,125648,11859,5585,6274
0.0 Scen,2030,355,Nueces County,380659,187842,192817,107157,53384,53773,12636,6440,6196,248947,122397,126550,11919,5621,6298
0.0 Scen,2031,355,Nueces County,382029,188509,193520,106643,53111,53532,12639,6435,6204,250767,123306,127461,11980,5657,6323
0.0 Scen,2032,355,Nueces County,383341,189170,194171,106110,52828,53282,12630,6427,6203,252552,124224,128328,12049,5691,6358
0.0 Scen,2033,355,Nueces County,384524,189789,194735,105558,52531,53027,12624,6421,6203,254255,125110,129145,12087,5727,6360
0.0 Scen,2034,355,Nueces County,385682,190378,195304,104998,52243,52755,12608,6407,6201,255944,125972,129972,12132,5756,6376
0.0 Scen,2035,355,Nueces County,386775,190949,195826,104428,51939,52489,12597,6398,6199,257542,126826,130716,12208,5786,6422
0.0 Scen,2036,355,Nueces County,387793,191484,196309,103857,51646,52211,12581,6391,6190,259090,127633,131457,12265,5814,6451
0.0 Scen,2037,355,Nueces County,388809,191992,196817,103284,51348,51936,12566,6382,6184,260649,128423,132226,12310,5839,6471
0.0 Scen,2038,355,Nueces County,389705,192449,197256,102703,51048,51655,12545,6366,6179,262097,129163,132934,12360,5872,6488
0.0 Scen,2039,355,Nueces County,390600,192922,197678,102128,50755,51373,12523,6351,6172,263549,129917,133632,12400,5899,6501
0.0 Scen,2040,355,Nueces County,391397,193349,198048,101541,50455,51086,12502,6337,6165,264915,130633,134282,12439,5924,6515
0.0 Scen,2041,355,Nueces County,392232,193811,198421,100971,50169,50802,12480,6319,6161,266303,131374,134929,12478,5949,6529
0.0 Scen,2042,355,Nueces County,392968,194210,198758,100397,49878,50519,12461,6305,6156,267601,132056,135545,12509,5971,6538
0.0 Scen,2043,355,Nueces County,393635,194584,199051,99817,49592,50225,12440,6290,6150,268834,132711,136123,12544,5991,6553
0.0 Scen,2044,355,Nueces County,394332,194966,199366,99247,49309,49938,12413,6273,6140,270107,133378,136729,12565,6006,6559
0.0 Scen,2045,355,Nueces County,394996,195349,199647,98685,49038,49647,12391,6258,6133,271335,134035,137300,12585,6018,6567
0.0 Scen,2046,355,Nueces County,395620,195721,199899,98123,48761,49362,12368,6239,6129,272520,134685,137835,12609,6036,6573
0.0 Scen,2047,355,Nueces County,396276,196104,200172,97579,48497,49082,12340,6223,6117,273733,135337,138396,12624,6047,6577
0.0 Scen,2048,355,Nueces County,396880,196463,200417,97049,48244,48805,12315,6204,6111,274868,135952,138916,12648,6063,6585
0.0 Scen,2049,355,Nueces County,397503,196841,200662,96538,47999,48539,12285,6184,6101,276014,136583,139431,12666,6075,6591
0.0 Scen,2050,355,Nueces County,398122,197220,200902,96043,47765,48278,12259,6166,6093,277141,137202,139939,12679,6087,6592
0.0 Scen,2010,357,Ochiltree County,10223,5237,4986,5062,2492,2570,19,8,11,4982,2661,2321,160,76,84
0.0 Scen,2011,357,Ochiltree County,10345,5299,5046,5078,2500,2578,19,8,11,5086,2714,2372,162,77,85
0.0 Scen,2012,357,Ochiltree County,10476,5362,5114,5092,2504,2588,19,8,11,5201,2772,2429,164,78,86
0.0 Scen,2013,357,Ochiltree County,10606,5428,5178,5111,2514,2597,19,8,11,5311,2827,2484,165,79,86
0.0 Scen,2014,357,Ochiltree County,10724,5486,5238,5117,2516,2601,19,8,11,5421,2883,2538,167,79,88
0.0 Scen,2015,357,Ochiltree County,10854,5550,5304,5129,2519,2610,19,8,11,5536,2942,2594,170,81,89
0.0 Scen,2016,357,Ochiltree County,10979,5612,5367,5140,2522,2618,19,8,11,5647,2999,2648,173,83,90
0.0 Scen,2017,357,Ochiltree County,11097,5671,5426,5145,2525,2620,19,8,11,5756,3053,2703,177,85,92
0.0 Scen,2018,357,Ochiltree County,11214,5730,5484,5156,2529,2627,19,8,11,5860,3107,2753,179,86,93
0.0 Scen,2019,357,Ochiltree County,11347,5801,5546,5165,2534,2631,19,8,11,5978,3169,2809,185,90,95
0.0 Scen,2020,357,Ochiltree County,11475,5866,5609,5175,2539,2636,19,8,11,6094,3228,2866,187,91,96
0.0 Scen,2021,357,Ochiltree County,11615,5938,5677,5187,2545,2642,19,8,11,6219,3292,2927,190,93,97
0.0 Scen,2022,357,Ochiltree County,11755,6014,5741,5202,2557,2645,19,8,11,6343,3356,2987,191,93,98
0.0 Scen,2023,357,Ochiltree County,11886,6081,5805,5205,2557,2648,19,8,11,6467,3421,3046,195,95,100
0.0 Scen,2024,357,Ochiltree County,12041,6163,5878,5214,2562,2652,20,8,12,6606,3494,3112,201,99,102
0.0 Scen,2025,357,Ochiltree County,12197,6241,5956,5224,2568,2656,21,9,12,6747,3563,3184,205,101,104
0.0 Scen,2026,357,Ochiltree County,12352,6324,6028,5230,2575,2655,22,9,13,6890,3636,3254,210,104,106
0.0 Scen,2027,357,Ochiltree County,12503,6399,6104,5233,2574,2659,23,10,13,7034,3709,3325,213,106,107
0.0 Scen,2028,357,Ochiltree County,12654,6476,6178,5236,2575,2661,24,10,14,7177,3783,3394,217,108,109
0.0 Scen,2029,357,Ochiltree County,12806,6554,6252,5245,2582,2663,25,11,14,7316,3851,3465,220,110,110
0.0 Scen,2030,357,Ochiltree County,12958,6630,6328,5249,2584,2665,26,11,15,7460,3923,3537,223,112,111
0.0 Scen,2031,357,Ochiltree County,13105,6701,6404,5253,2587,2666,26,11,15,7601,3989,3612,225,114,111
0.0 Scen,2032,357,Ochiltree County,13254,6777,6477,5253,2590,2663,26,11,15,7748,4060,3688,227,116,111
0.0 Scen,2033,357,Ochiltree County,13395,6848,6547,5254,2594,2660,26,11,15,7886,4125,3761,229,118,111
0.0 Scen,2034,357,Ochiltree County,13536,6915,6621,5259,2599,2660,26,11,15,8020,4186,3834,231,119,112
0.0 Scen,2035,357,Ochiltree County,13672,6984,6688,5265,2604,2661,26,11,15,8147,4248,3899,234,121,113
0.0 Scen,2036,357,Ochiltree County,13805,7049,6756,5269,2607,2662,26,11,15,8274,4309,3965,236,122,114
0.0 Scen,2037,357,Ochiltree County,13941,7120,6821,5276,2614,2662,26,11,15,8400,4371,4029,239,124,115
0.0 Scen,2038,357,Ochiltree County,14071,7185,6886,5281,2619,2662,26,11,15,8522,4430,4092,242,125,117
0.0 Scen,2039,357,Ochiltree County,14203,7250,6953,5289,2625,2664,26,11,15,8643,4487,4156,245,127,118
0.0 Scen,2040,357,Ochiltree County,14321,7304,7017,5293,2629,2664,26,11,15,8756,4537,4219,246,127,119
0.0 Scen,2041,357,Ochiltree County,14457,7374,7083,5303,2638,2665,26,11,15,8880,4597,4283,248,128,120
0.0 Scen,2042,357,Ochiltree County,14588,7434,7154,5312,2645,2667,26,11,15,9002,4651,4351,248,127,121
0.0 Scen,2043,357,Ochiltree County,14717,7498,7219,5319,2651,2668,26,11,15,9123,4707,4416,249,129,120
0.0 Scen,2044,357,Ochiltree County,14852,7566,7286,5331,2659,2672,26,11,15,9247,4769,4478,248,127,121
0.0 Scen,2045,357,Ochiltree County,14975,7628,7347,5335,2663,2672,26,11,15,9367,4827,4540,247,127,120
0.0 Scen,2046,357,Ochiltree County,15106,7692,7414,5341,2666,2675,26,11,15,9492,4887,4605,247,128,119
0.0 Scen,2047,357,Ochiltree County,15237,7759,7478,5345,2671,2674,26,11,15,9619,4949,4670,247,128,119
0.0 Scen,2048,357,Ochiltree County,15372,7831,7541,5352,2676,2676,25,11,14,9746,5015,4731,249,129,120
0.0 Scen,2049,357,Ochiltree County,15506,7900,7606,5362,2685,2677,25,11,14,9869,5074,4795,250,130,120
0.0 Scen,2050,357,Ochiltree County,15649,7980,7669,5373,2695,2678,25,11,14,10000,5143,4857,251,131,120
0.0 Scen,2010,359,Oldham County,2052,1035,1017,1699,865,834,60,29,31,243,122,121,50,19,31
0.0 Scen,2011,359,Oldham County,2065,1042,1023,1709,870,839,60,29,31,246,124,122,50,19,31
0.0 Scen,2012,359,Oldham County,2079,1049,1030,1718,875,843,61,29,32,250,126,124,50,19,31
0.0 Scen,2013,359,Oldham County,2089,1054,1035,1724,878,846,61,29,32,254,128,126,50,19,31
0.0 Scen,2014,359,Oldham County,2100,1058,1042,1732,882,850,61,28,33,257,129,128,50,19,31
0.0 Scen,2015,359,Oldham County,2114,1065,1049,1740,885,855,63,29,34,261,132,129,50,19,31
0.0 Scen,2016,359,Oldham County,2133,1074,1059,1753,891,862,65,30,35,265,134,131,50,19,31
0.0 Scen,2017,359,Oldham County,2153,1086,1067,1764,898,866,67,31,36,271,137,134,51,20,31
0.0 Scen,2018,359,Oldham County,2180,1101,1079,1782,908,874,70,33,37,276,140,136,52,20,32
0.0 Scen,2019,359,Oldham County,2205,1116,1089,1799,918,881,72,34,38,281,143,138,53,21,32
0.0 Scen,2020,359,Oldham County,2228,1128,1100,1814,926,888,74,35,39,286,146,140,54,21,33
0.0 Scen,2021,359,Oldham County,2250,1142,1108,1828,935,893,77,37,40,291,149,142,54,21,33
0.0 Scen,2022,359,Oldham County,2277,1159,1118,1846,947,899,79,38,41,297,153,144,55,21,34
0.0 Scen,2023,359,Oldham County,2300,1174,1126,1862,957,905,81,39,42,301,156,145,56,22,34
0.0 Scen,2024,359,Oldham County,2319,1183,1136,1874,962,912,83,40,43,305,159,146,57,22,35
0.0 Scen,2025,359,Oldham County,2343,1200,1143,1891,974,917,85,41,44,309,162,147,58,23,35
0.0 Scen,2026,359,Oldham County,2369,1211,1158,1909,981,928,87,42,45,314,165,149,59,23,36
0.0 Scen,2027,359,Oldham County,2388,1222,1166,1920,987,933,89,43,46,319,168,151,60,24,36
0.0 Scen,2028,359,Oldham County,2403,1228,1175,1926,988,938,91,44,47,325,172,153,61,24,37
0.0 Scen,2029,359,Oldham County,2414,1236,1178,1932,991,941,92,45,47,328,175,153,62,25,37
0.0 Scen,2030,359,Oldham County,2424,1239,1185,1937,993,944,93,45,48,331,176,155,63,25,38
0.0 Scen,2031,359,Oldham County,2433,1243,1190,1941,994,947,94,46,48,334,177,157,64,26,38
0.0 Scen,2032,359,Oldham County,2441,1245,1196,1946,995,951,95,46,49,336,178,158,64,26,38
0.0 Scen,2033,359,Oldham County,2446,1251,1195,1947,998,949,96,47,49,338,179,159,65,27,38
0.0 Scen,2034,359,Oldham County,2449,1251,1198,1946,997,949,97,47,50,340,180,160,66,27,39
0.0 Scen,2035,359,Oldham County,2457,1257,1200,1949,999,950,98,48,50,342,181,161,68,29,39
0.0 Scen,2036,359,Oldham County,2464,1262,1202,1951,1002,949,99,48,51,345,183,162,69,29,40
0.0 Scen,2037,359,Oldham County,2466,1265,1201,1950,1003,947,100,49,51,347,184,163,69,29,40
0.0 Scen,2038,359,Oldham County,2470,1268,1202,1950,1004,946,101,49,52,350,186,164,69,29,40
0.0 Scen,2039,359,Oldham County,2468,1269,1199,1945,1003,942,102,50,52,352,187,165,69,29,40
0.0 Scen,2040,359,Oldham County,2468,1268,1200,1942,1001,941,103,50,53,354,188,166,69,29,40
0.0 Scen,2041,359,Oldham County,2470,1270,1200,1941,1001,940,104,51,53,356,189,167,69,29,40
0.0 Scen,2042,359,Oldham County,2468,1269,1199,1936,999,937,105,51,54,358,190,168,69,29,40
0.0 Scen,2043,359,Oldham County,2465,1268,1197,1930,996,934,106,52,54,360,191,169,69,29,40
0.0 Scen,2044,359,Oldham County,2468,1269,1199,1930,996,934,107,52,55,362,192,170,69,29,40
0.0 Scen,2045,359,Oldham County,2472,1271,1201,1930,996,934,108,53,55,365,193,172,69,29,40
0.0 Scen,2046,359,Oldham County,2478,1275,1203,1933,999,934,109,53,56,367,194,173,69,29,40
0.0 Scen,2047,359,Oldham County,2480,1278,1202,1933,1000,933,110,54,56,368,195,173,69,29,40
0.0 Scen,2048,359,Oldham County,2485,1282,1203,1934,1002,932,111,54,57,371,197,174,69,29,40
0.0 Scen,2049,359,Oldham County,2490,1287,1203,1937,1005,932,112,55,57,372,198,174,69,29,40
0.0 Scen,2050,359,Oldham County,2499,1295,1204,1943,1012,931,113,55,58,374,199,175,69,29,40
0.0 Scen,2010,361,Orange County,81837,40708,41129,67895,33669,34226,6922,3347,3575,4766,2566,2200,2254,1126,1128
0.0 Scen,2011,361,Orange County,82162,40869,41293,68099,33771,34328,6951,3358,3593,4834,2602,2232,2278,1138,1140
0.0 Scen,2012,361,Orange County,82485,41023,41462,68292,33860,34432,6979,3372,3607,4911,2641,2270,2303,1150,1153
0.0 Scen,2013,361,Orange County,82832,41189,41643,68507,33960,34547,7004,3382,3622,4987,2680,2307,2334,1167,1167
0.0 Scen,2014,361,Orange County,83165,41358,41807,68710,34063,34647,7031,3396,3635,5061,2717,2344,2363,1182,1181
0.0 Scen,2015,361,Orange County,83514,41538,41976,68912,34166,34746,7065,3414,3651,5142,2759,2383,2395,1199,1196
0.0 Scen,2016,361,Orange County,83841,41703,42138,69094,34257,34837,7098,3431,3667,5222,2800,2422,2427,1215,1212
0.0 Scen,2017,361,Orange County,84162,41870,42292,69269,34346,34923,7130,3449,3681,5306,2844,2462,2457,1231,1226
0.0 Scen,2018,361,Orange County,84472,42033,42439,69434,34432,35002,7168,3471,3697,5380,2882,2498,2490,1248,1242
0.0 Scen,2019,361,Orange County,84779,42186,42593,69590,34511,35079,7204,3490,3714,5461,2920,2541,2524,1265,1259
0.0 Scen,2020,361,Orange County,85082,42342,42740,69732,34580,35152,7244,3514,3730,5547,2965,2582,2559,1283,1276
0.0 Scen,2021,361,Orange County,85386,42490,42896,69873,34646,35227,7282,3535,3747,5630,3005,2625,2601,1304,1297
0.0 Scen,2022,361,Orange County,85675,42647,43028,70004,34717,35287,7317,3554,3763,5717,3053,2664,2637,1323,1314
0.0 Scen,2023,361,Orange County,85945,42774,43171,70116,34766,35350,7353,3572,3781,5796,3093,2703,2680,1343,1337
0.0 Scen,2024,361,Orange County,86193,42904,43289,70199,34811,35388,7389,3593,3796,5883,3135,2748,2722,1365,1357
0.0 Scen,2025,361,Orange County,86423,43018,43405,70274,34844,35430,7424,3612,3812,5965,3179,2786,2760,1383,1377
0.0 Scen,2026,361,Orange County,86632,43121,43511,70328,34868,35460,7456,3630,3826,6049,3219,2830,2799,1404,1395
0.0 Scen,2027,361,Orange County,86827,43217,43610,70361,34883,35478,7496,3652,3844,6131,3258,2873,2839,1424,1415
0.0 Scen,2028,361,Orange County,86989,43295,43694,70362,34884,35478,7528,3667,3861,6217,3300,2917,2882,1444,1438
0.0 Scen,2029,361,Orange County,87148,43371,43777,70356,34879,35477,7563,3684,3879,6306,3343,2963,2923,1465,1458
0.0 Scen,2030,361,Orange County,87295,43444,43851,70347,34874,35473,7592,3700,3892,6389,3381,3008,2967,1489,1478
0.0 Scen,2031,361,Orange County,87415,43506,43909,70317,34863,35454,7618,3713,3905,6474,3422,3052,3006,1508,1498
0.0 Scen,2032,361,Orange County,87513,43556,43957,70276,34843,35433,7640,3725,3915,6551,3458,3093,3046,1530,1516
0.0 Scen,2033,361,Orange County,87598,43600,43998,70219,34820,35399,7665,3736,3929,6628,3495,3133,3086,1549,1537
0.0 Scen,2034,361,Orange County,87669,43640,44029,70151,34790,35361,7691,3752,3939,6706,3532,3174,3121,1566,1555
0.0 Scen,2035,361,Orange County,87703,43665,44038,70056,34751,35305,7713,3767,3946,6775,3563,3212,3159,1584,1575
0.0 Scen,2036,361,Orange County,87725,43679,44046,69965,34710,35255,7729,3777,3952,6839,3592,3247,3192,1600,1592
0.0 Scen,2037,361,Orange County,87722,43684,44038,69854,34662,35192,7743,3784,3959,6904,3622,3282,3221,1616,1605
0.0 Scen,2038,361,Orange County,87719,43689,44030,69743,34610,35133,7755,3793,3962,6971,3653,3318,3250,1633,1617
0.0 Scen,2039,361,Orange County,87688,43683,44005,69611,34551,35060,7764,3803,3961,7036,3684,3352,3277,1645,1632
0.0 Scen,2040,361,Orange County,87660,43674,43986,69484,34495,34989,7774,3808,3966,7095,3711,3384,3307,1660,1647
0.0 Scen,2041,361,Orange County,87620,43665,43955,69343,34428,34915,7785,3818,3967,7161,3746,3415,3331,1673,1658
0.0 Scen,2042,361,Orange County,87574,43649,43925,69207,34365,34842,7796,3829,3967,7218,3769,3449,3353,1686,1667
0.0 Scen,2043,361,Orange County,87508,43622,43886,69057,34294,34763,7795,3832,3963,7275,3796,3479,3381,1700,1681
0.0 Scen,2044,361,Orange County,87439,43588,43851,68912,34223,34689,7798,3835,3963,7326,3819,3507,3403,1711,1692
0.0 Scen,2045,361,Orange County,87368,43568,43800,68755,34157,34598,7809,3844,3965,7377,3842,3535,3427,1725,1702
0.0 Scen,2046,361,Orange County,87291,43537,43754,68600,34083,34517,7810,3848,3962,7431,3867,3564,3450,1739,1711
0.0 Scen,2047,361,Orange County,87223,43513,43710,68456,34022,34434,7813,3851,3962,7481,3890,3591,3473,1750,1723
0.0 Scen,2048,361,Orange County,87146,43482,43664,68303,33951,34352,7815,3854,3961,7534,3917,3617,3494,1760,1734
0.0 Scen,2049,361,Orange County,87060,43453,43607,68144,33888,34256,7818,3858,3960,7586,3939,3647,3512,1768,1744
0.0 Scen,2050,361,Orange County,86976,43422,43554,67989,33825,34164,7814,3858,3956,7636,3960,3676,3537,1779,1758
0.0 Scen,2010,363,Palo Pinto County,28111,13811,14300,21958,10688,11270,597,305,292,4985,2535,2450,571,283,288
0.0 Scen,2011,363,Palo Pinto County,28229,13873,14356,21972,10695,11277,601,308,293,5079,2583,2496,577,287,290
0.0 Scen,2012,363,Palo Pinto County,28360,13940,14420,21989,10704,11285,605,311,294,5181,2633,2548,585,292,293
0.0 Scen,2013,363,Palo Pinto County,28499,14014,14485,22019,10721,11298,607,313,294,5280,2684,2596,593,296,297
0.0 Scen,2014,363,Palo Pinto County,28640,14088,14552,22045,10735,11310,611,316,295,5384,2737,2647,600,300,300
0.0 Scen,2015,363,Palo Pinto County,28778,14158,14620,22069,10748,11321,612,316,296,5489,2791,2698,608,303,305
0.0 Scen,2016,363,Palo Pinto County,28919,14230,14689,22086,10755,11331,616,319,297,5599,2847,2752,618,309,309
0.0 Scen,2017,363,Palo Pinto County,29049,14292,14757,22094,10756,11338,620,321,299,5710,2903,2807,625,312,313
0.0 Scen,2018,363,Palo Pinto County,29179,14361,14818,22099,10761,11338,623,322,301,5826,2963,2863,631,315,316
0.0 Scen,2019,363,Palo Pinto County,29312,14432,14880,22105,10765,11340,627,325,302,5943,3023,2920,637,319,318
0.0 Scen,2020,363,Palo Pinto County,29450,14503,14947,22109,10767,11342,630,327,303,6066,3085,2981,645,324,321
0.0 Scen,2021,363,Palo Pinto County,29590,14573,15017,22108,10765,11343,635,330,305,6194,3149,3045,653,329,324
0.0 Scen,2022,363,Palo Pinto County,29727,14636,15091,22100,10758,11342,641,333,308,6325,3214,3111,661,331,330
0.0 Scen,2023,363,Palo Pinto County,29855,14702,15153,22092,10754,11338,645,335,310,6451,3278,3173,667,335,332
0.0 Scen,2024,363,Palo Pinto County,29983,14764,15219,22074,10743,11331,648,337,311,6584,3345,3239,677,339,338
0.0 Scen,2025,363,Palo Pinto County,30095,14820,15275,22040,10724,11316,659,342,317,6711,3410,3301,685,344,341
0.0 Scen,2026,363,Palo Pinto County,30197,14872,15325,21996,10705,11291,664,345,319,6842,3473,3369,695,349,346
0.0 Scen,2027,363,Palo Pinto County,30305,14929,15376,21961,10691,11270,668,348,320,6968,3534,3434,708,356,352
0.0 Scen,2028,363,Palo Pinto County,30397,14974,15423,21916,10666,11250,673,351,322,7091,3597,3494,717,360,357
0.0 Scen,2029,363,Palo Pinto County,30488,15025,15463,21868,10649,11219,680,357,323,7213,3654,3559,727,365,362
0.0 Scen,2030,363,Palo Pinto County,30564,15064,15500,21810,10624,11186,686,360,326,7334,3711,3623,734,369,365
0.0 Scen,2031,363,Palo Pinto County,30641,15103,15538,21754,10597,11157,692,362,330,7455,3771,3684,740,373,367
0.0 Scen,2032,363,Palo Pinto County,30716,15144,15572,21694,10571,11123,697,364,333,7576,3829,3747,749,380,369
0.0 Scen,2033,363,Palo Pinto County,30778,15179,15599,21629,10547,11082,705,369,336,7691,3882,3809,753,381,372
0.0 Scen,2034,363,Palo Pinto County,30852,15220,15632,21580,10529,11051,709,372,337,7802,3934,3868,761,385,376
0.0 Scen,2035,363,Palo Pinto County,30910,15252,15658,21525,10507,11018,707,371,336,7910,3985,3925,768,389,379
0.0 Scen,2036,363,Palo Pinto County,30972,15283,15689,21469,10483,10986,709,372,337,8020,4036,3984,774,392,382
0.0 Scen,2037,363,Palo Pinto County,31041,15321,15720,21425,10470,10955,708,371,337,8127,4084,4043,781,396,385
0.0 Scen,2038,363,Palo Pinto County,31095,15349,15746,21365,10441,10924,708,371,337,8234,4137,4097,788,400,388
0.0 Scen,2039,363,Palo Pinto County,31155,15384,15771,21307,10417,10890,707,370,337,8345,4191,4154,796,406,390
0.0 Scen,2040,363,Palo Pinto County,31209,15418,15791,21258,10398,10860,704,369,335,8444,4241,4203,803,410,393
0.0 Scen,2041,363,Palo Pinto County,31272,15459,15813,21215,10386,10829,700,367,333,8548,4292,4256,809,414,395
0.0 Scen,2042,363,Palo Pinto County,31327,15495,15832,21162,10367,10795,696,366,330,8654,4345,4309,815,417,398
0.0 Scen,2043,363,Palo Pinto County,31394,15533,15861,21120,10352,10768,689,363,326,8761,4397,4364,824,421,403
0.0 Scen,2044,363,Palo Pinto County,31451,15568,15883,21068,10333,10735,684,361,323,8870,4453,4417,829,421,408
0.0 Scen,2045,363,Palo Pinto County,31512,15604,15908,21017,10314,10703,683,360,323,8980,4508,4472,832,422,410
0.0 Scen,2046,363,Palo Pinto County,31588,15650,15938,20979,10302,10677,680,359,321,9093,4564,4529,836,425,411
0.0 Scen,2047,363,Palo Pinto County,31652,15688,15964,20931,10285,10646,677,357,320,9203,4618,4585,841,428,413
0.0 Scen,2048,363,Palo Pinto County,31726,15732,15994,20895,10272,10623,674,357,317,9314,4674,4640,843,429,414
0.0 Scen,2049,363,Palo Pinto County,31787,15773,16014,20847,10258,10589,673,357,316,9421,4727,4694,846,431,415
0.0 Scen,2050,363,Palo Pinto County,31868,15815,16053,20812,10244,10568,669,354,315,9536,4784,4752,851,433,418
0.0 Scen,2010,365,Panola County,23796,11808,11988,17521,8672,8849,3850,1837,2013,1970,1073,897,455,226,229
0.0 Scen,2011,365,Panola County,23854,11840,12014,17514,8671,8843,3863,1842,2021,2013,1096,917,464,231,233
0.0 Scen,2012,365,Panola County,23918,11870,12048,17511,8670,8841,3879,1848,2031,2057,1118,939,471,234,237
0.0 Scen,2013,365,Panola County,23998,11908,12090,17510,8666,8844,3903,1860,2043,2104,1143,961,481,239,242
0.0 Scen,2014,365,Panola County,24074,11942,12132,17514,8666,8848,3921,1868,2053,2148,1164,984,491,244,247
0.0 Scen,2015,365,Panola County,24157,11986,12171,17515,8667,8848,3943,1879,2064,2196,1190,1006,503,250,253
0.0 Scen,2016,365,Panola County,24213,12017,12196,17501,8663,8838,3955,1884,2071,2244,1215,1029,513,255,258
0.0 Scen,2017,365,Panola County,24267,12044,12223,17488,8657,8831,3965,1888,2077,2291,1239,1052,523,260,263
0.0 Scen,2018,365,Panola County,24327,12080,12247,17474,8654,8820,3976,1893,2083,2344,1268,1076,533,265,268
0.0 Scen,2019,365,Panola County,24372,12103,12269,17456,8647,8809,3980,1894,2086,2392,1292,1100,544,270,274
0.0 Scen,2020,365,Panola County,24426,12128,12298,17445,8643,8802,3987,1895,2092,2442,1315,1127,552,275,277
0.0 Scen,2021,365,Panola County,24473,12147,12326,17430,8634,8796,3985,1891,2094,2490,1341,1149,568,281,287
0.0 Scen,2022,365,Panola County,24518,12176,12342,17400,8624,8776,3993,1895,2098,2542,1367,1175,583,290,293
0.0 Scen,2023,365,Panola County,24563,12209,12354,17378,8622,8756,3994,1897,2097,2592,1391,1201,599,299,300
0.0 Scen,2024,365,Panola County,24608,12236,12372,17355,8611,8744,3996,1901,2095,2645,1418,1227,612,306,306
0.0 Scen,2025,365,Panola County,24649,12258,12391,17332,8599,8733,3990,1899,2091,2701,1447,1254,626,313,313
0.0 Scen,2026,365,Panola County,24700,12286,12414,17313,8590,8723,3990,1902,2088,2758,1475,1283,639,319,320
0.0 Scen,2027,365,Panola County,24739,12307,12432,17282,8576,8706,3985,1899,2086,2818,1505,1313,654,327,327
0.0 Scen,2028,365,Panola County,24774,12336,12438,17242,8562,8680,3983,1901,2082,2879,1536,1343,670,337,333
0.0 Scen,2029,365,Panola County,24803,12357,12446,17201,8541,8660,3980,1902,2078,2942,1570,1372,680,344,336
0.0 Scen,2030,365,Panola County,24832,12375,12457,17154,8518,8636,3980,1906,2074,3001,1600,1401,697,351,346
0.0 Scen,2031,365,Panola County,24851,12388,12463,17100,8494,8606,3979,1907,2072,3061,1629,1432,711,358,353
0.0 Scen,2032,365,Panola County,24866,12402,12464,17042,8467,8575,3978,1910,2068,3118,1658,1460,728,367,361
0.0 Scen,2033,365,Panola County,24886,12413,12473,16989,8442,8547,3976,1910,2066,3178,1686,1492,743,375,368
0.0 Scen,2034,365,Panola County,24888,12418,12470,16919,8408,8511,3973,1910,2063,3238,1717,1521,758,383,375
0.0 Scen,2035,365,Panola County,24882,12422,12460,16848,8379,8469,3964,1905,2059,3297,1748,1549,773,390,383
0.0 Scen,2036,365,Panola County,24885,12430,12455,16773,8345,8428,3966,1908,2058,3357,1779,1578,789,398,391
0.0 Scen,2037,365,Panola County,24885,12438,12447,16701,8311,8390,3958,1909,2049,3421,1811,1610,805,407,398
0.0 Scen,2038,365,Panola County,24881,12438,12443,16621,8270,8351,3956,1911,2045,3483,1842,1641,821,415,406
0.0 Scen,2039,365,Panola County,24869,12438,12431,16541,8234,8307,3951,1910,2041,3543,1872,1671,834,422,412
0.0 Scen,2040,365,Panola County,24862,12440,12422,16461,8198,8263,3949,1911,2038,3603,1901,1702,849,430,419
0.0 Scen,2041,365,Panola County,24852,12442,12410,16382,8162,8220,3944,1912,2032,3662,1930,1732,864,438,426
0.0 Scen,2042,365,Panola County,24854,12451,12403,16305,8129,8176,3948,1917,2031,3721,1959,1762,880,446,434
0.0 Scen,2043,365,Panola County,24844,12454,12390,16224,8094,8130,3947,1922,2025,3776,1984,1792,897,454,443
0.0 Scen,2044,365,Panola County,24819,12443,12376,16138,8051,8087,3939,1922,2017,3830,2008,1822,912,462,450
0.0 Scen,2045,365,Panola County,24808,12442,12366,16058,8015,8043,3931,1920,2011,3891,2037,1854,928,470,458
0.0 Scen,2046,365,Panola County,24802,12436,12366,15987,7978,8009,3924,1918,2006,3946,2061,1885,945,479,466
0.0 Scen,2047,365,Panola County,24782,12431,12351,15905,7938,7967,3915,1916,1999,4003,2090,1913,959,487,472
0.0 Scen,2048,365,Panola County,24775,12426,12349,15836,7904,7932,3906,1913,1993,4057,2115,1942,976,494,482
0.0 Scen,2049,365,Panola County,24768,12422,12346,15761,7867,7894,3898,1911,1987,4114,2140,1974,995,504,491
0.0 Scen,2050,365,Panola County,24766,12421,12345,15697,7838,7859,3888,1905,1983,4171,2167,2004,1010,511,499
0.0 Scen,2010,367,Parker County,116927,59292,57635,99698,49736,49962,1842,1353,489,12410,6777,5633,2977,1426,1551
0.0 Scen,2011,367,Parker County,117290,59460,57830,99855,49799,50056,1848,1355,493,12597,6872,5725,2990,1434,1556
0.0 Scen,2012,367,Parker County,117682,59633,58049,100020,49858,50162,1858,1361,497,12795,6972,5823,3009,1442,1567
0.0 Scen,2013,367,Parker County,118064,59796,58268,100178,49912,50266,1863,1362,501,12996,7070,5926,3027,1452,1575
0.0 Scen,2014,367,Parker County,118483,59986,58497,100363,49985,50378,1871,1366,505,13203,7174,6029,3046,1461,1585
0.0 Scen,2015,367,Parker County,118884,60163,58721,100531,50045,50486,1877,1369,508,13411,7277,6134,3065,1472,1593
0.0 Scen,2016,367,Parker County,119268,60332,58936,100693,50111,50582,1882,1369,513,13614,7373,6241,3079,1479,1600
0.0 Scen,2017,367,Parker County,119673,60506,59167,100872,50177,50695,1888,1371,517,13816,7469,6347,3097,1489,1608
0.0 Scen,2018,367,Parker County,120090,60690,59400,101044,50246,50798,1896,1375,521,14027,7568,6459,3123,1501,1622
0.0 Scen,2019,367,Parker County,120520,60872,59648,101242,50322,50920,1904,1378,526,14230,7659,6571,3144,1513,1631
0.0 Scen,2020,367,Parker County,120942,61050,59892,101431,50393,51038,1909,1378,531,14435,7754,6681,3167,1525,1642
0.0 Scen,2021,367,Parker County,121377,61230,60147,101609,50459,51150,1921,1380,541,14654,7857,6797,3193,1534,1659
0.0 Scen,2022,367,Parker County,121810,61403,60407,101808,50523,51285,1927,1382,545,14858,7950,6908,3217,1548,1669
0.0 Scen,2023,367,Parker County,122232,61585,60647,101985,50591,51394,1938,1385,553,15070,8049,7021,3239,1560,1679
0.0 Scen,2024,367,Parker County,122620,61745,60875,102134,50637,51497,1945,1386,559,15277,8148,7129,3264,1574,1690
0.0 Scen,2025,367,Parker County,122994,61904,61090,102278,50689,51589,1957,1388,569,15475,8244,7231,3284,1583,1701
0.0 Scen,2026,367,Parker County,123317,62037,61280,102374,50712,51662,1964,1389,575,15673,8340,7333,3306,1596,1710
0.0 Scen,2027,367,Parker County,123619,62168,61451,102444,50731,51713,1970,1390,580,15879,8442,7437,3326,1605,1721
0.0 Scen,2028,367,Parker County,123888,62283,61605,102481,50731,51750,1975,1391,584,16081,8542,7539,3351,1619,1732
0.0 Scen,2029,367,Parker County,124126,62394,61732,102494,50728,51766,1982,1393,589,16278,8642,7636,3372,1631,1741
0.0 Scen,2030,367,Parker County,124304,62463,61841,102450,50692,51758,1986,1392,594,16476,8739,7737,3392,1640,1752
0.0 Scen,2031,367,Parker County,124466,62539,61927,102379,50650,51729,1991,1393,598,16683,8845,7838,3413,1651,1762
0.0 Scen,2032,367,Parker County,124527,62555,61972,102241,50573,51668,1987,1387,600,16870,8938,7932,3429,1657,1772
0.0 Scen,2033,367,Parker County,124572,62582,61990,102066,50485,51581,1992,1389,603,17064,9040,8024,3450,1668,1782
0.0 Scen,2034,367,Parker County,124546,62556,61990,101845,50368,51477,1993,1387,606,17251,9132,8119,3457,1669,1788
0.0 Scen,2035,367,Parker County,124470,62520,61950,101581,50243,51338,1990,1382,608,17436,9226,8210,3463,1669,1794
0.0 Scen,2036,367,Parker County,124338,62455,61883,101264,50085,51179,1987,1378,609,17617,9318,8299,3470,1674,1796
0.0 Scen,2037,367,Parker County,124172,62371,61801,100930,49922,51008,1982,1371,611,17781,9398,8383,3479,1680,1799
0.0 Scen,2038,367,Parker County,123966,62272,61694,100566,49748,50818,1974,1364,610,17947,9477,8470,3479,1683,1796
0.0 Scen,2039,367,Parker County,123738,62153,61585,100186,49562,50624,1964,1357,607,18108,9553,8555,3480,1681,1799
0.0 Scen,2040,367,Parker County,123482,62031,61451,99791,49371,50420,1951,1346,605,18263,9630,8633,3477,1684,1793
0.0 Scen,2041,367,Parker County,123220,61904,61316,99384,49176,50208,1943,1341,602,18418,9707,8711,3475,1680,1795
0.0 Scen,2042,367,Parker County,122921,61763,61158,98966,48976,49990,1933,1333,600,18560,9782,8778,3462,1672,1790
0.0 Scen,2043,367,Parker County,122624,61622,61002,98539,48773,49766,1921,1322,599,18708,9856,8852,3456,1671,1785
0.0 Scen,2044,367,Parker County,122321,61479,60842,98111,48572,49539,1906,1309,597,18858,9932,8926,3446,1666,1780
0.0 Scen,2045,367,Parker County,122012,61338,60674,97684,48374,49310,1895,1302,593,18995,9997,8998,3438,1665,1773
0.0 Scen,2046,367,Parker County,121697,61181,60516,97258,48169,49089,1885,1295,590,19127,10059,9068,3427,1658,1769
0.0 Scen,2047,367,Parker County,121400,61041,60359,96850,47979,48871,1877,1288,589,19260,10123,9137,3413,1651,1762
0.0 Scen,2048,367,Parker County,121112,60906,60206,96459,47801,48658,1863,1278,585,19390,10183,9207,3400,1644,1756
0.0 Scen,2049,367,Parker County,120843,60781,60062,96091,47632,48459,1849,1267,582,19521,10246,9275,3382,1636,1746
0.0 Scen,2050,367,Parker County,120569,60662,59907,95724,47470,48254,1838,1260,578,19648,10308,9340,3359,1624,1735
0.0 Scen,2010,369,Parmer County,10269,5259,5010,3943,1961,1982,91,46,45,6164,3213,2951,71,39,32
0.0 Scen,2011,369,Parmer County,10356,5306,5050,3929,1955,1974,92,47,45,6263,3264,2999,72,40,32
0.0 Scen,2012,369,Parmer County,10449,5351,5098,3913,1947,1966,93,47,46,6370,3317,3053,73,40,33
0.0 Scen,2013,369,Parmer County,10542,5405,5137,3900,1946,1954,94,48,46,6474,3370,3104,74,41,33
0.0 Scen,2014,369,Parmer County,10644,5456,5188,3887,1939,1948,95,48,47,6587,3428,3159,75,41,34
0.0 Scen,2015,369,Parmer County,10748,5513,5235,3873,1933,1940,96,49,47,6703,3489,3214,76,42,34
0.0 Scen,2016,369,Parmer County,10845,5558,5287,3855,1924,1931,97,49,48,6816,3543,3273,77,42,35
0.0 Scen,2017,369,Parmer County,10948,5613,5335,3846,1920,1926,97,49,48,6927,3601,3326,78,43,35
0.0 Scen,2018,369,Parmer County,11051,5666,5385,3837,1916,1921,97,49,48,7038,3658,3380,79,43,36
0.0 Scen,2019,369,Parmer County,11158,5720,5438,3829,1912,1917,97,49,48,7152,3715,3437,80,44,36
0.0 Scen,2020,369,Parmer County,11271,5779,5492,3826,1913,1913,97,49,48,7267,3773,3494,81,44,37
0.0 Scen,2021,369,Parmer County,11373,5826,5547,3815,1906,1909,96,49,47,7380,3826,3554,82,45,37
0.0 Scen,2022,369,Parmer County,11483,5877,5606,3806,1899,1907,96,49,47,7498,3884,3614,83,45,38
0.0 Scen,2023,369,Parmer County,11582,5923,5659,3795,1893,1902,96,49,47,7608,3935,3673,83,46,37
0.0 Scen,2024,369,Parmer County,11690,5971,5719,3782,1887,1895,95,49,46,7729,3989,3740,84,46,38
0.0 Scen,2025,369,Parmer County,11796,6022,5774,3773,1881,1892,95,50,45,7844,4045,3799,84,46,38
0.0 Scen,2026,369,Parmer County,11897,6067,5830,3761,1874,1887,94,49,45,7956,4097,3859,86,47,39
0.0 Scen,2027,369,Parmer County,11988,6110,5878,3749,1869,1880,93,49,44,8060,4145,3915,86,47,39
0.0 Scen,2028,369,Parmer County,12081,6151,5930,3736,1864,1872,92,48,44,8165,4192,3973,88,47,41
0.0 Scen,2029,369,Parmer County,12170,6192,5978,3727,1858,1869,91,48,43,8264,4238,4026,88,48,40
0.0 Scen,2030,369,Parmer County,12263,6235,6028,3718,1854,1864,91,47,44,8364,4286,4078,90,48,42
0.0 Scen,2031,369,Parmer County,12351,6275,6076,3704,1846,1858,90,47,43,8465,4333,4132,92,49,43
0.0 Scen,2032,369,Parmer County,12436,6316,6120,3691,1841,1850,90,46,44,8561,4379,4182,94,50,44
0.0 Scen,2033,369,Parmer County,12521,6358,6163,3681,1837,1844,90,46,44,8655,4424,4231,95,51,44
0.0 Scen,2034,369,Parmer County,12601,6400,6201,3667,1833,1834,90,46,44,8746,4468,4278,98,53,45
0.0 Scen,2035,369,Parmer County,12684,6445,6239,3655,1829,1826,89,46,43,8841,4516,4325,99,54,45
0.0 Scen,2036,369,Parmer County,12763,6486,6277,3645,1827,1818,89,46,43,8929,4559,4370,100,54,46
0.0 Scen,2037,369,Parmer County,12842,6531,6311,3632,1825,1807,89,46,43,9020,4605,4415,101,55,46
0.0 Scen,2038,369,Parmer County,12920,6575,6345,3624,1826,1798,90,46,44,9104,4648,4456,102,55,47
0.0 Scen,2039,369,Parmer County,12999,6614,6385,3618,1823,1795,91,47,44,9187,4688,4499,103,56,47
0.0 Scen,2040,369,Parmer County,13071,6652,6419,3608,1821,1787,91,47,44,9268,4728,4540,104,56,48
0.0 Scen,2041,369,Parmer County,13139,6686,6453,3597,1816,1781,90,47,43,9347,4766,4581,105,57,48
0.0 Scen,2042,369,Parmer County,13209,6720,6489,3589,1813,1776,89,47,42,9425,4803,4622,106,57,49
0.0 Scen,2043,369,Parmer County,13269,6748,6521,3579,1808,1771,88,47,41,9495,4835,4660,107,58,49
0.0 Scen,2044,369,Parmer County,13335,6780,6555,3570,1804,1766,87,46,41,9570,4872,4698,108,58,50
0.0 Scen,2045,369,Parmer County,13402,6815,6587,3564,1803,1761,85,45,40,9645,4909,4736,108,58,50
0.0 Scen,2046,369,Parmer County,13462,6847,6615,3555,1801,1754,82,43,39,9716,4945,4771,109,58,51
0.0 Scen,2047,369,Parmer County,13524,6874,6650,3548,1796,1752,81,42,39,9785,4977,4808,110,59,51
0.0 Scen,2048,369,Parmer County,13582,6901,6681,3539,1793,1746,79,40,39,9854,5010,4844,110,58,52
0.0 Scen,2049,369,Parmer County,13647,6935,6712,3533,1792,1741,77,39,38,9926,5045,4881,111,59,52
0.0 Scen,2050,369,Parmer County,13706,6965,6741,3527,1792,1735,75,38,37,9993,5077,4916,111,58,53
0.0 Scen,2010,371,Pecos County,15507,8742,6765,4326,2554,1772,528,496,32,10430,5579,4851,223,113,110
0.0 Scen,2011,371,Pecos County,15660,8815,6845,4332,2556,1776,529,497,32,10571,5646,4925,228,116,112
0.0 Scen,2012,371,Pecos County,15814,8889,6925,4341,2562,1779,528,496,32,10714,5713,5001,231,118,113
0.0 Scen,2013,371,Pecos County,15969,8965,7004,4347,2565,1782,529,497,32,10857,5782,5075,236,121,115
0.0 Scen,2014,371,Pecos County,16134,9041,7093,4355,2568,1787,529,496,33,11009,5853,5156,241,124,117
0.0 Scen,2015,371,Pecos County,16285,9111,7174,4359,2569,1790,530,497,33,11150,5918,5232,246,127,119
0.0 Scen,2016,371,Pecos County,16433,9179,7254,4363,2571,1792,528,495,33,11290,5983,5307,252,130,122
0.0 Scen,2017,371,Pecos County,16584,9250,7334,4367,2572,1795,527,494,33,11432,6050,5382,258,134,124
0.0 Scen,2018,371,Pecos County,16720,9313,7407,4363,2567,1796,528,495,33,11565,6113,5452,264,138,126
0.0 Scen,2019,371,Pecos County,16859,9379,7480,4360,2567,1793,526,493,33,11705,6179,5526,268,140,128
0.0 Scen,2020,371,Pecos County,16990,9443,7547,4354,2564,1790,524,491,33,11839,6245,5594,273,143,130
0.0 Scen,2021,371,Pecos County,17131,9512,7619,4349,2559,1790,525,492,33,11977,6313,5664,280,148,132
0.0 Scen,2022,371,Pecos County,17268,9575,7693,4344,2553,1791,527,493,34,12113,6379,5734,284,150,134
0.0 Scen,2023,371,Pecos County,17410,9647,7763,4338,2549,1789,526,492,34,12256,6452,5804,290,154,136
0.0 Scen,2024,371,Pecos County,17552,9713,7839,4333,2542,1791,528,493,35,12396,6521,5875,295,157,138
0.0 Scen,2025,371,Pecos County,17693,9778,7915,4323,2535,1788,531,496,35,12540,6588,5952,299,159,140
0.0 Scen,2026,371,Pecos County,17827,9843,7984,4311,2527,1784,530,494,36,12683,6660,6023,303,162,141
0.0 Scen,2027,371,Pecos County,17968,9915,8053,4304,2524,1780,529,493,36,12830,6734,6096,305,164,141
0.0 Scen,2028,371,Pecos County,18092,9976,8116,4290,2518,1772,526,489,37,12968,6803,6165,308,166,142
0.0 Scen,2029,371,Pecos County,18234,10043,8191,4274,2508,1766,528,491,37,13120,6875,6245,312,169,143
0.0 Scen,2030,371,Pecos County,18369,10109,8260,4260,2503,1757,527,489,38,13269,6948,6321,313,169,144
0.0 Scen,2031,371,Pecos County,18504,10176,8328,4241,2492,1749,529,491,38,13419,7023,6396,315,170,145
0.0 Scen,2032,371,Pecos County,18628,10235,8393,4223,2482,1741,526,487,39,13561,7094,6467,318,172,146
0.0 Scen,2033,371,Pecos County,18767,10307,8460,4208,2476,1732,523,484,39,13717,7175,6542,319,172,147
0.0 Scen,2034,371,Pecos County,18912,10380,8532,4198,2472,1726,524,484,40,13868,7251,6617,322,173,149
0.0 Scen,2035,371,Pecos County,19047,10451,8596,4187,2468,1719,523,484,39,14013,7326,6687,324,173,151
0.0 Scen,2036,371,Pecos County,19173,10509,8664,4173,2459,1714,522,483,39,14152,7394,6758,326,173,153
0.0 Scen,2037,371,Pecos County,19311,10579,8732,4167,2457,1710,520,481,39,14297,7469,6828,327,172,155
0.0 Scen,2038,371,Pecos County,19439,10648,8791,4157,2454,1703,517,478,39,14436,7543,6893,329,173,156
0.0 Scen,2039,371,Pecos County,19570,10709,8861,4146,2445,1701,517,478,39,14576,7612,6964,331,174,157
0.0 Scen,2040,371,Pecos County,19705,10776,8929,4142,2443,1699,513,474,39,14716,7683,7033,334,176,158
0.0 Scen,2041,371,Pecos County,19830,10833,8997,4130,2436,1694,506,467,39,14858,7753,7105,336,177,159
0.0 Scen,2042,371,Pecos County,19969,10901,9068,4123,2429,1694,505,467,38,15003,7827,7176,338,178,160
0.0 Scen,2043,371,Pecos County,20100,10970,9130,4112,2423,1689,502,464,38,15145,7903,7242,341,180,161
0.0 Scen,2044,371,Pecos County,20237,11032,9205,4109,2419,1690,496,459,37,15289,7974,7315,343,180,163
0.0 Scen,2045,371,Pecos County,20376,11101,9275,4101,2412,1689,493,456,37,15439,8052,7387,343,181,162
0.0 Scen,2046,371,Pecos County,20502,11168,9334,4092,2409,1683,487,451,36,15579,8125,7454,344,183,161
0.0 Scen,2047,371,Pecos County,20644,11242,9402,4084,2403,1681,486,450,36,15728,8205,7523,346,184,162
0.0 Scen,2048,371,Pecos County,20785,11315,9470,4079,2401,1678,480,445,35,15879,8285,7594,347,184,163
0.0 Scen,2049,371,Pecos County,20924,11387,9537,4071,2397,1674,480,445,35,16024,8359,7665,349,186,163
0.0 Scen,2050,371,Pecos County,21066,11462,9604,4070,2397,1673,474,439,35,16171,8439,7732,351,187,164
0.0 Scen,2010,373,Polk County,45413,24288,21125,32830,16792,16038,5153,3201,1952,5959,3606,2353,1471,689,782
0.0 Scen,2011,373,Polk County,45478,24310,21168,32760,16745,16015,5178,3213,1965,6054,3655,2399,1486,697,789
0.0 Scen,2012,373,Polk County,45553,24341,21212,32690,16704,15986,5205,3225,1980,6154,3705,2449,1504,707,797
0.0 Scen,2013,373,Polk County,45642,24385,21257,32631,16669,15962,5232,3240,1992,6258,3759,2499,1521,717,804
0.0 Scen,2014,373,Polk County,45732,24420,21312,32571,16627,15944,5258,3253,2005,6365,3814,2551,1538,726,812
0.0 Scen,2015,373,Polk County,45822,24458,21364,32512,16592,15920,5275,3260,2015,6477,3870,2607,1558,736,822
0.0 Scen,2016,373,Polk County,45901,24493,21408,32451,16558,15893,5288,3264,2024,6580,3920,2660,1582,751,831
0.0 Scen,2017,373,Polk County,45968,24522,21446,32382,16520,15862,5298,3267,2031,6683,3972,2711,1605,763,842
0.0 Scen,2018,373,Polk County,46049,24553,21496,32317,16480,15837,5312,3268,2044,6791,4028,2763,1629,777,852
0.0 Scen,2019,373,Polk County,46113,24581,21532,32250,16444,15806,5315,3268,2047,6899,4081,2818,1649,788,861
0.0 Scen,2020,373,Polk County,46183,24606,21577,32173,16396,15777,5326,3271,2055,7010,4136,2874,1674,803,871
0.0 Scen,2021,373,Polk County,46254,24637,21617,32101,16357,15744,5333,3273,2060,7121,4193,2928,1699,814,885
0.0 Scen,2022,373,Polk County,46313,24664,21649,32021,16314,15707,5337,3275,2062,7233,4248,2985,1722,827,895
0.0 Scen,2023,373,Polk County,46365,24680,21685,31936,16266,15670,5343,3280,2063,7339,4299,3040,1747,835,912
0.0 Scen,2024,373,Polk County,46410,24701,21709,31848,16223,15625,5347,3282,2065,7441,4344,3097,1774,852,922
0.0 Scen,2025,373,Polk County,46433,24714,21719,31741,16168,15573,5351,3285,2066,7550,4399,3151,1791,862,929
0.0 Scen,2026,373,Polk County,46448,24720,21728,31630,16113,15517,5350,3286,2064,7645,4443,3202,1823,878,945
0.0 Scen,2027,373,Polk County,46456,24720,21736,31513,16053,15460,5349,3286,2063,7748,4491,3257,1846,890,956
0.0 Scen,2028,373,Polk County,46452,24713,21739,31392,15992,15400,5346,3287,2059,7844,4533,3311,1870,901,969
0.0 Scen,2029,373,Polk County,46439,24716,21723,31257,15930,15327,5344,3288,2056,7946,4584,3362,1892,914,978
0.0 Scen,2030,373,Polk County,46433,24711,21722,31126,15867,15259,5343,3288,2055,8047,4630,3417,1917,926,991
0.0 Scen,2031,373,Polk County,46419,24706,21713,30990,15802,15188,5346,3293,2053,8143,4673,3470,1940,938,1002
0.0 Scen,2032,373,Polk County,46399,24702,21697,30860,15747,15113,5340,3289,2051,8241,4718,3523,1958,948,1010
0.0 Scen,2033,373,Polk County,46379,24694,21685,30723,15682,15041,5338,3289,2049,8339,4765,3574,1979,958,1021
0.0 Scen,2034,373,Polk County,46369,24697,21672,30595,15628,14967,5333,3288,2045,8439,4811,3628,2002,970,1032
0.0 Scen,2035,373,Polk County,46355,24694,21661,30480,15578,14902,5323,3280,2043,8534,4858,3676,2018,978,1040
0.0 Scen,2036,373,Polk County,46354,24701,21653,30369,15532,14837,5317,3275,2042,8629,4904,3725,2039,990,1049
0.0 Scen,2037,373,Polk County,46351,24706,21645,30256,15483,14773,5310,3269,2041,8727,4952,3775,2058,1002,1056
0.0 Scen,2038,373,Polk County,46340,24699,21641,30147,15434,14713,5304,3262,2042,8819,4995,3824,2070,1008,1062
0.0 Scen,2039,373,Polk County,46345,24703,21642,30060,15396,14664,5281,3248,2033,8916,5043,3873,2088,1016,1072
0.0 Scen,2040,373,Polk County,46363,24717,21646,29969,15359,14610,5277,3247,2030,9011,5086,3925,2106,1025,1081
0.0 Scen,2041,373,Polk County,46381,24727,21654,29882,15321,14561,5269,3240,2029,9105,5131,3974,2125,1035,1090
0.0 Scen,2042,373,Polk County,46412,24742,21670,29812,15291,14521,5262,3235,2027,9198,5173,4025,2140,1043,1097
0.0 Scen,2043,373,Polk County,46441,24761,21680,29743,15264,14479,5256,3227,2029,9289,5219,4070,2153,1051,1102
0.0 Scen,2044,373,Polk County,46474,24783,21691,29681,15240,14441,5242,3218,2024,9383,5265,4118,2168,1060,1108
0.0 Scen,2045,373,Polk County,46515,24805,21710,29625,15218,14407,5232,3209,2023,9474,5309,4165,2184,1069,1115
0.0 Scen,2046,373,Polk County,46556,24826,21730,29574,15198,14376,5216,3197,2019,9566,5353,4213,2200,1078,1122
0.0 Scen,2047,373,Polk County,46603,24855,21748,29525,15178,14347,5208,3194,2014,9656,5398,4258,2214,1085,1129
0.0 Scen,2048,373,Polk County,46654,24885,21769,29483,15164,14319,5189,3183,2006,9751,5444,4307,2231,1094,1137
0.0 Scen,2049,373,Polk County,46700,24907,21793,29438,15148,14290,5174,3171,2003,9846,5489,4357,2242,1099,1143
0.0 Scen,2050,373,Polk County,46758,24935,21823,29405,15139,14266,5156,3157,1999,9940,5533,4407,2257,1106,1151
0.0 Scen,2010,375,Potter County,121073,61919,59154,59322,29232,30090,11823,6861,4962,42692,22152,20540,7236,3674,3562
0.0 Scen,2011,375,Potter County,122282,62562,59720,59484,29345,30139,11900,6899,5001,43552,22586,20966,7346,3732,3614
0.0 Scen,2012,375,Potter County,123499,63205,60294,59647,29461,30186,11974,6936,5038,44426,23025,21401,7452,3783,3669
0.0 Scen,2013,375,Potter County,124740,63862,60878,59812,29573,30239,12053,6974,5079,45311,23474,21837,7564,3841,3723
0.0 Scen,2014,375,Potter County,125944,64495,61449,59946,29670,30276,12135,7014,5121,46189,23914,22275,7674,3897,3777
0.0 Scen,2015,375,Potter County,127125,65114,62011,60055,29749,30306,12212,7055,5157,47073,24358,22715,7785,3952,3833
0.0 Scen,2016,375,Potter County,128265,65716,62549,60136,29815,30321,12288,7095,5193,47943,24795,23148,7898,4011,3887
0.0 Scen,2017,375,Potter County,129400,66306,63094,60195,29865,30330,12378,7142,5236,48821,25232,23589,8006,4067,3939
0.0 Scen,2018,375,Potter County,130487,66872,63615,60229,29901,30328,12447,7178,5269,49696,25672,24024,8115,4121,3994
0.0 Scen,2019,375,Potter County,131569,67436,64133,60241,29930,30311,12527,7219,5308,50583,26114,24469,8218,4173,4045
0.0 Scen,2020,375,Potter County,132628,67976,64652,60237,29947,30290,12598,7253,5345,51467,26554,24913,8326,4222,4104
0.0 Scen,2021,375,Potter County,133696,68529,65167,60216,29952,30264,12668,7288,5380,52376,27006,25370,8436,4283,4153
0.0 Scen,2022,375,Potter County,134747,69060,65687,60183,29947,30236,12740,7321,5419,53283,27459,25824,8541,4333,4208
0.0 Scen,2023,375,Potter County,135808,69603,66205,60142,29941,30201,12815,7356,5459,54203,27916,26287,8648,4390,4258
0.0 Scen,2024,375,Potter County,136855,70146,66709,60085,29930,30155,12888,7388,5500,55133,28387,26746,8749,4441,4308
0.0 Scen,2025,375,Potter County,137899,70664,67235,60019,29907,30112,12961,7415,5546,56078,28859,27219,8841,4483,4358
0.0 Scen,2026,375,Potter County,138955,71199,67756,59935,29875,30060,13035,7450,5585,57031,29336,27695,8954,4538,4416
0.0 Scen,2027,375,Potter County,139994,71725,68269,59853,29848,30005,13105,7476,5629,57993,29814,28179,9043,4587,4456
0.0 Scen,2028,375,Potter County,141053,72247,68806,59751,29805,29946,13174,7505,5669,58976,30302,28674,9152,4635,4517
0.0 Scen,2029,375,Potter County,142113,72774,69339,59648,29762,29886,13244,7532,5712,59962,30791,29171,9259,4689,4570
0.0 Scen,2030,375,Potter County,143147,73291,69856,59541,29717,29824,13309,7559,5750,60935,31274,29661,9362,4741,4621
0.0 Scen,2031,375,Potter County,144186,73807,70379,59442,29676,29766,13369,7579,5790,61911,31761,30150,9464,4791,4673
0.0 Scen,2032,375,Potter County,145200,74308,70892,59344,29634,29710,13420,7597,5823,62872,32236,30636,9564,4841,4723
0.0 Scen,2033,375,Potter County,146239,74825,71414,59253,29600,29653,13474,7614,5860,63845,32719,31126,9667,4892,4775
0.0 Scen,2034,375,Potter County,147238,75333,71905,59158,29561,29597,13524,7632,5892,64806,33198,31608,9750,4942,4808
0.0 Scen,2035,375,Potter County,148264,75829,72435,59077,29531,29546,13557,7638,5919,65768,33675,32093,9862,4985,4877
0.0 Scen,2036,375,Potter County,149279,76343,72936,58988,29498,29490,13606,7660,5946,66720,34146,32574,9965,5039,4926
0.0 Scen,2037,375,Potter County,150257,76830,73427,58884,29458,29426,13641,7672,5969,67676,34616,33060,10056,5084,4972
0.0 Scen,2038,375,Potter County,151212,77311,73901,58777,29417,29360,13674,7684,5990,68619,35085,33534,10142,5125,5017
0.0 Scen,2039,375,Potter County,152161,77779,74382,58670,29370,29300,13702,7689,6013,69563,35554,34009,10226,5166,5060
0.0 Scen,2040,375,Potter County,153071,78236,74835,58552,29318,29234,13721,7694,6027,70497,36018,34479,10301,5206,5095
0.0 Scen,2041,375,Potter County,153982,78681,75301,58421,29259,29162,13742,7694,6048,71433,36485,34948,10386,5243,5143
0.0 Scen,2042,375,Potter County,154858,79118,75740,58282,29199,29083,13758,7695,6063,72361,36945,35416,10457,5279,5178
0.0 Scen,2043,375,Potter County,155728,79548,76180,58133,29132,29001,13773,7696,6077,73289,37403,35886,10533,5317,5216
0.0 Scen,2044,375,Potter County,156579,79973,76606,57989,29075,28914,13782,7692,6090,74215,37862,36353,10593,5344,5249
0.0 Scen,2045,375,Potter County,157419,80385,77034,57831,29002,28829,13794,7690,6104,75141,38321,36820,10653,5372,5281
0.0 Scen,2046,375,Potter County,158254,80801,77453,57670,28934,28736,13802,7685,6117,76072,38784,37288,10710,5398,5312
0.0 Scen,2047,375,Potter County,159078,81210,77868,57503,28857,28646,13810,7680,6130,76998,39247,37751,10767,5426,5341
0.0 Scen,2048,375,Potter County,159905,81627,78278,57337,28786,28551,13819,7680,6139,77926,39709,38217,10823,5452,5371
0.0 Scen,2049,375,Potter County,160693,82024,78669,57163,28710,28453,13812,7671,6141,78848,40170,38678,10870,5473,5397
0.0 Scen,2050,375,Potter County,161513,82443,79070,57002,28640,28362,13817,7670,6147,79781,40639,39142,10913,5494,5419
0.0 Scen,2010,377,Presidio County,7818,3818,4000,1136,604,532,27,19,8,6521,3127,3394,134,68,66
0.0 Scen,2011,377,Presidio County,7880,3848,4032,1143,608,535,27,19,8,6574,3152,3422,136,69,67
0.0 Scen,2012,377,Presidio County,7945,3880,4065,1150,612,538,27,19,8,6630,3179,3451,138,70,68
0.0 Scen,2013,377,Presidio County,8012,3911,4101,1154,614,540,27,19,8,6692,3207,3485,139,71,68
0.0 Scen,2014,377,Presidio County,8074,3941,4133,1157,616,541,27,19,8,6750,3235,3515,140,71,69
0.0 Scen,2015,377,Presidio County,8146,3978,4168,1161,618,543,27,19,8,6817,3269,3548,141,72,69
0.0 Scen,2016,377,Presidio County,8217,4014,4203,1164,622,542,27,19,8,6883,3300,3583,143,73,70
0.0 Scen,2017,377,Presidio County,8300,4054,4246,1166,623,543,27,19,8,6962,3338,3624,145,74,71
0.0 Scen,2018,377,Presidio County,8382,4096,4286,1169,625,544,27,19,8,7039,3377,3662,147,75,72
0.0 Scen,2019,377,Presidio County,8469,4137,4332,1172,628,544,27,19,8,7121,3414,3707,149,76,73
0.0 Scen,2020,377,Presidio County,8553,4181,4372,1171,628,543,27,19,8,7204,3457,3747,151,77,74
0.0 Scen,2021,377,Presidio County,8636,4222,4414,1169,625,544,27,19,8,7287,3500,3787,153,78,75
0.0 Scen,2022,377,Presidio County,8709,4254,4455,1165,621,544,27,19,8,7363,3536,3827,154,78,76
0.0 Scen,2023,377,Presidio County,8787,4293,4494,1159,618,541,27,19,8,7446,3577,3869,155,79,76
0.0 Scen,2024,377,Presidio County,8860,4331,4529,1151,614,537,27,19,8,7525,3618,3907,157,80,77
0.0 Scen,2025,377,Presidio County,8936,4369,4567,1145,609,536,27,19,8,7605,3660,3945,159,81,78
0.0 Scen,2026,377,Presidio County,9010,4407,4603,1140,606,534,27,19,8,7680,3699,3981,163,83,80
0.0 Scen,2027,377,Presidio County,9080,4442,4638,1130,598,532,27,19,8,7757,3740,4017,166,85,81
0.0 Scen,2028,377,Presidio County,9151,4478,4673,1124,593,531,27,19,8,7831,3780,4051,169,86,83
0.0 Scen,2029,377,Presidio County,9216,4508,4708,1111,585,526,27,19,8,7906,3816,4090,172,88,84
0.0 Scen,2030,377,Presidio County,9286,4544,4742,1102,580,522,27,19,8,7982,3856,4126,175,89,86
0.0 Scen,2031,377,Presidio County,9351,4577,4774,1091,573,518,27,19,8,8055,3894,4161,178,91,87
0.0 Scen,2032,377,Presidio County,9426,4614,4812,1086,570,516,27,19,8,8132,3933,4199,181,92,89
0.0 Scen,2033,377,Presidio County,9490,4649,4841,1074,564,510,27,19,8,8205,3972,4233,184,94,90
0.0 Scen,2034,377,Presidio County,9561,4690,4871,1066,562,504,27,19,8,8281,4014,4267,187,95,92
0.0 Scen,2035,377,Presidio County,9626,4727,4899,1055,555,500,27,19,8,8355,4056,4299,189,97,92
0.0 Scen,2036,377,Presidio County,9700,4767,4933,1046,551,495,27,19,8,8436,4100,4336,191,97,94
0.0 Scen,2037,377,Presidio County,9775,4808,4967,1039,548,491,27,19,8,8516,4143,4373,193,98,95
0.0 Scen,2038,377,Presidio County,9847,4845,5002,1032,543,489,27,19,8,8595,4186,4409,193,97,96
0.0 Scen,2039,377,Presidio County,9923,4886,5037,1025,539,486,27,19,8,8676,4230,4446,195,98,97
0.0 Scen,2040,377,Presidio County,9999,4928,5071,1017,536,481,27,19,8,8759,4275,4484,196,98,98
0.0 Scen,2041,377,Presidio County,10083,4974,5109,1009,531,478,27,19,8,8849,4325,4524,198,99,99
0.0 Scen,2042,377,Presidio County,10165,5021,5144,1003,529,474,27,19,8,8936,4373,4563,199,100,99
0.0 Scen,2043,377,Presidio County,10255,5071,5184,997,527,470,27,19,8,9032,4425,4607,199,100,99
0.0 Scen,2044,377,Presidio County,10344,5122,5222,989,524,465,27,19,8,9128,4479,4649,200,100,100
0.0 Scen,2045,377,Presidio County,10434,5171,5263,984,521,463,27,19,8,9222,4531,4691,201,100,101
0.0 Scen,2046,377,Presidio County,10527,5223,5304,981,520,461,27,19,8,9319,4585,4734,200,99,101
0.0 Scen,2047,377,Presidio County,10619,5276,5343,979,519,460,27,19,8,9413,4638,4775,200,100,100
0.0 Scen,2048,377,Presidio County,10717,5332,5385,975,518,457,27,19,8,9515,4695,4820,200,100,100
0.0 Scen,2049,377,Presidio County,10818,5391,5427,973,519,454,27,19,8,9618,4752,4866,200,101,99
0.0 Scen,2050,377,Presidio County,10918,5446,5472,968,515,453,27,19,8,9721,4810,4911,202,102,100
0.0 Scen,2010,379,Rains County,10914,5485,5429,9553,4772,4781,249,134,115,839,448,391,273,131,142
0.0 Scen,2011,379,Rains County,10914,5480,5434,9534,4756,4778,249,135,114,856,457,399,275,132,143
0.0 Scen,2012,379,Rains County,10913,5474,5439,9512,4738,4774,249,136,113,873,466,407,279,134,145
0.0 Scen,2013,379,Rains County,10913,5466,5447,9492,4721,4771,251,137,114,889,473,416,281,135,146
0.0 Scen,2014,379,Rains County,10919,5461,5458,9474,4704,4770,252,137,115,907,482,425,286,138,148
0.0 Scen,2015,379,Rains County,10918,5452,5466,9455,4687,4768,253,137,116,922,490,432,288,138,150
0.0 Scen,2016,379,Rains County,10922,5451,5471,9433,4672,4761,255,137,118,942,501,441,292,141,151
0.0 Scen,2017,379,Rains County,10926,5450,5476,9407,4656,4751,258,139,119,962,511,451,299,144,155
0.0 Scen,2018,379,Rains County,10934,5452,5482,9388,4645,4743,260,140,120,982,521,461,304,146,158
0.0 Scen,2019,379,Rains County,10942,5459,5483,9369,4636,4733,261,141,120,1003,532,471,309,150,159
0.0 Scen,2020,379,Rains County,10943,5458,5485,9341,4620,4721,263,142,121,1024,543,481,315,153,162
0.0 Scen,2021,379,Rains County,10961,5465,5496,9329,4611,4718,264,143,121,1048,556,492,320,155,165
0.0 Scen,2022,379,Rains County,10974,5468,5506,9313,4601,4712,265,143,122,1071,566,505,325,158,167
0.0 Scen,2023,379,Rains County,10979,5469,5510,9289,4587,4702,266,144,122,1093,577,516,331,161,170
0.0 Scen,2024,379,Rains County,10978,5467,5511,9258,4568,4690,267,145,122,1118,590,528,335,164,171
0.0 Scen,2025,379,Rains County,10975,5470,5505,9226,4555,4671,266,144,122,1142,603,539,341,168,173
0.0 Scen,2026,379,Rains County,10968,5463,5505,9193,4537,4656,265,144,121,1165,612,553,345,170,175
0.0 Scen,2027,379,Rains County,10957,5462,5495,9159,4523,4636,266,145,121,1184,622,562,348,172,176
0.0 Scen,2028,379,Rains County,10943,5455,5488,9124,4506,4618,263,142,121,1205,633,572,351,174,177
0.0 Scen,2029,379,Rains County,10924,5447,5477,9083,4486,4597,262,142,120,1227,643,584,352,176,176
0.0 Scen,2030,379,Rains County,10912,5442,5470,9046,4469,4577,261,140,121,1250,656,594,355,177,178
0.0 Scen,2031,379,Rains County,10886,5429,5457,8998,4443,4555,260,140,120,1270,667,603,358,179,179
0.0 Scen,2032,379,Rains County,10863,5420,5443,8954,4424,4530,258,138,120,1290,678,612,361,180,181
0.0 Scen,2033,379,Rains County,10832,5408,5424,8902,4400,4502,257,138,119,1310,689,621,363,181,182
0.0 Scen,2034,379,Rains County,10807,5398,5409,8854,4377,4477,255,136,119,1333,703,630,365,182,183
0.0 Scen,2035,379,Rains County,10779,5389,5390,8807,4357,4450,252,135,117,1353,714,639,367,183,184
0.0 Scen,2036,379,Rains County,10752,5383,5369,8760,4342,4418,250,133,117,1374,725,649,368,183,185
0.0 Scen,2037,379,Rains County,10721,5370,5351,8711,4321,4390,247,131,116,1394,735,659,369,183,186
0.0 Scen,2038,379,Rains County,10692,5357,5335,8663,4299,4364,245,129,116,1415,746,669,369,183,186
0.0 Scen,2039,379,Rains County,10668,5350,5318,8620,4282,4338,242,128,114,1437,757,680,369,183,186
0.0 Scen,2040,379,Rains County,10647,5345,5302,8576,4264,4312,242,129,113,1459,769,690,370,183,187
0.0 Scen,2041,379,Rains County,10628,5337,5291,8539,4246,4293,240,128,112,1478,780,698,371,183,188
0.0 Scen,2042,379,Rains County,10610,5333,5277,8502,4232,4270,238,127,111,1498,791,707,372,183,189
0.0 Scen,2043,379,Rains County,10598,5335,5263,8468,4222,4246,236,126,110,1521,804,717,373,183,190
0.0 Scen,2044,379,Rains County,10576,5322,5254,8428,4202,4226,234,125,109,1541,813,728,373,182,191
0.0 Scen,2045,379,Rains County,10576,5327,5249,8407,4196,4211,232,124,108,1564,825,739,373,182,191
0.0 Scen,2046,379,Rains County,10559,5323,5236,8373,4185,4188,229,122,107,1585,834,751,372,182,190
0.0 Scen,2047,379,Rains County,10547,5317,5230,8340,4169,4171,227,121,106,1606,844,762,374,183,191
0.0 Scen,2048,379,Rains County,10551,5325,5226,8317,4163,4154,227,121,106,1630,857,773,377,184,193
0.0 Scen,2049,379,Rains County,10554,5331,5223,8299,4157,4142,225,120,105,1652,869,783,378,185,193
0.0 Scen,2050,379,Rains County,10549,5331,5218,8277,4148,4129,224,119,105,1671,879,792,377,185,192
0.0 Scen,2010,381,Randall County,120725,58737,61988,94361,45444,48917,2701,1509,1192,19775,9820,9955,3888,1964,1924
0.0 Scen,2011,381,Randall County,121224,59006,62218,94485,45527,48958,2732,1523,1209,20068,9965,10103,3939,1991,1948
0.0 Scen,2012,381,Randall County,121783,59300,62483,94649,45624,49025,2766,1540,1226,20376,10117,10259,3992,2019,1973
0.0 Scen,2013,381,Randall County,122302,59562,62740,94792,45702,49090,2796,1554,1242,20672,10262,10410,4042,2044,1998
0.0 Scen,2014,381,Randall County,122801,59818,62983,94922,45774,49148,2827,1571,1256,20965,10407,10558,4087,2066,2021
0.0 Scen,2015,381,Randall County,123272,60056,63216,95010,45827,49183,2859,1587,1272,21266,10549,10717,4137,2093,2044
0.0 Scen,2016,381,Randall County,123729,60291,63438,95096,45881,49215,2890,1603,1287,21560,10692,10868,4183,2115,2068
0.0 Scen,2017,381,Randall County,124216,60538,63678,95187,45934,49253,2927,1622,1305,21864,10839,11025,4238,2143,2095
0.0 Scen,2018,381,Randall County,124684,60776,63908,95270,45980,49290,2965,1641,1324,22162,10985,11177,4287,2170,2117
0.0 Scen,2019,381,Randall County,125145,61017,64128,95335,46022,49313,3008,1665,1343,22461,11131,11330,4341,2199,2142
0.0 Scen,2020,381,Randall County,125564,61237,64327,95371,46052,49319,3045,1683,1362,22756,11277,11479,4392,2225,2167
0.0 Scen,2021,381,Randall County,126016,61469,64547,95424,46080,49344,3081,1703,1378,23063,11432,11631,4448,2254,2194
0.0 Scen,2022,381,Randall County,126455,61702,64753,95455,46104,49351,3121,1724,1397,23374,11590,11784,4505,2284,2221
0.0 Scen,2023,381,Randall County,126888,61926,64962,95468,46118,49350,3161,1741,1420,23695,11753,11942,4564,2314,2250
0.0 Scen,2024,381,Randall County,127295,62141,65154,95469,46131,49338,3197,1758,1439,24010,11908,12102,4619,2344,2275
0.0 Scen,2025,381,Randall County,127700,62358,65342,95458,46136,49322,3237,1779,1458,24327,12069,12258,4678,2374,2304
0.0 Scen,2026,381,Randall County,128061,62561,65500,95413,46132,49281,3276,1800,1476,24646,12232,12414,4726,2397,2329
0.0 Scen,2027,381,Randall County,128416,62745,65671,95355,46116,49239,3310,1814,1496,24974,12394,12580,4777,2421,2356
0.0 Scen,2028,381,Randall County,128746,62922,65824,95272,46086,49186,3343,1830,1513,25304,12560,12744,4827,2446,2381
0.0 Scen,2029,381,Randall County,129051,63087,65964,95173,46051,49122,3376,1843,1533,25627,12723,12904,4875,2470,2405
0.0 Scen,2030,381,Randall County,129330,63236,66094,95054,46009,49045,3396,1851,1545,25956,12886,13070,4924,2490,2434
0.0 Scen,2031,381,Randall County,129594,63383,66211,94915,45956,48959,3427,1864,1563,26273,13046,13227,4979,2517,2462
0.0 Scen,2032,381,Randall County,129815,63510,66305,94764,45902,48862,3445,1869,1576,26580,13199,13381,5026,2540,2486
0.0 Scen,2033,381,Randall County,130007,63624,66383,94584,45829,48755,3468,1879,1589,26884,13351,13533,5071,2565,2506
0.0 Scen,2034,381,Randall County,130169,63718,66451,94392,45755,48637,3484,1881,1603,27172,13495,13677,5121,2587,2534
0.0 Scen,2035,381,Randall County,130274,63779,66495,94165,45656,48509,3498,1884,1614,27447,13630,13817,5164,2609,2555
0.0 Scen,2036,381,Randall County,130367,63844,66523,93930,45559,48371,3504,1882,1622,27722,13770,13952,5211,2633,2578
0.0 Scen,2037,381,Randall County,130429,63900,66529,93670,45456,48214,3520,1886,1634,27984,13902,14082,5255,2656,2599
0.0 Scen,2038,381,Randall County,130455,63930,66525,93394,45338,48056,3531,1888,1643,28235,14029,14206,5295,2675,2620
0.0 Scen,2039,381,Randall County,130448,63945,66503,93104,45218,47886,3540,1889,1651,28477,14146,14331,5327,2692,2635
0.0 Scen,2040,381,Randall County,130425,63960,66465,92794,45092,47702,3559,1896,1663,28703,14259,14444,5369,2713,2656
0.0 Scen,2041,381,Randall County,130379,63962,66417,92476,44965,47511,3568,1893,1675,28930,14370,14560,5405,2734,2671
0.0 Scen,2042,381,Randall County,130295,63946,66349,92145,44832,47313,3571,1890,1681,29142,14477,14665,5437,2747,2690
0.0 Scen,2043,381,Randall County,130208,63925,66283,91814,44694,47120,3579,1893,1686,29349,14577,14772,5466,2761,2705
0.0 Scen,2044,381,Randall County,130085,63895,66190,91460,44556,46904,3580,1887,1693,29551,14678,14873,5494,2774,2720
0.0 Scen,2045,381,Randall County,129959,63860,66099,91103,44414,46689,3586,1883,1703,29748,14775,14973,5522,2788,2734
0.0 Scen,2046,381,Randall County,129841,63830,66011,90755,44274,46481,3593,1880,1713,29939,14870,15069,5554,2806,2748
0.0 Scen,2047,381,Randall County,129727,63795,65932,90413,44138,46275,3599,1876,1723,30132,14963,15169,5583,2818,2765
0.0 Scen,2048,381,Randall County,129594,63754,65840,90072,44000,46072,3603,1870,1733,30314,15054,15260,5605,2830,2775
0.0 Scen,2049,381,Randall County,129466,63719,65747,89743,43867,45876,3605,1867,1738,30488,15144,15344,5630,2841,2789
0.0 Scen,2050,381,Randall County,129347,63683,65664,89426,43738,45688,3608,1863,1745,30659,15228,15431,5654,2854,2800
0.0 Scen,2010,383,Reagan County,3367,1748,1619,1219,600,619,65,41,24,2051,1091,960,32,16,16
0.0 Scen,2011,383,Reagan County,3411,1771,1640,1228,605,623,65,41,24,2086,1109,977,32,16,16
0.0 Scen,2012,383,Reagan County,3455,1795,1660,1236,611,625,65,41,24,2122,1127,995,32,16,16
0.0 Scen,2013,383,Reagan County,3499,1819,1680,1245,617,628,65,41,24,2157,1145,1012,32,16,16
0.0 Scen,2014,383,Reagan County,3545,1842,1703,1253,621,632,65,41,24,2195,1164,1031,32,16,16
0.0 Scen,2015,383,Reagan County,3595,1866,1729,1265,626,639,65,41,24,2233,1183,1050,32,16,16
0.0 Scen,2016,383,Reagan County,3647,1892,1755,1273,630,643,65,41,24,2277,1205,1072,32,16,16
0.0 Scen,2017,383,Reagan County,3698,1919,1779,1282,636,646,65,41,24,2319,1226,1093,32,16,16
0.0 Scen,2018,383,Reagan County,3755,1950,1805,1293,643,650,65,41,24,2365,1250,1115,32,16,16
0.0 Scen,2019,383,Reagan County,3809,1976,1833,1300,645,655,65,41,24,2412,1274,1138,32,16,16
0.0 Scen,2020,383,Reagan County,3860,1998,1862,1308,647,661,65,41,24,2455,1294,1161,32,16,16
0.0 Scen,2021,383,Reagan County,3907,2023,1884,1312,650,662,65,41,24,2499,1317,1182,31,15,16
0.0 Scen,2022,383,Reagan County,3960,2053,1907,1317,653,664,64,41,23,2548,1344,1204,31,15,16
0.0 Scen,2023,383,Reagan County,4013,2079,1934,1321,655,666,64,41,23,2597,1368,1229,31,15,16
0.0 Scen,2024,383,Reagan County,4069,2103,1966,1326,655,671,63,40,23,2650,1393,1257,30,15,15
0.0 Scen,2025,383,Reagan County,4117,2130,1987,1326,656,670,62,40,22,2699,1419,1280,30,15,15
0.0 Scen,2026,383,Reagan County,4164,2152,2012,1324,655,669,61,40,21,2749,1442,1307,30,15,15
0.0 Scen,2027,383,Reagan County,4209,2175,2034,1320,653,667,61,40,21,2798,1467,1331,30,15,15
0.0 Scen,2028,383,Reagan County,4255,2200,2055,1321,655,666,61,40,21,2843,1490,1353,30,15,15
0.0 Scen,2029,383,Reagan County,4298,2221,2077,1318,653,665,61,40,21,2889,1513,1376,30,15,15
0.0 Scen,2030,383,Reagan County,4337,2241,2096,1310,650,660,61,40,21,2936,1536,1400,30,15,15
0.0 Scen,2031,383,Reagan County,4380,2262,2118,1303,646,657,61,40,21,2985,1560,1425,31,16,15
0.0 Scen,2032,383,Reagan County,4416,2278,2138,1296,642,654,60,40,20,3028,1580,1448,32,16,16
0.0 Scen,2033,383,Reagan County,4446,2292,2154,1284,636,648,59,39,20,3071,1601,1470,32,16,16
0.0 Scen,2034,383,Reagan County,4474,2306,2168,1274,631,643,59,39,20,3109,1620,1489,32,16,16
0.0 Scen,2035,383,Reagan County,4505,2320,2185,1262,625,637,59,39,20,3151,1639,1512,33,17,16
0.0 Scen,2036,383,Reagan County,4542,2340,2202,1258,624,634,59,39,20,3192,1660,1532,33,17,16
0.0 Scen,2037,383,Reagan County,4576,2358,2218,1249,619,630,58,39,19,3236,1683,1553,33,17,16
0.0 Scen,2038,383,Reagan County,4608,2372,2236,1242,616,626,57,38,19,3276,1701,1575,33,17,16
0.0 Scen,2039,383,Reagan County,4645,2390,2255,1236,613,623,57,38,19,3319,1722,1597,33,17,16
0.0 Scen,2040,383,Reagan County,4679,2408,2271,1229,612,617,56,37,19,3360,1742,1618,34,17,17
0.0 Scen,2041,383,Reagan County,4716,2427,2289,1224,610,614,55,36,19,3403,1764,1639,34,17,17
0.0 Scen,2042,383,Reagan County,4745,2440,2305,1216,606,610,55,36,19,3440,1781,1659,34,17,17
0.0 Scen,2043,383,Reagan County,4775,2456,2319,1208,604,604,54,36,18,3479,1799,1680,34,17,17
0.0 Scen,2044,383,Reagan County,4806,2472,2334,1200,602,598,53,35,18,3519,1818,1701,34,17,17
0.0 Scen,2045,383,Reagan County,4845,2491,2354,1195,600,595,52,34,18,3564,1840,1724,34,17,17
0.0 Scen,2046,383,Reagan County,4879,2507,2372,1188,598,590,51,33,18,3606,1859,1747,34,17,17
0.0 Scen,2047,383,Reagan County,4916,2525,2391,1185,597,588,50,32,18,3647,1879,1768,34,17,17
0.0 Scen,2048,383,Reagan County,4953,2542,2411,1182,594,588,48,31,17,3689,1900,1789,34,17,17
0.0 Scen,2049,383,Reagan County,4988,2561,2427,1176,592,584,46,30,16,3732,1922,1810,34,17,17
0.0 Scen,2050,383,Reagan County,5024,2580,2444,1170,589,581,45,29,16,3776,1945,1831,33,17,16
0.0 Scen,2010,385,Real County,3309,1638,1671,2398,1175,1223,20,9,11,814,418,396,77,36,41
0.0 Scen,2011,385,Real County,3307,1637,1670,2386,1168,1218,20,9,11,825,425,400,76,35,41
0.0 Scen,2012,385,Real County,3302,1632,1670,2369,1156,1213,20,9,11,837,432,405,76,35,41
0.0 Scen,2013,385,Real County,3299,1627,1672,2353,1143,1210,20,9,11,849,439,410,77,36,41
0.0 Scen,2014,385,Real County,3299,1623,1676,2339,1133,1206,19,8,11,863,446,417,78,36,42
0.0 Scen,2015,385,Real County,3298,1621,1677,2323,1123,1200,20,9,11,876,452,424,79,37,42
0.0 Scen,2016,385,Real County,3298,1619,1679,2310,1114,1196,21,9,12,888,459,429,79,37,42
0.0 Scen,2017,385,Real County,3299,1620,1679,2293,1106,1187,22,10,12,904,466,438,80,38,42
0.0 Scen,2018,385,Real County,3305,1624,1681,2282,1102,1180,24,11,13,918,473,445,81,38,43
0.0 Scen,2019,385,Real County,3307,1626,1681,2266,1094,1172,25,12,13,934,481,453,82,39,43
0.0 Scen,2020,385,Real County,3312,1627,1685,2254,1088,1166,26,12,14,949,488,461,83,39,44
0.0 Scen,2021,385,Real County,3313,1627,1686,2238,1079,1159,27,13,14,963,495,468,85,40,45
0.0 Scen,2022,385,Real County,3310,1626,1684,2220,1071,1149,28,13,15,977,502,475,85,40,45
0.0 Scen,2023,385,Real County,3309,1628,1681,2205,1065,1140,29,14,15,989,508,481,86,41,45
0.0 Scen,2024,385,Real County,3313,1629,1684,2192,1057,1135,30,14,16,1004,517,487,87,41,46
0.0 Scen,2025,385,Real County,3309,1628,1681,2177,1050,1127,30,14,16,1014,522,492,88,42,46
0.0 Scen,2026,385,Real County,3308,1627,1681,2162,1042,1120,30,14,16,1027,529,498,89,42,47
0.0 Scen,2027,385,Real County,3305,1624,1681,2147,1032,1115,30,14,16,1038,535,503,90,43,47
0.0 Scen,2028,385,Real County,3296,1620,1676,2126,1023,1103,30,14,16,1049,540,509,91,43,48
0.0 Scen,2029,385,Real County,3289,1619,1670,2110,1016,1094,30,14,16,1058,545,513,91,44,47
0.0 Scen,2030,385,Real County,3284,1616,1668,2095,1008,1087,30,14,16,1067,550,517,92,44,48
0.0 Scen,2031,385,Real County,3274,1613,1661,2075,1000,1075,30,14,16,1077,555,522,92,44,48
0.0 Scen,2032,385,Real County,3263,1606,1657,2053,989,1064,30,14,16,1085,558,527,95,45,50
0.0 Scen,2033,385,Real County,3254,1604,1650,2033,979,1054,30,14,16,1097,565,532,94,46,48
0.0 Scen,2034,385,Real County,3243,1596,1647,2015,970,1045,29,13,16,1105,569,536,94,44,50
0.0 Scen,2035,385,Real County,3235,1595,1640,1997,963,1034,29,13,16,1113,573,540,96,46,50
0.0 Scen,2036,385,Real County,3229,1592,1637,1981,956,1025,29,13,16,1123,578,545,96,45,51
0.0 Scen,2037,385,Real County,3223,1593,1630,1964,951,1013,29,13,16,1133,583,550,97,46,51
0.0 Scen,2038,385,Real County,3218,1595,1623,1949,948,1001,29,13,16,1143,588,555,97,46,51
0.0 Scen,2039,385,Real County,3213,1601,1612,1932,946,986,29,13,16,1154,595,559,98,47,51
0.0 Scen,2040,385,Real County,3208,1602,1606,1918,941,977,29,13,16,1163,601,562,98,47,51
0.0 Scen,2041,385,Real County,3210,1605,1605,1908,937,971,29,13,16,1174,607,567,99,48,51
0.0 Scen,2042,385,Real County,3209,1606,1603,1897,934,963,29,13,16,1184,612,572,99,47,52
0.0 Scen,2043,385,Real County,3213,1609,1604,1890,931,959,29,13,16,1194,617,577,100,48,52
0.0 Scen,2044,385,Real County,3216,1611,1605,1885,930,955,28,13,15,1204,621,583,99,47,52
0.0 Scen,2045,385,Real County,3217,1614,1603,1879,929,950,28,13,15,1212,625,587,98,47,51
0.0 Scen,2046,385,Real County,3217,1613,1604,1870,925,945,28,13,15,1221,629,592,98,46,52
0.0 Scen,2047,385,Real County,3221,1620,1601,1861,924,937,28,13,15,1233,636,597,99,47,52
0.0 Scen,2048,385,Real County,3225,1623,1602,1856,923,933,28,13,15,1243,640,603,98,47,51
0.0 Scen,2049,385,Real County,3228,1627,1601,1850,922,928,28,13,15,1253,645,608,97,47,50
0.0 Scen,2050,385,Real County,3231,1630,1601,1842,920,922,29,13,16,1264,651,613,96,46,50
0.0 Scen,2010,387,Red River County,12860,6266,6594,9503,4654,4849,2211,1016,1195,849,451,398,297,145,152
0.0 Scen,2011,387,Red River County,12867,6272,6595,9477,4642,4835,2223,1023,1200,866,460,406,301,147,154
0.0 Scen,2012,387,Red River County,12877,6278,6599,9450,4630,4820,2238,1029,1209,884,469,415,305,150,155
0.0 Scen,2013,387,Red River County,12882,6284,6598,9422,4617,4805,2253,1038,1215,898,477,421,309,152,157
0.0 Scen,2014,387,Red River County,12898,6293,6605,9398,4604,4794,2267,1048,1219,917,486,431,316,155,161
0.0 Scen,2015,387,Red River County,12915,6304,6611,9372,4596,4776,2285,1055,1230,936,495,441,322,158,164
0.0 Scen,2016,387,Red River County,12935,6321,6614,9347,4587,4760,2304,1066,1238,955,506,449,329,162,167
0.0 Scen,2017,387,Red River County,12945,6328,6617,9326,4579,4747,2316,1070,1246,971,515,456,332,164,168
0.0 Scen,2018,387,Red River County,12963,6336,6627,9303,4568,4735,2330,1075,1255,991,524,467,339,169,170
0.0 Scen,2019,387,Red River County,12972,6346,6626,9280,4563,4717,2339,1078,1261,1011,534,477,342,171,171
0.0 Scen,2020,387,Red River County,12975,6347,6628,9244,4546,4698,2348,1080,1268,1030,544,486,353,177,176
0.0 Scen,2021,387,Red River County,12978,6348,6630,9217,4534,4683,2353,1080,1273,1045,552,493,363,182,181
0.0 Scen,2022,387,Red River County,12979,6351,6628,9186,4521,4665,2357,1081,1276,1062,561,501,374,188,186
0.0 Scen,2023,387,Red River County,12979,6354,6625,9150,4505,4645,2363,1084,1279,1083,573,510,383,192,191
0.0 Scen,2024,387,Red River County,12968,6346,6622,9111,4485,4626,2365,1084,1281,1103,583,520,389,194,195
0.0 Scen,2025,387,Red River County,12956,6342,6614,9075,4466,4609,2363,1085,1278,1122,593,529,396,198,198
0.0 Scen,2026,387,Red River County,12941,6342,6599,9035,4448,4587,2360,1087,1273,1146,606,540,400,201,199
0.0 Scen,2027,387,Red River County,12917,6333,6584,8995,4430,4565,2353,1085,1268,1167,617,550,402,201,201
0.0 Scen,2028,387,Red River County,12882,6322,6560,8946,4410,4536,2344,1081,1263,1186,627,559,406,204,202
0.0 Scen,2029,387,Red River County,12859,6316,6543,8900,4390,4510,2337,1078,1259,1209,640,569,413,208,205
0.0 Scen,2030,387,Red River County,12835,6310,6525,8857,4372,4485,2329,1075,1254,1229,651,578,420,212,208
0.0 Scen,2031,387,Red River County,12799,6295,6504,8800,4347,4453,2316,1069,1247,1253,663,590,430,216,214
0.0 Scen,2032,387,Red River County,12769,6287,6482,8754,4327,4427,2302,1065,1237,1275,675,600,438,220,218
0.0 Scen,2033,387,Red River County,12752,6285,6467,8713,4309,4404,2299,1067,1232,1295,685,610,445,224,221
0.0 Scen,2034,387,Red River County,12727,6280,6447,8676,4296,4380,2285,1062,1223,1314,694,620,452,228,224
0.0 Scen,2035,387,Red River County,12700,6273,6427,8635,4281,4354,2274,1057,1217,1336,706,630,455,229,226
0.0 Scen,2036,387,Red River County,12681,6269,6412,8602,4269,4333,2261,1052,1209,1356,716,640,462,232,230
0.0 Scen,2037,387,Red River County,12657,6261,6396,8563,4252,4311,2249,1047,1202,1375,726,649,470,236,234
0.0 Scen,2038,387,Red River County,12644,6255,6389,8536,4240,4296,2240,1043,1197,1393,734,659,475,238,237
0.0 Scen,2039,387,Red River County,12637,6256,6381,8511,4229,4282,2231,1040,1191,1411,744,667,484,243,241
0.0 Scen,2040,387,Red River County,12622,6256,6366,8480,4217,4263,2220,1037,1183,1429,754,675,493,248,245
0.0 Scen,2041,387,Red River County,12616,6264,6352,8456,4210,4246,2211,1035,1176,1447,764,683,502,255,247
0.0 Scen,2042,387,Red River County,12611,6264,6347,8428,4196,4232,2207,1035,1172,1465,774,691,511,259,252
0.0 Scen,2043,387,Red River County,12605,6268,6337,8402,4187,4215,2201,1034,1167,1484,784,700,518,263,255
0.0 Scen,2044,387,Red River County,12598,6270,6328,8374,4176,4198,2195,1032,1163,1500,792,708,529,270,259
0.0 Scen,2045,387,Red River County,12596,6275,6321,8356,4172,4184,2185,1029,1156,1517,800,717,538,274,264
0.0 Scen,2046,387,Red River County,12589,6277,6312,8335,4166,4169,2176,1026,1150,1532,807,725,546,278,268
0.0 Scen,2047,387,Red River County,12593,6284,6309,8321,4164,4157,2170,1024,1146,1548,814,734,554,282,272
0.0 Scen,2048,387,Red River County,12590,6290,6300,8298,4158,4140,2165,1025,1140,1565,821,744,562,286,276
0.0 Scen,2049,387,Red River County,12589,6297,6292,8279,4153,4126,2159,1025,1134,1581,828,753,570,291,279
0.0 Scen,2050,387,Red River County,12594,6304,6290,8267,4151,4116,2153,1025,1128,1597,835,762,577,293,284
0.0 Scen,2010,389,Reeves County,13783,8281,5502,2690,1783,907,672,573,99,10233,5812,4421,188,113,75
0.0 Scen,2011,389,Reeves County,13881,8334,5547,2692,1787,905,672,573,99,10327,5860,4467,190,114,76
0.0 Scen,2012,389,Reeves County,13982,8383,5599,2695,1789,906,675,574,101,10421,5905,4516,191,115,76
0.0 Scen,2013,389,Reeves County,14074,8432,5642,2693,1790,903,676,575,101,10512,5951,4561,193,116,77
0.0 Scen,2014,389,Reeves County,14173,8481,5692,2689,1788,901,677,576,101,10612,6000,4612,195,117,78
0.0 Scen,2015,389,Reeves County,14263,8523,5740,2683,1785,898,675,574,101,10707,6044,4663,198,120,78
0.0 Scen,2016,389,Reeves County,14343,8555,5788,2673,1776,897,676,575,101,10795,6084,4711,199,120,79
0.0 Scen,2017,389,Reeves County,14436,8597,5839,2667,1771,896,676,575,101,10891,6129,4762,202,122,80
0.0 Scen,2018,389,Reeves County,14538,8649,5889,2662,1772,890,678,577,101,10995,6179,4816,203,121,82
0.0 Scen,2019,389,Reeves County,14650,8712,5938,2662,1777,885,679,578,101,11105,6236,4869,204,121,83
0.0 Scen,2020,389,Reeves County,14750,8763,5987,2655,1776,879,680,579,101,11209,6286,4923,206,122,84
0.0 Scen,2021,389,Reeves County,14851,8816,6035,2653,1779,874,680,579,101,11311,6336,4975,207,122,85
0.0 Scen,2022,389,Reeves County,14954,8872,6082,2649,1780,869,684,582,102,11411,6387,5024,210,123,87
0.0 Scen,2023,389,Reeves County,15035,8910,6125,2636,1773,863,683,581,102,11505,6433,5072,211,123,88
0.0 Scen,2024,389,Reeves County,15128,8953,6175,2625,1766,859,681,578,103,11610,6486,5124,212,123,89
0.0 Scen,2025,389,Reeves County,15229,9003,6226,2623,1766,857,678,575,103,11712,6536,5176,216,126,90
0.0 Scen,2026,389,Reeves County,15335,9059,6276,2625,1770,855,678,575,103,11814,6588,5226,218,126,92
0.0 Scen,2027,389,Reeves County,15429,9103,6326,2619,1767,852,676,573,103,11914,6636,5278,220,127,93
0.0 Scen,2028,389,Reeves County,15535,9159,6376,2614,1764,850,678,575,103,12023,6694,5329,220,126,94
0.0 Scen,2029,389,Reeves County,15620,9196,6424,2599,1751,848,677,573,104,12124,6745,5379,220,127,93
0.0 Scen,2030,389,Reeves County,15704,9233,6471,2585,1740,845,677,571,106,12218,6792,5426,224,130,94
0.0 Scen,2031,389,Reeves County,15795,9276,6519,2570,1728,842,676,569,107,12325,6849,5476,224,130,94
0.0 Scen,2032,389,Reeves County,15891,9326,6565,2562,1723,839,675,567,108,12426,6903,5523,228,133,95
0.0 Scen,2033,389,Reeves County,15972,9368,6604,2546,1713,833,676,568,108,12523,6955,5568,227,132,95
0.0 Scen,2034,389,Reeves County,16067,9418,6649,2534,1707,827,679,570,109,12623,7006,5617,231,135,96
0.0 Scen,2035,389,Reeves County,16161,9464,6697,2527,1702,825,677,567,110,12727,7061,5666,230,134,96
0.0 Scen,2036,389,Reeves County,16252,9511,6741,2516,1696,820,676,566,110,12829,7114,5715,231,135,96
0.0 Scen,2037,389,Reeves County,16347,9560,6787,2510,1694,816,676,566,110,12930,7165,5765,231,135,96
0.0 Scen,2038,389,Reeves County,16452,9613,6839,2501,1689,812,676,565,111,13039,7220,5819,236,139,97
0.0 Scen,2039,389,Reeves County,16543,9653,6890,2488,1680,808,676,565,111,13143,7270,5873,236,138,98
0.0 Scen,2040,389,Reeves County,16638,9703,6935,2477,1672,805,676,565,111,13247,7327,5920,238,139,99
0.0 Scen,2041,389,Reeves County,16718,9735,6983,2459,1659,800,673,562,111,13345,7372,5973,241,142,99
0.0 Scen,2042,389,Reeves County,16803,9777,7026,2442,1649,793,670,559,111,13454,7430,6024,237,139,98
0.0 Scen,2043,389,Reeves County,16896,9818,7078,2432,1641,791,668,557,111,13557,7479,6078,239,141,98
0.0 Scen,2044,389,Reeves County,16989,9861,7128,2420,1631,789,666,555,111,13662,7532,6130,241,143,98
0.0 Scen,2045,389,Reeves County,17092,9910,7182,2411,1625,786,664,553,111,13776,7589,6187,241,143,98
0.0 Scen,2046,389,Reeves County,17185,9959,7226,2402,1619,783,663,552,111,13878,7644,6234,242,144,98
0.0 Scen,2047,389,Reeves County,17292,10013,7279,2395,1613,782,661,551,110,13994,7704,6290,242,145,97
0.0 Scen,2048,389,Reeves County,17376,10050,7326,2378,1603,775,659,549,110,14098,7755,6343,241,143,98
0.0 Scen,2049,389,Reeves County,17466,10099,7367,2360,1593,767,658,548,110,14206,7812,6394,242,146,96
0.0 Scen,2050,389,Reeves County,17565,10150,7415,2350,1587,763,656,546,110,14317,7872,6445,242,145,97
0.0 Scen,2010,391,Refugio County,7383,3669,3714,3337,1655,1682,445,235,210,3487,1716,1771,114,63,51
0.0 Scen,2011,391,Refugio County,7414,3688,3726,3316,1645,1671,448,237,211,3535,1742,1793,115,64,51
0.0 Scen,2012,391,Refugio County,7450,3709,3741,3300,1638,1662,451,239,212,3583,1768,1815,116,64,52
0.0 Scen,2013,391,Refugio County,7483,3725,3758,3282,1627,1655,454,240,214,3630,1793,1837,117,65,52
0.0 Scen,2014,391,Refugio County,7519,3745,3774,3263,1618,1645,458,242,216,3680,1820,1860,118,65,53
0.0 Scen,2015,391,Refugio County,7562,3771,3791,3251,1613,1638,461,245,216,3732,1848,1884,118,65,53
0.0 Scen,2016,391,Refugio County,7598,3789,3809,3238,1609,1629,463,245,218,3778,1870,1908,119,65,54
0.0 Scen,2017,391,Refugio County,7633,3805,3828,3220,1597,1623,470,250,220,3823,1892,1931,120,66,54
0.0 Scen,2018,391,Refugio County,7672,3827,3845,3212,1594,1618,475,253,222,3864,1914,1950,121,66,55
0.0 Scen,2019,391,Refugio County,7717,3853,3864,3206,1591,1615,480,256,224,3910,1939,1971,121,67,54
0.0 Scen,2020,391,Refugio County,7753,3872,3881,3192,1584,1608,484,259,225,3955,1962,1993,122,67,55
0.0 Scen,2021,391,Refugio County,7804,3896,3908,3184,1581,1603,490,261,229,4007,1986,2021,123,68,55
0.0 Scen,2022,391,Refugio County,7844,3921,3923,3170,1575,1595,494,263,231,4056,2015,2041,124,68,56
0.0 Scen,2023,391,Refugio County,7892,3947,3945,3164,1571,1593,497,264,233,4105,2042,2063,126,70,56
0.0 Scen,2024,391,Refugio County,7934,3967,3967,3151,1565,1586,500,266,234,4156,2066,2090,127,70,57
0.0 Scen,2025,391,Refugio County,7961,3980,3981,3135,1556,1579,503,268,235,4195,2085,2110,128,71,57
0.0 Scen,2026,391,Refugio County,7994,3992,4002,3126,1551,1575,506,269,237,4235,2103,2132,127,69,58
0.0 Scen,2027,391,Refugio County,8031,4007,4024,3114,1543,1571,509,271,238,4279,2123,2156,129,70,59
0.0 Scen,2028,391,Refugio County,8061,4022,4039,3098,1536,1562,510,272,238,4323,2144,2179,130,70,60
0.0 Scen,2029,391,Refugio County,8089,4035,4054,3082,1529,1553,511,273,238,4365,2162,2203,131,71,60
0.0 Scen,2030,391,Refugio County,8121,4050,4071,3070,1522,1548,510,273,237,4407,2182,2225,134,73,61
0.0 Scen,2031,391,Refugio County,8148,4064,4084,3053,1513,1540,513,276,237,4447,2201,2246,135,74,61
0.0 Scen,2032,391,Refugio County,8170,4076,4094,3034,1505,1529,513,277,236,4487,2220,2267,136,74,62
0.0 Scen,2033,391,Refugio County,8191,4089,4102,3017,1497,1520,512,278,234,4527,2239,2288,135,75,60
0.0 Scen,2034,391,Refugio County,8211,4099,4112,2998,1488,1510,511,278,233,4565,2258,2307,137,75,62
0.0 Scen,2035,391,Refugio County,8235,4116,4119,2983,1483,1500,510,279,231,4605,2278,2327,137,76,61
0.0 Scen,2036,391,Refugio County,8255,4124,4131,2965,1474,1491,507,277,230,4645,2297,2348,138,76,62
0.0 Scen,2037,391,Refugio County,8282,4139,4143,2952,1468,1484,506,276,230,4686,2318,2368,138,77,61
0.0 Scen,2038,391,Refugio County,8304,4149,4155,2938,1462,1476,505,275,230,4725,2337,2388,136,75,61
0.0 Scen,2039,391,Refugio County,8338,4174,4164,2924,1459,1465,507,276,231,4770,2363,2407,137,76,61
0.0 Scen,2040,391,Refugio County,8361,4188,4173,2911,1454,1457,506,276,230,4807,2382,2425,137,76,61
0.0 Scen,2041,391,Refugio County,8392,4208,4184,2905,1453,1452,508,278,230,4844,2402,2442,135,75,60
0.0 Scen,2042,391,Refugio County,8427,4230,4197,2899,1453,1446,505,278,227,4887,2424,2463,136,75,61
0.0 Scen,2043,391,Refugio County,8459,4253,4206,2893,1454,1439,504,278,226,4928,2446,2482,134,75,59
0.0 Scen,2044,391,Refugio County,8494,4271,4223,2886,1451,1435,502,277,225,4972,2469,2503,134,74,60
0.0 Scen,2045,391,Refugio County,8531,4296,4235,2875,1447,1428,504,279,225,5019,2496,2523,133,74,59
0.0 Scen,2046,391,Refugio County,8563,4312,4251,2866,1445,1421,503,278,225,5063,2517,2546,131,72,59
0.0 Scen,2047,391,Refugio County,8601,4334,4267,2859,1443,1416,503,279,224,5109,2540,2569,130,72,58
0.0 Scen,2048,391,Refugio County,8640,4356,4284,2854,1444,1410,501,277,224,5156,2564,2592,129,71,58
0.0 Scen,2049,391,Refugio County,8681,4379,4302,2848,1441,1407,501,277,224,5204,2590,2614,128,71,57
0.0 Scen,2050,391,Refugio County,8721,4403,4318,2840,1438,1402,499,276,223,5254,2618,2636,128,71,57
0.0 Scen,2010,393,Roberts County,929,469,460,841,421,420,0,0,0,74,39,35,14,9,5
0.0 Scen,2011,393,Roberts County,939,476,463,850,427,423,0,0,0,75,40,35,14,9,5
0.0 Scen,2012,393,Roberts County,951,483,468,860,433,427,0,0,0,77,41,36,14,9,5
0.0 Scen,2013,393,Roberts County,959,487,472,866,436,430,0,0,0,79,42,37,14,9,5
0.0 Scen,2014,393,Roberts County,969,495,474,874,443,431,0,0,0,81,43,38,14,9,5
0.0 Scen,2015,393,Roberts County,981,500,481,884,447,437,0,0,0,83,44,39,14,9,5
0.0 Scen,2016,393,Roberts County,988,505,483,889,451,438,0,0,0,85,45,40,14,9,5
0.0 Scen,2017,393,Roberts County,995,509,486,894,454,440,0,0,0,87,46,41,14,9,5
0.0 Scen,2018,393,Roberts County,1007,516,491,904,460,444,0,0,0,89,47,42,14,9,5
0.0 Scen,2019,393,Roberts County,1015,521,494,910,464,446,0,0,0,91,48,43,14,9,5
0.0 Scen,2020,393,Roberts County,1025,525,500,918,467,451,0,0,0,93,49,44,14,9,5
0.0 Scen,2021,393,Roberts County,1033,530,503,924,471,453,0,0,0,95,50,45,14,9,5
0.0 Scen,2022,393,Roberts County,1045,535,510,934,475,459,0,0,0,97,51,46,14,9,5
0.0 Scen,2023,393,Roberts County,1050,539,511,937,478,459,0,0,0,99,52,47,14,9,5
0.0 Scen,2024,393,Roberts County,1063,542,521,948,480,468,0,0,0,101,53,48,14,9,5
0.0 Scen,2025,393,Roberts County,1068,544,524,951,481,470,0,0,0,103,54,49,14,9,5
0.0 Scen,2026,393,Roberts County,1073,545,528,954,481,473,0,0,0,105,55,50,14,9,5
0.0 Scen,2027,393,Roberts County,1078,548,530,957,483,474,0,0,0,107,56,51,14,9,5
0.0 Scen,2028,393,Roberts County,1082,550,532,959,484,475,0,0,0,109,57,52,14,9,5
0.0 Scen,2029,393,Roberts County,1083,551,532,958,484,474,0,0,0,111,58,53,14,9,5
0.0 Scen,2030,393,Roberts County,1088,554,534,961,486,475,0,0,0,113,59,54,14,9,5
0.0 Scen,2031,393,Roberts County,1090,555,535,961,486,475,0,0,0,115,60,55,14,9,5
0.0 Scen,2032,393,Roberts County,1095,558,537,964,488,476,0,0,0,117,61,56,14,9,5
0.0 Scen,2033,393,Roberts County,1096,559,537,963,488,475,0,0,0,119,62,57,14,9,5
0.0 Scen,2034,393,Roberts County,1100,561,539,965,489,476,0,0,0,121,63,58,14,9,5
0.0 Scen,2035,393,Roberts County,1102,562,540,965,489,476,0,0,0,123,64,59,14,9,5
0.0 Scen,2036,393,Roberts County,1097,559,538,958,485,473,0,0,0,125,65,60,14,9,5
0.0 Scen,2037,393,Roberts County,1097,559,538,956,484,472,0,0,0,127,66,61,14,9,5
0.0 Scen,2038,393,Roberts County,1095,558,537,953,483,470,0,0,0,128,66,62,14,9,5
0.0 Scen,2039,393,Roberts County,1096,559,537,952,483,469,0,0,0,130,67,63,14,9,5
0.0 Scen,2040,393,Roberts County,1096,560,536,950,483,467,0,0,0,132,68,64,14,9,5
0.0 Scen,2041,393,Roberts County,1097,560,537,950,483,467,0,0,0,133,68,65,14,9,5
0.0 Scen,2042,393,Roberts County,1094,558,536,945,480,465,0,0,0,135,69,66,14,9,5
0.0 Scen,2043,393,Roberts County,1094,558,536,944,480,464,0,0,0,136,69,67,14,9,5
0.0 Scen,2044,393,Roberts County,1094,559,535,942,480,462,0,0,0,138,70,68,14,9,5
0.0 Scen,2045,393,Roberts County,1094,558,536,940,478,462,0,0,0,140,71,69,14,9,5
0.0 Scen,2046,393,Roberts County,1095,558,537,940,477,463,0,0,0,141,72,69,14,9,5
0.0 Scen,2047,393,Roberts County,1095,559,536,939,478,461,0,0,0,142,72,70,14,9,5
0.0 Scen,2048,393,Roberts County,1094,558,536,937,477,460,0,0,0,143,72,71,14,9,5
0.0 Scen,2049,393,Roberts County,1091,558,533,934,477,457,0,0,0,143,72,71,14,9,5
0.0 Scen,2050,393,Roberts County,1089,555,534,931,474,457,0,0,0,144,72,72,14,9,5
0.0 Scen,2010,395,Robertson County,16622,8230,8392,9821,4917,4904,3509,1639,1870,2990,1522,1468,302,152,150
0.0 Scen,2011,395,Robertson County,16663,8252,8411,9787,4901,4886,3531,1650,1881,3040,1548,1492,305,153,152
0.0 Scen,2012,395,Robertson County,16699,8273,8426,9749,4881,4868,3552,1663,1889,3090,1574,1516,308,155,153
0.0 Scen,2013,395,Robertson County,16759,8301,8458,9725,4866,4859,3581,1678,1903,3142,1601,1541,311,156,155
0.0 Scen,2014,395,Robertson County,16817,8328,8489,9697,4850,4847,3609,1693,1916,3196,1627,1569,315,158,157
0.0 Scen,2015,395,Robertson County,16876,8356,8520,9670,4835,4835,3638,1707,1931,3251,1655,1596,317,159,158
0.0 Scen,2016,395,Robertson County,16937,8384,8553,9646,4819,4827,3660,1716,1944,3311,1688,1623,320,161,159
0.0 Scen,2017,395,Robertson County,16997,8420,8577,9621,4809,4812,3685,1732,1953,3367,1716,1651,324,163,161
0.0 Scen,2018,395,Robertson County,17048,8451,8597,9595,4797,4798,3707,1744,1963,3418,1744,1674,328,166,162
0.0 Scen,2019,395,Robertson County,17097,8475,8622,9565,4781,4784,3725,1754,1971,3477,1773,1704,330,167,163
0.0 Scen,2020,395,Robertson County,17153,8505,8648,9545,4771,4774,3741,1762,1979,3531,1801,1730,336,171,165
0.0 Scen,2021,395,Robertson County,17212,8539,8673,9527,4762,4765,3756,1772,1984,3587,1830,1757,342,175,167
0.0 Scen,2022,395,Robertson County,17257,8562,8695,9504,4751,4753,3764,1778,1986,3639,1855,1784,350,178,172
0.0 Scen,2023,395,Robertson County,17318,8595,8723,9484,4741,4743,3783,1790,1993,3695,1883,1812,356,181,175
0.0 Scen,2024,395,Robertson County,17356,8619,8737,9458,4729,4729,3788,1796,1992,3749,1910,1839,361,184,177
0.0 Scen,2025,395,Robertson County,17396,8642,8754,9424,4714,4710,3800,1803,1997,3805,1938,1867,367,187,180
0.0 Scen,2026,395,Robertson County,17431,8662,8769,9399,4704,4695,3800,1806,1994,3858,1962,1896,374,190,184
0.0 Scen,2027,395,Robertson County,17466,8682,8784,9370,4694,4676,3807,1809,1998,3911,1987,1924,378,192,186
0.0 Scen,2028,395,Robertson County,17497,8704,8793,9342,4682,4660,3811,1816,1995,3963,2013,1950,381,193,188
0.0 Scen,2029,395,Robertson County,17530,8721,8809,9315,4669,4646,3813,1816,1997,4016,2041,1975,386,195,191
0.0 Scen,2030,395,Robertson County,17552,8733,8819,9283,4655,4628,3813,1819,1994,4065,2062,2003,391,197,194
0.0 Scen,2031,395,Robertson County,17584,8750,8834,9253,4643,4610,3818,1823,1995,4116,2085,2031,397,199,198
0.0 Scen,2032,395,Robertson County,17605,8763,8842,9219,4627,4592,3820,1824,1996,4163,2110,2053,403,202,201
0.0 Scen,2033,395,Robertson County,17624,8776,8848,9185,4611,4574,3819,1826,1993,4211,2134,2077,409,205,204
0.0 Scen,2034,395,Robertson County,17640,8784,8856,9147,4595,4552,3824,1829,1995,4253,2151,2102,416,209,207
0.0 Scen,2035,395,Robertson County,17645,8790,8855,9103,4575,4528,3821,1828,1993,4299,2174,2125,422,213,209
0.0 Scen,2036,395,Robertson County,17653,8794,8859,9069,4562,4507,3819,1826,1993,4339,2191,2148,426,215,211
0.0 Scen,2037,395,Robertson County,17662,8799,8863,9036,4545,4491,3814,1826,1988,4383,2212,2171,429,216,213
0.0 Scen,2038,395,Robertson County,17666,8806,8860,8994,4528,4466,3816,1828,1988,4423,2232,2191,433,218,215
0.0 Scen,2039,395,Robertson County,17675,8810,8865,8967,4517,4450,3810,1824,1986,4464,2251,2213,434,218,216
0.0 Scen,2040,395,Robertson County,17689,8823,8866,8937,4508,4429,3811,1826,1985,4505,2270,2235,436,219,217
0.0 Scen,2041,395,Robertson County,17699,8829,8870,8905,4494,4411,3809,1827,1982,4547,2288,2259,438,220,218
0.0 Scen,2042,395,Robertson County,17713,8839,8874,8872,4476,4396,3815,1835,1980,4589,2308,2281,437,220,217
0.0 Scen,2043,395,Robertson County,17723,8850,8873,8842,4463,4379,3814,1840,1974,4628,2327,2301,439,220,219
0.0 Scen,2044,395,Robertson County,17743,8865,8878,8819,4454,4365,3817,1844,1973,4668,2346,2322,439,221,218
0.0 Scen,2045,395,Robertson County,17767,8880,8887,8802,4447,4355,3819,1847,1972,4706,2364,2342,440,222,218
0.0 Scen,2046,395,Robertson County,17775,8890,8885,8770,4432,4338,3821,1853,1968,4742,2382,2360,442,223,219
0.0 Scen,2047,395,Robertson County,17782,8902,8880,8740,4419,4321,3821,1856,1965,4778,2403,2375,443,224,219
0.0 Scen,2048,395,Robertson County,17797,8912,8885,8717,4409,4308,3824,1859,1965,4812,2419,2393,444,225,219
0.0 Scen,2049,395,Robertson County,17807,8924,8883,8692,4401,4291,3824,1861,1963,4846,2436,2410,445,226,219
0.0 Scen,2050,395,Robertson County,17821,8934,8887,8669,4388,4281,3827,1867,1960,4881,2452,2429,444,227,217
0.0 Scen,2010,397,Rockwall County,78337,38516,39821,58046,28365,29681,4397,2162,2235,12470,6366,6104,3424,1623,1801
0.0 Scen,2011,397,Rockwall County,78741,38721,40020,58222,28454,29768,4433,2181,2252,12631,6448,6183,3455,1638,1817
0.0 Scen,2012,397,Rockwall County,79112,38914,40198,58362,28531,29831,4471,2199,2272,12793,6531,6262,3486,1653,1833
0.0 Scen,2013,397,Rockwall County,79463,39097,40366,58475,28591,29884,4513,2223,2290,12956,6612,6344,3519,1671,1848
0.0 Scen,2014,397,Rockwall County,79791,39257,40534,58574,28637,29937,4552,2243,2309,13118,6695,6423,3547,1682,1865
0.0 Scen,2015,397,Rockwall County,80097,39413,40684,58652,28675,29977,4596,2265,2331,13275,6776,6499,3574,1697,1877
0.0 Scen,2016,397,Rockwall County,80401,39566,40835,58726,28708,30018,4635,2287,2348,13436,6856,6580,3604,1715,1889
0.0 Scen,2017,397,Rockwall County,80704,39712,40992,58798,28737,30061,4678,2308,2370,13600,6940,6660,3628,1727,1901
0.0 Scen,2018,397,Rockwall County,81023,39867,41156,58883,28778,30105,4718,2324,2394,13763,7020,6743,3659,1745,1914
0.0 Scen,2019,397,Rockwall County,81344,40021,41323,58966,28818,30148,4762,2345,2417,13926,7096,6830,3690,1762,1928
0.0 Scen,2020,397,Rockwall County,81678,40177,41501,59060,28861,30199,4809,2365,2444,14089,7174,6915,3720,1777,1943
0.0 Scen,2021,397,Rockwall County,82041,40349,41692,59188,28926,30262,4850,2382,2468,14251,7249,7002,3752,1792,1960
0.0 Scen,2022,397,Rockwall County,82418,40518,41900,59335,28993,30342,4889,2396,2493,14406,7318,7088,3788,1811,1977
0.0 Scen,2023,397,Rockwall County,82810,40699,42111,59496,29071,30425,4919,2406,2513,14570,7392,7178,3825,1830,1995
0.0 Scen,2024,397,Rockwall County,83214,40886,42328,59660,29151,30509,4954,2415,2539,14735,7468,7267,3865,1852,2013
0.0 Scen,2025,397,Rockwall County,83626,41086,42540,59849,29241,30608,4982,2431,2551,14896,7546,7350,3899,1868,2031
0.0 Scen,2026,397,Rockwall County,84030,41273,42757,60025,29323,30702,5006,2439,2567,15062,7624,7438,3937,1887,2050
0.0 Scen,2027,397,Rockwall County,84439,41468,42971,60202,29408,30794,5033,2452,2581,15224,7698,7526,3980,1910,2070
0.0 Scen,2028,397,Rockwall County,84832,41661,43171,60375,29492,30883,5056,2462,2594,15386,7780,7606,4015,1927,2088
0.0 Scen,2029,397,Rockwall County,85217,41851,43366,60540,29573,30967,5074,2470,2604,15546,7858,7688,4057,1950,2107
0.0 Scen,2030,397,Rockwall County,85577,42033,43544,60690,29647,31043,5089,2477,2612,15708,7939,7769,4090,1970,2120
0.0 Scen,2031,397,Rockwall County,85927,42201,43726,60828,29711,31117,5100,2482,2618,15865,8018,7847,4134,1990,2144
0.0 Scen,2032,397,Rockwall County,86231,42355,43876,60930,29761,31169,5109,2488,2621,16025,8098,7927,4167,2008,2159
0.0 Scen,2033,397,Rockwall County,86503,42496,44007,61002,29799,31203,5123,2496,2627,16176,8174,8002,4202,2027,2175
0.0 Scen,2034,397,Rockwall County,86735,42618,44117,61043,29822,31221,5131,2499,2632,16321,8249,8072,4240,2048,2192
0.0 Scen,2035,397,Rockwall County,86902,42711,44191,61040,29821,31219,5132,2503,2629,16462,8324,8138,4268,2063,2205
0.0 Scen,2036,397,Rockwall County,87027,42777,44250,61011,29811,31200,5135,2505,2630,16589,8386,8203,4292,2075,2217
0.0 Scen,2037,397,Rockwall County,87095,42819,44276,60939,29781,31158,5133,2505,2628,16706,8444,8262,4317,2089,2228
0.0 Scen,2038,397,Rockwall County,87124,42843,44281,60840,29740,31100,5128,2502,2626,16817,8499,8318,4339,2102,2237
0.0 Scen,2039,397,Rockwall County,87107,42846,44261,60697,29679,31018,5127,2501,2626,16922,8551,8371,4361,2115,2246
0.0 Scen,2040,397,Rockwall County,87041,42826,44215,60529,29606,30923,5119,2498,2621,17016,8596,8420,4377,2126,2251
0.0 Scen,2041,397,Rockwall County,86923,42776,44147,60327,29516,30811,5112,2494,2618,17105,8638,8467,4379,2128,2251
0.0 Scen,2042,397,Rockwall County,86783,42719,44064,60104,29415,30689,5104,2491,2613,17187,8679,8508,4388,2134,2254
0.0 Scen,2043,397,Rockwall County,86618,42643,43975,59864,29305,30559,5093,2483,2610,17251,8711,8540,4410,2144,2266
0.0 Scen,2044,397,Rockwall County,86393,42551,43842,59591,29184,30407,5089,2486,2603,17309,8739,8570,4404,2142,2262
0.0 Scen,2045,397,Rockwall County,86179,42458,43721,59328,29066,30262,5079,2482,2597,17361,8762,8599,4411,2148,2263
0.0 Scen,2046,397,Rockwall County,85930,42350,43580,59052,28945,30107,5069,2476,2593,17405,8782,8623,4404,2147,2257
0.0 Scen,2047,397,Rockwall County,85699,42247,43452,58783,28825,29958,5068,2479,2589,17444,8797,8647,4404,2146,2258
0.0 Scen,2048,397,Rockwall County,85452,42130,43322,58520,28710,29810,5057,2473,2584,17473,8801,8672,4402,2146,2256
0.0 Scen,2049,397,Rockwall County,85209,42020,43189,58261,28595,29666,5051,2473,2578,17500,8808,8692,4397,2144,2253
0.0 Scen,2050,397,Rockwall County,84970,41918,43052,58018,28492,29526,5041,2469,2572,17527,8816,8711,4384,2141,2243
0.0 Scen,2010,399,Runnels County,10501,5197,5304,6841,3335,3506,165,90,75,3361,1710,1651,134,62,72
0.0 Scen,2011,399,Runnels County,10521,5210,5311,6803,3318,3485,167,91,76,3415,1738,1677,136,63,73
0.0 Scen,2012,399,Runnels County,10538,5219,5319,6765,3299,3466,169,92,77,3467,1765,1702,137,63,74
0.0 Scen,2013,399,Runnels County,10562,5232,5330,6730,3283,3447,171,93,78,3522,1792,1730,139,64,75
0.0 Scen,2014,399,Runnels County,10587,5243,5344,6695,3265,3430,173,94,79,3579,1819,1760,140,65,75
0.0 Scen,2015,399,Runnels County,10612,5258,5354,6661,3249,3412,175,95,80,3634,1848,1786,142,66,76
0.0 Scen,2016,399,Runnels County,10643,5275,5368,6629,3234,3395,177,96,81,3693,1878,1815,144,67,77
0.0 Scen,2017,399,Runnels County,10680,5297,5383,6601,3222,3379,178,97,81,3754,1909,1845,147,69,78
0.0 Scen,2018,399,Runnels County,10723,5322,5401,6575,3212,3363,179,97,82,3820,1943,1877,149,70,79
0.0 Scen,2019,399,Runnels County,10761,5346,5415,6548,3202,3346,178,97,81,3884,1976,1908,151,71,80
0.0 Scen,2020,399,Runnels County,10807,5371,5436,6526,3194,3332,179,97,82,3948,2009,1939,154,71,83
0.0 Scen,2021,399,Runnels County,10856,5402,5454,6507,3189,3318,180,98,82,4013,2043,1970,156,72,84
0.0 Scen,2022,399,Runnels County,10904,5426,5478,6488,3181,3307,181,98,83,4078,2074,2004,157,73,84
0.0 Scen,2023,399,Runnels County,10939,5446,5493,6462,3169,3293,181,98,83,4138,2104,2034,158,75,83
0.0 Scen,2024,399,Runnels County,10977,5462,5515,6444,3158,3286,181,97,84,4194,2132,2062,158,75,83
0.0 Scen,2025,399,Runnels County,11010,5481,5529,6420,3148,3272,182,98,84,4250,2160,2090,158,75,83
0.0 Scen,2026,399,Runnels County,11045,5500,5545,6396,3139,3257,182,97,85,4308,2188,2120,159,76,83
0.0 Scen,2027,399,Runnels County,11070,5518,5552,6370,3131,3239,181,97,84,4359,2213,2146,160,77,83
0.0 Scen,2028,399,Runnels County,11103,5535,5568,6348,3121,3227,180,96,84,4415,2241,2174,160,77,83
0.0 Scen,2029,399,Runnels County,11142,5553,5589,6328,3112,3216,179,96,83,4473,2268,2205,162,77,85
0.0 Scen,2030,399,Runnels County,11179,5569,5610,6313,3105,3208,178,95,83,4525,2292,2233,163,77,86
0.0 Scen,2031,399,Runnels County,11215,5588,5627,6297,3099,3198,177,95,82,4577,2316,2261,164,78,86
0.0 Scen,2032,399,Runnels County,11243,5602,5641,6272,3090,3182,176,94,82,4630,2340,2290,165,78,87
0.0 Scen,2033,399,Runnels County,11268,5618,5650,6250,3084,3166,175,94,81,4677,2361,2316,166,79,87
0.0 Scen,2034,399,Runnels County,11292,5635,5657,6225,3077,3148,175,94,81,4724,2384,2340,168,80,88
0.0 Scen,2035,399,Runnels County,11313,5646,5667,6197,3064,3133,175,95,80,4771,2406,2365,170,81,89
0.0 Scen,2036,399,Runnels County,11330,5656,5674,6167,3052,3115,175,95,80,4818,2428,2390,170,81,89
0.0 Scen,2037,399,Runnels County,11349,5664,5685,6141,3040,3101,174,95,79,4865,2449,2416,169,80,89
0.0 Scen,2038,399,Runnels County,11369,5675,5694,6116,3030,3086,173,94,79,4910,2471,2439,170,80,90
0.0 Scen,2039,399,Runnels County,11384,5688,5696,6091,3022,3069,171,93,78,4952,2493,2459,170,80,90
0.0 Scen,2040,399,Runnels County,11400,5696,5704,6062,3009,3053,170,92,78,4997,2515,2482,171,80,91
0.0 Scen,2041,399,Runnels County,11420,5713,5707,6039,3003,3036,169,92,77,5042,2538,2504,170,80,90
0.0 Scen,2042,399,Runnels County,11450,5735,5715,6021,3002,3019,167,90,77,5091,2562,2529,171,81,90
0.0 Scen,2043,399,Runnels County,11482,5756,5726,6003,2997,3006,166,90,76,5142,2588,2554,171,81,90
0.0 Scen,2044,399,Runnels County,11516,5775,5741,5984,2990,2994,165,89,76,5195,2615,2580,172,81,91
0.0 Scen,2045,399,Runnels County,11551,5796,5755,5964,2981,2983,164,89,75,5250,2644,2606,173,82,91
0.0 Scen,2046,399,Runnels County,11595,5825,5770,5956,2984,2972,163,88,75,5304,2671,2633,172,82,90
0.0 Scen,2047,399,Runnels County,11637,5851,5786,5941,2979,2962,163,89,74,5359,2700,2659,174,83,91
0.0 Scen,2048,399,Runnels County,11675,5879,5796,5926,2979,2947,162,88,74,5412,2728,2684,175,84,91
0.0 Scen,2049,399,Runnels County,11722,5909,5813,5917,2977,2940,162,89,73,5467,2758,2709,176,85,91
0.0 Scen,2050,399,Runnels County,11764,5931,5833,5910,2974,2936,159,86,73,5518,2785,2733,177,86,91
0.0 Scen,2010,401,Rusk County,53330,28075,25255,35237,17925,17312,9359,5268,4091,7609,4329,3280,1125,553,572
0.0 Scen,2011,401,Rusk County,53505,28176,25329,35264,17947,17317,9353,5267,4086,7746,4400,3346,1142,562,580
0.0 Scen,2012,401,Rusk County,53701,28282,25419,35303,17971,17332,9352,5270,4082,7887,4471,3416,1159,570,589
0.0 Scen,2013,401,Rusk County,53901,28390,25511,35350,18001,17349,9358,5275,4083,8021,4538,3483,1172,576,596
0.0 Scen,2014,401,Rusk County,54117,28509,25608,35391,18030,17361,9366,5281,4085,8167,4612,3555,1193,586,607
0.0 Scen,2015,401,Rusk County,54327,28629,25698,35433,18059,17374,9372,5286,4086,8310,4685,3625,1212,599,613
0.0 Scen,2016,401,Rusk County,54541,28748,25793,35470,18086,17384,9387,5295,4092,8454,4758,3696,1230,609,621
0.0 Scen,2017,401,Rusk County,54733,28853,25880,35490,18100,17390,9389,5299,4090,8602,4833,3769,1252,621,631
0.0 Scen,2018,401,Rusk County,54916,28954,25962,35501,18112,17389,9391,5301,4090,8758,4914,3844,1266,627,639
0.0 Scen,2019,401,Rusk County,55084,29040,26044,35509,18121,17388,9382,5292,4090,8909,4990,3919,1284,637,647
0.0 Scen,2020,401,Rusk County,55266,29134,26132,35518,18126,17392,9381,5294,4087,9063,5068,3995,1304,646,658
0.0 Scen,2021,401,Rusk County,55463,29231,26232,35525,18132,17393,9386,5293,4093,9228,5149,4079,1324,657,667
0.0 Scen,2022,401,Rusk County,55652,29325,26327,35529,18134,17395,9388,5292,4096,9393,5232,4161,1342,667,675
0.0 Scen,2023,401,Rusk County,55841,29410,26431,35539,18138,17401,9386,5286,4100,9552,5308,4244,1364,678,686
0.0 Scen,2024,401,Rusk County,56013,29488,26525,35536,18139,17397,9381,5276,4105,9711,5384,4327,1385,689,696
0.0 Scen,2025,401,Rusk County,56182,29562,26620,35523,18131,17392,9375,5267,4108,9874,5461,4413,1410,703,707
0.0 Scen,2026,401,Rusk County,56341,29631,26710,35497,18119,17378,9374,5261,4113,10041,5539,4502,1429,712,717
0.0 Scen,2027,401,Rusk County,56483,29692,26791,35458,18098,17360,9364,5252,4112,10207,5616,4591,1454,726,728
0.0 Scen,2028,401,Rusk County,56611,29745,26866,35414,18075,17339,9350,5241,4109,10371,5692,4679,1476,737,739
0.0 Scen,2029,401,Rusk County,56728,29795,26933,35367,18053,17314,9324,5225,4099,10541,5769,4772,1496,748,748
0.0 Scen,2030,401,Rusk County,56848,29841,27007,35317,18027,17290,9300,5208,4092,10707,5844,4863,1524,762,762
0.0 Scen,2031,401,Rusk County,56943,29878,27065,35258,17999,17259,9273,5188,4085,10865,5918,4947,1547,773,774
0.0 Scen,2032,401,Rusk County,57043,29911,27132,35196,17964,17232,9249,5170,4079,11023,5990,5033,1575,787,788
0.0 Scen,2033,401,Rusk County,57109,29934,27175,35120,17930,17190,9218,5147,4071,11174,6059,5115,1597,798,799
0.0 Scen,2034,401,Rusk County,57172,29946,27226,35049,17888,17161,9178,5119,4059,11326,6130,5196,1619,809,810
0.0 Scen,2035,401,Rusk County,57235,29965,27270,34977,17853,17124,9140,5093,4047,11476,6200,5276,1642,819,823
0.0 Scen,2036,401,Rusk County,57281,29973,27308,34896,17807,17089,9103,5070,4033,11621,6268,5353,1661,828,833
0.0 Scen,2037,401,Rusk County,57322,29980,27342,34811,17762,17049,9059,5040,4019,11767,6337,5430,1685,841,844
0.0 Scen,2038,401,Rusk County,57358,29982,27376,34725,17713,17012,9015,5012,4003,11915,6408,5507,1703,849,854
0.0 Scen,2039,401,Rusk County,57390,29985,27405,34644,17672,16972,8968,4980,3988,12056,6474,5582,1722,859,863
0.0 Scen,2040,401,Rusk County,57424,29988,27436,34559,17629,16930,8921,4948,3973,12200,6540,5660,1744,871,873
0.0 Scen,2041,401,Rusk County,57450,29987,27463,34470,17582,16888,8876,4920,3956,12340,6604,5736,1764,881,883
0.0 Scen,2042,401,Rusk County,57465,29978,27487,34378,17531,16847,8832,4891,3941,12471,6664,5807,1784,892,892
0.0 Scen,2043,401,Rusk County,57476,29966,27510,34294,17485,16809,8778,4854,3924,12601,6725,5876,1803,902,901
0.0 Scen,2044,401,Rusk County,57500,29971,27529,34210,17444,16766,8728,4826,3902,12737,6790,5947,1825,911,914
0.0 Scen,2045,401,Rusk County,57511,29964,27547,34125,17398,16727,8679,4795,3884,12870,6854,6016,1837,917,920
0.0 Scen,2046,401,Rusk County,57531,29964,27567,34035,17352,16683,8636,4769,3867,13001,6914,6087,1859,929,930
0.0 Scen,2047,401,Rusk County,57539,29958,27581,33946,17310,16636,8593,4742,3851,13126,6969,6157,1874,937,937
0.0 Scen,2048,401,Rusk County,57559,29956,27603,33868,17269,16599,8543,4711,3832,13257,7030,6227,1891,946,945
0.0 Scen,2049,401,Rusk County,57583,29955,27628,33798,17232,16566,8491,4678,3813,13387,7091,6296,1907,954,953
0.0 Scen,2050,401,Rusk County,57618,29956,27662,33727,17194,16533,8445,4649,3796,13524,7152,6372,1922,961,961
0.0 Scen,2010,403,Sabine County,10834,5301,5533,9484,4631,4853,778,382,396,344,177,167,228,111,117
0.0 Scen,2011,403,Sabine County,10796,5274,5522,9432,4596,4836,783,385,398,351,181,170,230,112,118
0.0 Scen,2012,403,Sabine County,10749,5248,5501,9374,4563,4811,788,389,399,358,185,173,229,111,118
0.0 Scen,2013,403,Sabine County,10719,5231,5488,9329,4536,4793,795,394,401,365,189,176,230,112,118
0.0 Scen,2014,403,Sabine County,10678,5206,5472,9271,4502,4769,804,399,405,372,193,179,231,112,119
0.0 Scen,2015,403,Sabine County,10644,5188,5456,9224,4475,4749,808,403,405,379,198,181,233,112,121
0.0 Scen,2016,403,Sabine County,10615,5172,5443,9180,4451,4729,815,406,409,385,202,183,235,113,122
0.0 Scen,2017,403,Sabine County,10589,5157,5432,9138,4426,4712,821,410,411,392,206,186,238,115,123
0.0 Scen,2018,403,Sabine County,10563,5142,5421,9097,4402,4695,830,416,414,398,210,188,238,114,124
0.0 Scen,2019,403,Sabine County,10534,5126,5408,9052,4373,4679,836,422,414,403,213,190,243,118,125
0.0 Scen,2020,403,Sabine County,10514,5116,5398,9015,4352,4663,845,427,418,408,217,191,246,120,126
0.0 Scen,2021,403,Sabine County,10495,5104,5391,8977,4328,4649,855,434,421,415,221,194,248,121,127
0.0 Scen,2022,403,Sabine County,10476,5092,5384,8936,4303,4633,864,439,425,422,226,196,254,124,130
0.0 Scen,2023,403,Sabine County,10451,5077,5374,8893,4279,4614,872,443,429,429,230,199,257,125,132
0.0 Scen,2024,403,Sabine County,10414,5056,5358,8843,4254,4589,876,443,433,436,234,202,259,125,134
0.0 Scen,2025,403,Sabine County,10375,5038,5337,8785,4225,4560,883,448,435,445,239,206,262,126,136
0.0 Scen,2026,403,Sabine County,10339,5023,5316,8733,4200,4533,889,452,437,453,243,210,264,128,136
0.0 Scen,2027,403,Sabine County,10295,5002,5293,8675,4170,4505,892,454,438,462,248,214,266,130,136
0.0 Scen,2028,403,Sabine County,10255,4985,5270,8620,4144,4476,895,456,439,471,253,218,269,132,137
0.0 Scen,2029,403,Sabine County,10210,4962,5248,8559,4112,4447,898,458,440,481,258,223,272,134,138
0.0 Scen,2030,403,Sabine County,10172,4945,5227,8502,4087,4415,902,459,443,492,263,229,276,136,140
0.0 Scen,2031,403,Sabine County,10130,4926,5204,8443,4059,4384,904,460,444,502,268,234,281,139,142
0.0 Scen,2032,403,Sabine County,10091,4908,5183,8386,4031,4355,907,462,445,512,273,239,286,142,144
0.0 Scen,2033,403,Sabine County,10048,4892,5156,8328,4008,4320,906,461,445,523,278,245,291,145,146
0.0 Scen,2034,403,Sabine County,10001,4866,5135,8272,3979,4293,903,457,446,532,283,249,294,147,147
0.0 Scen,2035,403,Sabine County,9951,4845,5106,8213,3955,4258,901,454,447,541,288,253,296,148,148
0.0 Scen,2036,403,Sabine County,9914,4832,5082,8167,3940,4227,900,451,449,549,292,257,298,149,149
0.0 Scen,2037,403,Sabine County,9874,4814,5060,8118,3918,4200,898,449,449,558,297,261,300,150,150
0.0 Scen,2038,403,Sabine County,9835,4797,5038,8072,3898,4174,896,447,449,565,301,264,302,151,151
0.0 Scen,2039,403,Sabine County,9795,4782,5013,8026,3879,4147,892,445,447,574,306,268,303,152,151
0.0 Scen,2040,403,Sabine County,9768,4777,4991,7988,3868,4120,893,445,448,582,311,271,305,153,152
0.0 Scen,2041,403,Sabine County,9743,4769,4974,7957,3857,4100,889,442,447,590,316,274,307,154,153
0.0 Scen,2042,403,Sabine County,9722,4761,4961,7927,3846,4081,888,440,448,599,321,278,308,154,154
0.0 Scen,2043,403,Sabine County,9706,4756,4950,7903,3838,4065,886,438,448,608,326,282,309,154,155
0.0 Scen,2044,403,Sabine County,9694,4755,4939,7887,3837,4050,881,434,447,617,331,286,309,153,156
0.0 Scen,2045,403,Sabine County,9673,4744,4929,7863,3826,4037,875,429,446,626,336,290,309,153,156
0.0 Scen,2046,403,Sabine County,9662,4741,4921,7850,3822,4028,868,424,444,635,341,294,309,154,155
0.0 Scen,2047,403,Sabine County,9654,4739,4915,7834,3816,4018,865,423,442,645,346,299,310,154,156
0.0 Scen,2048,403,Sabine County,9650,4740,4910,7826,3817,4009,860,419,441,655,351,304,309,153,156
0.0 Scen,2049,403,Sabine County,9637,4739,4898,7807,3811,3996,857,418,439,664,356,308,309,154,155
0.0 Scen,2050,403,Sabine County,9632,4744,4888,7800,3814,3986,851,415,436,673,361,312,308,154,154
0.0 Scen,2010,405,San Augustine County,8865,4360,4505,6183,3072,3111,2013,943,1070,532,279,253,137,66,71
0.0 Scen,2011,405,San Augustine County,8861,4363,4498,6152,3057,3095,2026,954,1072,544,285,259,139,67,72
0.0 Scen,2012,405,San Augustine County,8863,4366,4497,6128,3045,3083,2038,962,1076,557,292,265,140,67,73
0.0 Scen,2013,405,San Augustine County,8869,4375,4494,6103,3034,3069,2055,975,1080,569,298,271,142,68,74
0.0 Scen,2014,405,San Augustine County,8874,4379,4495,6078,3022,3056,2071,984,1087,581,304,277,144,69,75
0.0 Scen,2015,405,San Augustine County,8873,4382,4491,6053,3008,3045,2081,994,1087,592,309,283,147,71,76
0.0 Scen,2016,405,San Augustine County,8869,4383,4486,6018,2990,3028,2093,1001,1092,607,318,289,151,74,77
0.0 Scen,2017,405,San Augustine County,8871,4384,4487,5992,2976,3016,2105,1009,1096,617,323,294,157,76,81
0.0 Scen,2018,405,San Augustine County,8865,4382,4483,5956,2958,2998,2118,1016,1102,631,330,301,160,78,82
0.0 Scen,2019,405,San Augustine County,8873,4390,4483,5933,2948,2985,2130,1023,1107,646,339,307,164,80,84
0.0 Scen,2020,405,San Augustine County,8872,4391,4481,5904,2934,2970,2143,1030,1113,657,345,312,168,82,86
0.0 Scen,2021,405,San Augustine County,8869,4392,4477,5872,2917,2955,2155,1039,1116,671,352,319,171,84,87
0.0 Scen,2022,405,San Augustine County,8868,4392,4476,5842,2899,2943,2164,1047,1117,687,360,327,175,86,89
0.0 Scen,2023,405,San Augustine County,8858,4386,4472,5804,2879,2925,2173,1051,1122,703,369,334,178,87,91
0.0 Scen,2024,405,San Augustine County,8841,4375,4466,5767,2859,2908,2174,1051,1123,720,378,342,180,87,93
0.0 Scen,2025,405,San Augustine County,8830,4368,4462,5728,2839,2889,2181,1054,1127,737,386,351,184,89,95
0.0 Scen,2026,405,San Augustine County,8817,4361,4456,5688,2818,2870,2187,1057,1130,755,396,359,187,90,97
0.0 Scen,2027,405,San Augustine County,8798,4351,4447,5648,2798,2850,2187,1056,1131,772,405,367,191,92,99
0.0 Scen,2028,405,San Augustine County,8783,4347,4436,5611,2781,2830,2187,1057,1130,791,415,376,194,94,100
0.0 Scen,2029,405,San Augustine County,8770,4341,4429,5579,2767,2812,2184,1054,1130,810,424,386,197,96,101
0.0 Scen,2030,405,San Augustine County,8747,4331,4416,5532,2745,2787,2184,1052,1132,831,436,395,200,98,102
0.0 Scen,2031,405,San Augustine County,8727,4322,4405,5489,2725,2764,2182,1050,1132,851,446,405,205,101,104
0.0 Scen,2032,405,San Augustine County,8712,4317,4395,5453,2711,2742,2180,1048,1132,871,455,416,208,103,105
0.0 Scen,2033,405,San Augustine County,8696,4312,4384,5413,2692,2721,2181,1050,1131,891,465,426,211,105,106
0.0 Scen,2034,405,San Augustine County,8672,4302,4370,5369,2672,2697,2178,1048,1130,911,475,436,214,107,107
0.0 Scen,2035,405,San Augustine County,8658,4298,4360,5338,2660,2678,2173,1044,1129,930,485,445,217,109,108
0.0 Scen,2036,405,San Augustine County,8637,4295,4342,5304,2645,2659,2165,1044,1121,949,495,454,219,111,108
0.0 Scen,2037,405,San Augustine County,8624,4292,4332,5275,2632,2643,2160,1042,1118,968,505,463,221,113,108
0.0 Scen,2038,405,San Augustine County,8611,4292,4319,5249,2622,2627,2153,1041,1112,987,515,472,222,114,108
0.0 Scen,2039,405,San Augustine County,8604,4292,4312,5230,2614,2616,2146,1038,1108,1005,525,480,223,115,108
0.0 Scen,2040,405,San Augustine County,8605,4293,4312,5210,2602,2608,2147,1042,1105,1022,533,489,226,116,110
0.0 Scen,2041,405,San Augustine County,8600,4296,4304,5192,2595,2597,2140,1041,1099,1040,542,498,228,118,110
0.0 Scen,2042,405,San Augustine County,8608,4301,4307,5179,2590,2589,2141,1041,1100,1058,551,507,230,119,111
0.0 Scen,2043,405,San Augustine County,8605,4307,4298,5160,2585,2575,2136,1040,1096,1077,561,516,232,121,111
0.0 Scen,2044,405,San Augustine County,8598,4305,4293,5135,2575,2560,2136,1041,1095,1096,570,526,231,119,112
0.0 Scen,2045,405,San Augustine County,8596,4306,4290,5120,2568,2552,2129,1037,1092,1114,580,534,233,121,112
0.0 Scen,2046,405,San Augustine County,8603,4317,4286,5106,2565,2541,2131,1040,1091,1133,590,543,233,122,111
0.0 Scen,2047,405,San Augustine County,8608,4322,4286,5086,2557,2529,2135,1043,1092,1152,600,552,235,122,113
0.0 Scen,2048,405,San Augustine County,8612,4328,4284,5069,2551,2518,2134,1044,1090,1171,610,561,238,123,115
0.0 Scen,2049,405,San Augustine County,8621,4337,4284,5054,2546,2508,2135,1047,1088,1191,620,571,241,124,117
0.0 Scen,2050,405,San Augustine County,8632,4347,4285,5045,2542,2503,2134,1049,1085,1211,631,580,242,125,117
0.0 Scen,2010,407,San Jacinto County,26384,13205,13179,20204,10064,10140,2662,1330,1332,2880,1475,1405,638,336,302
0.0 Scen,2011,407,San Jacinto County,26423,13217,13206,20185,10047,10138,2675,1335,1340,2917,1494,1423,646,341,305
0.0 Scen,2012,407,San Jacinto County,26477,13237,13240,20179,10038,10141,2690,1341,1349,2953,1513,1440,655,345,310
0.0 Scen,2013,407,San Jacinto County,26530,13253,13277,20166,10020,10146,2709,1351,1358,2995,1535,1460,660,347,313
0.0 Scen,2014,407,San Jacinto County,26589,13274,13315,20154,10006,10148,2729,1360,1369,3036,1556,1480,670,352,318
0.0 Scen,2015,407,San Jacinto County,26640,13288,13352,20144,9991,10153,2741,1363,1378,3076,1578,1498,679,356,323
0.0 Scen,2016,407,San Jacinto County,26706,13303,13403,20141,9976,10165,2754,1365,1389,3121,1600,1521,690,362,328
0.0 Scen,2017,407,San Jacinto County,26747,13303,13444,20124,9951,10173,2758,1362,1396,3166,1623,1543,699,367,332
0.0 Scen,2018,407,San Jacinto County,26789,13316,13473,20106,9933,10173,2757,1361,1396,3213,1647,1566,713,375,338
0.0 Scen,2019,407,San Jacinto County,26841,13330,13511,20088,9916,10172,2767,1362,1405,3262,1671,1591,724,381,343
0.0 Scen,2020,407,San Jacinto County,26880,13342,13538,20071,9901,10170,2766,1361,1405,3310,1695,1615,733,385,348
0.0 Scen,2021,407,San Jacinto County,26918,13358,13560,20054,9887,10167,2762,1360,1402,3357,1720,1637,745,391,354
0.0 Scen,2022,407,San Jacinto County,26954,13368,13586,20029,9867,10162,2757,1357,1400,3411,1747,1664,757,397,360
0.0 Scen,2023,407,San Jacinto County,26979,13376,13603,19998,9846,10152,2750,1352,1398,3459,1772,1687,772,406,366
0.0 Scen,2024,407,San Jacinto County,27009,13385,13624,19966,9827,10139,2744,1346,1398,3513,1798,1715,786,414,372
0.0 Scen,2025,407,San Jacinto County,27014,13379,13635,19918,9798,10120,2733,1338,1395,3567,1825,1742,796,418,378
0.0 Scen,2026,407,San Jacinto County,27027,13377,13650,19868,9768,10100,2723,1330,1393,3624,1852,1772,812,427,385
0.0 Scen,2027,407,San Jacinto County,27023,13368,13655,19816,9737,10079,2712,1323,1389,3672,1877,1795,823,431,392
0.0 Scen,2028,407,San Jacinto County,27002,13356,13646,19744,9698,10046,2699,1317,1382,3725,1903,1822,834,438,396
0.0 Scen,2029,407,San Jacinto County,26998,13350,13648,19680,9662,10018,2686,1312,1374,3779,1927,1852,853,449,404
0.0 Scen,2030,407,San Jacinto County,26975,13341,13634,19612,9630,9982,2672,1304,1368,3826,1951,1875,865,456,409
0.0 Scen,2031,407,San Jacinto County,26954,13334,13620,19540,9597,9943,2662,1302,1360,3871,1972,1899,881,463,418
0.0 Scen,2032,407,San Jacinto County,26924,13320,13604,19463,9561,9902,2649,1296,1353,3915,1993,1922,897,470,427
0.0 Scen,2033,407,San Jacinto County,26881,13301,13580,19386,9526,9860,2635,1291,1344,3951,2009,1942,909,475,434
0.0 Scen,2034,407,San Jacinto County,26831,13288,13543,19300,9491,9809,2620,1287,1333,3990,2028,1962,921,482,439
0.0 Scen,2035,407,San Jacinto County,26787,13267,13520,19220,9453,9767,2605,1280,1325,4030,2047,1983,932,487,445
0.0 Scen,2036,407,San Jacinto County,26732,13249,13483,19126,9411,9715,2596,1279,1317,4066,2066,2000,944,493,451
0.0 Scen,2037,407,San Jacinto County,26676,13226,13450,19042,9375,9667,2582,1274,1308,4094,2078,2016,958,499,459
0.0 Scen,2038,407,San Jacinto County,26620,13206,13414,18954,9335,9619,2574,1274,1300,4121,2090,2031,971,507,464
0.0 Scen,2039,407,San Jacinto County,26573,13190,13383,18880,9304,9576,2563,1270,1293,4148,2103,2045,982,513,469
0.0 Scen,2040,407,San Jacinto County,26513,13167,13346,18798,9267,9531,2553,1268,1285,4170,2113,2057,992,519,473
0.0 Scen,2041,407,San Jacinto County,26464,13147,13317,18714,9229,9485,2550,1268,1282,4195,2126,2069,1005,524,481
0.0 Scen,2042,407,San Jacinto County,26412,13127,13285,18639,9195,9444,2543,1268,1275,4217,2136,2081,1013,528,485
0.0 Scen,2043,407,San Jacinto County,26362,13105,13257,18562,9158,9404,2535,1266,1269,4240,2147,2093,1025,534,491
0.0 Scen,2044,407,San Jacinto County,26304,13084,13220,18471,9117,9354,2534,1267,1267,4264,2160,2104,1035,540,495
0.0 Scen,2045,407,San Jacinto County,26257,13059,13198,18399,9080,9319,2529,1266,1263,4284,2168,2116,1045,545,500
0.0 Scen,2046,407,San Jacinto County,26220,13046,13174,18337,9056,9281,2522,1262,1260,4304,2176,2128,1057,552,505
0.0 Scen,2047,407,San Jacinto County,26180,13029,13151,18269,9024,9245,2518,1262,1256,4328,2188,2140,1065,555,510
0.0 Scen,2048,407,San Jacinto County,26158,13020,13138,18212,8994,9218,2516,1263,1253,4352,2201,2151,1078,562,516
0.0 Scen,2049,407,San Jacinto County,26125,13009,13116,18150,8965,9185,2513,1264,1249,4373,2212,2161,1089,568,521
0.0 Scen,2050,407,San Jacinto County,26093,12996,13097,18096,8941,9155,2510,1265,1245,4388,2218,2170,1099,572,527
0.0 Scen,2010,409,San Patricio County,64804,32163,32641,27330,13666,13664,902,491,411,35248,17395,17853,1324,611,713
0.0 Scen,2011,409,San Patricio County,65397,32454,32943,27380,13687,13693,911,497,414,35770,17653,18117,1336,617,719
0.0 Scen,2012,409,San Patricio County,66019,32764,33255,27434,13713,13721,920,502,418,36319,17928,18391,1346,621,725
0.0 Scen,2013,409,San Patricio County,66633,33077,33556,27481,13736,13745,926,506,420,36868,18207,18661,1358,628,730
0.0 Scen,2014,409,San Patricio County,67245,33387,33858,27523,13755,13768,934,511,423,37420,18486,18934,1368,635,733
0.0 Scen,2015,409,San Patricio County,67875,33703,34172,27574,13775,13799,940,513,427,37972,18769,19203,1389,646,743
0.0 Scen,2016,409,San Patricio County,68511,34019,34492,27621,13794,13827,948,517,431,38541,19056,19485,1401,652,749
0.0 Scen,2017,409,San Patricio County,69152,34339,34813,27668,13808,13860,957,522,435,39108,19346,19762,1419,663,756
0.0 Scen,2018,409,San Patricio County,69804,34668,35136,27711,13828,13883,965,525,440,39695,19644,20051,1433,671,762
0.0 Scen,2019,409,San Patricio County,70466,34997,35469,27755,13845,13910,973,529,444,40289,19944,20345,1449,679,770
0.0 Scen,2020,409,San Patricio County,71127,35329,35798,27790,13860,13930,981,534,447,40895,20248,20647,1461,687,774
0.0 Scen,2021,409,San Patricio County,71796,35669,36127,27826,13879,13947,988,539,449,41506,20556,20950,1476,695,781
0.0 Scen,2022,409,San Patricio County,72475,36004,36471,27861,13890,13971,995,542,453,42123,20868,21255,1496,704,792
0.0 Scen,2023,409,San Patricio County,73144,36346,36798,27895,13907,13988,998,544,454,42739,21181,21558,1512,714,798
0.0 Scen,2024,409,San Patricio County,73823,36684,37139,27922,13915,14007,1013,551,462,43355,21493,21862,1533,725,808
0.0 Scen,2025,409,San Patricio County,74488,37017,37471,27944,13925,14019,1022,558,464,43973,21803,22170,1549,731,818
0.0 Scen,2026,409,San Patricio County,75140,37347,37793,27953,13926,14027,1034,566,468,44588,22114,22474,1565,741,824
0.0 Scen,2027,409,San Patricio County,75793,37676,38117,27957,13924,14033,1043,571,472,45205,22427,22778,1588,754,834
0.0 Scen,2028,409,San Patricio County,76415,37990,38425,27949,13921,14028,1052,575,477,45811,22732,23079,1603,762,841
0.0 Scen,2029,409,San Patricio County,77031,38309,38722,27927,13915,14012,1057,578,479,46421,23040,23381,1626,776,850
0.0 Scen,2030,409,San Patricio County,77622,38608,39014,27895,13900,13995,1061,578,483,47022,23346,23676,1644,784,860
0.0 Scen,2031,409,San Patricio County,78200,38905,39295,27859,13884,13975,1065,579,486,47615,23646,23969,1661,796,865
0.0 Scen,2032,409,San Patricio County,78783,39201,39582,27832,13871,13961,1069,580,489,48207,23945,24262,1675,805,870
0.0 Scen,2033,409,San Patricio County,79345,39479,39866,27790,13847,13943,1072,580,492,48796,24241,24555,1687,811,876
0.0 Scen,2034,409,San Patricio County,79914,39768,40146,27751,13828,13923,1075,581,494,49387,24540,24847,1701,819,882
0.0 Scen,2035,409,San Patricio County,80482,40061,40421,27710,13811,13899,1081,585,496,49974,24838,25136,1717,827,890
0.0 Scen,2036,409,San Patricio County,81048,40340,40708,27667,13788,13879,1081,583,498,50568,25135,25433,1732,834,898
0.0 Scen,2037,409,San Patricio County,81622,40638,40984,27626,13773,13853,1079,580,499,51173,25444,25729,1744,841,903
0.0 Scen,2038,409,San Patricio County,82192,40920,41272,27586,13752,13834,1079,579,500,51773,25742,26031,1754,847,907
0.0 Scen,2039,409,San Patricio County,82780,41222,41558,27554,13737,13817,1078,578,500,52384,26055,26329,1764,852,912
0.0 Scen,2040,409,San Patricio County,83376,41526,41850,27527,13724,13803,1078,578,500,53000,26368,26632,1771,856,915
0.0 Scen,2041,409,San Patricio County,83980,41826,42154,27510,13714,13796,1075,575,500,53617,26676,26941,1778,861,917
0.0 Scen,2042,409,San Patricio County,84592,42135,42457,27493,13702,13791,1071,570,501,54247,26998,27249,1781,865,916
0.0 Scen,2043,409,San Patricio County,85225,42476,42749,27476,13704,13772,1072,570,502,54895,27334,27561,1782,868,914
0.0 Scen,2044,409,San Patricio County,85840,42787,43053,27461,13698,13763,1069,567,502,55523,27649,27874,1787,873,914
0.0 Scen,2045,409,San Patricio County,86475,43116,43359,27445,13691,13754,1070,567,503,56172,27983,28189,1788,875,913
0.0 Scen,2046,409,San Patricio County,87106,43442,43664,27432,13688,13744,1065,563,502,56818,28312,28506,1791,879,912
0.0 Scen,2047,409,San Patricio County,87756,43776,43980,27426,13689,13737,1061,560,501,57473,28648,28825,1796,879,917
0.0 Scen,2048,409,San Patricio County,88399,44108,44291,27417,13689,13728,1055,556,499,58132,28985,29147,1795,878,917
0.0 Scen,2049,409,San Patricio County,89074,44456,44618,27425,13696,13729,1054,555,499,58797,29325,29472,1798,880,918
0.0 Scen,2050,409,San Patricio County,89745,44809,44936,27425,13705,13720,1051,552,499,59472,29672,29800,1797,880,917
0.0 Scen,2010,411,San Saba County,6131,3366,2765,4135,2138,1997,194,182,12,1715,1008,707,87,38,49
0.0 Scen,2011,411,San Saba County,6130,3368,2762,4109,2126,1983,195,183,12,1738,1020,718,88,39,49
0.0 Scen,2012,411,San Saba County,6128,3364,2764,4084,2111,1973,194,183,11,1761,1031,730,89,39,50
0.0 Scen,2013,411,San Saba County,6122,3361,2761,4057,2097,1960,191,180,11,1784,1044,740,90,40,50
0.0 Scen,2014,411,San Saba County,6121,3354,2767,4028,2076,1952,194,182,12,1808,1056,752,91,40,51
0.0 Scen,2015,411,San Saba County,6115,3352,2763,3994,2059,1935,193,181,12,1836,1071,765,92,41,51
0.0 Scen,2016,411,San Saba County,6113,3350,2763,3969,2048,1921,192,178,14,1859,1083,776,93,41,52
0.0 Scen,2017,411,San Saba County,6118,3357,2761,3939,2034,1905,197,183,14,1888,1098,790,94,42,52
0.0 Scen,2018,411,San Saba County,6124,3360,2764,3916,2026,1890,195,180,15,1918,1112,806,95,42,53
0.0 Scen,2019,411,San Saba County,6130,3364,2766,3890,2014,1876,196,181,15,1947,1126,821,97,43,54
0.0 Scen,2020,411,San Saba County,6141,3366,2775,3873,2006,1867,194,178,16,1976,1139,837,98,43,55
0.0 Scen,2021,411,San Saba County,6152,3374,2778,3854,1996,1858,195,180,15,2004,1154,850,99,44,55
0.0 Scen,2022,411,San Saba County,6154,3375,2779,3831,1986,1845,192,176,16,2031,1168,863,100,45,55
0.0 Scen,2023,411,San Saba County,6159,3377,2782,3809,1975,1834,193,176,17,2055,1180,875,102,46,56
0.0 Scen,2024,411,San Saba County,6167,3380,2787,3788,1963,1825,191,174,17,2083,1195,888,105,48,57
0.0 Scen,2025,411,San Saba County,6173,3381,2792,3765,1949,1816,191,174,17,2108,1209,899,109,49,60
0.0 Scen,2026,411,San Saba County,6193,3393,2800,3755,1945,1810,190,173,17,2137,1225,912,111,50,61
0.0 Scen,2027,411,San Saba County,6198,3397,2801,3732,1934,1798,190,173,17,2163,1239,924,113,51,62
0.0 Scen,2028,411,San Saba County,6218,3408,2810,3716,1927,1789,191,174,17,2196,1255,941,115,52,63
0.0 Scen,2029,411,San Saba County,6234,3420,2814,3700,1922,1778,191,174,17,2226,1271,955,117,53,64
0.0 Scen,2030,411,San Saba County,6254,3429,2825,3688,1916,1772,191,174,17,2256,1285,971,119,54,65
0.0 Scen,2031,411,San Saba County,6270,3439,2831,3673,1909,1764,191,174,17,2285,1301,984,121,55,66
0.0 Scen,2032,411,San Saba County,6282,3445,2837,3660,1903,1757,191,174,17,2309,1313,996,122,55,67
0.0 Scen,2033,411,San Saba County,6294,3453,2841,3646,1898,1748,189,172,17,2336,1327,1009,123,56,67
0.0 Scen,2034,411,San Saba County,6308,3460,2848,3630,1890,1740,190,173,17,2365,1342,1023,123,55,68
0.0 Scen,2035,411,San Saba County,6316,3467,2849,3612,1883,1729,189,173,16,2391,1355,1036,124,56,68
0.0 Scen,2036,411,San Saba County,6329,3477,2852,3595,1876,1719,189,173,16,2422,1373,1049,123,55,68
0.0 Scen,2037,411,San Saba County,6339,3485,2854,3579,1871,1708,188,172,16,2448,1386,1062,124,56,68
0.0 Scen,2038,411,San Saba County,6338,3484,2854,3553,1859,1694,188,172,16,2473,1398,1075,124,55,69
0.0 Scen,2039,411,San Saba County,6353,3493,2860,3541,1853,1688,188,172,16,2499,1412,1087,125,56,69
0.0 Scen,2040,411,San Saba County,6356,3494,2862,3523,1844,1679,188,172,16,2519,1422,1097,126,56,70
0.0 Scen,2041,411,San Saba County,6373,3504,2869,3520,1845,1675,187,171,16,2541,1432,1109,125,56,69
0.0 Scen,2042,411,San Saba County,6380,3509,2871,3506,1839,1667,187,171,16,2563,1443,1120,124,56,68
0.0 Scen,2043,411,San Saba County,6385,3511,2874,3491,1831,1660,187,171,16,2583,1452,1131,124,57,67
0.0 Scen,2044,411,San Saba County,6395,3518,2877,3483,1832,1651,186,170,16,2602,1460,1142,124,56,68
0.0 Scen,2045,411,San Saba County,6405,3526,2879,3474,1831,1643,187,170,17,2620,1468,1152,124,57,67
0.0 Scen,2046,411,San Saba County,6412,3531,2881,3468,1831,1637,187,170,17,2634,1474,1160,123,56,67
0.0 Scen,2047,411,San Saba County,6423,3535,2888,3466,1831,1635,186,169,17,2651,1480,1171,120,55,65
0.0 Scen,2048,411,San Saba County,6436,3543,2893,3460,1833,1627,184,167,17,2671,1488,1183,121,55,66
0.0 Scen,2049,411,San Saba County,6442,3544,2898,3451,1829,1622,182,165,17,2689,1495,1194,120,55,65
0.0 Scen,2050,411,San Saba County,6464,3561,2903,3451,1833,1618,185,168,17,2708,1505,1203,120,55,65
0.0 Scen,2010,413,Schleicher County,3461,1726,1735,1872,934,938,32,17,15,1536,767,769,21,8,13
0.0 Scen,2011,413,Schleicher County,3497,1745,1752,1883,940,943,32,17,15,1561,780,781,21,8,13
0.0 Scen,2012,413,Schleicher County,3531,1763,1768,1890,944,946,32,17,15,1588,794,794,21,8,13
0.0 Scen,2013,413,Schleicher County,3567,1782,1785,1904,952,952,32,17,15,1610,805,805,21,8,13
0.0 Scen,2014,413,Schleicher County,3599,1798,1801,1911,955,956,32,17,15,1635,818,817,21,8,13
0.0 Scen,2015,413,Schleicher County,3627,1812,1815,1914,956,958,32,17,15,1660,831,829,21,8,13
0.0 Scen,2016,413,Schleicher County,3659,1829,1830,1919,959,960,32,17,15,1687,845,842,21,8,13
0.0 Scen,2017,413,Schleicher County,3687,1842,1845,1920,960,960,32,17,15,1714,857,857,21,8,13
0.0 Scen,2018,413,Schleicher County,3720,1860,1860,1924,963,961,32,17,15,1743,872,871,21,8,13
0.0 Scen,2019,413,Schleicher County,3755,1877,1878,1929,965,964,32,17,15,1773,887,886,21,8,13
0.0 Scen,2020,413,Schleicher County,3784,1891,1893,1928,964,964,32,17,15,1803,902,901,21,8,13
0.0 Scen,2021,413,Schleicher County,3809,1904,1905,1924,962,962,32,17,15,1832,917,915,21,8,13
0.0 Scen,2022,413,Schleicher County,3837,1919,1918,1922,962,960,32,17,15,1862,932,930,21,8,13
0.0 Scen,2023,413,Schleicher County,3865,1932,1933,1922,961,961,32,17,15,1890,946,944,21,8,13
0.0 Scen,2024,413,Schleicher County,3897,1948,1949,1924,961,963,32,17,15,1920,962,958,21,8,13
0.0 Scen,2025,413,Schleicher County,3925,1960,1965,1924,959,965,32,17,15,1948,976,972,21,8,13
0.0 Scen,2026,413,Schleicher County,3958,1975,1983,1923,958,965,32,17,15,1982,992,990,21,8,13
0.0 Scen,2027,413,Schleicher County,3986,1992,1994,1925,960,965,32,17,15,2008,1007,1001,21,8,13
0.0 Scen,2028,413,Schleicher County,4013,2005,2008,1924,959,965,32,17,15,2036,1021,1015,21,8,13
0.0 Scen,2029,413,Schleicher County,4040,2017,2023,1926,959,967,32,17,15,2061,1033,1028,21,8,13
0.0 Scen,2030,413,Schleicher County,4068,2029,2039,1927,958,969,32,17,15,2088,1046,1042,21,8,13
0.0 Scen,2031,413,Schleicher County,4093,2040,2053,1927,956,971,32,17,15,2113,1059,1054,21,8,13
0.0 Scen,2032,413,Schleicher County,4121,2056,2065,1929,960,969,32,17,15,2139,1071,1068,21,8,13
0.0 Scen,2033,413,Schleicher County,4146,2070,2076,1929,962,967,32,17,15,2164,1083,1081,21,8,13
0.0 Scen,2034,413,Schleicher County,4167,2080,2087,1926,960,966,32,17,15,2188,1095,1093,21,8,13
0.0 Scen,2035,413,Schleicher County,4189,2091,2098,1928,960,968,32,17,15,2208,1106,1102,21,8,13
0.0 Scen,2036,413,Schleicher County,4212,2102,2110,1927,959,968,32,17,15,2232,1118,1114,21,8,13
0.0 Scen,2037,413,Schleicher County,4239,2117,2122,1930,962,968,32,17,15,2256,1130,1126,21,8,13
0.0 Scen,2038,413,Schleicher County,4259,2128,2131,1928,961,967,32,17,15,2278,1142,1136,21,8,13
0.0 Scen,2039,413,Schleicher County,4279,2139,2140,1926,961,965,32,17,15,2300,1153,1147,21,8,13
0.0 Scen,2040,413,Schleicher County,4291,2143,2148,1920,958,962,32,17,15,2318,1160,1158,21,8,13
0.0 Scen,2041,413,Schleicher County,4308,2152,2156,1919,959,960,32,17,15,2336,1168,1168,21,8,13
0.0 Scen,2042,413,Schleicher County,4322,2157,2165,1913,955,958,32,17,15,2356,1177,1179,21,8,13
0.0 Scen,2043,413,Schleicher County,4336,2163,2173,1908,952,956,32,17,15,2375,1186,1189,21,8,13
0.0 Scen,2044,413,Schleicher County,4348,2168,2180,1901,948,953,32,17,15,2394,1195,1199,21,8,13
0.0 Scen,2045,413,Schleicher County,4361,2174,2187,1896,945,951,31,16,15,2413,1205,1208,21,8,13
0.0 Scen,2046,413,Schleicher County,4372,2181,2191,1889,942,947,31,16,15,2431,1215,1216,21,8,13
0.0 Scen,2047,413,Schleicher County,4388,2191,2197,1886,941,945,31,16,15,2450,1226,1224,21,8,13
0.0 Scen,2048,413,Schleicher County,4394,2194,2200,1878,938,940,29,15,14,2466,1233,1233,21,8,13
0.0 Scen,2049,413,Schleicher County,4405,2199,2206,1871,935,936,28,14,14,2485,1242,1243,21,8,13
0.0 Scen,2050,413,Schleicher County,4415,2205,2210,1863,932,931,26,13,13,2505,1252,1253,21,8,13
0.0 Scen,2010,415,Scurry County,16921,9028,7893,9773,4988,4785,764,563,201,6149,3366,2783,235,111,124
0.0 Scen,2011,415,Scurry County,17023,9087,7936,9763,4988,4775,769,566,203,6253,3420,2833,238,113,125
0.0 Scen,2012,415,Scurry County,17145,9150,7995,9771,4996,4775,772,567,205,6363,3473,2890,239,114,125
0.0 Scen,2013,415,Scurry County,17263,9216,8047,9768,4998,4770,776,569,207,6476,3533,2943,243,116,127
0.0 Scen,2014,415,Scurry County,17384,9285,8099,9769,5006,4763,779,570,209,6590,3591,2999,246,118,128
0.0 Scen,2015,415,Scurry County,17516,9361,8155,9774,5016,4758,782,572,210,6709,3652,3057,251,121,130
0.0 Scen,2016,415,Scurry County,17634,9427,8207,9771,5021,4750,786,575,211,6824,3710,3114,253,121,132
0.0 Scen,2017,415,Scurry County,17758,9495,8263,9765,5025,4740,791,579,212,6944,3769,3175,258,122,136
0.0 Scen,2018,415,Scurry County,17883,9564,8319,9766,5031,4735,793,579,214,7062,3829,3233,262,125,137
0.0 Scen,2019,415,Scurry County,18004,9632,8372,9758,5032,4726,796,581,215,7182,3890,3292,268,129,139
0.0 Scen,2020,415,Scurry County,18113,9689,8424,9747,5030,4717,796,581,215,7296,3945,3351,274,133,141
0.0 Scen,2021,415,Scurry County,18238,9760,8478,9744,5037,4707,796,581,215,7420,4006,3414,278,136,142
0.0 Scen,2022,415,Scurry County,18351,9820,8531,9735,5038,4697,795,580,215,7538,4063,3475,283,139,144
0.0 Scen,2023,415,Scurry County,18464,9878,8586,9727,5037,4690,793,579,214,7654,4119,3535,290,143,147
0.0 Scen,2024,415,Scurry County,18578,9932,8646,9718,5035,4683,790,576,214,7773,4174,3599,297,147,150
0.0 Scen,2025,415,Scurry County,18686,9987,8699,9706,5032,4674,789,576,213,7889,4229,3660,302,150,152
0.0 Scen,2026,415,Scurry County,18794,10039,8755,9688,5025,4663,790,576,214,8008,4285,3723,308,153,155
0.0 Scen,2027,415,Scurry County,18902,10097,8805,9670,5019,4651,789,578,211,8128,4344,3784,315,156,159
0.0 Scen,2028,415,Scurry County,19014,10156,8858,9659,5019,4640,789,578,211,8243,4400,3843,323,159,164
0.0 Scen,2029,415,Scurry County,19120,10209,8911,9639,5013,4626,790,578,212,8363,4456,3907,328,162,166
0.0 Scen,2030,415,Scurry County,19234,10269,8965,9628,5014,4614,787,575,212,8486,4515,3971,333,165,168
0.0 Scen,2031,415,Scurry County,19337,10326,9011,9605,5005,4600,786,574,212,8608,4579,4029,338,168,170
0.0 Scen,2032,415,Scurry County,19446,10385,9061,9590,5003,4587,785,572,213,8726,4638,4088,345,172,173
0.0 Scen,2033,415,Scurry County,19549,10440,9109,9568,4993,4575,784,571,213,8847,4701,4146,350,175,175
0.0 Scen,2034,415,Scurry County,19650,10487,9163,9554,4988,4566,781,567,214,8959,4754,4205,356,178,178
0.0 Scen,2035,415,Scurry County,19737,10536,9201,9525,4976,4549,777,565,212,9075,4814,4261,360,181,179
0.0 Scen,2036,415,Scurry County,19835,10583,9252,9499,4964,4535,782,569,213,9191,4868,4323,363,182,181
0.0 Scen,2037,415,Scurry County,19927,10631,9296,9477,4956,4521,777,566,211,9307,4926,4381,366,183,183
0.0 Scen,2038,415,Scurry County,20012,10674,9338,9455,4948,4507,769,558,211,9421,4985,4436,367,183,184
0.0 Scen,2039,415,Scurry County,20102,10717,9385,9437,4941,4496,764,555,209,9533,5038,4495,368,183,185
0.0 Scen,2040,415,Scurry County,20193,10766,9427,9418,4934,4484,759,551,208,9649,5098,4551,367,183,184
0.0 Scen,2041,415,Scurry County,20278,10803,9475,9396,4922,4474,755,548,207,9759,5150,4609,368,183,185
0.0 Scen,2042,415,Scurry County,20370,10849,9521,9376,4910,4466,751,546,205,9874,5210,4664,369,183,186
0.0 Scen,2043,415,Scurry County,20465,10901,9564,9358,4905,4453,748,545,203,9989,5267,4722,370,184,186
0.0 Scen,2044,415,Scurry County,20549,10944,9605,9337,4898,4439,742,539,203,10098,5322,4776,372,185,187
0.0 Scen,2045,415,Scurry County,20652,10993,9659,9324,4890,4434,741,539,202,10213,5378,4835,374,186,188
0.0 Scen,2046,415,Scurry County,20746,11041,9705,9301,4881,4420,737,535,202,10331,5437,4894,377,188,189
0.0 Scen,2047,415,Scurry County,20832,11086,9746,9274,4869,4405,729,529,200,10449,5497,4952,380,191,189
0.0 Scen,2048,415,Scurry County,20939,11145,9794,9261,4869,4392,724,525,199,10570,5557,5013,384,194,190
0.0 Scen,2049,415,Scurry County,21036,11199,9837,9243,4864,4379,720,522,198,10686,5617,5069,387,196,191
0.0 Scen,2050,415,Scurry County,21136,11250,9886,9227,4859,4368,711,514,197,10808,5679,5129,390,198,192
0.0 Scen,2010,417,Shackelford County,3378,1632,1746,2961,1420,1541,14,9,5,340,175,165,63,28,35
0.0 Scen,2011,417,Shackelford County,3386,1637,1749,2963,1422,1541,14,9,5,346,178,168,63,28,35
0.0 Scen,2012,417,Shackelford County,3401,1648,1753,2973,1430,1543,14,9,5,352,181,171,62,28,34
0.0 Scen,2013,417,Shackelford County,3414,1656,1758,2979,1434,1545,14,9,5,359,185,174,62,28,34
0.0 Scen,2014,417,Shackelford County,3426,1664,1762,2984,1438,1546,14,9,5,366,189,177,62,28,34
0.0 Scen,2015,417,Shackelford County,3444,1676,1768,2994,1445,1549,14,9,5,373,193,180,63,29,34
0.0 Scen,2016,417,Shackelford County,3464,1686,1778,3006,1451,1555,14,9,5,380,197,183,64,29,35
0.0 Scen,2017,417,Shackelford County,3481,1697,1784,3015,1458,1557,14,9,5,388,201,187,64,29,35
0.0 Scen,2018,417,Shackelford County,3503,1710,1793,3028,1467,1561,14,9,5,396,205,191,65,29,36
0.0 Scen,2019,417,Shackelford County,3528,1722,1806,3044,1473,1571,14,9,5,404,210,194,66,30,36
0.0 Scen,2020,417,Shackelford County,3548,1731,1817,3054,1477,1577,14,9,5,413,215,198,67,30,37
0.0 Scen,2021,417,Shackelford County,3564,1737,1827,3060,1477,1583,14,9,5,422,220,202,68,31,37
0.0 Scen,2022,417,Shackelford County,3585,1746,1839,3071,1481,1590,14,9,5,431,225,206,69,31,38
0.0 Scen,2023,417,Shackelford County,3602,1756,1846,3077,1484,1593,14,9,5,441,231,210,70,32,38
0.0 Scen,2024,417,Shackelford County,3624,1766,1858,3087,1488,1599,14,9,5,451,236,215,72,33,39
0.0 Scen,2025,417,Shackelford County,3631,1769,1862,3084,1486,1598,14,9,5,460,240,220,73,34,39
0.0 Scen,2026,417,Shackelford County,3640,1772,1868,3082,1485,1597,14,9,5,469,244,225,75,34,41
0.0 Scen,2027,417,Shackelford County,3649,1776,1873,3081,1484,1597,14,9,5,478,248,230,76,35,41
0.0 Scen,2028,417,Shackelford County,3656,1779,1877,3078,1483,1595,14,9,5,487,252,235,77,35,42
0.0 Scen,2029,417,Shackelford County,3664,1786,1878,3078,1485,1593,14,9,5,494,256,238,78,36,42
0.0 Scen,2030,417,Shackelford County,3676,1791,1885,3081,1486,1595,14,9,5,502,260,242,79,36,43
0.0 Scen,2031,417,Shackelford County,3680,1794,1886,3079,1484,1595,14,9,5,509,264,245,78,37,41
0.0 Scen,2032,417,Shackelford County,3687,1797,1890,3078,1483,1595,14,9,5,517,268,249,78,37,41
0.0 Scen,2033,417,Shackelford County,3687,1799,1888,3069,1480,1589,14,9,5,524,272,252,80,38,42
0.0 Scen,2034,417,Shackelford County,3691,1801,1890,3065,1478,1587,14,9,5,531,276,255,81,38,43
0.0 Scen,2035,417,Shackelford County,3692,1804,1888,3057,1476,1581,14,9,5,539,280,259,82,39,43
0.0 Scen,2036,417,Shackelford County,3695,1808,1887,3052,1476,1576,14,9,5,546,284,262,83,39,44
0.0 Scen,2037,417,Shackelford County,3697,1811,1886,3046,1474,1572,14,9,5,553,288,265,84,40,44
0.0 Scen,2038,417,Shackelford County,3708,1821,1887,3050,1480,1570,14,9,5,560,292,268,84,40,44
0.0 Scen,2039,417,Shackelford County,3717,1829,1888,3050,1483,1567,14,9,5,568,296,272,85,41,44
0.0 Scen,2040,417,Shackelford County,3725,1836,1889,3050,1486,1564,14,9,5,575,300,275,86,41,45
0.0 Scen,2041,417,Shackelford County,3731,1843,1888,3048,1488,1560,14,9,5,582,304,278,87,42,45
0.0 Scen,2042,417,Shackelford County,3736,1848,1888,3046,1489,1557,14,9,5,589,308,281,87,42,45
0.0 Scen,2043,417,Shackelford County,3746,1857,1889,3047,1493,1554,14,9,5,597,312,285,88,43,45
0.0 Scen,2044,417,Shackelford County,3749,1862,1887,3043,1495,1548,14,9,5,605,316,289,87,42,45
0.0 Scen,2045,417,Shackelford County,3758,1867,1891,3044,1495,1549,14,9,5,613,320,293,87,43,44
0.0 Scen,2046,417,Shackelford County,3768,1875,1893,3045,1498,1547,14,9,5,621,325,296,88,43,45
0.0 Scen,2047,417,Shackelford County,3776,1882,1894,3045,1501,1544,14,9,5,629,329,300,88,43,45
0.0 Scen,2048,417,Shackelford County,3781,1889,1892,3042,1504,1538,14,9,5,637,333,304,88,43,45
0.0 Scen,2049,417,Shackelford County,3792,1898,1894,3046,1508,1538,14,9,5,644,337,307,88,44,44
0.0 Scen,2050,417,Shackelford County,3802,1904,1898,3049,1510,1539,14,9,5,651,341,310,88,44,44
0.0 Scen,2010,419,Shelby County,25448,12591,12857,16535,8113,8422,4414,2076,2338,4164,2244,1920,335,158,177
0.0 Scen,2011,419,Shelby County,25581,12657,12924,16539,8115,8424,4450,2092,2358,4250,2288,1962,342,162,180
0.0 Scen,2012,419,Shelby County,25726,12731,12995,16546,8119,8427,4488,2112,2376,4342,2334,2008,350,166,184
0.0 Scen,2013,419,Shelby County,25877,12811,13066,16556,8129,8427,4526,2130,2396,4437,2381,2056,358,171,187
0.0 Scen,2014,419,Shelby County,26032,12888,13144,16574,8137,8437,4564,2147,2417,4528,2429,2099,366,175,191
0.0 Scen,2015,419,Shelby County,26188,12965,13223,16586,8143,8443,4598,2163,2435,4630,2480,2150,374,179,195
0.0 Scen,2016,419,Shelby County,26347,13046,13301,16598,8149,8449,4636,2181,2455,4729,2531,2198,384,185,199
0.0 Scen,2017,419,Shelby County,26488,13119,13369,16604,8151,8453,4667,2199,2468,4821,2579,2242,396,190,206
0.0 Scen,2018,419,Shelby County,26629,13191,13438,16607,8154,8453,4696,2212,2484,4919,2629,2290,407,196,211
0.0 Scen,2019,419,Shelby County,26759,13259,13500,16606,8154,8452,4716,2224,2492,5020,2680,2340,417,201,216
0.0 Scen,2020,419,Shelby County,26891,13324,13567,16600,8150,8450,4737,2231,2506,5127,2736,2391,427,207,220
0.0 Scen,2021,419,Shelby County,27035,13394,13641,16612,8155,8457,4755,2240,2515,5233,2789,2444,435,210,225
0.0 Scen,2022,419,Shelby County,27159,13460,13699,16597,8150,8447,4772,2249,2523,5350,2848,2502,440,213,227
0.0 Scen,2023,419,Shelby County,27279,13521,13758,16583,8143,8440,4784,2256,2528,5464,2905,2559,448,217,231
0.0 Scen,2024,419,Shelby County,27403,13582,13821,16575,8138,8437,4798,2261,2537,5577,2964,2613,453,219,234
0.0 Scen,2025,419,Shelby County,27526,13646,13880,16558,8128,8430,4815,2272,2543,5691,3021,2670,462,225,237
0.0 Scen,2026,419,Shelby County,27648,13713,13935,16539,8122,8417,4825,2279,2546,5815,3084,2731,469,228,241
0.0 Scen,2027,419,Shelby County,27772,13775,13997,16524,8116,8408,4839,2284,2555,5936,3145,2791,473,230,243
0.0 Scen,2028,419,Shelby County,27893,13849,14044,16504,8113,8391,4852,2295,2557,6059,3208,2851,478,233,245
0.0 Scen,2029,419,Shelby County,28021,13917,14104,16481,8104,8377,4868,2303,2565,6186,3272,2914,486,238,248
0.0 Scen,2030,419,Shelby County,28140,13982,14158,16453,8095,8358,4880,2310,2570,6312,3334,2978,495,243,252
0.0 Scen,2031,419,Shelby County,28270,14054,14216,16432,8089,8343,4896,2320,2576,6438,3397,3041,504,248,256
0.0 Scen,2032,419,Shelby County,28391,14117,14274,16409,8081,8328,4908,2328,2580,6561,3456,3105,513,252,261
0.0 Scen,2033,419,Shelby County,28512,14184,14328,16386,8071,8315,4920,2338,2582,6685,3518,3167,521,257,264
0.0 Scen,2034,419,Shelby County,28620,14237,14383,16352,8055,8297,4935,2347,2588,6802,3573,3229,531,262,269
0.0 Scen,2035,419,Shelby County,28742,14304,14438,16331,8048,8283,4946,2355,2591,6925,3635,3290,540,266,274
0.0 Scen,2036,419,Shelby County,28852,14358,14494,16305,8040,8265,4962,2362,2600,7036,3685,3351,549,271,278
0.0 Scen,2037,419,Shelby County,28964,14414,14550,16279,8031,8248,4979,2372,2607,7148,3736,3412,558,275,283
0.0 Scen,2038,419,Shelby County,29073,14474,14599,16257,8025,8232,4992,2381,2611,7258,3787,3471,566,281,285
0.0 Scen,2039,419,Shelby County,29183,14532,14651,16232,8016,8216,5008,2392,2616,7367,3838,3529,576,286,290
0.0 Scen,2040,419,Shelby County,29293,14590,14703,16207,8008,8199,5023,2401,2622,7477,3889,3588,586,292,294
0.0 Scen,2041,419,Shelby County,29407,14648,14759,16192,8007,8185,5038,2411,2627,7578,3933,3645,599,297,302
0.0 Scen,2042,419,Shelby County,29510,14700,14810,16172,7997,8175,5050,2422,2628,7678,3979,3699,610,302,308
0.0 Scen,2043,419,Shelby County,29610,14753,14857,16147,7988,8159,5060,2430,2630,7783,4027,3756,620,308,312
0.0 Scen,2044,419,Shelby County,29711,14800,14911,16121,7976,8145,5071,2439,2632,7888,4074,3814,631,311,320
0.0 Scen,2045,419,Shelby County,29818,14859,14959,16098,7967,8131,5089,2454,2635,7989,4121,3868,642,317,325
0.0 Scen,2046,419,Shelby County,29917,14913,15004,16074,7960,8114,5100,2464,2636,8089,4167,3922,654,322,332
0.0 Scen,2047,419,Shelby County,30020,14972,15048,16050,7953,8097,5112,2474,2638,8194,4217,3977,664,328,336
0.0 Scen,2048,419,Shelby County,30138,15038,15100,16034,7946,8088,5126,2487,2639,8301,4270,4031,677,335,342
0.0 Scen,2049,419,Shelby County,30240,15095,15145,16011,7937,8074,5136,2495,2641,8404,4321,4083,689,342,347
0.0 Scen,2050,419,Shelby County,30350,15155,15195,16001,7935,8066,5143,2501,2642,8507,4370,4137,699,349,350
0.0 Scen,2010,421,Sherman County,3034,1548,1486,1762,882,880,12,10,2,1227,638,589,33,18,15
0.0 Scen,2011,421,Sherman County,3057,1563,1494,1765,886,879,12,10,2,1247,649,598,33,18,15
0.0 Scen,2012,421,Sherman County,3073,1572,1501,1762,884,878,12,10,2,1266,660,606,33,18,15
0.0 Scen,2013,421,Sherman County,3097,1586,1511,1766,888,878,12,10,2,1286,670,616,33,18,15
0.0 Scen,2014,421,Sherman County,3120,1598,1522,1765,888,877,12,10,2,1310,682,628,33,18,15
0.0 Scen,2015,421,Sherman County,3152,1614,1538,1771,891,880,12,10,2,1336,695,641,33,18,15
0.0 Scen,2016,421,Sherman County,3179,1628,1551,1774,893,881,12,10,2,1360,707,653,33,18,15
0.0 Scen,2017,421,Sherman County,3208,1644,1564,1774,894,880,12,10,2,1389,722,667,33,18,15
0.0 Scen,2018,421,Sherman County,3236,1661,1575,1774,896,878,12,10,2,1417,737,680,33,18,15
0.0 Scen,2019,421,Sherman County,3265,1676,1589,1777,897,880,12,10,2,1443,751,692,33,18,15
0.0 Scen,2020,421,Sherman County,3296,1691,1605,1779,897,882,12,10,2,1472,766,706,33,18,15
0.0 Scen,2021,421,Sherman County,3328,1706,1622,1778,896,882,12,10,2,1506,782,724,32,18,14
0.0 Scen,2022,421,Sherman County,3356,1720,1636,1776,894,882,12,10,2,1536,798,738,32,18,14
0.0 Scen,2023,421,Sherman County,3392,1740,1652,1781,898,883,12,10,2,1567,814,753,32,18,14
0.0 Scen,2024,421,Sherman County,3419,1755,1664,1777,897,880,12,10,2,1598,830,768,32,18,14
0.0 Scen,2025,421,Sherman County,3452,1772,1680,1778,897,881,12,10,2,1630,847,783,32,18,14
0.0 Scen,2026,421,Sherman County,3492,1790,1702,1784,899,885,12,10,2,1664,863,801,32,18,14
0.0 Scen,2027,421,Sherman County,3524,1805,1719,1786,900,886,12,10,2,1694,877,817,32,18,14
0.0 Scen,2028,421,Sherman County,3560,1826,1734,1788,903,885,12,10,2,1728,895,833,32,18,14
0.0 Scen,2029,421,Sherman County,3589,1842,1747,1785,902,883,12,10,2,1759,912,847,33,18,15
0.0 Scen,2030,421,Sherman County,3620,1860,1760,1783,904,879,12,10,2,1792,928,864,33,18,15
0.0 Scen,2031,421,Sherman County,3647,1874,1773,1779,901,878,12,10,2,1823,945,878,33,18,15
0.0 Scen,2032,421,Sherman County,3672,1887,1785,1772,898,874,12,10,2,1855,961,894,33,18,15
0.0 Scen,2033,421,Sherman County,3700,1900,1800,1769,896,873,12,10,2,1886,976,910,33,18,15
0.0 Scen,2034,421,Sherman County,3728,1915,1813,1768,896,872,12,10,2,1915,991,924,33,18,15
0.0 Scen,2035,421,Sherman County,3753,1927,1826,1766,893,873,12,10,2,1942,1006,936,33,18,15
0.0 Scen,2036,421,Sherman County,3774,1937,1837,1759,889,870,12,10,2,1970,1020,950,33,18,15
0.0 Scen,2037,421,Sherman County,3797,1949,1848,1756,889,867,12,10,2,1996,1032,964,33,18,15
0.0 Scen,2038,421,Sherman County,3820,1961,1859,1752,889,863,11,9,2,2024,1045,979,33,18,15
0.0 Scen,2039,421,Sherman County,3841,1971,1870,1745,885,860,11,9,2,2052,1059,993,33,18,15
0.0 Scen,2040,421,Sherman County,3858,1979,1879,1737,880,857,11,9,2,2077,1072,1005,33,18,15
0.0 Scen,2041,421,Sherman County,3877,1988,1889,1730,877,853,11,9,2,2103,1084,1019,33,18,15
0.0 Scen,2042,421,Sherman County,3890,1991,1899,1719,870,849,10,8,2,2128,1095,1033,33,18,15
0.0 Scen,2043,421,Sherman County,3901,1993,1908,1706,862,844,10,8,2,2152,1105,1047,33,18,15
0.0 Scen,2044,421,Sherman County,3913,1999,1914,1698,857,841,10,8,2,2172,1116,1056,33,18,15
0.0 Scen,2045,421,Sherman County,3928,2007,1921,1690,854,836,10,8,2,2195,1127,1068,33,18,15
0.0 Scen,2046,421,Sherman County,3945,2016,1929,1684,852,832,10,8,2,2218,1138,1080,33,18,15
0.0 Scen,2047,421,Sherman County,3960,2024,1936,1676,849,827,10,8,2,2241,1149,1092,33,18,15
0.0 Scen,2048,421,Sherman County,3977,2033,1944,1669,846,823,10,8,2,2265,1161,1104,33,18,15
0.0 Scen,2049,421,Sherman County,3995,2043,1952,1663,844,819,10,8,2,2289,1173,1116,33,18,15
0.0 Scen,2050,421,Sherman County,4008,2051,1957,1653,841,812,9,7,2,2313,1185,1128,33,18,15
0.0 Scen,2010,423,Smith County,209714,101425,108289,130246,62654,67592,37195,17172,20023,36088,18670,17418,6185,2929,3256
0.0 Scen,2011,423,Smith County,210798,101978,108820,130229,62661,67568,37498,17325,20173,36806,19022,17784,6265,2970,3295
0.0 Scen,2012,423,Smith County,211975,102578,109397,130255,62687,67568,37835,17499,20336,37537,19380,18157,6348,3012,3336
0.0 Scen,2013,423,Smith County,213166,103200,109966,130292,62719,67573,38163,17679,20484,38271,19741,18530,6440,3061,3379
0.0 Scen,2014,423,Smith County,214364,103824,110540,130327,62753,67574,38508,17860,20648,38997,20104,18893,6532,3107,3425
0.0 Scen,2015,423,Smith County,215516,104427,111089,130311,62764,67547,38845,18035,20810,39742,20476,19266,6618,3152,3466
0.0 Scen,2016,423,Smith County,216622,105005,111617,130274,62755,67519,39168,18207,20961,40472,20845,19627,6708,3198,3510
0.0 Scen,2017,423,Smith County,217640,105572,112068,130183,62745,67438,39446,18363,21083,41216,21222,19994,6795,3242,3553
0.0 Scen,2018,423,Smith County,218689,106125,112564,130100,62728,67372,39747,18512,21235,41960,21596,20364,6882,3289,3593
0.0 Scen,2019,423,Smith County,219676,106668,113008,129967,62694,67273,40013,18659,21354,42715,21975,20740,6981,3340,3641
0.0 Scen,2020,423,Smith County,220574,107156,113418,129782,62625,67157,40251,18790,21461,43472,22353,21119,7069,3388,3681
0.0 Scen,2021,423,Smith County,221496,107653,113843,129616,62572,67044,40468,18901,21567,44249,22744,21505,7163,3436,3727
0.0 Scen,2022,423,Smith County,222360,108120,114240,129406,62496,66910,40675,19011,21664,45019,23127,21892,7260,3486,3774
0.0 Scen,2023,423,Smith County,223170,108554,114616,129150,62391,66759,40869,19117,21752,45796,23511,22285,7355,3535,3820
0.0 Scen,2024,423,Smith County,223922,108963,114959,128862,62271,66591,41025,19215,21810,46591,23901,22690,7444,3576,3868
0.0 Scen,2025,423,Smith County,224608,109338,115270,128525,62123,66402,41172,19303,21869,47374,24284,23090,7537,3628,3909
0.0 Scen,2026,423,Smith County,225323,109720,115603,128174,61974,66200,41335,19387,21948,48177,24680,23497,7637,3679,3958
0.0 Scen,2027,423,Smith County,225941,110050,115891,127775,61792,65983,41464,19459,22005,48986,25076,23910,7716,3723,3993
0.0 Scen,2028,423,Smith County,226575,110408,116167,127363,61618,65745,41588,19535,22053,49803,25481,24322,7821,3774,4047
0.0 Scen,2029,423,Smith County,227148,110724,116424,126925,61421,65504,41692,19598,22094,50624,25888,24736,7907,3817,4090
0.0 Scen,2030,423,Smith County,227673,111028,116645,126463,61221,65242,41782,19658,22124,51427,26286,25141,8001,3863,4138
0.0 Scen,2031,423,Smith County,228164,111308,116856,125992,61016,64976,41859,19710,22149,52223,26673,25550,8090,3909,4181
0.0 Scen,2032,423,Smith County,228622,111582,117040,125481,60794,64687,41936,19764,22172,53025,27066,25959,8180,3958,4222
0.0 Scen,2033,423,Smith County,229042,111832,117210,124950,60562,64388,42003,19813,22190,53821,27455,26366,8268,4002,4266
0.0 Scen,2034,423,Smith County,229452,112088,117364,124402,60321,64081,42084,19867,22217,54609,27848,26761,8357,4052,4305
0.0 Scen,2035,423,Smith County,229809,112313,117496,123837,60084,63753,42157,19916,22241,55383,28225,27158,8432,4088,4344
0.0 Scen,2036,423,Smith County,230152,112533,117619,123261,59832,63429,42227,19962,22265,56161,28608,27553,8503,4131,4372
0.0 Scen,2037,423,Smith County,230481,112754,117727,122692,59588,63104,42292,20015,22277,56920,28983,27937,8577,4168,4409
0.0 Scen,2038,423,Smith County,230799,112952,117847,122116,59331,62785,42371,20072,22299,57668,29348,28320,8644,4201,4443
0.0 Scen,2039,423,Smith County,231093,113151,117942,121525,59081,62444,42441,20122,22319,58415,29711,28704,8712,4237,4475
0.0 Scen,2040,423,Smith County,231380,113352,118028,120943,58832,62111,42504,20172,22332,59153,30074,29079,8780,4274,4506
0.0 Scen,2041,423,Smith County,231644,113542,118102,120373,58582,61791,42554,20222,22332,59882,30431,29451,8835,4307,4528
0.0 Scen,2042,423,Smith County,231874,113722,118152,119787,58339,61448,42600,20267,22333,60592,30778,29814,8895,4338,4557
0.0 Scen,2043,423,Smith County,232109,113897,118212,119202,58089,61113,42664,20323,22341,61296,31120,30176,8947,4365,4582
0.0 Scen,2044,423,Smith County,232311,114060,118251,118606,57829,60777,42712,20373,22339,62000,31466,30534,8993,4392,4601
0.0 Scen,2045,423,Smith County,232486,114205,118281,118023,57579,60444,42746,20415,22331,62683,31798,30885,9034,4413,4621
0.0 Scen,2046,423,Smith County,232675,114369,118306,117442,57337,60105,42784,20459,22325,63366,32132,31234,9083,4441,4642
0.0 Scen,2047,423,Smith County,232820,114507,118313,116852,57087,59765,42800,20495,22305,64051,32466,31585,9117,4459,4658
0.0 Scen,2048,423,Smith County,232951,114627,118324,116254,56831,59423,42810,20520,22290,64729,32793,31936,9158,4483,4675
0.0 Scen,2049,423,Smith County,233072,114750,118322,115663,56581,59082,42815,20546,22269,65399,33121,32278,9195,4502,4693
0.0 Scen,2050,423,Smith County,233182,114877,118305,115079,56333,58746,42812,20573,22239,66055,33443,32612,9236,4528,4708
0.0 Scen,2010,425,Somervell County,8490,4182,4308,6595,3240,3355,54,30,24,1626,820,806,215,92,123
0.0 Scen,2011,425,Somervell County,8505,4188,4317,6580,3230,3350,54,30,24,1653,834,819,218,94,124
0.0 Scen,2012,425,Somervell County,8519,4196,4323,6566,3223,3343,54,30,24,1679,847,832,220,96,124
0.0 Scen,2013,425,Somervell County,8542,4212,4330,6562,3225,3337,54,30,24,1704,860,844,222,97,125
0.0 Scen,2014,425,Somervell County,8570,4223,4347,6556,3220,3336,55,30,25,1734,875,859,225,98,127
0.0 Scen,2015,425,Somervell County,8601,4237,4364,6552,3215,3337,56,31,25,1764,890,874,229,101,128
0.0 Scen,2016,425,Somervell County,8635,4251,4384,6552,3214,3338,57,31,26,1793,903,890,233,103,130
0.0 Scen,2017,425,Somervell County,8676,4271,4405,6557,3216,3341,58,32,26,1824,920,904,237,103,134
0.0 Scen,2018,425,Somervell County,8714,4291,4423,6559,3218,3341,59,32,27,1854,935,919,242,106,136
0.0 Scen,2019,425,Somervell County,8748,4312,4436,6557,3220,3337,60,33,27,1885,951,934,246,108,138
0.0 Scen,2020,425,Somervell County,8791,4334,4457,6559,3222,3337,61,33,28,1921,969,952,250,110,140
0.0 Scen,2021,425,Somervell County,8838,4361,4477,6565,3226,3339,63,35,28,1956,987,969,254,113,141
0.0 Scen,2022,425,Somervell County,8883,4383,4500,6570,3227,3343,64,35,29,1990,1005,985,259,116,143
0.0 Scen,2023,425,Somervell County,8934,4408,4526,6576,3228,3348,65,36,29,2027,1024,1003,266,120,146
0.0 Scen,2024,425,Somervell County,8979,4432,4547,6583,3232,3351,66,36,30,2060,1041,1019,270,123,147
0.0 Scen,2025,425,Somervell County,9021,4451,4570,6582,3229,3353,67,37,30,2096,1059,1037,276,126,150
0.0 Scen,2026,425,Somervell County,9058,4470,4588,6578,3227,3351,68,37,31,2130,1077,1053,282,129,153
0.0 Scen,2027,425,Somervell County,9095,4485,4610,6571,3218,3353,69,38,31,2167,1096,1071,288,133,155
0.0 Scen,2028,425,Somervell County,9130,4505,4625,6565,3217,3348,70,38,32,2202,1115,1087,293,135,158
0.0 Scen,2029,425,Somervell County,9174,4526,4648,6563,3215,3348,71,39,32,2242,1134,1108,298,138,160
0.0 Scen,2030,425,Somervell County,9201,4541,4660,6548,3209,3339,72,39,33,2279,1153,1126,302,140,162
0.0 Scen,2031,425,Somervell County,9227,4555,4672,6532,3203,3329,73,40,33,2315,1170,1145,307,142,165
0.0 Scen,2032,425,Somervell County,9253,4571,4682,6517,3197,3320,74,40,34,2350,1189,1161,312,145,167
0.0 Scen,2033,425,Somervell County,9269,4581,4688,6491,3185,3306,75,41,34,2386,1207,1179,317,148,169
0.0 Scen,2034,425,Somervell County,9283,4590,4693,6467,3174,3293,76,41,35,2419,1225,1194,321,150,171
0.0 Scen,2035,425,Somervell County,9298,4604,4694,6449,3171,3278,77,42,35,2448,1239,1209,324,152,172
0.0 Scen,2036,425,Somervell County,9300,4604,4696,6418,3156,3262,78,42,36,2477,1252,1225,327,154,173
0.0 Scen,2037,425,Somervell County,9308,4609,4699,6394,3145,3249,79,43,36,2507,1267,1240,328,154,174
0.0 Scen,2038,425,Somervell County,9314,4614,4700,6372,3135,3237,80,43,37,2532,1281,1251,330,155,175
0.0 Scen,2039,425,Somervell County,9315,4616,4699,6344,3122,3222,81,44,37,2559,1295,1264,331,155,176
0.0 Scen,2040,425,Somervell County,9317,4619,4698,6317,3112,3205,82,44,38,2585,1307,1278,333,156,177
0.0 Scen,2041,425,Somervell County,9320,4621,4699,6292,3100,3192,83,45,38,2612,1321,1291,333,155,178
0.0 Scen,2042,425,Somervell County,9324,4623,4701,6271,3091,3180,84,45,39,2636,1332,1304,333,155,178
0.0 Scen,2043,425,Somervell County,9328,4627,4701,6251,3084,3167,85,46,39,2658,1342,1316,334,155,179
0.0 Scen,2044,425,Somervell County,9329,4627,4702,6232,3076,3156,85,46,39,2677,1349,1328,335,156,179
0.0 Scen,2045,425,Somervell County,9337,4637,4700,6218,3075,3143,85,46,39,2698,1359,1339,336,157,179
0.0 Scen,2046,425,Somervell County,9333,4634,4699,6194,3064,3130,85,46,39,2719,1367,1352,335,157,178
0.0 Scen,2047,425,Somervell County,9341,4641,4700,6180,3061,3119,85,46,39,2740,1376,1364,336,158,178
0.0 Scen,2048,425,Somervell County,9353,4647,4706,6171,3058,3113,85,46,39,2761,1385,1376,336,158,178
0.0 Scen,2049,425,Somervell County,9358,4655,4703,6154,3054,3100,85,46,39,2782,1397,1385,337,158,179
0.0 Scen,2050,425,Somervell County,9360,4660,4700,6138,3049,3089,85,46,39,2802,1408,1394,335,157,178
0.0 Scen,2010,427,Starr County,60968,29440,31528,2449,1207,1242,15,13,2,58337,28135,30202,167,85,82
0.0 Scen,2011,427,Starr County,62045,29985,32060,2448,1207,1241,15,13,2,59412,28678,30734,170,87,83
0.0 Scen,2012,427,Starr County,63125,30525,32600,2450,1207,1243,15,13,2,60488,29217,31271,172,88,84
0.0 Scen,2013,427,Starr County,64246,31096,33150,2455,1209,1246,15,13,2,61602,29785,31817,174,89,85
0.0 Scen,2014,427,Starr County,65385,31673,33712,2457,1212,1245,15,13,2,62737,30358,32379,176,90,86
0.0 Scen,2015,427,Starr County,66546,32256,34290,2462,1214,1248,15,13,2,63892,30938,32954,177,91,86
0.0 Scen,2016,427,Starr County,67736,32862,34874,2465,1217,1248,15,13,2,65078,31541,33537,178,91,87
0.0 Scen,2017,427,Starr County,68942,33472,35470,2468,1220,1248,15,13,2,66281,32148,34133,178,91,87
0.0 Scen,2018,427,Starr County,70174,34097,36077,2477,1225,1252,15,13,2,67503,32768,34735,179,91,88
0.0 Scen,2019,427,Starr County,71416,34728,36688,2479,1225,1254,15,13,2,68741,33397,35344,181,93,88
0.0 Scen,2020,427,Starr County,72663,35359,37304,2482,1226,1256,15,13,2,69984,34027,35957,182,93,89
0.0 Scen,2021,427,Starr County,73923,36004,37919,2489,1229,1260,15,13,2,71236,34668,36568,183,94,89
0.0 Scen,2022,427,Starr County,75228,36662,38566,2497,1233,1264,15,13,2,72531,35322,37209,185,94,91
0.0 Scen,2023,427,Starr County,76524,37328,39196,2507,1239,1268,15,13,2,73816,35981,37835,186,95,91
0.0 Scen,2024,427,Starr County,77809,37986,39823,2514,1243,1271,15,13,2,75095,36635,38460,185,95,90
0.0 Scen,2025,427,Starr County,79091,38641,40450,2519,1247,1272,15,13,2,76370,37285,39085,187,96,91
0.0 Scen,2026,427,Starr County,80376,39303,41073,2524,1252,1272,15,13,2,77648,37941,39707,189,97,92
0.0 Scen,2027,427,Starr County,81643,39961,41682,2527,1257,1270,15,13,2,78909,38593,40316,192,98,94
0.0 Scen,2028,427,Starr County,82906,40607,42299,2528,1258,1270,15,13,2,80171,39239,40932,192,97,95
0.0 Scen,2029,427,Starr County,84166,41261,42905,2530,1264,1266,15,13,2,81427,39886,41541,194,98,96
0.0 Scen,2030,427,Starr County,85414,41903,43511,2542,1269,1273,15,13,2,82661,40523,42138,196,98,98
0.0 Scen,2031,427,Starr County,86675,42547,44128,2552,1272,1280,15,13,2,83908,41161,42747,200,101,99
0.0 Scen,2032,427,Starr County,87946,43197,44749,2561,1277,1284,15,13,2,85166,41804,43362,204,103,101
0.0 Scen,2033,427,Starr County,89245,43867,45378,2571,1283,1288,15,13,2,86452,42466,43986,207,105,102
0.0 Scen,2034,427,Starr County,90553,44541,46012,2578,1284,1294,15,13,2,87750,43138,44612,210,106,104
0.0 Scen,2035,427,Starr County,91886,45232,46654,2579,1283,1296,15,13,2,89080,43829,45251,212,107,105
0.0 Scen,2036,427,Starr County,93267,45936,47331,2581,1282,1299,15,13,2,90457,44533,45924,214,108,106
0.0 Scen,2037,427,Starr County,94661,46661,48000,2577,1280,1297,15,13,2,91853,45259,46594,216,109,107
0.0 Scen,2038,427,Starr County,96093,47397,48696,2575,1279,1296,15,13,2,93285,45995,47290,218,110,108
0.0 Scen,2039,427,Starr County,97545,48151,49394,2567,1276,1291,15,13,2,94746,46753,47993,217,109,108
0.0 Scen,2040,427,Starr County,99039,48923,50116,2564,1276,1288,15,13,2,96242,47524,48718,218,110,108
0.0 Scen,2041,427,Starr County,100570,49713,50857,2558,1274,1284,15,13,2,97779,48316,49463,218,110,108
0.0 Scen,2042,427,Starr County,102124,50516,51608,2549,1271,1278,15,13,2,99342,49122,50220,218,110,108
0.0 Scen,2043,427,Starr County,103717,51344,52373,2537,1267,1270,15,13,2,100948,49955,50993,217,109,108
0.0 Scen,2044,427,Starr County,105319,52166,53153,2523,1261,1262,15,13,2,102563,50783,51780,218,109,109
0.0 Scen,2045,427,Starr County,106954,53015,53939,2510,1256,1254,15,13,2,104210,51636,52574,219,110,109
0.0 Scen,2046,427,Starr County,108620,53881,54739,2497,1251,1246,15,13,2,105889,52507,53382,219,110,109
0.0 Scen,2047,427,Starr County,110289,54739,55550,2485,1246,1239,15,13,2,107571,53370,54201,218,110,108
0.0 Scen,2048,427,Starr County,111984,55619,56365,2468,1240,1228,15,13,2,109284,54257,55027,217,109,108
0.0 Scen,2049,427,Starr County,113695,56501,57194,2453,1230,1223,15,13,2,111012,55149,55863,215,109,106
0.0 Scen,2050,427,Starr County,115415,57390,58025,2440,1226,1214,15,13,2,112748,56044,56704,212,107,105
0.0 Scen,2010,429,Stephens County,9630,4975,4655,7289,3650,3639,195,136,59,2011,1110,901,135,79,56
0.0 Scen,2011,429,Stephens County,9652,4987,4665,7273,3643,3630,196,137,59,2046,1127,919,137,80,57
0.0 Scen,2012,429,Stephens County,9665,4995,4670,7249,3633,3616,197,137,60,2081,1145,936,138,80,58
0.0 Scen,2013,429,Stephens County,9691,5009,4682,7239,3627,3612,197,137,60,2116,1164,952,139,81,58
0.0 Scen,2014,429,Stephens County,9708,5021,4687,7221,3621,3600,196,136,60,2153,1184,969,138,80,58
0.0 Scen,2015,429,Stephens County,9736,5036,4700,7209,3616,3593,196,136,60,2192,1203,989,139,81,58
0.0 Scen,2016,429,Stephens County,9764,5052,4712,7196,3613,3583,195,135,60,2232,1222,1010,141,82,59
0.0 Scen,2017,429,Stephens County,9793,5069,4724,7186,3611,3575,195,135,60,2270,1241,1029,142,82,60
0.0 Scen,2018,429,Stephens County,9818,5081,4737,7177,3607,3570,193,133,60,2305,1259,1046,143,82,61
0.0 Scen,2019,429,Stephens County,9861,5108,4753,7179,3611,3568,194,135,59,2343,1278,1065,145,84,61
0.0 Scen,2020,429,Stephens County,9892,5125,4767,7172,3607,3565,194,135,59,2380,1299,1081,146,84,62
0.0 Scen,2021,429,Stephens County,9922,5144,4778,7164,3607,3557,191,133,58,2422,1321,1101,145,83,62
0.0 Scen,2022,429,Stephens County,9954,5162,4792,7154,3605,3549,194,135,59,2460,1339,1121,146,83,63
0.0 Scen,2023,429,Stephens County,9987,5179,4808,7144,3601,3543,192,134,58,2505,1361,1144,146,83,63
0.0 Scen,2024,429,Stephens County,10020,5199,4821,7135,3599,3536,193,135,58,2545,1382,1163,147,83,64
0.0 Scen,2025,429,Stephens County,10056,5222,4834,7128,3600,3528,193,135,58,2585,1401,1184,150,86,64
0.0 Scen,2026,429,Stephens County,10088,5240,4848,7117,3596,3521,191,133,58,2628,1425,1203,152,86,66
0.0 Scen,2027,429,Stephens County,10124,5258,4866,7111,3593,3518,194,136,58,2667,1443,1224,152,86,66
0.0 Scen,2028,429,Stephens County,10160,5275,4885,7103,3588,3515,195,136,59,2707,1463,1244,155,88,67
0.0 Scen,2029,429,Stephens County,10199,5294,4905,7099,3586,3513,195,135,60,2750,1485,1265,155,88,67
0.0 Scen,2030,429,Stephens County,10238,5312,4926,7097,3585,3512,196,135,61,2791,1506,1285,154,86,68
0.0 Scen,2031,429,Stephens County,10269,5331,4938,7088,3583,3505,197,136,61,2826,1523,1303,158,89,69
0.0 Scen,2032,429,Stephens County,10304,5355,4949,7081,3586,3495,196,135,61,2869,1546,1323,158,88,70
0.0 Scen,2033,429,Stephens County,10338,5379,4959,7074,3587,3487,196,136,60,2909,1568,1341,159,88,71
0.0 Scen,2034,429,Stephens County,10377,5401,4976,7068,3585,3483,199,139,60,2950,1589,1361,160,88,72
0.0 Scen,2035,429,Stephens County,10410,5419,4991,7060,3581,3479,196,136,60,2994,1613,1381,160,89,71
0.0 Scen,2036,429,Stephens County,10441,5435,5006,7051,3577,3474,198,137,61,3031,1631,1400,161,90,71
0.0 Scen,2037,429,Stephens County,10469,5454,5015,7044,3577,3467,195,135,60,3068,1651,1417,162,91,71
0.0 Scen,2038,429,Stephens County,10493,5471,5022,7034,3578,3456,194,134,60,3102,1667,1435,163,92,71
0.0 Scen,2039,429,Stephens County,10525,5490,5035,7034,3581,3453,192,133,59,3137,1684,1453,162,92,70
0.0 Scen,2040,429,Stephens County,10552,5507,5045,7028,3581,3447,190,132,58,3172,1702,1470,162,92,70
0.0 Scen,2041,429,Stephens County,10582,5525,5057,7025,3583,3442,188,131,57,3207,1719,1488,162,92,70
0.0 Scen,2042,429,Stephens County,10613,5544,5069,7023,3586,3437,188,130,58,3241,1737,1504,161,91,70
0.0 Scen,2043,429,Stephens County,10635,5558,5077,7019,3588,3431,186,129,57,3270,1751,1519,160,90,70
0.0 Scen,2044,429,Stephens County,10664,5576,5088,7019,3591,3428,185,128,57,3301,1768,1533,159,89,70
0.0 Scen,2045,429,Stephens County,10687,5593,5094,7017,3594,3423,185,129,56,3327,1781,1546,158,89,69
0.0 Scen,2046,429,Stephens County,10722,5618,5104,7022,3602,3420,186,130,56,3357,1798,1559,157,88,69
0.0 Scen,2047,429,Stephens County,10744,5632,5112,7019,3604,3415,186,131,55,3383,1809,1574,156,88,68
0.0 Scen,2048,429,Stephens County,10778,5650,5128,7030,3614,3416,183,128,55,3409,1820,1589,156,88,68
0.0 Scen,2049,429,Stephens County,10815,5672,5143,7038,3620,3418,183,129,54,3439,1835,1604,155,88,67
0.0 Scen,2050,429,Stephens County,10847,5691,5156,7042,3626,3416,183,129,54,3467,1849,1618,155,87,68
0.0 Scen,2010,431,Sterling County,1143,576,567,733,362,371,13,10,3,365,187,178,32,17,15
0.0 Scen,2011,431,Sterling County,1155,583,572,739,365,374,13,10,3,371,191,180,32,17,15
0.0 Scen,2012,431,Sterling County,1166,590,576,744,368,376,13,10,3,377,195,182,32,17,15
0.0 Scen,2013,431,Sterling County,1178,597,581,750,371,379,13,10,3,383,199,184,32,17,15
0.0 Scen,2014,431,Sterling County,1188,603,585,754,373,381,13,10,3,389,203,186,32,17,15
0.0 Scen,2015,431,Sterling County,1198,610,588,758,376,382,13,10,3,395,207,188,32,17,15
0.0 Scen,2016,431,Sterling County,1206,616,590,760,378,382,13,10,3,401,211,190,32,17,15
0.0 Scen,2017,431,Sterling County,1213,620,593,762,379,383,13,10,3,406,214,192,32,17,15
0.0 Scen,2018,431,Sterling County,1219,623,596,763,380,383,13,10,3,412,217,195,31,16,15
0.0 Scen,2019,431,Sterling County,1225,626,599,763,380,383,13,10,3,418,220,198,31,16,15
0.0 Scen,2020,431,Sterling County,1233,628,605,764,379,385,13,10,3,425,223,202,31,16,15
0.0 Scen,2021,431,Sterling County,1242,633,609,766,381,385,13,10,3,432,226,206,31,16,15
0.0 Scen,2022,431,Sterling County,1247,636,611,765,381,384,13,10,3,438,229,209,31,16,15
0.0 Scen,2023,431,Sterling County,1254,640,614,766,382,384,13,10,3,444,232,212,31,16,15
0.0 Scen,2024,431,Sterling County,1260,645,615,766,384,382,13,10,3,450,235,215,31,16,15
0.0 Scen,2025,431,Sterling County,1268,650,618,768,386,382,13,10,3,456,238,218,31,16,15
0.0 Scen,2026,431,Sterling County,1272,654,618,766,386,380,13,10,3,463,242,221,30,16,14
0.0 Scen,2027,431,Sterling County,1282,659,623,769,387,382,13,10,3,470,246,224,30,16,14
0.0 Scen,2028,431,Sterling County,1288,662,626,769,387,382,13,10,3,476,249,227,30,16,14
0.0 Scen,2029,431,Sterling County,1294,666,628,768,387,381,13,10,3,482,253,229,31,16,15
0.0 Scen,2030,431,Sterling County,1297,668,629,765,385,380,13,10,3,488,257,231,31,16,15
0.0 Scen,2031,431,Sterling County,1306,674,632,767,387,380,13,10,3,495,261,234,31,16,15
0.0 Scen,2032,431,Sterling County,1313,678,635,767,387,380,13,10,3,502,265,237,31,16,15
0.0 Scen,2033,431,Sterling County,1320,681,639,766,386,380,13,10,3,510,269,241,31,16,15
0.0 Scen,2034,431,Sterling County,1323,682,641,762,383,379,13,10,3,517,273,244,31,16,15
0.0 Scen,2035,431,Sterling County,1327,684,643,758,380,378,13,10,3,524,277,247,32,17,15
0.0 Scen,2036,431,Sterling County,1331,686,645,755,378,377,13,10,3,531,281,250,32,17,15
0.0 Scen,2037,431,Sterling County,1338,690,648,755,378,377,13,10,3,538,285,253,32,17,15
0.0 Scen,2038,431,Sterling County,1345,694,651,755,378,377,13,10,3,545,289,256,32,17,15
0.0 Scen,2039,431,Sterling County,1350,698,652,753,378,375,13,10,3,552,293,259,32,17,15
0.0 Scen,2040,431,Sterling County,1353,701,652,750,378,372,13,10,3,558,296,262,32,17,15
0.0 Scen,2041,431,Sterling County,1354,702,652,745,376,369,13,10,3,564,299,265,32,17,15
0.0 Scen,2042,431,Sterling County,1354,701,653,737,371,366,13,10,3,572,303,269,32,17,15
0.0 Scen,2043,431,Sterling County,1354,702,652,730,369,361,13,10,3,579,306,273,32,17,15
0.0 Scen,2044,431,Sterling County,1355,703,652,724,367,357,13,10,3,586,309,277,32,17,15
0.0 Scen,2045,431,Sterling County,1356,704,652,719,365,354,13,10,3,592,312,280,32,17,15
0.0 Scen,2046,431,Sterling County,1356,704,652,713,362,351,13,10,3,598,315,283,32,17,15
0.0 Scen,2047,431,Sterling County,1356,704,652,707,359,348,13,10,3,604,318,286,32,17,15
0.0 Scen,2048,431,Sterling County,1353,704,649,698,356,342,13,10,3,610,321,289,32,17,15
0.0 Scen,2049,431,Sterling County,1353,705,648,693,354,339,13,10,3,615,324,291,32,17,15
0.0 Scen,2050,431,Sterling County,1352,704,648,686,350,336,13,10,3,621,327,294,32,17,15
0.0 Scen,2010,433,Stonewall County,1490,717,773,1206,581,625,38,20,18,209,100,109,37,16,21
0.0 Scen,2011,433,Stonewall County,1491,717,774,1203,579,624,38,20,18,213,102,111,37,16,21
0.0 Scen,2012,433,Stonewall County,1492,718,774,1200,578,622,38,20,18,217,104,113,37,16,21
0.0 Scen,2013,433,Stonewall County,1490,717,773,1194,575,619,38,20,18,221,106,115,37,16,21
0.0 Scen,2014,433,Stonewall County,1493,720,773,1193,576,617,38,20,18,225,108,117,37,16,21
0.0 Scen,2015,433,Stonewall County,1494,723,771,1190,576,614,38,20,18,229,111,118,37,16,21
0.0 Scen,2016,433,Stonewall County,1494,725,769,1185,575,610,38,20,18,234,114,120,37,16,21
0.0 Scen,2017,433,Stonewall County,1494,728,766,1181,575,606,38,20,18,238,117,121,37,16,21
0.0 Scen,2018,433,Stonewall County,1498,731,767,1181,576,605,38,20,18,242,119,123,37,16,21
0.0 Scen,2019,433,Stonewall County,1499,734,765,1177,576,601,38,20,18,247,122,125,37,16,21
0.0 Scen,2020,433,Stonewall County,1504,739,765,1178,579,599,38,20,18,251,124,127,37,16,21
0.0 Scen,2021,433,Stonewall County,1508,742,766,1178,579,599,38,20,18,256,127,129,36,16,20
0.0 Scen,2022,433,Stonewall County,1513,747,766,1179,581,598,38,20,18,260,130,130,36,16,20
0.0 Scen,2023,433,Stonewall County,1514,749,765,1175,580,595,38,20,18,265,133,132,36,16,20
0.0 Scen,2024,433,Stonewall County,1519,753,766,1175,581,594,38,20,18,270,136,134,36,16,20
0.0 Scen,2025,433,Stonewall County,1525,756,769,1178,582,596,37,19,18,274,139,135,36,16,20
0.0 Scen,2026,433,Stonewall County,1525,757,768,1173,581,592,36,18,18,279,142,137,37,16,21
0.0 Scen,2027,433,Stonewall County,1533,763,770,1174,583,591,36,18,18,285,145,140,38,17,21
0.0 Scen,2028,433,Stonewall County,1535,763,772,1171,582,589,36,18,18,290,147,143,38,16,22
0.0 Scen,2029,433,Stonewall County,1539,766,773,1170,582,588,36,18,18,294,149,145,39,17,22
0.0 Scen,2030,433,Stonewall County,1538,766,772,1163,580,583,36,18,18,299,151,148,40,17,23
0.0 Scen,2031,433,Stonewall County,1540,766,774,1159,577,582,35,17,18,305,154,151,41,18,23
0.0 Scen,2032,433,Stonewall County,1538,765,773,1151,573,578,35,17,18,310,157,153,42,18,24
0.0 Scen,2033,433,Stonewall County,1540,767,773,1148,572,576,35,17,18,315,160,155,42,18,24
0.0 Scen,2034,433,Stonewall County,1534,764,770,1137,567,570,35,17,18,319,162,157,43,18,25
0.0 Scen,2035,433,Stonewall County,1534,764,770,1133,564,569,35,17,18,322,164,158,44,19,25
0.0 Scen,2036,433,Stonewall County,1528,763,765,1124,561,563,35,17,18,325,166,159,44,19,25
0.0 Scen,2037,433,Stonewall County,1526,762,764,1118,558,560,35,17,18,329,168,161,44,19,25
0.0 Scen,2038,433,Stonewall County,1520,760,760,1108,553,555,35,17,18,333,171,162,44,19,25
0.0 Scen,2039,433,Stonewall County,1516,759,757,1101,550,551,35,17,18,336,173,163,44,19,25
0.0 Scen,2040,433,Stonewall County,1511,758,753,1093,547,546,35,17,18,339,175,164,44,19,25
0.0 Scen,2041,433,Stonewall County,1508,758,750,1086,544,542,35,17,18,343,178,165,44,19,25
0.0 Scen,2042,433,Stonewall County,1499,755,744,1075,539,536,34,17,17,346,180,166,44,19,25
0.0 Scen,2043,433,Stonewall County,1496,756,740,1069,538,531,33,17,16,350,182,168,44,19,25
0.0 Scen,2044,433,Stonewall County,1491,754,737,1061,534,527,33,17,16,353,184,169,44,19,25
0.0 Scen,2045,433,Stonewall County,1486,752,734,1053,530,523,33,17,16,356,186,170,44,19,25
0.0 Scen,2046,433,Stonewall County,1483,751,732,1048,528,520,32,16,16,359,188,171,44,19,25
0.0 Scen,2047,433,Stonewall County,1481,752,729,1043,528,515,31,15,16,363,190,173,44,19,25
0.0 Scen,2048,433,Stonewall County,1477,750,727,1035,524,511,31,15,16,367,192,175,44,19,25
0.0 Scen,2049,433,Stonewall County,1473,748,725,1028,520,508,30,15,15,371,194,177,44,19,25
0.0 Scen,2050,433,Stonewall County,1470,748,722,1022,518,504,29,15,14,375,196,179,44,19,25
0.0 Scen,2010,435,Sutton County,4128,2029,2099,1639,790,849,6,6,0,2459,1220,1239,24,13,11
0.0 Scen,2011,435,Sutton County,4169,2052,2117,1648,796,852,6,6,0,2491,1237,1254,24,13,11
0.0 Scen,2012,435,Sutton County,4214,2078,2136,1656,802,854,6,6,0,2528,1257,1271,24,13,11
0.0 Scen,2013,435,Sutton County,4257,2101,2156,1662,807,855,6,6,0,2565,1275,1290,24,13,11
0.0 Scen,2014,435,Sutton County,4300,2126,2174,1670,813,857,6,6,0,2600,1294,1306,24,13,11
0.0 Scen,2015,435,Sutton County,4343,2147,2196,1674,816,858,6,6,0,2639,1312,1327,24,13,11
0.0 Scen,2016,435,Sutton County,4389,2173,2216,1681,820,861,6,6,0,2678,1334,1344,24,13,11
0.0 Scen,2017,435,Sutton County,4429,2193,2236,1684,821,863,6,6,0,2715,1353,1362,24,13,11
0.0 Scen,2018,435,Sutton County,4468,2214,2254,1686,823,863,6,6,0,2752,1372,1380,24,13,11
0.0 Scen,2019,435,Sutton County,4504,2229,2275,1684,820,864,6,6,0,2790,1390,1400,24,13,11
0.0 Scen,2020,435,Sutton County,4544,2249,2295,1687,820,867,6,6,0,2827,1410,1417,24,13,11
0.0 Scen,2021,435,Sutton County,4585,2270,2315,1686,820,866,6,6,0,2869,1431,1438,24,13,11
0.0 Scen,2022,435,Sutton County,4628,2292,2336,1693,823,870,6,6,0,2905,1450,1455,24,13,11
0.0 Scen,2023,435,Sutton County,4672,2316,2356,1695,825,870,6,6,0,2947,1472,1475,24,13,11
0.0 Scen,2024,435,Sutton County,4716,2334,2382,1701,825,876,6,6,0,2985,1490,1495,24,13,11
0.0 Scen,2025,435,Sutton County,4751,2351,2400,1698,824,874,6,6,0,3023,1508,1515,24,13,11
0.0 Scen,2026,435,Sutton County,4785,2367,2418,1694,821,873,6,6,0,3061,1527,1534,24,13,11
0.0 Scen,2027,435,Sutton County,4822,2383,2439,1692,819,873,6,6,0,3100,1545,1555,24,13,11
0.0 Scen,2028,435,Sutton County,4848,2393,2455,1681,812,869,6,6,0,3137,1562,1575,24,13,11
0.0 Scen,2029,435,Sutton County,4874,2404,2470,1675,806,869,6,6,0,3169,1579,1590,24,13,11
0.0 Scen,2030,435,Sutton County,4903,2417,2486,1667,800,867,6,6,0,3206,1598,1608,24,13,11
0.0 Scen,2031,435,Sutton County,4926,2428,2498,1655,795,860,6,6,0,3241,1614,1627,24,13,11
0.0 Scen,2032,435,Sutton County,4947,2439,2508,1649,792,857,6,6,0,3268,1628,1640,24,13,11
0.0 Scen,2033,435,Sutton County,4970,2452,2518,1639,788,851,6,6,0,3301,1645,1656,24,13,11
0.0 Scen,2034,435,Sutton County,4985,2462,2523,1629,785,844,6,6,0,3326,1658,1668,24,13,11
0.0 Scen,2035,435,Sutton County,5002,2469,2533,1622,780,842,6,6,0,3350,1670,1680,24,13,11
0.0 Scen,2036,435,Sutton County,5024,2482,2542,1613,776,837,6,6,0,3381,1687,1694,24,13,11
0.0 Scen,2037,435,Sutton County,5044,2493,2551,1604,773,831,6,6,0,3410,1701,1709,24,13,11
0.0 Scen,2038,435,Sutton County,5064,2506,2558,1598,772,826,6,6,0,3436,1715,1721,24,13,11
0.0 Scen,2039,435,Sutton County,5081,2515,2566,1589,767,822,6,6,0,3462,1729,1733,24,13,11
0.0 Scen,2040,435,Sutton County,5100,2527,2573,1579,764,815,6,6,0,3491,1744,1747,24,13,11
0.0 Scen,2041,435,Sutton County,5116,2536,2580,1569,761,808,6,6,0,3517,1756,1761,24,13,11
0.0 Scen,2042,435,Sutton County,5127,2539,2588,1554,753,801,6,6,0,3543,1767,1776,24,13,11
0.0 Scen,2043,435,Sutton County,5138,2545,2593,1540,746,794,6,6,0,3568,1780,1788,24,13,11
0.0 Scen,2044,435,Sutton County,5158,2556,2602,1530,742,788,6,6,0,3598,1795,1803,24,13,11
0.0 Scen,2045,435,Sutton County,5173,2564,2609,1522,739,783,6,6,0,3621,1806,1815,24,13,11
0.0 Scen,2046,435,Sutton County,5194,2576,2618,1516,737,779,6,6,0,3648,1820,1828,24,13,11
0.0 Scen,2047,435,Sutton County,5213,2586,2627,1509,734,775,6,6,0,3674,1833,1841,24,13,11
0.0 Scen,2048,435,Sutton County,5239,2598,2641,1503,731,772,6,6,0,3706,1848,1858,24,13,11
0.0 Scen,2049,435,Sutton County,5262,2610,2652,1496,727,769,6,6,0,3736,1864,1872,24,13,11
0.0 Scen,2050,435,Sutton County,5280,2620,2660,1486,723,763,6,6,0,3764,1878,1886,24,13,11
0.0 Scen,2010,437,Swisher County,7854,4136,3718,4025,2006,2019,552,386,166,3149,1686,1463,128,58,70
0.0 Scen,2011,437,Swisher County,7885,4157,3728,4001,1998,2003,555,388,167,3200,1712,1488,129,59,70
0.0 Scen,2012,437,Swisher County,7920,4178,3742,3980,1989,1991,558,390,168,3252,1740,1512,130,59,71
0.0 Scen,2013,437,Swisher County,7959,4200,3759,3960,1981,1979,561,392,169,3308,1767,1541,130,60,70
0.0 Scen,2014,437,Swisher County,7999,4224,3775,3941,1975,1966,562,392,170,3364,1796,1568,132,61,71
0.0 Scen,2015,437,Swisher County,8036,4241,3795,3914,1961,1953,567,395,172,3422,1824,1598,133,61,72
0.0 Scen,2016,437,Swisher County,8082,4266,3816,3896,1952,1944,570,397,173,3481,1855,1626,135,62,73
0.0 Scen,2017,437,Swisher County,8119,4285,3834,3870,1939,1931,574,399,175,3539,1884,1655,136,63,73
0.0 Scen,2018,437,Swisher County,8159,4307,3852,3844,1926,1918,578,401,177,3599,1916,1683,138,64,74
0.0 Scen,2019,437,Swisher County,8203,4328,3875,3822,1913,1909,582,403,179,3660,1947,1713,139,65,74
0.0 Scen,2020,437,Swisher County,8247,4353,3894,3801,1904,1897,586,405,181,3719,1978,1741,141,66,75
0.0 Scen,2021,437,Swisher County,8298,4377,3921,3785,1895,1890,591,407,184,3778,2007,1771,144,68,76
0.0 Scen,2022,437,Swisher County,8350,4402,3948,3768,1884,1884,598,410,188,3837,2038,1799,147,70,77
0.0 Scen,2023,437,Swisher County,8401,4427,3974,3751,1876,1875,601,411,190,3898,2069,1829,151,71,80
0.0 Scen,2024,437,Swisher County,8450,4456,3994,3739,1870,1869,604,415,189,3954,2099,1855,153,72,81
0.0 Scen,2025,437,Swisher County,8502,4487,4015,3728,1868,1860,610,417,193,4009,2129,1880,155,73,82
0.0 Scen,2026,437,Swisher County,8563,4517,4046,3721,1864,1857,616,420,196,4070,2160,1910,156,73,83
0.0 Scen,2027,437,Swisher County,8611,4545,4066,3712,1863,1849,622,423,199,4119,2185,1934,158,74,84
0.0 Scen,2028,437,Swisher County,8665,4571,4094,3707,1861,1846,628,426,202,4170,2210,1960,160,74,86
0.0 Scen,2029,437,Swisher County,8725,4603,4122,3703,1861,1842,633,429,204,4226,2237,1989,163,76,87
0.0 Scen,2030,437,Swisher County,8781,4630,4151,3697,1858,1839,641,432,209,4278,2263,2015,165,77,88
0.0 Scen,2031,437,Swisher County,8841,4661,4180,3691,1857,1834,646,434,212,4337,2291,2046,167,79,88
0.0 Scen,2032,437,Swisher County,8890,4689,4201,3685,1856,1829,650,436,214,4384,2314,2070,171,83,88
0.0 Scen,2033,437,Swisher County,8944,4716,4228,3678,1852,1826,656,439,217,4438,2341,2097,172,84,88
0.0 Scen,2034,437,Swisher County,8999,4744,4255,3672,1849,1823,661,443,218,4492,2366,2126,174,86,88
0.0 Scen,2035,437,Swisher County,9042,4766,4276,3665,1847,1818,663,443,220,4538,2388,2150,176,88,88
0.0 Scen,2036,437,Swisher County,9091,4791,4300,3660,1848,1812,668,446,222,4586,2408,2178,177,89,88
0.0 Scen,2037,437,Swisher County,9131,4813,4318,3653,1848,1805,667,444,223,4632,2430,2202,179,91,88
0.0 Scen,2038,437,Swisher County,9172,4836,4336,3644,1843,1801,674,451,223,4674,2451,2223,180,91,89
0.0 Scen,2039,437,Swisher County,9209,4855,4354,3637,1841,1796,671,448,223,4719,2473,2246,182,93,89
0.0 Scen,2040,437,Swisher County,9244,4874,4370,3628,1839,1789,672,449,223,4762,2493,2269,182,93,89
0.0 Scen,2041,437,Swisher County,9278,4895,4383,3613,1834,1779,674,450,224,4808,2517,2291,183,94,89
0.0 Scen,2042,437,Swisher County,9319,4918,4401,3604,1831,1773,676,452,224,4854,2540,2314,185,95,90
0.0 Scen,2043,437,Swisher County,9371,4948,4423,3605,1832,1773,678,454,224,4901,2566,2335,187,96,91
0.0 Scen,2044,437,Swisher County,9405,4962,4443,3599,1828,1771,674,450,224,4943,2587,2356,189,97,92
0.0 Scen,2045,437,Swisher County,9449,4984,4465,3595,1825,1770,677,451,226,4987,2611,2376,190,97,93
0.0 Scen,2046,437,Swisher County,9497,5012,4485,3594,1826,1768,679,452,227,5033,2636,2397,191,98,93
0.0 Scen,2047,437,Swisher County,9548,5043,4505,3594,1828,1766,680,452,228,5083,2664,2419,191,99,92
0.0 Scen,2048,437,Swisher County,9599,5073,4526,3590,1828,1762,684,455,229,5133,2691,2442,192,99,93
0.0 Scen,2049,437,Swisher County,9646,5098,4548,3592,1830,1762,682,453,229,5179,2715,2464,193,100,93
0.0 Scen,2050,437,Swisher County,9699,5129,4570,3594,1833,1761,687,456,231,5226,2741,2485,192,99,93
0.0 Scen,2010,439,Tarrant County,1809034,887235,921799,937135,456911,480224,262522,122902,139620,482977,245804,237173,126400,61618,64782
0.0 Scen,2011,439,Tarrant County,1825709,895699,930010,940866,458914,481952,264929,124103,140826,491906,250275,241631,128008,62407,65601
0.0 Scen,2012,439,Tarrant County,1841498,903786,937712,944218,460768,483450,267095,125198,141897,500673,254670,246003,129512,63150,66362
0.0 Scen,2013,439,Tarrant County,1857181,911747,945434,947502,462500,485002,269301,126311,142990,509415,259055,250360,130963,63881,67082
0.0 Scen,2014,439,Tarrant County,1872446,919563,952883,950487,464168,486319,271445,127408,144037,518123,263390,254733,132391,64597,67794
0.0 Scen,2015,439,Tarrant County,1887452,927078,960374,953322,465663,487659,273536,128428,145108,526839,267734,259105,133755,65253,68502
0.0 Scen,2016,439,Tarrant County,1901863,934367,967496,955656,466904,488752,275545,129461,146084,535550,272080,263470,135112,65922,69190
0.0 Scen,2017,439,Tarrant County,1916018,941555,974463,957690,468033,489657,277578,130470,147108,544269,276447,267822,136481,66605,69876
0.0 Scen,2018,439,Tarrant County,1929837,948447,981390,959558,468970,490588,279495,131456,148039,552998,280772,272226,137786,67249,70537
0.0 Scen,2019,439,Tarrant County,1943421,955289,988132,961123,469812,491311,281419,132437,148982,561792,285152,276640,139087,67888,71199
0.0 Scen,2020,439,Tarrant County,1956598,961975,994623,962401,470549,491852,283239,133364,149875,570645,289545,281100,140313,68517,71796
0.0 Scen,2021,439,Tarrant County,1969240,968191,1001049,963330,470990,492340,284989,134223,150766,579500,293950,285550,141421,69028,72393
0.0 Scen,2022,439,Tarrant County,1982035,974629,1007406,964028,471381,492647,286700,135105,151595,588532,298424,290108,142775,69719,73056
0.0 Scen,2023,439,Tarrant County,1994252,980792,1013460,964529,471675,492854,288280,135924,152356,597534,302877,294657,143909,70316,73593
0.0 Scen,2024,439,Tarrant County,2006336,986826,1019510,964671,471742,492929,289850,136752,153098,606714,307416,299298,145101,70916,74185
0.0 Scen,2025,439,Tarrant County,2018340,992732,1025608,964668,471802,492866,291418,137499,153919,615936,311987,303949,146318,71444,74874
0.0 Scen,2026,439,Tarrant County,2029821,998463,1031358,964330,471668,492662,292813,138230,154583,625240,316603,308637,147438,71962,75476
0.0 Scen,2027,439,Tarrant County,2041133,1004088,1037045,963593,471254,492339,294206,138955,155251,634680,321299,313381,148654,72580,76074
0.0 Scen,2028,439,Tarrant County,2052078,1009642,1042436,962644,470817,491827,295477,139621,155856,644148,325982,318166,149809,73222,76587
0.0 Scen,2029,439,Tarrant County,2062861,1015040,1047821,961423,470234,491189,296774,140265,156509,653625,330687,322938,151039,73854,77185
0.0 Scen,2030,439,Tarrant County,2073248,1020269,1052979,960033,469602,490431,297863,140865,156998,663079,335356,327723,152273,74446,77827
0.0 Scen,2031,439,Tarrant County,2083079,1025121,1057958,958363,468801,489562,298957,141419,157538,672447,339993,332454,153312,74908,78404
0.0 Scen,2032,439,Tarrant County,2092330,1029842,1062488,956296,467809,488487,299843,141923,157920,681698,344510,337188,154493,75600,78893
0.0 Scen,2033,439,Tarrant County,2101196,1034283,1066913,954045,466724,487321,300607,142366,158241,690943,349101,341842,155601,76092,79509
0.0 Scen,2034,439,Tarrant County,2109431,1038413,1071018,951521,465493,486028,301290,142762,158528,700005,353571,346434,156615,76587,80028
0.0 Scen,2035,439,Tarrant County,2117199,1042450,1074749,948838,464285,484553,301875,143092,158783,708862,357904,350958,157624,77169,80455
0.0 Scen,2036,439,Tarrant County,2124411,1046191,1078220,945913,462937,482976,302311,143378,158933,717544,362227,355317,158643,77649,80994
0.0 Scen,2037,439,Tarrant County,2131196,1049655,1081541,942855,461467,481388,302563,143606,158957,726238,366479,359759,159540,78103,81437
0.0 Scen,2038,439,Tarrant County,2137407,1053028,1084379,939534,459987,479547,302783,143786,158997,734799,370726,364073,160291,78529,81762
0.0 Scen,2039,439,Tarrant County,2143179,1055909,1087270,936039,458295,477744,302971,143917,159054,743068,374772,368296,161101,78925,82176
0.0 Scen,2040,439,Tarrant County,2148314,1058650,1089664,932450,456667,475783,302914,144006,158908,751218,378747,372471,161732,79230,82502
0.0 Scen,2041,439,Tarrant County,2153122,1061143,1091979,928552,454875,473677,302939,144068,158871,759210,382674,376536,162421,79526,82895
0.0 Scen,2042,439,Tarrant County,2157385,1063544,1093841,924580,453048,471532,302780,144075,158705,767091,386566,380525,162934,79855,83079
0.0 Scen,2043,439,Tarrant County,2161302,1065732,1095570,920433,451142,469291,302539,144039,158500,774845,390405,384440,163485,80146,83339
0.0 Scen,2044,439,Tarrant County,2164463,1067522,1096941,916212,449212,467000,302224,143981,158243,782217,393970,388247,163810,80359,83451
0.0 Scen,2045,439,Tarrant County,2167418,1069209,1098209,911690,447128,464562,301777,143896,157881,789693,397651,392042,164258,80534,83724
0.0 Scen,2046,439,Tarrant County,2170138,1070700,1099438,907191,445069,462122,301412,143784,157628,797007,401250,395757,164528,80597,83931
0.0 Scen,2047,439,Tarrant County,2172338,1072114,1100224,902611,443012,459599,300849,143650,157199,804176,404717,399459,164702,80735,83967
0.0 Scen,2048,439,Tarrant County,2174448,1073430,1101018,897984,440895,457089,300394,143499,156895,811195,408146,403049,164875,80890,83985
0.0 Scen,2049,439,Tarrant County,2176407,1074707,1101700,893379,438815,454564,299740,143331,156409,818213,411606,406607,165075,80955,84120
0.0 Scen,2050,439,Tarrant County,2178210,1075858,1102352,888783,436743,452040,299135,143153,155982,825114,414959,410155,165178,81003,84175
0.0 Scen,2010,441,Taylor County,131506,64028,67478,88121,42479,45642,9122,4713,4409,29074,14409,14665,5189,2427,2762
0.0 Scen,2011,441,Taylor County,132427,64516,67911,88408,42652,45756,9215,4753,4462,29551,14649,14902,5253,2462,2791
0.0 Scen,2012,441,Taylor County,133440,65037,68403,88758,42844,45914,9315,4798,4517,30042,14895,15147,5325,2500,2825
0.0 Scen,2013,441,Taylor County,134468,65573,68895,89125,43045,46080,9419,4847,4572,30526,15140,15386,5398,2541,2857
0.0 Scen,2014,441,Taylor County,135515,66116,69399,89513,43258,46255,9516,4892,4624,31014,15388,15626,5472,2578,2894
0.0 Scen,2015,441,Taylor County,136525,66649,69876,89871,43464,46407,9608,4935,4673,31498,15632,15866,5548,2618,2930
0.0 Scen,2016,441,Taylor County,137480,67163,70317,90190,43657,46533,9698,4978,4720,31977,15872,16105,5615,2656,2959
0.0 Scen,2017,441,Taylor County,138408,67659,70749,90477,43824,46653,9785,5019,4766,32460,16121,16339,5686,2695,2991
0.0 Scen,2018,441,Taylor County,139295,68148,71147,90732,43985,46747,9870,5064,4806,32930,16363,16567,5763,2736,3027
0.0 Scen,2019,441,Taylor County,140133,68599,71534,90942,44118,46824,9948,5103,4845,33404,16603,16801,5839,2775,3064
0.0 Scen,2020,441,Taylor County,140946,69044,71902,91125,44236,46889,10027,5144,4883,33872,16841,17031,5922,2823,3099
0.0 Scen,2021,441,Taylor County,141712,69450,72262,91257,44325,46932,10112,5188,4924,34341,17074,17267,6002,2863,3139
0.0 Scen,2022,441,Taylor County,142437,69845,72592,91351,44402,46949,10191,5227,4964,34819,17315,17504,6076,2901,3175
0.0 Scen,2023,441,Taylor County,143109,70208,72901,91404,44456,46948,10274,5268,5006,35285,17546,17739,6146,2938,3208
0.0 Scen,2024,441,Taylor County,143739,70550,73189,91420,44490,46930,10345,5301,5044,35757,17785,17972,6217,2974,3243
0.0 Scen,2025,441,Taylor County,144345,70871,73474,91410,44509,46901,10424,5337,5087,36228,18016,18212,6283,3009,3274
0.0 Scen,2026,441,Taylor County,144921,71180,73741,91373,44512,46861,10500,5373,5127,36697,18250,18447,6351,3045,3306
0.0 Scen,2027,441,Taylor County,145470,71475,73995,91310,44500,46810,10572,5406,5166,37173,18490,18683,6415,3079,3336
0.0 Scen,2028,441,Taylor County,145985,71755,74230,91227,44482,46745,10647,5440,5207,37634,18720,18914,6477,3113,3364
0.0 Scen,2029,441,Taylor County,146475,72035,74440,91129,44459,46670,10714,5474,5240,38106,18957,19149,6526,3145,3381
0.0 Scen,2030,441,Taylor County,146962,72291,74671,91007,44414,46593,10781,5504,5277,38587,19201,19386,6587,3172,3415
0.0 Scen,2031,441,Taylor County,147416,72538,74878,90891,44374,46517,10848,5534,5314,39040,19426,19614,6637,3204,3433
0.0 Scen,2032,441,Taylor County,147865,72785,75080,90769,44332,46437,10916,5568,5348,39488,19652,19836,6692,3233,3459
0.0 Scen,2033,441,Taylor County,148312,73023,75289,90651,44286,46365,10981,5596,5385,39935,19878,20057,6745,3263,3482
0.0 Scen,2034,441,Taylor County,148729,73251,75478,90524,44240,46284,11044,5622,5422,40367,20100,20267,6794,3289,3505
0.0 Scen,2035,441,Taylor County,149144,73464,75680,90418,44195,46223,11102,5643,5459,40787,20309,20478,6837,3317,3520
0.0 Scen,2036,441,Taylor County,149531,73673,75858,90311,44163,46148,11154,5661,5493,41192,20513,20679,6874,3336,3538
0.0 Scen,2037,441,Taylor County,149966,73900,76066,90236,44141,46095,11196,5675,5521,41614,20724,20890,6920,3360,3560
0.0 Scen,2038,441,Taylor County,150398,74141,76257,90173,44130,46043,11246,5693,5553,42012,20929,21083,6967,3389,3578
0.0 Scen,2039,441,Taylor County,150789,74357,76432,90099,44112,45987,11295,5716,5579,42395,21121,21274,7000,3408,3592
0.0 Scen,2040,441,Taylor County,151200,74578,76622,90051,44113,45938,11332,5725,5607,42775,21311,21464,7042,3429,3613
0.0 Scen,2041,441,Taylor County,151592,74798,76794,90007,44113,45894,11372,5738,5634,43138,21495,21643,7075,3452,3623
0.0 Scen,2042,441,Taylor County,151991,75027,76964,89966,44115,45851,11409,5757,5652,43511,21685,21826,7105,3470,3635
0.0 Scen,2043,441,Taylor County,152384,75247,77137,89930,44117,45813,11450,5778,5672,43863,21860,22003,7141,3492,3649
0.0 Scen,2044,441,Taylor County,152727,75439,77288,89864,44111,45753,11477,5787,5690,44209,22032,22177,7177,3509,3668
0.0 Scen,2045,441,Taylor County,153071,75641,77430,89800,44103,45697,11516,5803,5713,44554,22206,22348,7201,3529,3672
0.0 Scen,2046,441,Taylor County,153392,75836,77556,89732,44099,45633,11545,5820,5725,44882,22370,22512,7233,3547,3686
0.0 Scen,2047,441,Taylor County,153684,76010,77674,89641,44076,45565,11576,5836,5740,45208,22535,22673,7259,3563,3696
0.0 Scen,2048,441,Taylor County,153962,76173,77789,89542,44053,45489,11610,5850,5760,45528,22695,22833,7282,3575,3707
0.0 Scen,2049,441,Taylor County,154213,76339,77874,89427,44029,45398,11641,5868,5773,45839,22854,22985,7306,3588,3718
0.0 Scen,2050,441,Taylor County,154468,76503,77965,89310,44001,45309,11670,5885,5785,46155,23010,23145,7333,3607,3726
0.0 Scen,2010,443,Terrell County,984,509,475,495,257,238,6,5,1,467,238,229,16,9,7
0.0 Scen,2011,443,Terrell County,992,513,479,497,258,239,6,5,1,473,241,232,16,9,7
0.0 Scen,2012,443,Terrell County,998,516,482,497,258,239,6,5,1,479,244,235,16,9,7
0.0 Scen,2013,443,Terrell County,1006,520,486,499,259,240,6,5,1,485,247,238,16,9,7
0.0 Scen,2014,443,Terrell County,1012,522,490,499,258,241,6,5,1,491,250,241,16,9,7
0.0 Scen,2015,443,Terrell County,1021,528,493,502,261,241,6,5,1,497,253,244,16,9,7
0.0 Scen,2016,443,Terrell County,1025,531,494,500,261,239,6,5,1,503,256,247,16,9,7
0.0 Scen,2017,443,Terrell County,1030,534,496,499,261,238,6,5,1,509,259,250,16,9,7
0.0 Scen,2018,443,Terrell County,1035,537,498,498,261,237,6,5,1,515,262,253,16,9,7
0.0 Scen,2019,443,Terrell County,1041,541,500,498,262,236,6,5,1,521,265,256,16,9,7
0.0 Scen,2020,443,Terrell County,1046,545,501,498,263,235,6,5,1,526,268,258,16,9,7
0.0 Scen,2021,443,Terrell County,1051,549,502,498,264,234,6,5,1,531,271,260,16,9,7
0.0 Scen,2022,443,Terrell County,1052,550,502,495,262,233,6,5,1,535,274,261,16,9,7
0.0 Scen,2023,443,Terrell County,1057,553,504,496,262,234,6,5,1,539,277,262,16,9,7
0.0 Scen,2024,443,Terrell County,1060,555,505,495,261,234,6,5,1,543,280,263,16,9,7
0.0 Scen,2025,443,Terrell County,1065,556,509,496,260,236,6,5,1,547,282,265,16,9,7
0.0 Scen,2026,443,Terrell County,1069,557,512,496,259,237,6,5,1,551,284,267,16,9,7
0.0 Scen,2027,443,Terrell County,1069,556,513,492,256,236,6,5,1,555,286,269,16,9,7
0.0 Scen,2028,443,Terrell County,1076,560,516,494,257,237,6,5,1,560,289,271,16,9,7
0.0 Scen,2029,443,Terrell County,1077,562,515,491,256,235,6,5,1,564,292,272,16,9,7
0.0 Scen,2030,443,Terrell County,1080,564,516,490,256,234,6,5,1,568,294,274,16,9,7
0.0 Scen,2031,443,Terrell County,1084,568,516,490,257,233,6,5,1,572,297,275,16,9,7
0.0 Scen,2032,443,Terrell County,1088,570,518,489,256,233,6,5,1,577,300,277,16,9,7
0.0 Scen,2033,443,Terrell County,1090,571,519,486,254,232,6,5,1,582,303,279,16,9,7
0.0 Scen,2034,443,Terrell County,1092,573,519,483,253,230,6,5,1,587,306,281,16,9,7
0.0 Scen,2035,443,Terrell County,1092,573,519,479,251,228,6,5,1,591,308,283,16,9,7
0.0 Scen,2036,443,Terrell County,1093,575,518,476,250,226,6,5,1,595,311,284,16,9,7
0.0 Scen,2037,443,Terrell County,1095,577,518,473,249,224,6,5,1,600,314,286,16,9,7
0.0 Scen,2038,443,Terrell County,1096,578,518,470,247,223,6,5,1,604,317,287,16,9,7
0.0 Scen,2039,443,Terrell County,1097,580,517,466,246,220,6,5,1,609,320,289,16,9,7
0.0 Scen,2040,443,Terrell County,1097,580,517,461,244,217,6,5,1,614,322,292,16,9,7
0.0 Scen,2041,443,Terrell County,1096,580,516,456,242,214,6,5,1,618,324,294,16,9,7
0.0 Scen,2042,443,Terrell County,1091,578,513,448,238,210,6,5,1,621,326,295,16,9,7
0.0 Scen,2043,443,Terrell County,1089,577,512,443,235,208,6,5,1,624,328,296,16,9,7
0.0 Scen,2044,443,Terrell County,1088,578,510,439,234,205,6,5,1,627,330,297,16,9,7
0.0 Scen,2045,443,Terrell County,1087,578,509,435,232,203,6,5,1,630,332,298,16,9,7
0.0 Scen,2046,443,Terrell County,1087,580,507,431,231,200,6,5,1,634,335,299,16,9,7
0.0 Scen,2047,443,Terrell County,1087,581,506,427,229,198,6,5,1,638,338,300,16,9,7
0.0 Scen,2048,443,Terrell County,1087,582,505,423,227,196,6,5,1,642,341,301,16,9,7
0.0 Scen,2049,443,Terrell County,1087,583,504,420,226,194,6,5,1,645,343,302,16,9,7
0.0 Scen,2050,443,Terrell County,1088,584,504,417,225,192,6,5,1,649,345,304,16,9,7
0.0 Scen,2010,445,Terry County,12651,6717,5934,5747,2949,2798,565,376,189,6211,3323,2888,128,69,59
0.0 Scen,2011,445,Terry County,12765,6779,5986,5739,2948,2791,568,379,189,6326,3381,2945,132,71,61
0.0 Scen,2012,445,Terry County,12885,6840,6045,5729,2944,2785,572,382,190,6448,3441,3007,136,73,63
0.0 Scen,2013,445,Terry County,12998,6896,6102,5720,2940,2780,573,382,191,6565,3499,3066,140,75,65
0.0 Scen,2014,445,Terry County,13107,6952,6155,5706,2935,2771,576,384,192,6681,3556,3125,144,77,67
0.0 Scen,2015,445,Terry County,13229,7015,6214,5693,2929,2764,582,388,194,6806,3619,3187,148,79,69
0.0 Scen,2016,445,Terry County,13337,7068,6269,5679,2922,2757,584,388,196,6923,3677,3246,151,81,70
0.0 Scen,2017,445,Terry County,13441,7124,6317,5662,2917,2745,588,390,198,7036,3734,3302,155,83,72
0.0 Scen,2018,445,Terry County,13548,7178,6370,5645,2909,2736,593,393,200,7151,3791,3360,159,85,74
0.0 Scen,2019,445,Terry County,13656,7236,6420,5630,2904,2726,597,396,201,7266,3849,3417,163,87,76
0.0 Scen,2020,445,Terry County,13768,7293,6475,5616,2898,2718,600,398,202,7385,3908,3477,167,89,78
0.0 Scen,2021,445,Terry County,13873,7348,6525,5596,2890,2706,602,399,203,7503,3968,3535,172,91,81
0.0 Scen,2022,445,Terry County,13982,7405,6577,5584,2886,2698,602,399,203,7620,4027,3593,176,93,83
0.0 Scen,2023,445,Terry County,14096,7466,6630,5569,2880,2689,610,406,204,7736,4084,3652,181,96,85
0.0 Scen,2024,445,Terry County,14205,7518,6687,5550,2870,2680,612,406,206,7858,4144,3714,185,98,87
0.0 Scen,2025,445,Terry County,14308,7567,6741,5532,2863,2669,618,409,209,7969,4195,3774,189,100,89
0.0 Scen,2026,445,Terry County,14414,7617,6797,5510,2854,2656,621,409,212,8090,4252,3838,193,102,91
0.0 Scen,2027,445,Terry County,14511,7662,6849,5483,2842,2641,627,410,217,8204,4306,3898,197,104,93
0.0 Scen,2028,445,Terry County,14617,7712,6905,5462,2832,2630,630,412,218,8325,4363,3962,200,105,95
0.0 Scen,2029,445,Terry County,14725,7770,6955,5441,2826,2615,632,413,219,8448,4424,4024,204,107,97
0.0 Scen,2030,445,Terry County,14839,7826,7013,5428,2821,2607,634,414,220,8569,4482,4087,208,109,99
0.0 Scen,2031,445,Terry County,14950,7885,7065,5415,2820,2595,636,415,221,8687,4539,4148,212,111,101
0.0 Scen,2032,445,Terry County,15068,7947,7121,5406,2818,2588,639,416,223,8807,4600,4207,216,113,103
0.0 Scen,2033,445,Terry County,15183,8008,7175,5393,2814,2579,641,417,224,8929,4662,4267,220,115,105
0.0 Scen,2034,445,Terry County,15307,8074,7233,5383,2810,2573,644,419,225,9057,4729,4328,223,116,107
0.0 Scen,2035,445,Terry County,15423,8136,7287,5369,2804,2565,644,419,225,9183,4795,4388,227,118,109
0.0 Scen,2036,445,Terry County,15535,8192,7343,5356,2799,2557,643,418,225,9305,4855,4450,231,120,111
0.0 Scen,2037,445,Terry County,15659,8257,7402,5343,2793,2550,646,419,227,9435,4923,4512,235,122,113
0.0 Scen,2038,445,Terry County,15788,8327,7461,5333,2790,2543,649,422,227,9567,4991,4576,239,124,115
0.0 Scen,2039,445,Terry County,15907,8389,7518,5318,2783,2535,649,422,227,9698,5058,4640,242,126,116
0.0 Scen,2040,445,Terry County,16031,8459,7572,5303,2780,2523,653,425,228,9831,5127,4704,244,127,117
0.0 Scen,2041,445,Terry County,16152,8520,7632,5289,2773,2516,651,423,228,9964,5195,4769,248,129,119
0.0 Scen,2042,445,Terry County,16274,8586,7688,5277,2771,2506,653,425,228,10095,5261,4834,249,129,120
0.0 Scen,2043,445,Terry County,16392,8649,7743,5265,2766,2499,649,423,226,10226,5329,4897,252,131,121
0.0 Scen,2044,445,Terry County,16502,8709,7793,5248,2761,2487,646,421,225,10355,5396,4959,253,131,122
0.0 Scen,2045,445,Terry County,16626,8774,7852,5224,2747,2477,650,425,225,10496,5468,5028,256,134,122
0.0 Scen,2046,445,Terry County,16741,8831,7910,5203,2736,2467,647,422,225,10633,5537,5096,258,136,122
0.0 Scen,2047,445,Terry County,16873,8901,7972,5192,2733,2459,649,425,224,10769,5604,5165,263,139,124
0.0 Scen,2048,445,Terry County,17006,8969,8037,5179,2730,2449,648,423,225,10911,5674,5237,268,142,126
0.0 Scen,2049,445,Terry County,17129,9033,8096,5163,2723,2440,647,421,226,11047,5744,5303,272,145,127
0.0 Scen,2050,445,Terry County,17265,9105,8160,5155,2721,2434,650,423,227,11187,5814,5373,273,147,126
0.0 Scen,2010,447,Throckmorton County,1641,807,834,1453,729,724,9,3,6,152,66,86,27,9,18
0.0 Scen,2011,447,Throckmorton County,1643,809,834,1453,730,723,9,3,6,154,67,87,27,9,18
0.0 Scen,2012,447,Throckmorton County,1648,813,835,1456,733,723,9,3,6,156,68,88,27,9,18
0.0 Scen,2013,447,Throckmorton County,1650,814,836,1456,733,723,9,3,6,158,69,89,27,9,18
0.0 Scen,2014,447,Throckmorton County,1649,814,835,1453,732,721,9,3,6,160,70,90,27,9,18
0.0 Scen,2015,447,Throckmorton County,1652,815,837,1453,731,722,9,3,6,163,72,91,27,9,18
0.0 Scen,2016,447,Throckmorton County,1653,816,837,1451,731,720,9,3,6,166,73,93,27,9,18
0.0 Scen,2017,447,Throckmorton County,1660,819,841,1455,732,723,9,3,6,169,75,94,27,9,18
0.0 Scen,2018,447,Throckmorton County,1662,821,841,1454,732,722,9,3,6,172,77,95,27,9,18
0.0 Scen,2019,447,Throckmorton County,1662,822,840,1450,731,719,9,3,6,176,79,97,27,9,18
0.0 Scen,2020,447,Throckmorton County,1660,822,838,1444,729,715,9,3,6,180,81,99,27,9,18
0.0 Scen,2021,447,Throckmorton County,1660,823,837,1441,728,713,9,3,6,184,83,101,26,9,17
0.0 Scen,2022,447,Throckmorton County,1665,824,841,1442,727,715,9,3,6,188,85,103,26,9,17
0.0 Scen,2023,447,Throckmorton County,1663,825,838,1436,725,711,9,3,6,192,88,104,26,9,17
0.0 Scen,2024,447,Throckmorton County,1664,825,839,1432,722,710,9,3,6,197,91,106,26,9,17
0.0 Scen,2025,447,Throckmorton County,1664,826,838,1427,720,707,9,3,6,202,94,108,26,9,17
0.0 Scen,2026,447,Throckmorton County,1660,826,834,1419,717,702,9,3,6,206,97,109,26,9,17
0.0 Scen,2027,447,Throckmorton County,1667,831,836,1422,719,703,9,3,6,210,100,110,26,9,17
0.0 Scen,2028,447,Throckmorton County,1667,834,833,1418,719,699,9,3,6,214,103,111,26,9,17
0.0 Scen,2029,447,Throckmorton County,1666,838,828,1413,720,693,9,3,6,218,106,112,26,9,17
0.0 Scen,2030,447,Throckmorton County,1669,841,828,1412,721,691,9,3,6,222,108,114,26,9,17
0.0 Scen,2031,447,Throckmorton County,1661,837,824,1400,714,686,9,3,6,225,111,114,27,9,18
0.0 Scen,2032,447,Throckmorton County,1656,834,822,1391,709,682,9,3,6,229,113,116,27,9,18
0.0 Scen,2033,447,Throckmorton County,1652,833,819,1384,706,678,9,3,6,232,115,117,27,9,18
0.0 Scen,2034,447,Throckmorton County,1649,832,817,1379,704,675,9,3,6,234,116,118,27,9,18
0.0 Scen,2035,447,Throckmorton County,1648,831,817,1374,701,673,9,3,6,238,118,120,27,9,18
0.0 Scen,2036,447,Throckmorton County,1645,832,813,1368,700,668,9,3,6,241,120,121,27,9,18
0.0 Scen,2037,447,Throckmorton County,1638,829,809,1358,696,662,9,3,6,244,121,123,27,9,18
0.0 Scen,2038,447,Throckmorton County,1636,828,808,1354,694,660,9,3,6,246,122,124,27,9,18
0.0 Scen,2039,447,Throckmorton County,1632,825,807,1348,690,658,9,3,6,248,123,125,27,9,18
0.0 Scen,2040,447,Throckmorton County,1631,824,807,1343,687,656,9,3,6,252,125,127,27,9,18
0.0 Scen,2041,447,Throckmorton County,1628,824,804,1337,685,652,9,3,6,255,127,128,27,9,18
0.0 Scen,2042,447,Throckmorton County,1622,820,802,1327,679,648,9,3,6,259,129,130,27,9,18
0.0 Scen,2043,447,Throckmorton County,1617,817,800,1319,675,644,9,3,6,262,130,132,27,9,18
0.0 Scen,2044,447,Throckmorton County,1610,813,797,1310,670,640,9,3,6,264,131,133,27,9,18
0.0 Scen,2045,447,Throckmorton County,1607,812,795,1304,667,637,9,3,6,267,133,134,27,9,18
0.0 Scen,2046,447,Throckmorton County,1603,811,792,1297,664,633,9,3,6,270,135,135,27,9,18
0.0 Scen,2047,447,Throckmorton County,1600,812,788,1291,663,628,9,3,6,273,137,136,27,9,18
0.0 Scen,2048,447,Throckmorton County,1596,810,786,1286,660,626,9,3,6,275,138,137,26,9,17
0.0 Scen,2049,447,Throckmorton County,1592,808,784,1280,657,623,9,3,6,278,139,139,25,9,16
0.0 Scen,2050,447,Throckmorton County,1590,806,784,1276,654,622,9,3,6,280,140,140,25,9,16
0.0 Scen,2010,449,Titus County,32334,15976,16358,15904,7666,8238,3000,1411,1589,12799,6606,6193,631,293,338
0.0 Scen,2011,449,Titus County,32646,16137,16509,15884,7659,8225,3027,1426,1601,13094,6754,6340,641,298,343
0.0 Scen,2012,449,Titus County,32973,16305,16668,15869,7651,8218,3057,1442,1615,13398,6910,6488,649,302,347
0.0 Scen,2013,449,Titus County,33313,16484,16829,15861,7650,8211,3086,1460,1626,13707,7066,6641,659,308,351
0.0 Scen,2014,449,Titus County,33649,16655,16994,15851,7645,8206,3109,1475,1634,14021,7224,6797,668,311,357
0.0 Scen,2015,449,Titus County,33984,16834,17150,15841,7645,8196,3134,1491,1643,14331,7381,6950,678,317,361
0.0 Scen,2016,449,Titus County,34331,17014,17317,15826,7640,8186,3164,1509,1655,14653,7544,7109,688,321,367
0.0 Scen,2017,449,Titus County,34676,17195,17481,15815,7637,8178,3191,1526,1665,14972,7704,7268,698,328,370
0.0 Scen,2018,449,Titus County,35015,17364,17651,15793,7624,8169,3216,1540,1676,15300,7867,7433,706,333,373
0.0 Scen,2019,449,Titus County,35360,17534,17826,15778,7618,8160,3241,1553,1688,15623,8026,7597,718,337,381
0.0 Scen,2020,449,Titus County,35686,17694,17992,15758,7610,8148,3257,1560,1697,15944,8183,7761,727,341,386
0.0 Scen,2021,449,Titus County,36022,17872,18150,15736,7605,8131,3278,1574,1704,16273,8346,7927,735,347,388
0.0 Scen,2022,449,Titus County,36371,18039,18332,15723,7598,8125,3301,1586,1715,16602,8503,8099,745,352,393
0.0 Scen,2023,449,Titus County,36698,18200,18498,15692,7588,8104,3312,1592,1720,16936,8662,8274,758,358,400
0.0 Scen,2024,449,Titus County,37019,18355,18664,15662,7577,8085,3323,1597,1726,17264,8817,8447,770,364,406
0.0 Scen,2025,449,Titus County,37338,18509,18829,15623,7559,8064,3332,1603,1729,17602,8977,8625,781,370,411
0.0 Scen,2026,449,Titus County,37657,18665,18992,15577,7539,8038,3344,1612,1732,17943,9137,8806,793,377,416
0.0 Scen,2027,449,Titus County,37970,18819,19151,15531,7518,8013,3348,1614,1734,18286,9304,8982,805,383,422
0.0 Scen,2028,449,Titus County,38291,18984,19307,15482,7497,7985,3360,1623,1737,18631,9474,9157,818,390,428
0.0 Scen,2029,449,Titus County,38613,19147,19466,15437,7475,7962,3365,1626,1739,18978,9647,9331,833,399,434
0.0 Scen,2030,449,Titus County,38938,19311,19627,15394,7457,7937,3365,1626,1739,19330,9821,9509,849,407,442
0.0 Scen,2031,449,Titus County,39264,19479,19785,15349,7440,7909,3371,1632,1739,19683,9995,9688,861,412,449
0.0 Scen,2032,449,Titus County,39585,19647,19938,15298,7418,7880,3375,1638,1737,20034,10170,9864,878,421,457
0.0 Scen,2033,449,Titus County,39887,19806,20081,15236,7394,7842,3374,1639,1735,20382,10343,10039,895,430,465
0.0 Scen,2034,449,Titus County,40187,19971,20216,15175,7369,7806,3367,1640,1727,20733,10523,10210,912,439,473
0.0 Scen,2035,449,Titus County,40494,20134,20360,15117,7348,7769,3363,1638,1725,21091,10702,10389,923,446,477
0.0 Scen,2036,449,Titus County,40795,20289,20506,15059,7320,7739,3357,1639,1718,21439,10875,10564,940,455,485
0.0 Scen,2037,449,Titus County,41098,20449,20649,14998,7297,7701,3349,1634,1715,21796,11055,10741,955,463,492
0.0 Scen,2038,449,Titus County,41399,20607,20792,14935,7273,7662,3342,1634,1708,22151,11230,10921,971,470,501
0.0 Scen,2039,449,Titus County,41701,20767,20934,14872,7249,7623,3338,1634,1704,22508,11408,11100,983,476,507
0.0 Scen,2040,449,Titus County,41987,20915,21072,14806,7221,7585,3330,1633,1697,22860,11582,11278,991,479,512
0.0 Scen,2041,449,Titus County,42272,21060,21212,14745,7199,7546,3324,1631,1693,23202,11746,11456,1001,484,517
0.0 Scen,2042,449,Titus County,42565,21211,21354,14682,7173,7509,3324,1634,1690,23549,11914,11635,1010,490,520
0.0 Scen,2043,449,Titus County,42856,21364,21492,14620,7152,7468,3329,1641,1688,23889,12076,11813,1018,495,523
0.0 Scen,2044,449,Titus County,43136,21504,21632,14560,7126,7434,3322,1639,1683,24229,12240,11989,1025,499,526
0.0 Scen,2045,449,Titus County,43424,21658,21766,14498,7103,7395,3320,1641,1679,24573,12411,12162,1033,503,530
0.0 Scen,2046,449,Titus County,43710,21803,21907,14435,7077,7358,3321,1645,1676,24910,12573,12337,1044,508,536
0.0 Scen,2047,449,Titus County,43996,21955,22041,14368,7050,7318,3325,1650,1675,25253,12744,12509,1050,511,539
0.0 Scen,2048,449,Titus County,44284,22099,22185,14309,7025,7284,3321,1648,1673,25593,12912,12681,1061,514,547
0.0 Scen,2049,449,Titus County,44571,22249,22322,14250,7003,7247,3323,1651,1672,25929,13077,12852,1069,518,551
0.0 Scen,2050,449,Titus County,44864,22399,22465,14197,6982,7215,3324,1654,1670,26268,13241,13027,1075,522,553
0.0 Scen,2010,451,Tom Green County,110224,53976,56248,63799,31113,32686,3997,2127,1870,39315,19273,20042,3113,1463,1650
0.0 Scen,2011,451,Tom Green County,110800,54280,56520,63782,31118,32664,4018,2136,1882,39855,19545,20310,3145,1481,1664
0.0 Scen,2012,451,Tom Green County,111375,54596,56779,63756,31125,32631,4044,2148,1896,40392,19820,20572,3183,1503,1680
0.0 Scen,2013,451,Tom Green County,111938,54896,57042,63722,31123,32599,4058,2156,1902,40941,20095,20846,3217,1522,1695
0.0 Scen,2014,451,Tom Green County,112475,55176,57299,63661,31107,32554,4079,2165,1914,41481,20362,21119,3254,1542,1712
0.0 Scen,2015,451,Tom Green County,112986,55457,57529,63585,31092,32493,4101,2175,1926,42018,20632,21386,3282,1558,1724
0.0 Scen,2016,451,Tom Green County,113533,55741,57792,63531,31071,32460,4122,2184,1938,42563,20910,21653,3317,1576,1741
0.0 Scen,2017,451,Tom Green County,114109,56032,58077,63493,31058,32435,4142,2192,1950,43122,21187,21935,3352,1595,1757
0.0 Scen,2018,451,Tom Green County,114671,56322,58349,63448,31040,32408,4161,2200,1961,43672,21464,22208,3390,1618,1772
0.0 Scen,2019,451,Tom Green County,115247,56614,58633,63395,31017,32378,4181,2204,1977,44245,21754,22491,3426,1639,1787
0.0 Scen,2020,451,Tom Green County,115817,56916,58901,63337,31001,32336,4202,2212,1990,44811,22040,22771,3467,1663,1804
0.0 Scen,2021,451,Tom Green County,116394,57215,59179,63284,30985,32299,4213,2213,2000,45391,22335,23056,3506,1682,1824
0.0 Scen,2022,451,Tom Green County,116954,57518,59436,63225,30970,32255,4223,2220,2003,45962,22624,23338,3544,1704,1840
0.0 Scen,2023,451,Tom Green County,117517,57823,59694,63158,30956,32202,4228,2221,2007,46544,22920,23624,3587,1726,1861
0.0 Scen,2024,451,Tom Green County,118048,58102,59946,63080,30931,32149,4229,2222,2007,47118,23207,23911,3621,1742,1879
0.0 Scen,2025,451,Tom Green County,118597,58404,60193,62997,30910,32087,4235,2224,2011,47707,23505,24202,3658,1765,1893
0.0 Scen,2026,451,Tom Green County,119120,58680,60440,62897,30873,32024,4239,2225,2014,48288,23797,24491,3696,1785,1911
0.0 Scen,2027,451,Tom Green County,119652,58969,60683,62799,30840,31959,4239,2225,2014,48888,24103,24785,3726,1801,1925
0.0 Scen,2028,451,Tom Green County,120164,59242,60922,62695,30805,31890,4235,2223,2012,49473,24393,25080,3761,1821,1940
0.0 Scen,2029,451,Tom Green County,120672,59523,61149,62567,30757,31810,4242,2229,2013,50069,24698,25371,3794,1839,1955
0.0 Scen,2030,451,Tom Green County,121150,59783,61367,62442,30711,31731,4231,2225,2006,50658,24995,25663,3819,1852,1967
0.0 Scen,2031,451,Tom Green County,121630,60036,61594,62313,30655,31658,4225,2217,2008,51247,25293,25954,3845,1871,1974
0.0 Scen,2032,451,Tom Green County,122079,60281,61798,62172,30598,31574,4216,2213,2003,51815,25581,26234,3876,1889,1987
0.0 Scen,2033,451,Tom Green County,122561,60548,62013,62055,30557,31498,4216,2215,2001,52390,25876,26514,3900,1900,2000
0.0 Scen,2034,451,Tom Green County,123013,60792,62221,61926,30503,31423,4212,2212,2000,52948,26160,26788,3927,1917,2010
0.0 Scen,2035,451,Tom Green County,123484,61049,62435,61822,30464,31358,4209,2211,1998,53498,26439,27059,3955,1935,2020
0.0 Scen,2036,451,Tom Green County,123951,61304,62647,61731,30430,31301,4210,2214,1996,54035,26714,27321,3975,1946,2029
0.0 Scen,2037,451,Tom Green County,124427,61559,62868,61639,30396,31243,4219,2220,1999,54571,26983,27588,3998,1960,2038
0.0 Scen,2038,451,Tom Green County,124881,61813,63068,61562,30375,31187,4213,2217,1996,55089,27248,27841,4017,1973,2044
0.0 Scen,2039,451,Tom Green County,125362,62071,63291,61489,30353,31136,4221,2221,2000,55610,27512,28098,4042,1985,2057
0.0 Scen,2040,451,Tom Green County,125834,62337,63497,61426,30339,31087,4223,2222,2001,56120,27777,28343,4065,1999,2066
0.0 Scen,2041,451,Tom Green County,126291,62588,63703,61363,30327,31036,4223,2219,2004,56621,28029,28592,4084,2013,2071
0.0 Scen,2042,451,Tom Green County,126742,62842,63900,61299,30319,30980,4225,2216,2009,57120,28287,28833,4098,2020,2078
0.0 Scen,2043,451,Tom Green County,127201,63105,64096,61242,30315,30927,4227,2217,2010,57612,28541,29071,4120,2032,2088
0.0 Scen,2044,451,Tom Green County,127639,63357,64282,61177,30305,30872,4230,2216,2014,58093,28791,29302,4139,2045,2094
0.0 Scen,2045,451,Tom Green County,128069,63598,64471,61107,30293,30814,4232,2211,2021,58577,29041,29536,4153,2053,2100
0.0 Scen,2046,451,Tom Green County,128504,63844,64660,61039,30282,30757,4229,2206,2023,59068,29294,29774,4168,2062,2106
0.0 Scen,2047,451,Tom Green County,128934,64097,64837,60972,30279,30693,4230,2201,2029,59547,29543,30004,4185,2074,2111
0.0 Scen,2048,451,Tom Green County,129347,64335,65012,60903,30264,30639,4225,2197,2028,60024,29790,30234,4195,2084,2111
0.0 Scen,2049,451,Tom Green County,129760,64567,65193,60842,30256,30586,4217,2187,2030,60496,30034,30462,4205,2090,2115
0.0 Scen,2050,451,Tom Green County,130191,64807,65384,60786,30248,30538,4211,2180,2031,60972,30279,30693,4222,2100,2122
0.0 Scen,2010,453,Travis County,1024266,516637,507629,517644,260547,257097,82805,39971,42834,342766,176051,166715,81051,40068,40983
0.0 Scen,2011,453,Travis County,1036146,522656,513490,520613,262090,258523,83427,40292,43135,349919,179640,170279,82187,40634,41553
0.0 Scen,2012,453,Travis County,1047653,528514,519139,523388,263544,259844,84012,40591,43421,356991,183203,173788,83262,41176,42086
0.0 Scen,2013,453,Travis County,1058684,534123,524561,525870,264850,261020,84575,40879,43696,363969,186714,177255,84270,41680,42590
0.0 Scen,2014,453,Travis County,1069297,539535,529762,528073,266013,262060,85132,41175,43957,370816,190156,180660,85276,42191,43085
0.0 Scen,2015,453,Travis County,1079590,544704,534886,530099,267035,263064,85644,41432,44212,377601,193559,184042,86246,42678,43568
0.0 Scen,2016,453,Travis County,1089813,549796,540017,532003,267936,264067,86164,41705,44459,384355,196941,187414,87291,43214,44077
0.0 Scen,2017,453,Travis County,1099512,554634,544878,533532,268639,264893,86659,41966,44693,391040,200294,190746,88281,43735,44546
0.0 Scen,2018,453,Travis County,1108801,559241,549560,534741,269207,265534,87163,42204,44959,397649,203604,194045,89248,44226,45022
0.0 Scen,2019,453,Travis County,1117532,563530,554002,535661,269591,266070,87611,42429,45182,404154,206857,197297,90106,44653,45453
0.0 Scen,2020,453,Travis County,1125881,567645,558236,536178,269774,266404,88068,42653,45415,410707,210147,200560,90928,45071,45857
0.0 Scen,2021,453,Travis County,1133509,571366,562143,536281,269739,266542,88483,42860,45623,417068,213320,203748,91677,45447,46230
0.0 Scen,2022,453,Travis County,1140731,574897,565834,536032,269525,266507,88861,43061,45800,423505,216538,206967,92333,45773,46560
0.0 Scen,2023,453,Travis County,1147513,578143,569370,535439,269121,266318,89226,43251,45975,429900,219728,210172,92948,46043,46905
0.0 Scen,2024,453,Travis County,1153996,581250,572746,534559,268574,265985,89569,43414,46155,436308,222933,213375,93560,46329,47231
0.0 Scen,2025,453,Travis County,1160326,584361,575965,533461,267941,265520,89843,43571,46272,442779,226162,216617,94243,46687,47556
0.0 Scen,2026,453,Travis County,1166313,587148,579165,532053,267100,264953,90158,43715,46443,449227,229367,219860,94875,46966,47909
0.0 Scen,2027,453,Travis County,1172161,589983,582178,530506,266223,264283,90406,43831,46575,455702,232598,223104,95547,47331,48216
0.0 Scen,2028,453,Travis County,1177569,592478,585091,528620,265136,263484,90629,43943,46686,462208,235799,226409,96112,47600,48512
0.0 Scen,2029,453,Travis County,1182774,594972,587802,526548,263977,262571,90828,44041,46787,468812,239112,229700,96586,47842,48744
0.0 Scen,2030,453,Travis County,1187826,597333,590493,524292,262763,261529,91009,44122,46887,475393,242331,233062,97132,48117,49015
0.0 Scen,2031,453,Travis County,1192672,599684,592988,521895,261465,260430,91143,44196,46947,482102,245688,236414,97532,48335,49197
0.0 Scen,2032,453,Travis County,1197487,601895,595592,519358,260071,259287,91253,44249,47004,488839,249017,239822,98037,48558,49479
0.0 Scen,2033,453,Travis County,1201998,604024,597974,516718,258641,258077,91345,44284,47061,495549,252339,243210,98386,48760,49626
0.0 Scen,2034,453,Travis County,1206638,606132,600506,513965,257179,256786,91401,44313,47088,502263,255626,246637,99009,49014,49995
0.0 Scen,2035,453,Travis County,1211356,608366,602990,511241,255711,255530,91435,44328,47107,509115,259028,250087,99565,49299,50266
0.0 Scen,2036,453,Travis County,1215710,610409,605301,508393,254213,254180,91400,44333,47067,515852,262330,253522,100065,49533,50532
0.0 Scen,2037,453,Travis County,1220170,612573,607597,505524,252688,252836,91412,44330,47082,522633,265707,256926,100601,49848,50753
0.0 Scen,2038,453,Travis County,1224539,614617,609922,502648,251195,251453,91401,44321,47080,529355,269008,260347,101135,50093,51042
0.0 Scen,2039,453,Travis County,1228774,616616,612158,499785,249696,250089,91351,44298,47053,536099,272348,263751,101539,50274,51265
0.0 Scen,2040,453,Travis County,1232915,618653,614262,496858,248240,248618,91249,44264,46985,542742,275621,267121,102066,50528,51538
0.0 Scen,2041,453,Travis County,1236912,620620,616292,493885,246728,247157,91170,44235,46935,549367,278884,270483,102490,50773,51717
0.0 Scen,2042,453,Travis County,1240793,622447,618346,490826,245179,245647,91067,44169,46898,555916,282112,273804,102984,50987,51997
0.0 Scen,2043,453,Travis County,1244362,624165,620197,487750,243615,244135,90911,44114,46797,562367,285304,277063,103334,51132,52202
0.0 Scen,2044,453,Travis County,1247789,625855,621934,484490,241988,242502,90769,44048,46721,568787,288460,280327,103743,51359,52384
0.0 Scen,2045,453,Travis County,1250862,627359,623503,481127,240298,240829,90631,43976,46655,575080,291567,283513,104024,51518,52506
0.0 Scen,2046,453,Travis County,1253798,628811,624987,477731,238615,239116,90423,43900,46523,581341,294640,286701,104303,51656,52647
0.0 Scen,2047,453,Travis County,1256461,630130,626331,474194,236863,237331,90253,43819,46434,587520,297713,289807,104494,51735,52759
0.0 Scen,2048,453,Travis County,1258952,631310,627642,470632,235090,235542,90018,43730,46288,593592,300678,292914,104710,51812,52898
0.0 Scen,2049,453,Travis County,1261220,632415,628805,466921,233255,233666,89854,43638,46216,599652,303659,295993,104793,51863,52930
0.0 Scen,2050,453,Travis County,1263296,633416,629880,463104,231352,231752,89632,43543,46089,605610,306591,299019,104950,51930,53020
0.0 Scen,2010,455,Trinity County,14585,7100,7485,11819,5747,6072,1377,628,749,1117,613,504,272,112,160
0.0 Scen,2011,455,Trinity County,14571,7089,7482,11774,5718,6056,1387,635,752,1135,622,513,275,114,161
0.0 Scen,2012,455,Trinity County,14559,7075,7484,11734,5689,6045,1398,642,756,1151,630,521,276,114,162
0.0 Scen,2013,455,Trinity County,14535,7062,7473,11682,5658,6024,1406,646,760,1170,642,528,277,116,161
0.0 Scen,2014,455,Trinity County,14519,7050,7469,11636,5630,6006,1417,653,764,1186,649,537,280,118,162
0.0 Scen,2015,455,Trinity County,14510,7046,7464,11590,5604,5986,1430,662,768,1206,659,547,284,121,163
0.0 Scen,2016,455,Trinity County,14506,7038,7468,11547,5575,5972,1443,668,775,1228,672,556,288,123,165
0.0 Scen,2017,455,Trinity County,14497,7031,7466,11499,5547,5952,1455,676,779,1249,682,567,294,126,168
0.0 Scen,2018,455,Trinity County,14488,7024,7464,11454,5520,5934,1467,682,785,1270,693,577,297,129,168
0.0 Scen,2019,455,Trinity County,14481,7016,7465,11411,5496,5915,1474,685,789,1292,703,589,304,132,172
0.0 Scen,2020,455,Trinity County,14469,7012,7457,11360,5470,5890,1483,690,793,1316,717,599,310,135,175
0.0 Scen,2021,455,Trinity County,14454,7002,7452,11309,5443,5866,1492,694,798,1338,727,611,315,138,177
0.0 Scen,2022,455,Trinity County,14443,6995,7448,11258,5416,5842,1501,698,803,1360,739,621,324,142,182
0.0 Scen,2023,455,Trinity County,14430,6992,7438,11212,5395,5817,1506,701,805,1383,751,632,329,145,184
0.0 Scen,2024,455,Trinity County,14424,6991,7433,11160,5369,5791,1517,708,809,1411,766,645,336,148,188
0.0 Scen,2025,455,Trinity County,14400,6974,7426,11099,5336,5763,1523,710,813,1434,777,657,344,151,193
0.0 Scen,2026,455,Trinity County,14366,6958,7408,11036,5307,5729,1525,711,814,1458,788,670,347,152,195
0.0 Scen,2027,455,Trinity County,14330,6940,7390,10967,5273,5694,1528,713,815,1484,800,684,351,154,197
0.0 Scen,2028,455,Trinity County,14281,6920,7361,10894,5239,5655,1526,713,813,1508,813,695,353,155,198
0.0 Scen,2029,455,Trinity County,14231,6897,7334,10820,5204,5616,1523,713,810,1532,824,708,356,156,200
0.0 Scen,2030,455,Trinity County,14194,6885,7309,10755,5176,5579,1521,714,807,1558,837,721,360,158,202
0.0 Scen,2031,455,Trinity County,14154,6868,7286,10686,5144,5542,1518,714,804,1583,848,735,367,162,205
0.0 Scen,2032,455,Trinity County,14111,6849,7262,10621,5114,5507,1513,711,802,1605,859,746,372,165,207
0.0 Scen,2033,455,Trinity County,14073,6834,7239,10555,5086,5469,1510,709,801,1631,872,759,377,167,210
0.0 Scen,2034,455,Trinity County,14022,6813,7209,10487,5057,5430,1502,706,796,1653,882,771,380,168,212
0.0 Scen,2035,455,Trinity County,13977,6795,7182,10421,5027,5394,1496,705,791,1677,894,783,383,169,214
0.0 Scen,2036,455,Trinity County,13928,6778,7150,10355,5001,5354,1490,704,786,1697,903,794,386,170,216
0.0 Scen,2037,455,Trinity County,13882,6762,7120,10292,4978,5314,1485,701,784,1717,913,804,388,170,218
0.0 Scen,2038,455,Trinity County,13829,6739,7090,10230,4952,5278,1477,696,781,1735,921,814,387,170,217
0.0 Scen,2039,455,Trinity County,13779,6720,7059,10173,4929,5244,1467,692,775,1753,930,823,386,169,217
0.0 Scen,2040,455,Trinity County,13725,6702,7023,10117,4909,5208,1454,687,767,1768,937,831,386,169,217
0.0 Scen,2041,455,Trinity County,13688,6690,6998,10068,4891,5177,1450,686,764,1785,944,841,385,169,216
0.0 Scen,2042,455,Trinity County,13649,6678,6971,10022,4872,5150,1441,685,756,1801,951,850,385,170,215
0.0 Scen,2043,455,Trinity County,13625,6678,6947,9983,4863,5120,1435,683,752,1820,961,859,387,171,216
0.0 Scen,2044,455,Trinity County,13595,6670,6925,9944,4851,5093,1426,678,748,1836,969,867,389,172,217
0.0 Scen,2045,455,Trinity County,13567,6666,6901,9902,4839,5063,1419,676,743,1855,977,878,391,174,217
0.0 Scen,2046,455,Trinity County,13534,6655,6879,9858,4821,5037,1411,674,737,1872,984,888,393,176,217
0.0 Scen,2047,455,Trinity County,13510,6653,6857,9819,4808,5011,1407,674,733,1890,994,896,394,177,217
0.0 Scen,2048,455,Trinity County,13499,6656,6843,9788,4800,4988,1403,673,730,1910,1004,906,398,179,219
0.0 Scen,2049,455,Trinity County,13475,6651,6824,9747,4785,4962,1401,673,728,1928,1012,916,399,181,218
0.0 Scen,2050,455,Trinity County,13464,6654,6810,9713,4775,4938,1402,674,728,1947,1021,926,402,184,218
0.0 Scen,2010,457,Tyler County,21766,11731,10035,17507,8761,8746,2376,1555,821,1487,1211,276,396,204,192
0.0 Scen,2011,457,Tyler County,21755,11727,10028,17468,8741,8727,2390,1564,826,1496,1216,280,401,206,195
0.0 Scen,2012,457,Tyler County,21754,11729,10025,17438,8725,8713,2401,1570,831,1510,1225,285,405,209,196
0.0 Scen,2013,457,Tyler County,21750,11732,10018,17407,8714,8693,2412,1575,837,1520,1230,290,411,213,198
0.0 Scen,2014,457,Tyler County,21749,11731,10018,17375,8697,8678,2426,1581,845,1530,1235,295,418,218,200
0.0 Scen,2015,457,Tyler County,21753,11737,10016,17352,8688,8664,2433,1585,848,1543,1243,300,425,221,204
0.0 Scen,2016,457,Tyler County,21760,11739,10021,17326,8673,8653,2449,1592,857,1552,1248,304,433,226,207
0.0 Scen,2017,457,Tyler County,21763,11738,10025,17302,8659,8643,2461,1596,865,1562,1253,309,438,230,208
0.0 Scen,2018,457,Tyler County,21761,11732,10029,17271,8642,8629,2470,1598,872,1573,1259,314,447,233,214
0.0 Scen,2019,457,Tyler County,21757,11725,10032,17247,8627,8620,2475,1600,875,1580,1261,319,455,237,218
0.0 Scen,2020,457,Tyler County,21760,11724,10036,17221,8612,8609,2484,1604,880,1591,1267,324,464,241,223
0.0 Scen,2021,457,Tyler County,21757,11720,10037,17199,8601,8598,2490,1607,883,1597,1268,329,471,244,227
0.0 Scen,2022,457,Tyler County,21760,11719,10041,17174,8587,8587,2497,1608,889,1609,1276,333,480,248,232
0.0 Scen,2023,457,Tyler County,21752,11713,10039,17148,8573,8575,2498,1608,890,1617,1279,338,489,253,236
0.0 Scen,2024,457,Tyler County,21749,11710,10039,17122,8562,8560,2502,1606,896,1628,1285,343,497,257,240
0.0 Scen,2025,457,Tyler County,21731,11697,10034,17082,8541,8541,2503,1605,898,1639,1290,349,507,261,246
0.0 Scen,2026,457,Tyler County,21714,11690,10024,17044,8526,8518,2503,1604,899,1650,1295,355,517,265,252
0.0 Scen,2027,457,Tyler County,21711,11699,10012,17013,8512,8501,2510,1613,897,1664,1304,360,524,270,254
0.0 Scen,2028,457,Tyler County,21699,11699,10000,16975,8494,8481,2515,1619,896,1676,1311,365,533,275,258
0.0 Scen,2029,457,Tyler County,21673,11684,9989,16931,8473,8458,2515,1617,898,1685,1314,371,542,280,262
0.0 Scen,2030,457,Tyler County,21641,11671,9970,16880,8452,8428,2515,1617,898,1697,1320,377,549,282,267
0.0 Scen,2031,457,Tyler County,21607,11661,9946,16827,8431,8396,2514,1618,896,1708,1325,383,558,287,271
0.0 Scen,2032,457,Tyler County,21579,11657,9922,16775,8411,8364,2514,1621,893,1722,1333,389,568,292,276
0.0 Scen,2033,457,Tyler County,21531,11635,9896,16714,8383,8331,2506,1616,890,1733,1339,394,578,297,281
0.0 Scen,2034,457,Tyler County,21491,11618,9873,16659,8359,8300,2502,1613,889,1745,1346,399,585,300,285
0.0 Scen,2035,457,Tyler County,21445,11602,9843,16601,8336,8265,2492,1609,883,1758,1353,405,594,304,290
0.0 Scen,2036,457,Tyler County,21400,11582,9818,16550,8314,8236,2479,1603,876,1768,1357,411,603,308,295
0.0 Scen,2037,457,Tyler County,21353,11563,9790,16491,8289,8202,2471,1600,871,1782,1365,417,609,309,300
0.0 Scen,2038,457,Tyler County,21304,11544,9760,16436,8265,8171,2460,1596,864,1793,1370,423,615,313,302
0.0 Scen,2039,457,Tyler County,21260,11526,9734,16379,8241,8138,2451,1592,859,1803,1375,428,627,318,309
0.0 Scen,2040,457,Tyler County,21223,11515,9708,16330,8221,8109,2445,1592,853,1814,1381,433,634,321,313
0.0 Scen,2041,457,Tyler County,21190,11500,9690,16288,8204,8084,2434,1586,848,1823,1385,438,645,325,320
0.0 Scen,2042,457,Tyler County,21151,11484,9667,16240,8186,8054,2425,1581,844,1833,1389,444,653,328,325
0.0 Scen,2043,457,Tyler County,21124,11474,9650,16207,8173,8034,2412,1574,838,1840,1392,448,665,335,330
0.0 Scen,2044,457,Tyler County,21084,11452,9632,16166,8155,8011,2398,1565,833,1847,1394,453,673,338,335
0.0 Scen,2045,457,Tyler County,21052,11438,9614,16136,8144,7992,2382,1554,828,1854,1398,456,680,342,338
0.0 Scen,2046,457,Tyler County,21020,11424,9596,16101,8130,7971,2371,1546,825,1861,1401,460,687,347,340
0.0 Scen,2047,457,Tyler County,20985,11410,9575,16071,8123,7948,2351,1532,819,1869,1404,465,694,351,343
0.0 Scen,2048,457,Tyler County,20958,11399,9559,16041,8114,7927,2340,1524,816,1875,1405,470,702,356,346
0.0 Scen,2049,457,Tyler County,20939,11388,9551,16022,8108,7914,2325,1512,813,1883,1408,475,709,360,349
0.0 Scen,2050,457,Tyler County,20901,11362,9539,15999,8100,7899,2302,1493,809,1886,1406,480,714,363,351
0.0 Scen,2010,459,Upshur County,39309,19462,19847,32257,15966,16291,3388,1618,1770,2613,1360,1253,1051,518,533
0.0 Scen,2011,459,Upshur County,39399,19505,19894,32283,15975,16308,3392,1620,1772,2664,1387,1277,1060,523,537
0.0 Scen,2012,459,Upshur County,39482,19549,19933,32303,15983,16320,3400,1625,1775,2714,1414,1300,1065,527,538
0.0 Scen,2013,459,Upshur County,39575,19588,19987,32338,15994,16344,3401,1626,1775,2767,1440,1327,1069,528,541
0.0 Scen,2014,459,Upshur County,39680,19641,20039,32375,16009,16366,3402,1627,1775,2824,1471,1353,1079,534,545
0.0 Scen,2015,459,Upshur County,39774,19689,20085,32409,16026,16383,3400,1626,1774,2877,1497,1380,1088,540,548
0.0 Scen,2016,459,Upshur County,39882,19745,20137,32451,16045,16406,3403,1629,1774,2931,1525,1406,1097,546,551
0.0 Scen,2017,459,Upshur County,39980,19796,20184,32479,16057,16422,3405,1632,1773,2985,1553,1432,1111,554,557
0.0 Scen,2018,459,Upshur County,40076,19843,20233,32504,16068,16436,3404,1632,1772,3042,1582,1460,1126,561,565
0.0 Scen,2019,459,Upshur County,40160,19882,20278,32522,16070,16452,3400,1633,1767,3100,1612,1488,1138,567,571
0.0 Scen,2020,459,Upshur County,40252,19926,20326,32539,16077,16462,3402,1633,1769,3161,1642,1519,1150,574,576
0.0 Scen,2021,459,Upshur County,40354,19986,20368,32569,16094,16475,3400,1634,1766,3219,1673,1546,1166,585,581
0.0 Scen,2022,459,Upshur County,40451,20035,20416,32588,16105,16483,3400,1633,1767,3280,1704,1576,1183,593,590
0.0 Scen,2023,459,Upshur County,40534,20072,20462,32600,16107,16493,3396,1630,1766,3342,1735,1607,1196,600,596
0.0 Scen,2024,459,Upshur County,40606,20114,20492,32604,16112,16492,3389,1625,1764,3398,1765,1633,1215,612,603
0.0 Scen,2025,459,Upshur County,40675,20154,20521,32597,16109,16488,3387,1626,1761,3457,1797,1660,1234,622,612
0.0 Scen,2026,459,Upshur County,40748,20186,20562,32587,16102,16485,3382,1623,1759,3520,1829,1691,1259,632,627
0.0 Scen,2027,459,Upshur County,40804,20215,20589,32566,16088,16478,3374,1623,1751,3584,1861,1723,1280,643,637
0.0 Scen,2028,459,Upshur County,40856,20244,20612,32546,16081,16465,3365,1617,1748,3647,1892,1755,1298,654,644
0.0 Scen,2029,459,Upshur County,40918,20280,20638,32530,16074,16456,3357,1615,1742,3713,1926,1787,1318,665,653
0.0 Scen,2030,459,Upshur County,40946,20306,20640,32485,16057,16428,3342,1615,1727,3778,1958,1820,1341,676,665
0.0 Scen,2031,459,Upshur County,40984,20329,20655,32445,16035,16410,3331,1613,1718,3843,1991,1852,1365,690,675
0.0 Scen,2032,459,Upshur County,41005,20349,20656,32388,16009,16379,3319,1612,1707,3906,2024,1882,1392,704,688
0.0 Scen,2033,459,Upshur County,41005,20352,20653,32316,15976,16340,3309,1607,1702,3968,2054,1914,1412,715,697
0.0 Scen,2034,459,Upshur County,40993,20354,20639,32239,15945,16294,3294,1600,1694,4030,2085,1945,1430,724,706
0.0 Scen,2035,459,Upshur County,40969,20345,20624,32148,15899,16249,3281,1597,1684,4092,2116,1976,1448,733,715
0.0 Scen,2036,459,Upshur County,40946,20341,20605,32052,15858,16194,3273,1595,1678,4154,2146,2008,1467,742,725
0.0 Scen,2037,459,Upshur County,40925,20333,20592,31965,15815,16150,3265,1591,1674,4212,2175,2037,1483,752,731
0.0 Scen,2038,459,Upshur County,40885,20321,20564,31869,15773,16096,3249,1587,1662,4267,2201,2066,1500,760,740
0.0 Scen,2039,459,Upshur County,40847,20314,20533,31773,15731,16042,3242,1586,1656,4322,2229,2093,1510,768,742
0.0 Scen,2040,459,Upshur County,40797,20287,20510,31671,15677,15994,3233,1584,1649,4375,2255,2120,1518,771,747
0.0 Scen,2041,459,Upshur County,40747,20266,20481,31568,15626,15942,3222,1583,1639,4426,2279,2147,1531,778,753
0.0 Scen,2042,459,Upshur County,40704,20255,20449,31466,15585,15881,3216,1582,1634,4478,2305,2173,1544,783,761
0.0 Scen,2043,459,Upshur County,40656,20238,20418,31367,15541,15826,3205,1580,1625,4531,2329,2202,1553,788,765
0.0 Scen,2044,459,Upshur County,40598,20215,20383,31256,15492,15764,3198,1576,1622,4583,2354,2229,1561,793,768
0.0 Scen,2045,459,Upshur County,40549,20201,20348,31162,15454,15708,3191,1574,1617,4630,2377,2253,1566,796,770
0.0 Scen,2046,459,Upshur County,40495,20179,20316,31056,15410,15646,3183,1569,1614,4679,2399,2280,1577,801,776
0.0 Scen,2047,459,Upshur County,40455,20168,20287,30966,15376,15590,3181,1569,1612,4726,2421,2305,1582,802,780
0.0 Scen,2048,459,Upshur County,40420,20158,20262,30877,15341,15536,3177,1568,1609,4775,2443,2332,1591,806,785
0.0 Scen,2049,459,Upshur County,40383,20154,20229,30797,15312,15485,3168,1567,1601,4820,2465,2355,1598,810,788
0.0 Scen,2050,459,Upshur County,40348,20141,20207,30714,15275,15439,3161,1564,1597,4871,2490,2381,1602,812,790
0.0 Scen,2010,461,Upton County,3355,1675,1680,1611,816,795,49,21,28,1644,812,832,51,26,25
0.0 Scen,2011,461,Upton County,3388,1694,1694,1616,820,796,49,21,28,1672,827,845,51,26,25
0.0 Scen,2012,461,Upton County,3420,1709,1711,1622,822,800,49,21,28,1698,840,858,51,26,25
0.0 Scen,2013,461,Upton County,3454,1729,1725,1630,828,802,49,21,28,1724,854,870,51,26,25
0.0 Scen,2014,461,Upton County,3484,1744,1740,1633,828,805,49,21,28,1751,869,882,51,26,25
0.0 Scen,2015,461,Upton County,3522,1763,1759,1643,833,810,49,21,28,1779,883,896,51,26,25
0.0 Scen,2016,461,Upton County,3553,1780,1773,1646,836,810,49,21,28,1807,897,910,51,26,25
0.0 Scen,2017,461,Upton County,3584,1798,1786,1650,839,811,49,21,28,1834,912,922,51,26,25
0.0 Scen,2018,461,Upton County,3620,1820,1800,1657,844,813,49,21,28,1863,929,934,51,26,25
0.0 Scen,2019,461,Upton County,3652,1837,1815,1663,847,816,48,21,27,1890,943,947,51,26,25
0.0 Scen,2020,461,Upton County,3679,1851,1828,1664,848,816,48,21,27,1916,956,960,51,26,25
0.0 Scen,2021,461,Upton County,3712,1869,1843,1669,851,818,49,21,28,1943,971,972,51,26,25
0.0 Scen,2022,461,Upton County,3742,1883,1859,1673,852,821,47,21,26,1972,984,988,50,26,24
0.0 Scen,2023,461,Upton County,3769,1897,1872,1673,852,821,48,22,26,1998,997,1001,50,26,24
0.0 Scen,2024,461,Upton County,3802,1912,1890,1678,853,825,49,22,27,2025,1011,1014,50,26,24
0.0 Scen,2025,461,Upton County,3830,1926,1904,1678,852,826,50,23,27,2052,1025,1027,50,26,24
0.0 Scen,2026,461,Upton County,3864,1938,1926,1685,852,833,51,23,28,2077,1037,1040,51,26,25
0.0 Scen,2027,461,Upton County,3903,1964,1939,1690,856,834,52,24,28,2109,1057,1052,52,27,25
0.0 Scen,2028,461,Upton County,3936,1978,1958,1693,856,837,53,24,29,2137,1071,1066,53,27,26
0.0 Scen,2029,461,Upton County,3966,1993,1973,1694,856,838,54,25,29,2164,1084,1080,54,28,26
0.0 Scen,2030,461,Upton County,3997,2006,1991,1690,854,836,55,25,30,2197,1099,1098,55,28,27
0.0 Scen,2031,461,Upton County,4028,2022,2006,1689,853,836,56,26,30,2226,1113,1113,57,30,27
0.0 Scen,2032,461,Upton County,4056,2031,2025,1689,850,839,56,26,30,2255,1127,1128,56,28,28
0.0 Scen,2033,461,Upton County,4073,2038,2035,1680,844,836,56,26,30,2279,1138,1141,58,30,28
0.0 Scen,2034,461,Upton County,4095,2047,2048,1677,842,835,56,26,30,2305,1151,1154,57,28,29
0.0 Scen,2035,461,Upton County,4119,2060,2059,1676,841,835,56,26,30,2328,1163,1165,59,30,29
0.0 Scen,2036,461,Upton County,4139,2070,2069,1671,837,834,55,26,29,2353,1177,1176,60,30,30
0.0 Scen,2037,461,Upton County,4156,2077,2079,1664,833,831,54,26,28,2377,1187,1190,61,31,30
0.0 Scen,2038,461,Upton County,4173,2088,2085,1660,832,828,53,26,27,2398,1199,1199,62,31,31
0.0 Scen,2039,461,Upton County,4186,2094,2092,1652,827,825,52,26,26,2420,1210,1210,62,31,31
0.0 Scen,2040,461,Upton County,4200,2101,2099,1643,823,820,52,26,26,2442,1221,1221,63,31,32
0.0 Scen,2041,461,Upton County,4209,2107,2102,1636,820,816,50,25,25,2460,1231,1229,63,31,32
0.0 Scen,2042,461,Upton County,4214,2110,2104,1627,815,812,48,24,24,2476,1240,1236,63,31,32
0.0 Scen,2043,461,Upton County,4229,2118,2111,1623,813,810,47,23,24,2496,1251,1245,63,31,32
0.0 Scen,2044,461,Upton County,4236,2123,2113,1613,809,804,45,22,23,2516,1262,1254,62,30,32
0.0 Scen,2045,461,Upton County,4256,2135,2121,1609,809,800,44,21,23,2540,1275,1265,63,30,33
0.0 Scen,2046,461,Upton County,4273,2144,2129,1606,807,799,43,20,23,2561,1287,1274,63,30,33
0.0 Scen,2047,461,Upton County,4284,2153,2131,1598,805,793,42,19,23,2581,1299,1282,63,30,33
0.0 Scen,2048,461,Upton County,4306,2166,2140,1597,805,792,42,19,23,2604,1312,1292,63,30,33
0.0 Scen,2049,461,Upton County,4322,2173,2149,1592,802,790,41,18,23,2626,1323,1303,63,30,33
0.0 Scen,2050,461,Upton County,4343,2186,2157,1592,803,789,41,18,23,2647,1335,1312,63,30,33
0.0 Scen,2010,463,Uvalde County,26405,12909,13496,7666,3738,3928,110,68,42,18299,8944,9355,330,159,171
0.0 Scen,2011,463,Uvalde County,26561,12983,13578,7607,3708,3899,111,69,42,18510,9045,9465,333,161,172
0.0 Scen,2012,463,Uvalde County,26767,13083,13684,7554,3682,3872,112,69,43,18761,9167,9594,340,165,175
0.0 Scen,2013,463,Uvalde County,26986,13191,13795,7515,3661,3854,113,70,43,19013,9290,9723,345,170,175
0.0 Scen,2014,463,Uvalde County,27213,13300,13913,7472,3636,3836,114,70,44,19276,9421,9855,351,173,178
0.0 Scen,2015,463,Uvalde County,27440,13412,14028,7439,3621,3818,114,71,43,19529,9543,9986,358,177,181
0.0 Scen,2016,463,Uvalde County,27680,13532,14148,7402,3600,3802,116,72,44,19795,9679,10116,367,181,186
0.0 Scen,2017,463,Uvalde County,27918,13646,14272,7364,3579,3785,118,73,45,20061,9809,10252,375,185,190
0.0 Scen,2018,463,Uvalde County,28180,13783,14397,7333,3564,3769,120,74,46,20344,9957,10387,383,188,195
0.0 Scen,2019,463,Uvalde County,28438,13914,14524,7304,3552,3752,122,75,47,20621,10094,10527,391,193,198
0.0 Scen,2020,463,Uvalde County,28709,14052,14657,7275,3537,3738,124,76,48,20910,10242,10668,400,197,203
0.0 Scen,2021,463,Uvalde County,28983,14193,14790,7253,3527,3726,125,76,49,21201,10390,10811,404,200,204
0.0 Scen,2022,463,Uvalde County,29279,14343,14936,7232,3518,3714,127,77,50,21505,10542,10963,415,206,209
0.0 Scen,2023,463,Uvalde County,29565,14489,15076,7210,3506,3704,129,78,51,21803,10694,11109,423,211,212
0.0 Scen,2024,463,Uvalde County,29849,14638,15211,7186,3499,3687,131,79,52,22104,10847,11257,428,213,215
0.0 Scen,2025,463,Uvalde County,30141,14789,15352,7170,3492,3678,133,80,53,22399,10998,11401,439,219,220
0.0 Scen,2026,463,Uvalde County,30436,14941,15495,7152,3485,3667,135,81,54,22704,11152,11552,445,223,222
0.0 Scen,2027,463,Uvalde County,30735,15091,15644,7143,3481,3662,137,82,55,23001,11300,11701,454,228,226
0.0 Scen,2028,463,Uvalde County,31020,15238,15782,7126,3475,3651,140,84,56,23293,11446,11847,461,233,228
0.0 Scen,2029,463,Uvalde County,31301,15386,15915,7110,3469,3641,142,85,57,23583,11597,11986,466,235,231
0.0 Scen,2030,463,Uvalde County,31579,15527,16052,7087,3461,3626,141,83,58,23878,11745,12133,473,238,235
0.0 Scen,2031,463,Uvalde County,31852,15673,16179,7065,3451,3614,145,86,59,24166,11896,12270,476,240,236
0.0 Scen,2032,463,Uvalde County,32107,15809,16298,7031,3438,3593,147,87,60,24444,12040,12404,485,244,241
0.0 Scen,2033,463,Uvalde County,32371,15948,16423,7001,3427,3574,150,88,62,24731,12185,12546,489,248,241
0.0 Scen,2034,463,Uvalde County,32625,16082,16543,6975,3416,3559,151,88,63,25004,12327,12677,495,251,244
0.0 Scen,2035,463,Uvalde County,32880,16212,16668,6950,3402,3548,151,88,63,25281,12468,12813,498,254,244
0.0 Scen,2036,463,Uvalde County,33125,16335,16790,6924,3392,3532,151,87,64,25551,12604,12947,499,252,247
0.0 Scen,2037,463,Uvalde County,33383,16474,16909,6898,3381,3517,151,87,64,25828,12749,13079,506,257,249
0.0 Scen,2038,463,Uvalde County,33636,16610,17026,6877,3376,3501,149,85,64,26102,12890,13212,508,259,249
0.0 Scen,2039,463,Uvalde County,33910,16752,17158,6858,3367,3491,150,86,64,26388,13036,13352,514,263,251
0.0 Scen,2040,463,Uvalde County,34177,16885,17292,6844,3363,3481,151,86,65,26661,13171,13490,521,265,256
0.0 Scen,2041,463,Uvalde County,34452,17036,17416,6826,3359,3467,150,86,64,26950,13322,13628,526,269,257
0.0 Scen,2042,463,Uvalde County,34735,17182,17553,6814,3357,3457,152,87,65,27233,13463,13770,536,275,261
0.0 Scen,2043,463,Uvalde County,35017,17326,17691,6807,3357,3450,152,88,64,27517,13603,13914,541,278,263
0.0 Scen,2044,463,Uvalde County,35311,17471,17840,6802,3359,3443,152,87,65,27807,13744,14063,550,281,269
0.0 Scen,2045,463,Uvalde County,35601,17623,17978,6803,3364,3439,154,88,66,28088,13886,14202,556,285,271
0.0 Scen,2046,463,Uvalde County,35913,17781,18132,6804,3370,3434,156,89,67,28390,14034,14356,563,288,275
0.0 Scen,2047,463,Uvalde County,36228,17939,18289,6813,3376,3437,157,89,68,28687,14183,14504,571,291,280
0.0 Scen,2048,463,Uvalde County,36542,18100,18442,6823,3384,3439,158,89,69,28983,14332,14651,578,295,283
0.0 Scen,2049,463,Uvalde County,36866,18266,18600,6840,3394,3446,158,89,69,29281,14484,14797,587,299,288
0.0 Scen,2050,463,Uvalde County,37193,18432,18761,6859,3406,3453,159,89,70,29579,14634,14945,596,303,293
0.0 Scen,2010,465,Val Verde County,48879,24519,24360,8548,4682,3866,563,332,231,39199,19226,19973,569,279,290
0.0 Scen,2011,465,Val Verde County,49485,24828,24657,8600,4711,3889,572,337,235,39735,19497,20238,578,283,295
0.0 Scen,2012,465,Val Verde County,50118,25150,24968,8651,4735,3916,581,342,239,40299,19785,20514,587,288,299
0.0 Scen,2013,465,Val Verde County,50740,25471,25269,8697,4760,3937,588,345,243,40857,20072,20785,598,294,304
0.0 Scen,2014,465,Val Verde County,51361,25788,25573,8730,4773,3957,594,350,244,41429,20366,21063,608,299,309
0.0 Scen,2015,465,Val Verde County,51980,26099,25881,8749,4777,3972,602,354,248,42008,20661,21347,621,307,314
0.0 Scen,2016,465,Val Verde County,52613,26411,26202,8764,4780,3984,609,357,252,42609,20963,21646,631,311,320
0.0 Scen,2017,465,Val Verde County,53247,26731,26516,8773,4785,3988,617,360,257,43216,21271,21945,641,315,326
0.0 Scen,2018,465,Val Verde County,53887,27053,26834,8777,4784,3993,630,368,262,43830,21581,22249,650,320,330
0.0 Scen,2019,465,Val Verde County,54535,27389,27146,8785,4790,3995,635,372,263,44456,21901,22555,659,326,333
0.0 Scen,2020,465,Val Verde County,55181,27712,27469,8774,4778,3996,641,375,266,45099,22227,22872,667,332,335
0.0 Scen,2021,465,Val Verde County,55823,28036,27787,8765,4772,3993,647,377,270,45741,22552,23189,670,335,335
0.0 Scen,2022,465,Val Verde County,56466,28365,28101,8749,4762,3987,655,382,273,46387,22884,23503,675,337,338
0.0 Scen,2023,465,Val Verde County,57109,28692,28417,8732,4748,3984,661,386,275,47037,23221,23816,679,337,342
0.0 Scen,2024,465,Val Verde County,57763,29024,28739,8714,4736,3978,666,388,278,47700,23560,24140,683,340,343
0.0 Scen,2025,465,Val Verde County,58417,29358,29059,8696,4721,3975,669,390,279,48363,23903,24460,689,344,345
0.0 Scen,2026,465,Val Verde County,59078,29693,29385,8673,4705,3968,678,394,284,49033,24247,24786,694,347,347
0.0 Scen,2027,465,Val Verde County,59727,30027,29700,8645,4688,3957,684,396,288,49701,24593,25108,697,350,347
0.0 Scen,2028,465,Val Verde County,60381,30352,30029,8624,4670,3954,687,396,291,50368,24934,25434,702,352,350
0.0 Scen,2029,465,Val Verde County,61043,30686,30357,8605,4656,3949,692,398,294,51037,25276,25761,709,356,353
0.0 Scen,2030,465,Val Verde County,61690,31016,30674,8584,4642,3942,696,400,296,51695,25613,26082,715,361,354
0.0 Scen,2031,465,Val Verde County,62333,31341,30992,8561,4626,3935,701,402,299,52348,25948,26400,723,365,358
0.0 Scen,2032,465,Val Verde County,62983,31675,31308,8540,4613,3927,704,403,301,53009,26290,26719,730,369,361
0.0 Scen,2033,465,Val Verde County,63636,32013,31623,8522,4602,3920,711,406,305,53670,26635,27035,733,370,363
0.0 Scen,2034,465,Val Verde County,64297,32350,31947,8509,4590,3919,715,407,308,54335,26980,27355,738,373,365
0.0 Scen,2035,465,Val Verde County,64966,32696,32270,8496,4582,3914,717,406,311,55013,27333,27680,740,375,365
0.0 Scen,2036,465,Val Verde County,65628,33038,32590,8480,4573,3907,719,405,314,55682,27682,28000,747,378,369
0.0 Scen,2037,465,Val Verde County,66342,33402,32940,8471,4565,3906,722,407,315,56396,28048,28348,753,382,371
0.0 Scen,2038,465,Val Verde County,67044,33764,33280,8463,4557,3906,724,406,318,57100,28414,28686,757,387,370
0.0 Scen,2039,465,Val Verde County,67747,34125,33622,8456,4551,3905,729,409,320,57805,28778,29027,757,387,370
0.0 Scen,2040,465,Val Verde County,68461,34487,33974,8454,4546,3908,728,406,322,58520,29146,29374,759,389,370
0.0 Scen,2041,465,Val Verde County,69189,34859,34330,8445,4536,3909,729,406,323,59252,29525,29727,763,392,371
0.0 Scen,2042,465,Val Verde County,69930,35236,34694,8444,4531,3913,728,404,324,59992,29907,30085,766,394,372
0.0 Scen,2043,465,Val Verde County,70689,35631,35058,8432,4521,3911,731,407,324,60755,30306,30449,771,397,374
0.0 Scen,2044,465,Val Verde County,71434,36009,35425,8418,4509,3909,733,408,325,61509,30693,30816,774,399,375
0.0 Scen,2045,465,Val Verde County,72187,36396,35791,8399,4494,3905,735,409,326,62277,31093,31184,776,400,376
0.0 Scen,2046,465,Val Verde County,72972,36798,36174,8382,4480,3902,734,408,326,63072,31508,31564,784,402,382
0.0 Scen,2047,465,Val Verde County,73733,37184,36549,8359,4462,3897,735,408,327,63857,31912,31945,782,402,380
0.0 Scen,2048,465,Val Verde County,74507,37574,36933,8334,4446,3888,736,408,328,64648,32316,32332,789,404,385
0.0 Scen,2049,465,Val Verde County,75294,37979,37315,8317,4436,3881,736,408,328,65446,32729,32717,795,406,389
0.0 Scen,2050,465,Val Verde County,76081,38382,37699,8287,4418,3869,737,407,330,66258,33148,33110,799,409,390
0.0 Scen,2010,467,Van Zandt County,52579,25863,26716,45087,21901,23186,1403,699,704,4847,2651,2196,1242,612,630
0.0 Scen,2011,467,Van Zandt County,52606,25881,26725,45020,21869,23151,1411,705,706,4924,2690,2234,1251,617,634
0.0 Scen,2012,467,Van Zandt County,52647,25902,26745,44963,21841,23122,1416,709,707,5011,2733,2278,1257,619,638
0.0 Scen,2013,467,Van Zandt County,52703,25931,26772,44909,21812,23097,1431,718,713,5099,2778,2321,1264,623,641
0.0 Scen,2014,467,Van Zandt County,52756,25959,26797,44860,21788,23072,1438,721,717,5188,2824,2364,1270,626,644
0.0 Scen,2015,467,Van Zandt County,52840,26004,26836,44832,21775,23057,1447,728,719,5281,2869,2412,1280,632,648
0.0 Scen,2016,467,Van Zandt County,52928,26051,26877,44806,21762,23044,1457,734,723,5380,2920,2460,1285,635,650
0.0 Scen,2017,467,Van Zandt County,53020,26100,26920,44785,21754,23031,1466,740,726,5472,2966,2506,1297,640,657
0.0 Scen,2018,467,Van Zandt County,53116,26154,26962,44769,21747,23022,1475,747,728,5569,3017,2552,1303,643,660
0.0 Scen,2019,467,Van Zandt County,53230,26216,27014,44755,21747,23008,1489,753,736,5670,3065,2605,1316,651,665
0.0 Scen,2020,467,Van Zandt County,53344,26281,27063,44741,21740,23001,1501,762,739,5773,3119,2654,1329,660,669
0.0 Scen,2021,467,Van Zandt County,53471,26350,27121,44740,21741,22999,1509,768,741,5881,3175,2706,1341,666,675
0.0 Scen,2022,467,Van Zandt County,53589,26407,27182,44732,21737,22995,1519,772,747,5982,3224,2758,1356,674,682
0.0 Scen,2023,467,Van Zandt County,53709,26463,27246,44723,21730,22993,1526,775,751,6089,3276,2813,1371,682,689
0.0 Scen,2024,467,Van Zandt County,53817,26523,27294,44702,21727,22975,1534,777,757,6197,3331,2866,1384,688,696
0.0 Scen,2025,467,Van Zandt County,53910,26568,27342,44667,21712,22955,1541,780,761,6303,3381,2922,1399,695,704
0.0 Scen,2026,467,Van Zandt County,53986,26612,27374,44614,21694,22920,1545,782,763,6412,3432,2980,1415,704,711
0.0 Scen,2027,467,Van Zandt County,54048,26645,27403,44554,21669,22885,1549,783,766,6517,3482,3035,1428,711,717
0.0 Scen,2028,467,Van Zandt County,54090,26665,27425,44485,21638,22847,1544,780,764,6619,3529,3090,1442,718,724
0.0 Scen,2029,467,Van Zandt County,54120,26684,27436,44403,21605,22798,1541,778,763,6720,3576,3144,1456,725,731
0.0 Scen,2030,467,Van Zandt County,54149,26702,27447,44316,21570,22746,1540,778,762,6826,3623,3203,1467,731,736
0.0 Scen,2031,467,Van Zandt County,54158,26710,27448,44210,21528,22682,1537,775,762,6927,3669,3258,1484,738,746
0.0 Scen,2032,467,Van Zandt County,54137,26701,27436,44087,21471,22616,1530,773,757,7024,3713,3311,1496,744,752
0.0 Scen,2033,467,Van Zandt County,54112,26691,27421,43959,21415,22544,1524,769,755,7118,3754,3364,1511,753,758
0.0 Scen,2034,467,Van Zandt County,54055,26667,27388,43813,21354,22459,1513,762,751,7207,3794,3413,1522,757,765
0.0 Scen,2035,467,Van Zandt County,53998,26643,27355,43666,21291,22375,1505,756,749,7294,3834,3460,1533,762,771
0.0 Scen,2036,467,Van Zandt County,53942,26618,27324,43522,21227,22295,1497,749,748,7381,3874,3507,1542,768,774
0.0 Scen,2037,467,Van Zandt County,53882,26596,27286,43376,21167,22209,1489,745,744,7467,3912,3555,1550,772,778
0.0 Scen,2038,467,Van Zandt County,53817,26571,27246,43236,21108,22128,1477,737,740,7547,3950,3597,1557,776,781
0.0 Scen,2039,467,Van Zandt County,53750,26549,27201,43097,21051,22046,1466,733,733,7624,3986,3638,1563,779,784
0.0 Scen,2040,467,Van Zandt County,53700,26529,27171,42972,21002,21970,1456,726,730,7706,4021,3685,1566,780,786
0.0 Scen,2041,467,Van Zandt County,53635,26506,27129,42839,20947,21892,1442,721,721,7786,4058,3728,1568,780,788
0.0 Scen,2042,467,Van Zandt County,53568,26485,27083,42707,20896,21811,1435,719,716,7858,4091,3767,1568,779,789
0.0 Scen,2043,467,Van Zandt County,53520,26475,27045,42588,20851,21737,1430,718,712,7936,4128,3808,1566,778,788
0.0 Scen,2044,467,Van Zandt County,53477,26462,27015,42480,20809,21671,1422,713,709,8011,4162,3849,1564,778,786
0.0 Scen,2045,467,Van Zandt County,53436,26459,26977,42367,20770,21597,1418,712,706,8087,4199,3888,1564,778,786
0.0 Scen,2046,467,Van Zandt County,53405,26462,26943,42267,20741,21526,1413,711,702,8161,4232,3929,1564,778,786
0.0 Scen,2047,467,Van Zandt County,53384,26465,26919,42177,20710,21467,1408,708,700,8238,4269,3969,1561,778,783
0.0 Scen,2048,467,Van Zandt County,53365,26478,26887,42091,20689,21402,1400,705,695,8315,4305,4010,1559,779,780
0.0 Scen,2049,467,Van Zandt County,53353,26487,26866,42007,20663,21344,1397,705,692,8394,4343,4051,1555,776,779
0.0 Scen,2050,467,Van Zandt County,53353,26502,26851,41934,20643,21291,1396,706,690,8468,4377,4091,1555,776,779
0.0 Scen,2010,469,Victoria County,86793,42349,44444,41564,20081,21483,5190,2505,2685,38113,18834,19279,1926,929,997
0.0 Scen,2011,469,Victoria County,87417,42656,44761,41601,20098,21503,5216,2517,2699,38648,19098,19550,1952,943,1009
0.0 Scen,2012,469,Victoria County,88128,42996,45132,41662,20120,21542,5271,2540,2731,39214,19380,19834,1981,956,1025
0.0 Scen,2013,469,Victoria County,88891,43371,45520,41753,20165,21588,5328,2567,2761,39775,19655,20120,2035,984,1051
0.0 Scen,2014,469,Victoria County,89626,43726,45900,41817,20200,21617,5376,2584,2792,40347,19933,20414,2086,1009,1077
0.0 Scen,2015,469,Victoria County,90353,44079,46274,41878,20222,21656,5429,2612,2817,40909,20215,20694,2137,1030,1107
0.0 Scen,2016,469,Victoria County,91094,44446,46648,41935,20253,21682,5486,2635,2851,41488,20502,20986,2185,1056,1129
0.0 Scen,2017,469,Victoria County,91845,44826,47019,41996,20282,21714,5546,2669,2877,42061,20792,21269,2242,1083,1159
0.0 Scen,2018,469,Victoria County,92591,45182,47409,42057,20303,21754,5600,2693,2907,42645,21079,21566,2289,1107,1182
0.0 Scen,2019,469,Victoria County,93344,45557,47787,42115,20334,21781,5655,2721,2934,43234,21370,21864,2340,1132,1208
0.0 Scen,2020,469,Victoria County,94153,45945,48208,42190,20369,21821,5723,2748,2975,43836,21664,22172,2404,1164,1240
0.0 Scen,2021,469,Victoria County,94828,46293,48535,42198,20381,21817,5763,2767,2996,44411,21954,22457,2456,1191,1265
0.0 Scen,2022,469,Victoria County,95502,46645,48857,42201,20392,21809,5808,2792,3016,44992,22247,22745,2501,1214,1287
0.0 Scen,2023,469,Victoria County,96188,47001,49187,42200,20402,21798,5852,2815,3037,45577,22540,23037,2559,1244,1315
0.0 Scen,2024,469,Victoria County,96868,47359,49509,42201,20415,21786,5895,2839,3056,46164,22834,23330,2608,1271,1337
0.0 Scen,2025,469,Victoria County,97533,47697,49836,42181,20410,21771,5936,2860,3076,46753,23129,23624,2663,1298,1365
0.0 Scen,2026,469,Victoria County,98223,48061,50162,42176,20423,21753,5981,2881,3100,47342,23426,23916,2724,1331,1393
0.0 Scen,2027,469,Victoria County,98889,48394,50495,42156,20415,21741,6022,2902,3120,47930,23721,24209,2781,1356,1425
0.0 Scen,2028,469,Victoria County,99536,48724,50812,42120,20401,21719,6064,2923,3141,48519,24015,24504,2833,1385,1448
0.0 Scen,2029,469,Victoria County,100147,49033,51114,42066,20381,21685,6100,2941,3159,49095,24300,24795,2886,1411,1475
0.0 Scen,2030,469,Victoria County,100780,49360,51420,42026,20367,21659,6143,2963,3180,49669,24592,25077,2942,1438,1504
0.0 Scen,2031,469,Victoria County,101385,49674,51711,41973,20347,21626,6179,2983,3196,50238,24879,25359,2995,1465,1530
0.0 Scen,2032,469,Victoria County,101968,49980,51988,41912,20326,21586,6216,3005,3211,50795,25160,25635,3045,1489,1556
0.0 Scen,2033,469,Victoria County,102514,50267,52247,41837,20300,21537,6252,3021,3231,51334,25433,25901,3091,1513,1578
0.0 Scen,2034,469,Victoria County,103051,50552,52499,41771,20275,21496,6279,3037,3242,51864,25699,26165,3137,1541,1596
0.0 Scen,2035,469,Victoria County,103597,50828,52769,41696,20248,21448,6319,3053,3266,52390,25964,26426,3192,1563,1629
0.0 Scen,2036,469,Victoria County,104124,51102,53022,41626,20221,21405,6350,3069,3281,52908,26225,26683,3240,1587,1653
0.0 Scen,2037,469,Victoria County,104632,51367,53265,41554,20197,21357,6384,3083,3301,53410,26476,26934,3284,1611,1673
0.0 Scen,2038,469,Victoria County,105151,51635,53516,41486,20171,21315,6414,3099,3315,53913,26727,27186,3338,1638,1700
0.0 Scen,2039,469,Victoria County,105669,51911,53758,41418,20150,21268,6448,3114,3334,54419,26986,27433,3384,1661,1723
0.0 Scen,2040,469,Victoria County,106191,52187,54004,41353,20126,21227,6492,3138,3354,54919,27237,27682,3427,1686,1741
0.0 Scen,2041,469,Victoria County,106711,52454,54257,41294,20107,21187,6525,3151,3374,55413,27487,27926,3479,1709,1770
0.0 Scen,2042,469,Victoria County,107233,52729,54504,41237,20090,21147,6566,3170,3396,55904,27735,28169,3526,1734,1792
0.0 Scen,2043,469,Victoria County,107768,53017,54751,41184,20076,21108,6611,3191,3420,56399,27990,28409,3574,1760,1814
0.0 Scen,2044,469,Victoria County,108284,53284,55000,41125,20062,21063,6659,3213,3446,56876,28227,28649,3624,1782,1842
0.0 Scen,2045,469,Victoria County,108816,53573,55243,41082,20058,21024,6704,3232,3472,57366,28478,28888,3664,1805,1859
0.0 Scen,2046,469,Victoria County,109365,53865,55500,41048,20057,20991,6754,3258,3496,57852,28723,29129,3711,1827,1884
0.0 Scen,2047,469,Victoria County,109912,54155,55757,41012,20055,20957,6799,3276,3523,58344,28973,29371,3757,1851,1906
0.0 Scen,2048,469,Victoria County,110503,54474,56029,41009,20076,20933,6849,3299,3550,58836,29223,29613,3809,1876,1933
0.0 Scen,2049,469,Victoria County,111090,54787,56303,41003,20088,20915,6899,3323,3576,59330,29475,29855,3858,1901,1957
0.0 Scen,2050,469,Victoria County,111697,55115,56582,41012,20110,20902,6949,3350,3599,59823,29725,30098,3913,1930,1983
0.0 Scen,2010,471,Walker County,67861,40007,27854,39671,22270,17401,15098,9761,5337,11389,7110,4279,1703,866,837
0.0 Scen,2011,471,Walker County,68208,40206,28002,39688,22294,17394,15189,9813,5376,11585,7211,4374,1746,888,858
0.0 Scen,2012,471,Walker County,68536,40384,28152,39669,22293,17376,15281,9863,5418,11794,7316,4478,1792,912,880
0.0 Scen,2013,471,Walker County,68841,40547,28294,39626,22266,17360,15375,9923,5452,12003,7423,4580,1837,935,902
0.0 Scen,2014,471,Walker County,69106,40675,28431,39556,22229,17327,15451,9959,5492,12214,7526,4688,1885,961,924
0.0 Scen,2015,471,Walker County,69415,40828,28587,39523,22206,17317,15537,10006,5531,12422,7629,4793,1933,987,946
0.0 Scen,2016,471,Walker County,69781,41012,28769,39522,22205,17317,15629,10055,5574,12648,7740,4908,1982,1012,970
0.0 Scen,2017,471,Walker County,70167,41206,28961,39541,22207,17334,15722,10109,5613,12876,7856,5020,2028,1034,994
0.0 Scen,2018,471,Walker County,70592,41411,29181,39587,22220,17367,15821,10158,5663,13099,7968,5131,2085,1065,1020
0.0 Scen,2019,471,Walker County,71036,41629,29407,39642,22242,17400,15918,10206,5712,13336,8088,5248,2140,1093,1047
0.0 Scen,2020,471,Walker County,71462,41836,29626,39692,22259,17433,16022,10259,5763,13562,8203,5359,2186,1115,1071
0.0 Scen,2021,471,Walker County,71833,42030,29803,39689,22254,17435,16118,10316,5802,13785,8316,5469,2241,1144,1097
0.0 Scen,2022,471,Walker County,72181,42201,29980,39683,22246,17437,16194,10352,5842,14010,8432,5578,2294,1171,1123
0.0 Scen,2023,471,Walker County,72527,42378,30149,39669,22239,17430,16280,10402,5878,14229,8540,5689,2349,1197,1152
0.0 Scen,2024,471,Walker County,72850,42537,30313,39641,22217,17424,16354,10441,5913,14454,8656,5798,2401,1223,1178
0.0 Scen,2025,471,Walker County,73189,42706,30483,39614,22197,17417,16439,10485,5954,14680,8771,5909,2456,1253,1203
0.0 Scen,2026,471,Walker County,73511,42870,30641,39572,22175,17397,16522,10529,5993,14906,8883,6023,2511,1283,1228
0.0 Scen,2027,471,Walker County,73819,43024,30795,39528,22153,17375,16592,10561,6031,15134,9000,6134,2565,1310,1255
0.0 Scen,2028,471,Walker County,74114,43179,30935,39475,22132,17343,16663,10595,6068,15356,9114,6242,2620,1338,1282
0.0 Scen,2029,471,Walker County,74392,43324,31068,39407,22103,17304,16729,10626,6103,15587,9231,6356,2669,1364,1305
0.0 Scen,2030,471,Walker County,74652,43456,31196,39324,22062,17262,16793,10656,6137,15821,9350,6471,2714,1388,1326
0.0 Scen,2031,471,Walker County,74902,43587,31315,39239,22025,17214,16852,10683,6169,16051,9467,6584,2760,1412,1348
0.0 Scen,2032,471,Walker County,75153,43709,31444,39161,21981,17180,16904,10704,6200,16283,9589,6694,2805,1435,1370
0.0 Scen,2033,471,Walker County,75394,43830,31564,39064,21930,17134,16964,10727,6237,16513,9713,6800,2853,1460,1393
0.0 Scen,2034,471,Walker County,75638,43948,31690,38968,21880,17088,17022,10750,6272,16742,9831,6911,2906,1487,1419
0.0 Scen,2035,471,Walker County,75881,44068,31813,38862,21829,17033,17076,10769,6307,16981,9958,7023,2962,1512,1450
0.0 Scen,2036,471,Walker County,76126,44189,31937,38767,21780,16987,17125,10787,6338,17214,10082,7132,3020,1540,1480
0.0 Scen,2037,471,Walker County,76355,44298,32057,38657,21718,16939,17170,10803,6367,17453,10208,7245,3075,1569,1506
0.0 Scen,2038,471,Walker County,76581,44398,32183,38540,21654,16886,17209,10810,6399,17697,10336,7361,3135,1598,1537
0.0 Scen,2039,471,Walker County,76809,44508,32301,38427,21592,16835,17251,10825,6426,17938,10462,7476,3193,1629,1564
0.0 Scen,2040,471,Walker County,77040,44616,32424,38309,21522,16787,17289,10838,6451,18183,10591,7592,3259,1665,1594
0.0 Scen,2041,471,Walker County,77266,44723,32543,38184,21452,16732,17335,10858,6477,18428,10718,7710,3319,1695,1624
0.0 Scen,2042,471,Walker County,77502,44833,32669,38067,21383,16684,17374,10871,6503,18679,10851,7828,3382,1728,1654
0.0 Scen,2043,471,Walker County,77739,44940,32799,37947,21310,16637,17408,10880,6528,18938,10989,7949,3446,1761,1685
0.0 Scen,2044,471,Walker County,77971,45043,32928,37825,21238,16587,17446,10889,6557,19191,11121,8070,3509,1795,1714
0.0 Scen,2045,471,Walker County,78219,45162,33057,37705,21170,16535,17480,10897,6583,19457,11265,8192,3577,1830,1747
0.0 Scen,2046,471,Walker County,78450,45260,33190,37581,21092,16489,17506,10903,6603,19713,11397,8316,3650,1868,1782
0.0 Scen,2047,471,Walker County,78711,45380,33331,37485,21035,16450,17542,10912,6630,19974,11536,8438,3710,1897,1813
0.0 Scen,2048,471,Walker County,78982,45511,33471,37391,20978,16413,17571,10925,6646,20233,11673,8560,3787,1935,1852
0.0 Scen,2049,471,Walker County,79264,45635,33629,37308,20922,16386,17601,10929,6672,20497,11810,8687,3858,1974,1884
0.0 Scen,2050,471,Walker County,79546,45778,33768,37221,20870,16351,17637,10950,6687,20760,11947,8813,3928,2011,1917
0.0 Scen,2010,473,Waller County,43205,21395,21810,19260,9451,9809,10537,4824,5713,12536,6693,5843,872,427,445
0.0 Scen,2011,473,Waller County,43550,21563,21987,19264,9448,9816,10635,4870,5765,12765,6810,5955,886,435,451
0.0 Scen,2012,473,Waller County,43932,21745,22187,19281,9451,9830,10741,4918,5823,13009,6933,6076,901,443,458
0.0 Scen,2013,473,Waller County,44272,21912,22360,19294,9450,9844,10817,4959,5858,13243,7051,6192,918,452,466
0.0 Scen,2014,473,Waller County,44649,22105,22544,19309,9457,9852,10921,5017,5904,13483,7170,6313,936,461,475
0.0 Scen,2015,473,Waller County,45031,22294,22737,19321,9458,9863,11047,5084,5963,13707,7280,6427,956,472,484
0.0 Scen,2016,473,Waller County,45379,22452,22927,19316,9450,9866,11153,5131,6022,13937,7390,6547,973,481,492
0.0 Scen,2017,473,Waller County,45778,22636,23142,19328,9448,9880,11289,5196,6093,14167,7501,6666,994,491,503
0.0 Scen,2018,473,Waller County,46164,22817,23347,19331,9446,9885,11424,5264,6160,14396,7606,6790,1013,501,512
0.0 Scen,2019,473,Waller County,46546,22989,23557,19334,9439,9895,11557,5329,6228,14619,7708,6911,1036,513,523
0.0 Scen,2020,473,Waller County,46929,23168,23761,19338,9437,9901,11691,5396,6295,14846,7812,7034,1054,523,531
0.0 Scen,2021,473,Waller County,47302,23348,23954,19347,9437,9910,11799,5453,6346,15079,7923,7156,1077,535,542
0.0 Scen,2022,473,Waller County,47665,23522,24143,19351,9436,9915,11904,5507,6397,15310,8032,7278,1100,547,553
0.0 Scen,2023,473,Waller County,48042,23706,24336,19357,9437,9920,12019,5567,6452,15540,8139,7401,1126,563,563
0.0 Scen,2024,473,Waller County,48406,23879,24527,19348,9429,9919,12137,5627,6510,15771,8248,7523,1150,575,575
0.0 Scen,2025,473,Waller County,48761,24048,24713,19335,9419,9916,12252,5683,6569,16002,8360,7642,1172,586,586
0.0 Scen,2026,473,Waller County,49130,24226,24904,19311,9404,9907,12386,5754,6632,16237,8470,7767,1196,598,598
0.0 Scen,2027,473,Waller County,49476,24393,25083,19281,9385,9896,12501,5813,6688,16477,8585,7892,1217,610,607
0.0 Scen,2028,473,Waller County,49827,24562,25265,19250,9366,9884,12623,5876,6747,16714,8700,8014,1240,620,620
0.0 Scen,2029,473,Waller County,50168,24731,25437,19216,9347,9869,12733,5932,6801,16951,8818,8133,1268,634,634
0.0 Scen,2030,473,Waller County,50490,24888,25602,19163,9317,9846,12835,5984,6851,17199,8939,8260,1293,648,645
0.0 Scen,2031,473,Waller County,50822,25048,25774,19117,9291,9826,12944,6038,6906,17447,9060,8387,1314,659,655
0.0 Scen,2032,473,Waller County,51144,25213,25931,19068,9266,9802,13052,6095,6957,17688,9183,8505,1336,669,667
0.0 Scen,2033,473,Waller County,51457,25378,26079,18995,9234,9761,13171,6158,7013,17929,9302,8627,1362,684,678
0.0 Scen,2034,473,Waller County,51772,25535,26237,18927,9200,9727,13291,6220,7071,18171,9422,8749,1383,693,690
0.0 Scen,2035,473,Waller County,52086,25696,26390,18856,9166,9690,13417,6286,7131,18409,9540,8869,1404,704,700
0.0 Scen,2036,473,Waller County,52402,25859,26543,18789,9138,9651,13544,6352,7192,18644,9656,8988,1425,713,712
0.0 Scen,2037,473,Waller County,52702,26012,26690,18708,9101,9607,13668,6416,7252,18876,9767,9109,1450,728,722
0.0 Scen,2038,473,Waller County,53010,26169,26841,18630,9066,9564,13804,6487,7317,19105,9877,9228,1471,739,732
0.0 Scen,2039,473,Waller County,53316,26322,26994,18556,9034,9522,13939,6557,7382,19324,9979,9345,1497,752,745
0.0 Scen,2040,473,Waller County,53603,26474,27129,18476,8999,9477,14065,6624,7441,19542,10085,9457,1520,766,754
0.0 Scen,2041,473,Waller County,53898,26623,27275,18391,8965,9426,14209,6698,7511,19753,10183,9570,1545,777,768
0.0 Scen,2042,473,Waller County,54185,26776,27409,18308,8930,9378,14351,6773,7578,19962,10285,9677,1564,788,776
0.0 Scen,2043,473,Waller County,54476,26925,27551,18225,8893,9332,14496,6848,7648,20165,10384,9781,1590,800,790
0.0 Scen,2044,473,Waller County,54763,27076,27687,18150,8862,9288,14642,6928,7714,20361,10476,9885,1610,810,800
0.0 Scen,2045,473,Waller County,55060,27221,27839,18072,8827,9245,14795,7004,7791,20559,10569,9990,1634,821,813
0.0 Scen,2046,473,Waller County,55362,27376,27986,18006,8801,9205,14942,7080,7862,20753,10660,10093,1661,835,826
0.0 Scen,2047,473,Waller County,55670,27538,28132,17941,8774,9167,15098,7162,7936,20947,10755,10192,1684,847,837
0.0 Scen,2048,473,Waller County,55979,27690,28289,17886,8752,9134,15244,7233,8011,21139,10845,10294,1710,860,850
0.0 Scen,2049,473,Waller County,56287,27845,28442,17824,8725,9099,15401,7315,8086,21325,10930,10395,1737,875,862
0.0 Scen,2050,473,Waller County,56609,28013,28596,17772,8707,9065,15561,7399,8162,21513,11017,10496,1763,890,873
0.0 Scen,2010,475,Ward County,10658,5151,5507,4922,2330,2592,474,241,233,5074,2487,2587,188,93,95
0.0 Scen,2011,475,Ward County,10744,5197,5547,4929,2334,2595,478,244,234,5145,2524,2621,192,95,97
0.0 Scen,2012,475,Ward County,10838,5245,5593,4936,2338,2598,482,247,235,5224,2563,2661,196,97,99
0.0 Scen,2013,475,Ward County,10936,5297,5639,4946,2345,2601,486,248,238,5304,2605,2699,200,99,101
0.0 Scen,2014,475,Ward County,11028,5346,5682,4951,2348,2603,491,251,240,5382,2646,2736,204,101,103
0.0 Scen,2015,475,Ward County,11114,5390,5724,4953,2349,2604,496,255,241,5459,2684,2775,206,102,104
0.0 Scen,2016,475,Ward County,11211,5443,5768,4956,2352,2604,499,257,242,5546,2730,2816,210,104,106
0.0 Scen,2017,475,Ward County,11303,5487,5816,4956,2352,2604,507,260,247,5626,2769,2857,214,106,108
0.0 Scen,2018,475,Ward County,11393,5531,5862,4963,2355,2608,510,263,247,5702,2805,2897,218,108,110
0.0 Scen,2019,475,Ward County,11490,5582,5908,4967,2361,2606,518,266,252,5780,2843,2937,225,112,113
0.0 Scen,2020,475,Ward County,11580,5623,5957,4968,2359,2609,524,269,255,5858,2880,2978,230,115,115
0.0 Scen,2021,475,Ward County,11673,5673,6000,4967,2362,2605,530,271,259,5943,2923,3020,233,117,116
0.0 Scen,2022,475,Ward County,11758,5717,6041,4962,2361,2601,538,274,264,6020,2962,3058,238,120,118
0.0 Scen,2023,475,Ward County,11838,5760,6078,4961,2361,2600,542,278,264,6095,2998,3097,240,123,117
0.0 Scen,2024,475,Ward County,11925,5805,6120,4959,2360,2599,549,281,268,6170,3037,3133,247,127,120
0.0 Scen,2025,475,Ward County,12013,5853,6160,4954,2361,2593,556,285,271,6250,3077,3173,253,130,123
0.0 Scen,2026,475,Ward County,12107,5904,6203,4947,2361,2586,565,291,274,6337,3119,3218,258,133,125
0.0 Scen,2027,475,Ward County,12200,5956,6244,4946,2363,2583,573,295,278,6418,3162,3256,263,136,127
0.0 Scen,2028,475,Ward County,12292,6004,6288,4943,2365,2578,578,298,280,6503,3202,3301,268,139,129
0.0 Scen,2029,475,Ward County,12388,6052,6336,4942,2366,2576,586,302,284,6586,3242,3344,274,142,132
0.0 Scen,2030,475,Ward County,12478,6099,6379,4937,2366,2571,593,306,287,6669,3282,3387,279,145,134
0.0 Scen,2031,475,Ward County,12569,6145,6424,4940,2369,2571,601,310,291,6746,3320,3426,282,146,136
0.0 Scen,2032,475,Ward County,12660,6196,6464,4937,2369,2568,610,315,295,6826,3363,3463,287,149,138
0.0 Scen,2033,475,Ward County,12745,6239,6506,4939,2371,2568,615,318,297,6899,3398,3501,292,152,140
0.0 Scen,2034,475,Ward County,12817,6281,6536,4931,2370,2561,618,319,299,6971,3437,3534,297,155,142
0.0 Scen,2035,475,Ward County,12894,6319,6575,4936,2372,2564,622,320,302,7037,3470,3567,299,157,142
0.0 Scen,2036,475,Ward County,12971,6362,6609,4935,2374,2561,626,322,304,7107,3507,3600,303,159,144
0.0 Scen,2037,475,Ward County,13048,6407,6641,4936,2379,2557,629,323,306,7178,3545,3633,305,160,145
0.0 Scen,2038,475,Ward County,13130,6454,6676,4938,2382,2556,631,324,307,7254,3586,3668,307,162,145
0.0 Scen,2039,475,Ward County,13210,6498,6712,4939,2384,2555,632,325,307,7329,3626,3703,310,163,147
0.0 Scen,2040,475,Ward County,13287,6540,6747,4939,2386,2553,634,327,307,7404,3664,3740,310,163,147
0.0 Scen,2041,475,Ward County,13369,6586,6783,4946,2392,2554,634,326,308,7476,3703,3773,313,165,148
0.0 Scen,2042,475,Ward County,13442,6631,6811,4943,2396,2547,637,328,309,7548,3742,3806,314,165,149
0.0 Scen,2043,475,Ward County,13519,6671,6848,4947,2400,2547,638,328,310,7619,3778,3841,315,165,150
0.0 Scen,2044,475,Ward County,13594,6711,6883,4948,2401,2547,641,330,311,7688,3814,3874,317,166,151
0.0 Scen,2045,475,Ward County,13667,6757,6910,4946,2405,2541,645,333,312,7760,3854,3906,316,165,151
0.0 Scen,2046,475,Ward County,13742,6798,6944,4950,2408,2542,646,334,312,7830,3890,3940,316,166,150
0.0 Scen,2047,475,Ward County,13815,6840,6975,4950,2412,2538,648,335,313,7901,3928,3973,316,165,151
0.0 Scen,2048,475,Ward County,13889,6881,7008,4956,2420,2536,647,334,313,7972,3964,4008,314,163,151
0.0 Scen,2049,475,Ward County,13965,6931,7034,4958,2428,2530,646,334,312,8044,4004,4040,317,165,152
0.0 Scen,2050,475,Ward County,14040,6972,7068,4959,2432,2527,644,332,312,8118,4043,4075,319,165,154
0.0 Scen,2010,477,Washington County,33718,16580,17138,22394,10848,11546,5861,2873,2988,4641,2466,2175,822,393,429
0.0 Scen,2011,477,Washington County,33704,16587,17117,22240,10786,11454,5892,2886,3006,4739,2516,2223,833,399,434
0.0 Scen,2012,477,Washington County,33744,16619,17125,22119,10739,11380,5939,2905,3034,4842,2569,2273,844,406,438
0.0 Scen,2013,477,Washington County,33808,16659,17149,22005,10692,11313,6002,2934,3068,4945,2622,2323,856,411,445
0.0 Scen,2014,477,Washington County,33898,16708,17190,21914,10654,11260,6066,2961,3105,5047,2674,2373,871,419,452
0.0 Scen,2015,477,Washington County,33993,16773,17220,21829,10622,11207,6122,2991,3131,5153,2730,2423,889,430,459
0.0 Scen,2016,477,Washington County,34069,16818,17251,21738,10585,11153,6167,3010,3157,5264,2788,2476,900,435,465
0.0 Scen,2017,477,Washington County,34145,16872,17273,21648,10551,11097,6210,3034,3176,5367,2841,2526,920,446,474
0.0 Scen,2018,477,Washington County,34211,16913,17298,21561,10513,11048,6247,3051,3196,5470,2894,2576,933,455,478
0.0 Scen,2019,477,Washington County,34272,16950,17322,21476,10474,11002,6279,3067,3212,5571,2946,2625,946,463,483
0.0 Scen,2020,477,Washington County,34333,16988,17345,21389,10436,10953,6299,3078,3221,5679,3002,2677,966,472,494
0.0 Scen,2021,477,Washington County,34404,17025,17379,21311,10398,10913,6324,3089,3235,5788,3057,2731,981,481,500
0.0 Scen,2022,477,Washington County,34465,17064,17401,21236,10365,10871,6334,3095,3239,5899,3115,2784,996,489,507
0.0 Scen,2023,477,Washington County,34522,17099,17423,21153,10329,10824,6349,3103,3246,6007,3169,2838,1013,498,515
0.0 Scen,2024,477,Washington County,34563,17129,17434,21059,10287,10772,6361,3111,3250,6114,3224,2890,1029,507,522
0.0 Scen,2025,477,Washington County,34594,17162,17432,20957,10248,10709,6371,3121,3250,6222,3279,2943,1044,514,530
0.0 Scen,2026,477,Washington County,34616,17178,17438,20848,10198,10650,6378,3124,3254,6331,3334,2997,1059,522,537
0.0 Scen,2027,477,Washington County,34641,17203,17438,20740,10151,10589,6390,3133,3257,6437,3389,3048,1074,530,544
0.0 Scen,2028,477,Washington County,34662,17223,17439,20628,10102,10526,6400,3139,3261,6541,3442,3099,1093,540,553
0.0 Scen,2029,477,Washington County,34689,17249,17440,20511,10051,10460,6417,3152,3265,6651,3497,3154,1110,549,561
0.0 Scen,2030,477,Washington County,34692,17260,17432,20387,9995,10392,6423,3161,3262,6755,3548,3207,1127,556,571
0.0 Scen,2031,477,Washington County,34689,17263,17426,20256,9934,10322,6432,3167,3265,6862,3600,3262,1139,562,577
0.0 Scen,2032,477,Washington County,34668,17264,17404,20108,9866,10242,6443,3178,3265,6963,3650,3313,1154,570,584
0.0 Scen,2033,477,Washington County,34654,17257,17397,19967,9799,10168,6454,3183,3271,7065,3698,3367,1168,577,591
0.0 Scen,2034,477,Washington County,34637,17252,17385,19823,9731,10092,6461,3187,3274,7171,3750,3421,1182,584,598
0.0 Scen,2035,477,Washington County,34623,17247,17376,19680,9664,10016,6479,3197,3282,7270,3796,3474,1194,590,604
0.0 Scen,2036,477,Washington County,34604,17248,17356,19531,9598,9933,6498,3207,3291,7368,3846,3522,1207,597,610
0.0 Scen,2037,477,Washington County,34577,17238,17339,19382,9528,9854,6511,3215,3296,7464,3892,3572,1220,603,617
0.0 Scen,2038,477,Washington County,34539,17222,17317,19233,9461,9772,6520,3217,3303,7557,3935,3622,1229,609,620
0.0 Scen,2039,477,Washington County,34518,17216,17302,19091,9393,9698,6534,3228,3306,7648,3977,3671,1245,618,627
0.0 Scen,2040,477,Washington County,34488,17203,17285,18953,9328,9625,6546,3235,3311,7737,4019,3718,1252,621,631
0.0 Scen,2041,477,Washington County,34460,17195,17265,18811,9260,9551,6561,3249,3312,7826,4059,3767,1262,627,635
0.0 Scen,2042,477,Washington County,34432,17181,17251,18677,9196,9481,6570,3257,3313,7913,4097,3816,1272,631,641
0.0 Scen,2043,477,Washington County,34411,17172,17239,18554,9136,9418,6574,3261,3313,8002,4138,3864,1281,637,644
0.0 Scen,2044,477,Washington County,34391,17170,17221,18428,9081,9347,6580,3267,3313,8092,4180,3912,1291,642,649
0.0 Scen,2045,477,Washington County,34366,17166,17200,18313,9027,9286,6577,3269,3308,8177,4222,3955,1299,648,651
0.0 Scen,2046,477,Washington County,34343,17155,17188,18199,8973,9226,6574,3268,3306,8261,4261,4000,1309,653,656
0.0 Scen,2047,477,Washington County,34335,17162,17173,18094,8927,9167,6574,3272,3302,8348,4304,4044,1319,659,660
0.0 Scen,2048,477,Washington County,34320,17158,17162,17990,8878,9112,6568,3271,3297,8431,4342,4089,1331,667,664
0.0 Scen,2049,477,Washington County,34300,17158,17142,17892,8836,9056,6553,3268,3285,8516,4383,4133,1339,671,668
0.0 Scen,2050,477,Washington County,34286,17160,17126,17799,8793,9006,6539,3268,3271,8600,4423,4177,1348,676,672
0.0 Scen,2010,479,Webb County,250304,121488,128816,8345,4634,3711,487,335,152,239653,115600,124053,1819,919,900
0.0 Scen,2011,479,Webb County,254330,123540,130790,8399,4655,3744,493,338,155,243596,117617,125979,1842,930,912
0.0 Scen,2012,479,Webb County,258354,125596,132758,8459,4680,3779,498,341,157,247530,119632,127898,1867,943,924
0.0 Scen,2013,479,Webb County,262421,127668,134753,8512,4702,3810,504,344,160,251513,121665,129848,1892,957,935
0.0 Scen,2014,479,Webb County,266532,129772,136760,8567,4726,3841,512,348,164,255531,123724,131807,1922,974,948
0.0 Scen,2015,479,Webb County,270693,131883,138810,8610,4740,3870,516,350,166,259617,125805,133812,1950,988,962
0.0 Scen,2016,479,Webb County,275048,134091,140957,8667,4764,3903,531,361,170,263878,127965,135913,1972,1001,971
0.0 Scen,2017,479,Webb County,279508,136342,143166,8728,4790,3938,548,370,178,268225,130164,138061,2007,1018,989
0.0 Scen,2018,479,Webb County,283980,138616,145364,8783,4814,3969,565,381,184,272605,132390,140215,2027,1031,996
0.0 Scen,2019,479,Webb County,288511,140905,147606,8835,4832,4003,577,388,189,277043,134640,142403,2056,1045,1011
0.0 Scen,2020,479,Webb County,293121,143239,149882,8890,4856,4034,601,404,197,281548,136920,144628,2082,1059,1023
0.0 Scen,2021,479,Webb County,297582,145518,152064,8934,4874,4060,611,408,203,285937,139166,146771,2100,1070,1030
0.0 Scen,2022,479,Webb County,302071,147812,154259,8974,4887,4087,619,414,205,290358,141429,148929,2120,1082,1038
0.0 Scen,2023,479,Webb County,306561,150114,156447,9011,4898,4113,626,418,208,294786,143706,151080,2138,1092,1046
0.0 Scen,2024,479,Webb County,311086,152415,158671,9040,4909,4131,633,421,212,299258,145986,153272,2155,1099,1056
0.0 Scen,2025,479,Webb County,315634,154744,160890,9075,4920,4155,647,428,219,303741,148288,155453,2171,1108,1063
0.0 Scen,2026,479,Webb County,320139,157075,163064,9101,4928,4173,652,430,222,308197,150599,157598,2189,1118,1071
0.0 Scen,2027,479,Webb County,324675,159382,165293,9129,4937,4192,662,435,227,312678,152884,159794,2206,1126,1080
0.0 Scen,2028,479,Webb County,329119,161661,167458,9154,4941,4213,666,437,229,317086,155154,161932,2213,1129,1084
0.0 Scen,2029,479,Webb County,333617,163990,169627,9188,4954,4234,673,440,233,321526,157460,164066,2230,1136,1094
0.0 Scen,2030,479,Webb County,338098,166263,171835,9223,4963,4260,683,445,238,325952,159715,166237,2240,1140,1100
0.0 Scen,2031,479,Webb County,342496,168503,173993,9257,4974,4283,690,449,241,330301,161936,168365,2248,1144,1104
0.0 Scen,2032,479,Webb County,346903,170774,176129,9288,4986,4302,698,453,245,334653,164185,170468,2264,1150,1114
0.0 Scen,2033,479,Webb County,351332,173072,178260,9321,5002,4319,704,456,248,339030,166457,172573,2277,1157,1120
0.0 Scen,2034,479,Webb County,355699,175284,180415,9354,5013,4341,712,462,250,343340,168647,174693,2293,1162,1131
0.0 Scen,2035,479,Webb County,360052,177558,182494,9378,5020,4358,714,461,253,347658,170909,176749,2302,1168,1134
0.0 Scen,2036,479,Webb County,364446,179799,184647,9401,5027,4374,721,465,256,352008,173131,178877,2316,1176,1140
0.0 Scen,2037,479,Webb County,368785,182049,186736,9425,5037,4388,728,470,258,356305,175361,180944,2327,1181,1146
0.0 Scen,2038,479,Webb County,373130,184265,188865,9446,5046,4400,736,474,262,360613,177562,183051,2335,1183,1152
0.0 Scen,2039,479,Webb County,377471,186515,190956,9468,5053,4415,742,475,267,364922,179803,185119,2339,1184,1155
0.0 Scen,2040,479,Webb County,381800,188745,193055,9483,5057,4426,746,476,270,369222,182024,187198,2349,1188,1161
0.0 Scen,2041,479,Webb County,386210,191030,195180,9500,5060,4440,750,477,273,373604,184300,189304,2356,1193,1163
0.0 Scen,2042,479,Webb County,390502,193240,197262,9515,5062,4453,753,477,276,377873,186505,191368,2361,1196,1165
0.0 Scen,2043,479,Webb County,394940,195560,199380,9518,5059,4459,755,477,278,382299,188824,193475,2368,1200,1168
0.0 Scen,2044,479,Webb County,399282,197794,201488,9528,5061,4467,759,478,281,386623,191054,195569,2372,1201,1171
0.0 Scen,2045,479,Webb County,403660,200064,203596,9541,5059,4482,764,479,285,390982,193322,197660,2373,1204,1169
0.0 Scen,2046,479,Webb County,408075,202358,205717,9543,5053,4490,766,479,287,395390,195623,199767,2376,1203,1173
0.0 Scen,2047,479,Webb County,412426,204613,207813,9548,5049,4499,769,480,289,399738,197885,201853,2371,1199,1172
0.0 Scen,2048,479,Webb County,416845,206913,209932,9549,5045,4504,773,481,292,404156,200193,203963,2367,1194,1173
0.0 Scen,2049,479,Webb County,421235,209179,212056,9550,5040,4510,774,480,294,408546,202469,206077,2365,1190,1175
0.0 Scen,2050,479,Webb County,425655,211482,214173,9553,5039,4514,777,481,296,412967,204777,208190,2358,1185,1173
0.0 Scen,2010,481,Wharton County,41280,20291,20989,19681,9461,10220,5668,2693,2975,15445,7893,7552,486,244,242
0.0 Scen,2011,481,Wharton County,41474,20391,21083,19616,9439,10177,5677,2696,2981,15687,8008,7679,494,248,246
0.0 Scen,2012,481,Wharton County,41695,20508,21187,19561,9423,10138,5695,2706,2989,15939,8127,7812,500,252,248
0.0 Scen,2013,481,Wharton County,41913,20619,21294,19500,9401,10099,5716,2715,3001,16189,8247,7942,508,256,252
0.0 Scen,2014,481,Wharton County,42121,20731,21390,19441,9380,10061,5731,2724,3007,16433,8366,8067,516,261,255
0.0 Scen,2015,481,Wharton County,42339,20850,21489,19386,9365,10021,5751,2735,3016,16678,8484,8194,524,266,258
0.0 Scen,2016,481,Wharton County,42556,20970,21586,19328,9348,9980,5768,2744,3024,16926,8605,8321,534,273,261
0.0 Scen,2017,481,Wharton County,42783,21095,21688,19274,9332,9942,5785,2750,3035,17178,8734,8444,546,279,267
0.0 Scen,2018,481,Wharton County,43007,21217,21790,19214,9311,9903,5803,2760,3043,17434,8863,8571,556,283,273
0.0 Scen,2019,481,Wharton County,43228,21334,21894,19158,9291,9867,5815,2767,3048,17687,8987,8700,568,289,279
0.0 Scen,2020,481,Wharton County,43450,21456,21994,19100,9270,9830,5816,2768,3048,17956,9124,8832,578,294,284
0.0 Scen,2021,481,Wharton County,43694,21592,22102,19041,9247,9794,5836,2781,3055,18230,9265,8965,587,299,288
0.0 Scen,2022,481,Wharton County,43921,21716,22205,18984,9224,9760,5844,2789,3055,18496,9399,9097,597,304,293
0.0 Scen,2023,481,Wharton County,44152,21839,22313,18923,9198,9725,5853,2796,3057,18771,9537,9234,605,308,297
0.0 Scen,2024,481,Wharton County,44402,21979,22423,18873,9183,9690,5868,2808,3060,19050,9677,9373,611,311,300
0.0 Scen,2025,481,Wharton County,44656,22119,22537,18820,9161,9659,5882,2818,3064,19333,9824,9509,621,316,305
0.0 Scen,2026,481,Wharton County,44902,22255,22647,18768,9143,9625,5894,2828,3066,19611,9964,9647,629,320,309
0.0 Scen,2027,481,Wharton County,45130,22374,22756,18710,9118,9592,5897,2831,3066,19888,10103,9785,635,322,313
0.0 Scen,2028,481,Wharton County,45368,22501,22867,18651,9092,9559,5910,2841,3069,20168,10245,9923,639,323,316
0.0 Scen,2029,481,Wharton County,45605,22629,22976,18583,9061,9522,5925,2853,3072,20452,10387,10065,645,328,317
0.0 Scen,2030,481,Wharton County,45840,22747,23093,18514,9024,9490,5936,2862,3074,20734,10528,10206,656,333,323
0.0 Scen,2031,481,Wharton County,46065,22869,23196,18445,8993,9452,5949,2872,3077,21010,10667,10343,661,337,324
0.0 Scen,2032,481,Wharton County,46271,22979,23292,18368,8962,9406,5952,2875,3077,21281,10800,10481,670,342,328
0.0 Scen,2033,481,Wharton County,46475,23087,23388,18285,8926,9359,5962,2882,3080,21549,10932,10617,679,347,332
0.0 Scen,2034,481,Wharton County,46681,23190,23491,18205,8885,9320,5972,2890,3082,21815,11063,10752,689,352,337
0.0 Scen,2035,481,Wharton County,46869,23284,23585,18117,8842,9275,5978,2895,3083,22077,11191,10886,697,356,341
0.0 Scen,2036,481,Wharton County,47050,23381,23669,18027,8805,9222,5984,2899,3085,22335,11317,11018,704,360,344
0.0 Scen,2037,481,Wharton County,47229,23466,23763,17934,8761,9173,5987,2898,3089,22596,11443,11153,712,364,348
0.0 Scen,2038,481,Wharton County,47405,23558,23847,17837,8718,9119,6000,2905,3095,22851,11567,11284,717,368,349
0.0 Scen,2039,481,Wharton County,47573,23644,23929,17737,8674,9063,6007,2908,3099,23106,11691,11415,723,371,352
0.0 Scen,2040,481,Wharton County,47738,23732,24006,17638,8630,9008,6011,2911,3100,23357,11814,11543,732,377,355
0.0 Scen,2041,481,Wharton County,47901,23824,24077,17538,8591,8947,6010,2913,3097,23612,11939,11673,741,381,360
0.0 Scen,2042,481,Wharton County,48060,23907,24153,17440,8545,8895,6009,2915,3094,23863,12062,11801,748,385,363
0.0 Scen,2043,481,Wharton County,48208,23988,24220,17332,8498,8834,6006,2918,3088,24115,12183,11932,755,389,366
0.0 Scen,2044,481,Wharton County,48363,24063,24300,17229,8446,8783,6005,2923,3082,24366,12303,12063,763,391,372
0.0 Scen,2045,481,Wharton County,48524,24154,24370,17129,8404,8725,6007,2928,3079,24621,12430,12191,767,392,375
0.0 Scen,2046,481,Wharton County,48680,24235,24445,17034,8360,8674,6005,2929,3076,24870,12551,12319,771,395,376
0.0 Scen,2047,481,Wharton County,48837,24314,24523,16944,8320,8624,5992,2921,3071,25125,12676,12449,776,397,379
0.0 Scen,2048,481,Wharton County,49013,24407,24606,16859,8282,8577,5990,2924,3066,25381,12801,12580,783,400,383
0.0 Scen,2049,481,Wharton County,49184,24496,24688,16776,8244,8532,5983,2922,3061,25637,12928,12709,788,402,386
0.0 Scen,2050,481,Wharton County,49359,24591,24768,16698,8211,8487,5980,2925,3055,25884,13049,12835,797,406,391
0.0 Scen,2010,483,Wheeler County,5410,2661,2749,3847,1867,1980,112,53,59,1344,697,647,107,44,63
0.0 Scen,2011,483,Wheeler County,5425,2669,2756,3834,1860,1974,114,54,60,1369,710,659,108,45,63
0.0 Scen,2012,483,Wheeler County,5449,2681,2768,3828,1857,1971,116,55,61,1396,724,672,109,45,64
0.0 Scen,2013,483,Wheeler County,5465,2693,2772,3815,1853,1962,118,56,62,1423,738,685,109,46,63
0.0 Scen,2014,483,Wheeler County,5477,2700,2777,3801,1847,1954,120,57,63,1446,750,696,110,46,64
0.0 Scen,2015,483,Wheeler County,5494,2714,2780,3789,1845,1944,121,58,63,1473,764,709,111,47,64
0.0 Scen,2016,483,Wheeler County,5510,2721,2789,3776,1837,1939,123,59,64,1499,778,721,112,47,65
0.0 Scen,2017,483,Wheeler County,5531,2729,2802,3765,1829,1936,125,60,65,1527,792,735,114,48,66
0.0 Scen,2018,483,Wheeler County,5553,2740,2813,3756,1824,1932,127,61,66,1555,807,748,115,48,67
0.0 Scen,2019,483,Wheeler County,5577,2754,2823,3747,1822,1925,129,62,67,1584,821,763,117,49,68
0.0 Scen,2020,483,Wheeler County,5594,2761,2833,3734,1814,1920,131,63,68,1611,835,776,118,49,69
0.0 Scen,2021,483,Wheeler County,5613,2768,2845,3716,1804,1912,132,63,69,1644,851,793,121,50,71
0.0 Scen,2022,483,Wheeler County,5635,2783,2852,3702,1800,1902,134,64,70,1676,868,808,123,51,72
0.0 Scen,2023,483,Wheeler County,5661,2797,2864,3687,1792,1895,136,65,71,1712,887,825,126,53,73
0.0 Scen,2024,483,Wheeler County,5683,2807,2876,3669,1780,1889,138,66,72,1747,906,841,129,55,74
0.0 Scen,2025,483,Wheeler County,5702,2820,2882,3649,1772,1877,140,67,73,1782,925,857,131,56,75
0.0 Scen,2026,483,Wheeler County,5729,2835,2894,3631,1765,1866,142,68,74,1823,945,878,133,57,76
0.0 Scen,2027,483,Wheeler County,5753,2850,2903,3614,1760,1854,144,69,75,1860,963,897,135,58,77
0.0 Scen,2028,483,Wheeler County,5772,2859,2913,3592,1748,1844,145,69,76,1899,983,916,136,59,77
0.0 Scen,2029,483,Wheeler County,5795,2872,2923,3573,1739,1834,145,69,76,1939,1003,936,138,61,77
0.0 Scen,2030,483,Wheeler County,5822,2891,2931,3557,1736,1821,146,69,77,1980,1025,955,139,61,78
0.0 Scen,2031,483,Wheeler County,5845,2906,2939,3537,1728,1809,147,70,77,2020,1045,975,141,63,78
0.0 Scen,2032,483,Wheeler County,5866,2918,2948,3518,1721,1797,148,70,78,2058,1064,994,142,63,79
0.0 Scen,2033,483,Wheeler County,5889,2933,2956,3496,1713,1783,150,72,78,2100,1084,1016,143,64,79
0.0 Scen,2034,483,Wheeler County,5908,2946,2962,3477,1706,1771,151,72,79,2135,1104,1031,145,64,81
0.0 Scen,2035,483,Wheeler County,5926,2960,2966,3459,1699,1760,151,73,78,2170,1122,1048,146,66,80
0.0 Scen,2036,483,Wheeler County,5943,2968,2975,3441,1691,1750,152,73,79,2204,1138,1066,146,66,80
0.0 Scen,2037,483,Wheeler County,5960,2981,2979,3422,1684,1738,153,74,79,2238,1155,1083,147,68,79
0.0 Scen,2038,483,Wheeler County,5981,2992,2989,3407,1678,1729,154,74,80,2273,1173,1100,147,67,80
0.0 Scen,2039,483,Wheeler County,6000,3006,2994,3391,1672,1719,153,74,79,2309,1192,1117,147,68,79
0.0 Scen,2040,483,Wheeler County,6020,3015,3005,3379,1667,1712,153,73,80,2341,1208,1133,147,67,80
0.0 Scen,2041,483,Wheeler County,6038,3027,3011,3363,1661,1702,153,74,79,2372,1223,1149,150,69,81
0.0 Scen,2042,483,Wheeler County,6059,3040,3019,3352,1659,1693,153,73,80,2404,1239,1165,150,69,81
0.0 Scen,2043,483,Wheeler County,6080,3054,3026,3339,1655,1684,153,74,79,2438,1256,1182,150,69,81
0.0 Scen,2044,483,Wheeler County,6103,3067,3036,3328,1650,1678,152,73,79,2472,1274,1198,151,70,81
0.0 Scen,2045,483,Wheeler County,6122,3078,3044,3312,1643,1669,152,73,79,2506,1291,1215,152,71,81
0.0 Scen,2046,483,Wheeler County,6147,3092,3055,3300,1637,1663,153,73,80,2541,1310,1231,153,72,81
0.0 Scen,2047,483,Wheeler County,6168,3105,3063,3286,1632,1654,153,74,79,2576,1327,1249,153,72,81
0.0 Scen,2048,483,Wheeler County,6182,3114,3068,3267,1626,1641,153,74,79,2610,1343,1267,152,71,81
0.0 Scen,2049,483,Wheeler County,6208,3132,3076,3261,1627,1634,152,74,78,2643,1360,1283,152,71,81
0.0 Scen,2050,483,Wheeler County,6224,3142,3082,3246,1623,1623,151,73,78,2676,1376,1300,151,70,81
0.0 Scen,2010,485,Wichita County,131500,67438,64062,90001,45226,44775,13322,7287,6035,21859,11817,10042,6318,3108,3210
0.0 Scen,2011,485,Wichita County,131699,67527,64172,89780,45105,44675,13359,7306,6053,22176,11974,10202,6384,3142,3242
0.0 Scen,2012,485,Wichita County,132329,67849,64480,89897,45176,44721,13443,7347,6096,22523,12145,10378,6466,3181,3285
0.0 Scen,2013,485,Wichita County,132973,68183,64790,90034,45255,44779,13527,7390,6137,22870,12316,10554,6542,3222,3320
0.0 Scen,2014,485,Wichita County,133600,68503,65097,90169,45329,44840,13605,7433,6172,23212,12482,10730,6614,3259,3355
0.0 Scen,2015,485,Wichita County,134208,68827,65381,90277,45399,44878,13685,7477,6208,23561,12654,10907,6685,3297,3388
0.0 Scen,2016,485,Wichita County,134813,69141,65672,90368,45455,44913,13760,7511,6249,23915,12833,11082,6770,3342,3428
0.0 Scen,2017,485,Wichita County,135398,69458,65940,90442,45505,44937,13845,7558,6287,24269,13011,11258,6842,3384,3458
0.0 Scen,2018,485,Wichita County,135997,69767,66230,90510,45554,44956,13928,7595,6333,24636,13194,11442,6923,3424,3499
0.0 Scen,2019,485,Wichita County,136583,70077,66506,90565,45595,44970,14014,7639,6375,25009,13383,11626,6995,3460,3535
0.0 Scen,2020,485,Wichita County,137167,70404,66763,90604,45636,44968,14104,7688,6416,25383,13573,11810,7076,3507,3569
0.0 Scen,2021,485,Wichita County,137763,70720,67043,90653,45681,44972,14188,7726,6462,25768,13766,12002,7154,3547,3607
0.0 Scen,2022,485,Wichita County,138365,71051,67314,90708,45732,44976,14271,7769,6502,26157,13962,12195,7229,3588,3641
0.0 Scen,2023,485,Wichita County,138973,71377,67596,90740,45768,44972,14363,7813,6550,26553,14163,12390,7317,3633,3684
0.0 Scen,2024,485,Wichita County,139567,71700,67867,90781,45814,44967,14452,7859,6593,26942,14356,12586,7392,3671,3721
0.0 Scen,2025,485,Wichita County,140157,72015,68142,90814,45849,44965,14531,7897,6634,27345,14558,12787,7467,3711,3756
0.0 Scen,2026,485,Wichita County,140725,72323,68402,90839,45882,44957,14616,7939,6677,27736,14757,12979,7534,3745,3789
0.0 Scen,2027,485,Wichita County,141305,72622,68683,90860,45900,44960,14703,7981,6722,28133,14954,13179,7609,3787,3822
0.0 Scen,2028,485,Wichita County,141853,72906,68947,90866,45912,44954,14785,8020,6765,28526,15149,13377,7676,3825,3851
0.0 Scen,2029,485,Wichita County,142369,73167,69202,90841,45907,44934,14861,8056,6805,28921,15342,13579,7746,3862,3884
0.0 Scen,2030,485,Wichita County,142881,73432,69449,90815,45908,44907,14929,8086,6843,29323,15540,13783,7814,3898,3916
0.0 Scen,2031,485,Wichita County,143389,73697,69692,90795,45910,44885,15004,8123,6881,29707,15732,13975,7883,3932,3951
0.0 Scen,2032,485,Wichita County,143886,73947,69939,90775,45915,44860,15071,8150,6921,30093,15920,14173,7947,3962,3985
0.0 Scen,2033,485,Wichita County,144366,74197,70169,90757,45915,44842,15131,8173,6958,30478,16111,14367,8000,3998,4002
0.0 Scen,2034,485,Wichita County,144838,74447,70391,90728,45913,44815,15204,8202,7002,30855,16298,14557,8051,4034,4017
0.0 Scen,2035,485,Wichita County,145331,74703,70628,90702,45916,44786,15264,8231,7033,31230,16483,14747,8135,4073,4062
0.0 Scen,2036,485,Wichita County,145771,74933,70838,90661,45910,44751,15319,8255,7064,31597,16665,14932,8194,4103,4091
0.0 Scen,2037,485,Wichita County,146198,75153,71045,90620,45900,44720,15373,8277,7096,31955,16843,15112,8250,4133,4117
0.0 Scen,2038,485,Wichita County,146633,75382,71251,90579,45892,44687,15424,8301,7123,32316,17019,15297,8314,4170,4144
0.0 Scen,2039,485,Wichita County,147040,75590,71450,90525,45877,44648,15476,8322,7154,32672,17195,15477,8367,4196,4171
0.0 Scen,2040,485,Wichita County,147442,75805,71637,90474,45868,44606,15520,8338,7182,33021,17370,15651,8427,4229,4198
0.0 Scen,2041,485,Wichita County,147846,76021,71825,90428,45861,44567,15575,8361,7214,33367,17541,15826,8476,4258,4218
0.0 Scen,2042,485,Wichita County,148216,76226,71990,90355,45845,44510,15624,8384,7240,33711,17712,15999,8526,4285,4241
0.0 Scen,2043,485,Wichita County,148546,76394,72152,90276,45815,44461,15659,8395,7264,34043,17874,16169,8568,4310,4258
0.0 Scen,2044,485,Wichita County,148893,76580,72313,90194,45793,44401,15702,8416,7286,34382,18039,16343,8615,4332,4283
0.0 Scen,2045,485,Wichita County,149252,76775,72477,90123,45779,44344,15754,8436,7318,34712,18201,16511,8663,4359,4304
0.0 Scen,2046,485,Wichita County,149582,76951,72631,90040,45753,44287,15800,8455,7345,35040,18362,16678,8702,4381,4321
0.0 Scen,2047,485,Wichita County,149916,77131,72785,89961,45732,44229,15841,8471,7370,35373,18526,16847,8741,4402,4339
0.0 Scen,2048,485,Wichita County,150246,77315,72931,89893,45718,44175,15884,8493,7391,35697,18682,17015,8772,4422,4350
0.0 Scen,2049,485,Wichita County,150572,77496,73076,89824,45700,44124,15929,8517,7412,36022,18844,17178,8797,4435,4362
0.0 Scen,2050,485,Wichita County,150923,77683,73240,89765,45690,44075,15959,8526,7433,36360,19007,17353,8839,4460,4379
0.0 Scen,2010,487,Wilbarger County,13535,6736,6799,8585,4211,4374,1049,556,493,3508,1776,1732,393,193,200
0.0 Scen,2011,487,Wilbarger County,13614,6780,6834,8570,4207,4363,1057,560,497,3584,1815,1769,403,198,205
0.0 Scen,2012,487,Wilbarger County,13697,6825,6872,8557,4203,4354,1063,562,501,3664,1857,1807,413,203,210
0.0 Scen,2013,487,Wilbarger County,13789,6874,6915,8553,4204,4349,1072,567,505,3745,1897,1848,419,206,213
0.0 Scen,2014,487,Wilbarger County,13885,6928,6957,8552,4206,4346,1079,573,506,3826,1939,1887,428,210,218
0.0 Scen,2015,487,Wilbarger County,13988,6985,7003,8551,4209,4342,1091,579,512,3908,1982,1926,438,215,223
0.0 Scen,2016,487,Wilbarger County,14093,7042,7051,8550,4211,4339,1097,581,516,3996,2030,1966,450,220,230
0.0 Scen,2017,487,Wilbarger County,14201,7104,7097,8557,4220,4337,1105,585,520,4081,2075,2006,458,224,234
0.0 Scen,2018,487,Wilbarger County,14304,7160,7144,8557,4222,4335,1115,591,524,4164,2118,2046,468,229,239
0.0 Scen,2019,487,Wilbarger County,14410,7217,7193,8558,4226,4332,1120,593,527,4250,2162,2088,482,236,246
0.0 Scen,2020,487,Wilbarger County,14504,7270,7234,8554,4228,4326,1127,597,530,4333,2206,2127,490,239,251
0.0 Scen,2021,487,Wilbarger County,14602,7323,7279,8545,4225,4320,1135,600,535,4420,2252,2168,502,246,256
0.0 Scen,2022,487,Wilbarger County,14692,7372,7320,8531,4222,4309,1146,606,540,4507,2295,2212,508,249,259
0.0 Scen,2023,487,Wilbarger County,14789,7427,7362,8520,4218,4302,1157,613,544,4595,2341,2254,517,255,262
0.0 Scen,2024,487,Wilbarger County,14875,7478,7397,8503,4216,4287,1164,616,548,4685,2388,2297,523,258,265
0.0 Scen,2025,487,Wilbarger County,14954,7520,7434,8481,4209,4272,1173,622,551,4773,2428,2345,527,261,266
0.0 Scen,2026,487,Wilbarger County,15046,7570,7476,8464,4207,4257,1181,626,555,4865,2473,2392,536,264,272
0.0 Scen,2027,487,Wilbarger County,15127,7612,7515,8437,4194,4243,1190,629,561,4956,2519,2437,544,270,274
0.0 Scen,2028,487,Wilbarger County,15222,7658,7564,8419,4186,4233,1195,628,567,5055,2568,2487,553,276,277
0.0 Scen,2029,487,Wilbarger County,15310,7706,7604,8396,4178,4218,1201,631,570,5152,2616,2536,561,281,280
0.0 Scen,2030,487,Wilbarger County,15398,7751,7647,8372,4168,4204,1207,633,574,5247,2663,2584,572,287,285
0.0 Scen,2031,487,Wilbarger County,15467,7786,7681,8339,4154,4185,1211,634,577,5339,2707,2632,578,291,287
0.0 Scen,2032,487,Wilbarger County,15543,7823,7720,8309,4143,4166,1215,634,581,5432,2750,2682,587,296,291
0.0 Scen,2033,487,Wilbarger County,15622,7861,7761,8280,4130,4150,1222,637,585,5524,2793,2731,596,301,295
0.0 Scen,2034,487,Wilbarger County,15693,7897,7796,8257,4121,4136,1216,632,584,5614,2837,2777,606,307,299
0.0 Scen,2035,487,Wilbarger County,15773,7931,7842,8239,4112,4127,1213,629,584,5704,2877,2827,617,313,304
0.0 Scen,2036,487,Wilbarger County,15839,7968,7871,8215,4105,4110,1211,627,584,5789,2917,2872,624,319,305
0.0 Scen,2037,487,Wilbarger County,15910,8005,7905,8192,4097,4095,1207,623,584,5876,2959,2917,635,326,309
0.0 Scen,2038,487,Wilbarger County,15980,8041,7939,8166,4087,4079,1207,620,587,5962,3002,2960,645,332,313
0.0 Scen,2039,487,Wilbarger County,16048,8076,7972,8142,4077,4065,1201,617,584,6048,3044,3004,657,338,319
0.0 Scen,2040,487,Wilbarger County,16126,8116,8010,8125,4071,4054,1196,613,583,6136,3088,3048,669,344,325
0.0 Scen,2041,487,Wilbarger County,16189,8147,8042,8098,4059,4039,1189,608,581,6221,3130,3091,681,350,331
0.0 Scen,2042,487,Wilbarger County,16263,8191,8072,8078,4054,4024,1186,608,578,6309,3174,3135,690,355,335
0.0 Scen,2043,487,Wilbarger County,16340,8231,8109,8057,4046,4011,1183,607,576,6399,3217,3182,701,361,340
0.0 Scen,2044,487,Wilbarger County,16412,8268,8144,8031,4033,3998,1180,605,575,6492,3265,3227,709,365,344
0.0 Scen,2045,487,Wilbarger County,16486,8309,8177,8009,4023,3986,1174,601,573,6583,3314,3269,720,371,349
0.0 Scen,2046,487,Wilbarger County,16558,8348,8210,7980,4009,3971,1169,598,571,6678,3364,3314,731,377,354
0.0 Scen,2047,487,Wilbarger County,16638,8393,8245,7957,4000,3957,1169,600,569,6771,3411,3360,741,382,359
0.0 Scen,2048,487,Wilbarger County,16717,8440,8277,7931,3993,3938,1167,600,567,6866,3459,3407,753,388,365
0.0 Scen,2049,487,Wilbarger County,16795,8484,8311,7903,3983,3920,1162,598,564,6963,3509,3454,767,394,373
0.0 Scen,2050,487,Wilbarger County,16881,8528,8353,7883,3973,3910,1158,596,562,7063,3560,3503,777,399,378
0.0 Scen,2010,489,Willacy County,22134,12030,10104,2235,1221,1014,389,350,39,19297,10308,8989,213,151,62
0.0 Scen,2011,489,Willacy County,22381,12155,10226,2220,1212,1008,391,352,39,19556,10440,9116,214,151,63
0.0 Scen,2012,489,Willacy County,22636,12283,10353,2205,1202,1003,389,349,40,19826,10580,9246,216,152,64
0.0 Scen,2013,489,Willacy County,22898,12413,10485,2187,1190,997,391,351,40,20102,10719,9383,218,153,65
0.0 Scen,2014,489,Willacy County,23172,12554,10618,2174,1180,994,394,353,41,20387,10869,9518,217,152,65
0.0 Scen,2015,489,Willacy County,23432,12685,10747,2160,1170,990,394,353,41,20657,11007,9650,221,155,66
0.0 Scen,2016,489,Willacy County,23697,12820,10877,2149,1163,986,391,349,42,20936,11154,9782,221,154,67
0.0 Scen,2017,489,Willacy County,23985,12973,11012,2135,1155,980,395,353,42,21230,11308,9922,225,157,68
0.0 Scen,2018,489,Willacy County,24250,13110,11140,2119,1148,971,395,352,43,21509,11452,10057,227,158,69
0.0 Scen,2019,489,Willacy County,24514,13251,11263,2104,1142,962,396,353,43,21785,11597,10188,229,159,70
0.0 Scen,2020,489,Willacy County,24784,13387,11397,2090,1132,958,394,350,44,22069,11745,10324,231,160,71
0.0 Scen,2021,489,Willacy County,25050,13524,11526,2077,1129,948,397,353,44,22343,11881,10462,233,161,72
0.0 Scen,2022,489,Willacy County,25316,13655,11661,2060,1120,940,397,353,44,22623,12021,10602,236,161,75
0.0 Scen,2023,489,Willacy County,25584,13797,11787,2048,1114,934,397,353,44,22900,12167,10733,239,163,76
0.0 Scen,2024,489,Willacy County,25864,13938,11926,2045,1112,933,396,352,44,23180,12309,10871,243,165,78
0.0 Scen,2025,489,Willacy County,26115,14056,12059,2022,1098,924,396,352,44,23452,12439,11013,245,167,78
0.0 Scen,2026,489,Willacy County,26374,14184,12190,2011,1091,920,393,349,44,23725,12579,11146,245,165,80
0.0 Scen,2027,489,Willacy County,26636,14317,12319,2001,1085,916,393,349,44,23992,12714,11278,250,169,81
0.0 Scen,2028,489,Willacy County,26894,14450,12444,1988,1079,909,393,349,44,24261,12852,11409,252,170,82
0.0 Scen,2029,489,Willacy County,27144,14570,12574,1974,1073,901,391,347,44,24528,12982,11546,251,168,83
0.0 Scen,2030,489,Willacy County,27386,14695,12691,1962,1067,895,391,348,43,24778,13109,11669,255,171,84
0.0 Scen,2031,489,Willacy County,27636,14820,12816,1947,1060,887,391,348,43,25042,13241,11801,256,171,85
0.0 Scen,2032,489,Willacy County,27891,14954,12937,1937,1058,879,389,346,43,25306,13377,11929,259,173,86
0.0 Scen,2033,489,Willacy County,28139,15080,13059,1920,1052,868,388,346,42,25572,13510,12062,259,172,87
0.0 Scen,2034,489,Willacy County,28388,15203,13185,1905,1044,861,383,340,43,25841,13648,12193,259,171,88
0.0 Scen,2035,489,Willacy County,28652,15336,13316,1890,1036,854,388,345,43,26112,13782,12330,262,173,89
0.0 Scen,2036,489,Willacy County,28912,15474,13438,1878,1035,843,388,344,44,26382,13921,12461,264,174,90
0.0 Scen,2037,489,Willacy County,29181,15613,13568,1865,1029,836,387,344,43,26662,14064,12598,267,176,91
0.0 Scen,2038,489,Willacy County,29449,15744,13705,1849,1021,828,385,343,42,26948,14205,12743,267,175,92
0.0 Scen,2039,489,Willacy County,29730,15883,13847,1837,1016,821,385,343,42,27239,14348,12891,269,176,93
0.0 Scen,2040,489,Willacy County,30011,16027,13984,1828,1013,815,384,343,41,27528,14494,13034,271,177,94
0.0 Scen,2041,489,Willacy County,30296,16167,14129,1818,1007,811,385,344,41,27821,14639,13182,272,177,95
0.0 Scen,2042,489,Willacy County,30582,16308,14274,1806,1000,806,382,341,41,28120,14789,13331,274,178,96
0.0 Scen,2043,489,Willacy County,30888,16463,14425,1798,998,800,384,343,41,28432,14944,13488,274,178,96
0.0 Scen,2044,489,Willacy County,31190,16616,14574,1788,993,795,383,342,41,28744,15102,13642,275,179,96
0.0 Scen,2045,489,Willacy County,31493,16768,14725,1781,990,791,380,339,41,29055,15258,13797,277,181,96
0.0 Scen,2046,489,Willacy County,31788,16914,14874,1772,985,787,377,337,40,29364,15413,13951,275,179,96
0.0 Scen,2047,489,Willacy County,32091,17065,15026,1763,981,782,377,337,40,29677,15569,14108,274,178,96
0.0 Scen,2048,489,Willacy County,32395,17210,15185,1753,975,778,371,331,40,29997,15727,14270,274,177,97
0.0 Scen,2049,489,Willacy County,32709,17366,15343,1746,972,774,370,330,40,30318,15886,14432,275,178,97
0.0 Scen,2050,489,Willacy County,33014,17517,15497,1742,970,772,365,325,40,30633,16045,14588,274,177,97
0.0 Scen,2010,491,Williamson County,422679,208032,214647,269481,132222,137259,24744,12157,12587,98034,49062,48972,30420,14591,15829
0.0 Scen,2011,491,Williamson County,426261,209830,216431,270773,132878,137895,24939,12254,12685,99645,49869,49776,30904,14829,16075
0.0 Scen,2012,491,Williamson County,429587,211496,218091,271879,133431,138448,25126,12346,12780,101222,50661,50561,31360,15058,16302
0.0 Scen,2013,491,Williamson County,432781,213089,219692,272916,133942,138974,25318,12446,12872,102782,51441,51341,31765,15260,16505
0.0 Scen,2014,491,Williamson County,435734,214555,221179,273810,134382,139428,25490,12529,12961,104319,52208,52111,32115,15436,16679
0.0 Scen,2015,491,Williamson County,438510,215915,222595,274556,134735,139821,25663,12611,13052,105850,52972,52878,32441,15597,16844
0.0 Scen,2016,491,Williamson County,441100,217193,223907,275150,135013,140137,25841,12704,13137,107375,53729,53646,32734,15747,16987
0.0 Scen,2017,491,Williamson County,443534,218384,225150,275625,135234,140391,26008,12789,13219,108890,54482,54408,33011,15879,17132
0.0 Scen,2018,491,Williamson County,445893,219524,226369,276038,135411,140627,26167,12868,13299,110418,55243,55175,33270,16002,17268
0.0 Scen,2019,491,Williamson County,448108,220610,227498,276300,135525,140775,26342,12960,13382,111939,55995,55944,33527,16130,17397
0.0 Scen,2020,491,Williamson County,450281,221681,228600,276551,135639,140912,26497,13038,13459,113470,56756,56714,33763,16248,17515
0.0 Scen,2021,491,Williamson County,452450,222727,229723,276768,135729,141039,26656,13114,13542,115042,57536,57506,33984,16348,17636
0.0 Scen,2022,491,Williamson County,454657,223781,230876,276965,135784,141181,26820,13190,13630,116629,58321,58308,34243,16486,17757
0.0 Scen,2023,491,Williamson County,456822,224833,231989,277115,135845,141270,26990,13274,13716,118230,59111,59119,34487,16603,17884
0.0 Scen,2024,491,Williamson County,458972,225860,233112,277263,135895,141368,27145,13347,13798,119856,59914,59942,34708,16704,18004
0.0 Scen,2025,491,Williamson County,461171,226939,234232,277375,135933,141442,27297,13424,13873,121494,60732,60762,35005,16850,18155
0.0 Scen,2026,491,Williamson County,463295,227987,235308,277462,135971,141491,27443,13496,13947,123119,61526,61593,35271,16994,18277
0.0 Scen,2027,491,Williamson County,465422,229026,236396,277517,136001,141516,27575,13558,14017,124775,62351,62424,35555,17116,18439
0.0 Scen,2028,491,Williamson County,467569,230110,237459,277576,136040,141536,27702,13619,14083,126426,63169,63257,35865,17282,18583
0.0 Scen,2029,491,Williamson County,469761,231231,238530,277656,136109,141547,27817,13673,14144,128082,63990,64092,36206,17459,18747
0.0 Scen,2030,491,Williamson County,471909,232316,239593,277690,136135,141555,27922,13722,14200,129750,64824,64926,36547,17635,18912
0.0 Scen,2031,491,Williamson County,473993,233362,240631,277698,136155,141543,28011,13761,14250,131379,65633,65746,36905,17813,19092
0.0 Scen,2032,491,Williamson County,475965,234344,241621,277645,136138,141507,28093,13802,14291,132959,66408,66551,37268,17996,19272
0.0 Scen,2033,491,Williamson County,477739,235270,242469,277476,136082,141394,28148,13829,14319,134520,67184,67336,37595,18175,19420
0.0 Scen,2034,491,Williamson County,479513,236174,243339,277277,136022,141255,28190,13849,14341,136068,67957,68111,37978,18346,19632
0.0 Scen,2035,491,Williamson County,481065,236979,244086,276976,135908,141068,28212,13851,14361,137551,68687,68864,38326,18533,19793
0.0 Scen,2036,491,Williamson County,482524,237769,244755,276618,135765,140853,28213,13859,14354,138995,69419,69576,38698,18726,19972
0.0 Scen,2037,491,Williamson County,483840,238461,245379,276167,135587,140580,28218,13853,14365,140417,70119,70298,39038,18902,20136
0.0 Scen,2038,491,Williamson County,484926,239069,245857,275602,135346,140256,28195,13845,14350,141796,70810,70986,39333,19068,20265
0.0 Scen,2039,491,Williamson County,485828,239563,246265,274947,135076,139871,28161,13829,14332,143094,71450,71644,39626,19208,20418
0.0 Scen,2040,491,Williamson County,486570,239986,246584,274177,134734,139443,28113,13806,14307,144378,72086,72292,39902,19360,20542
0.0 Scen,2041,491,Williamson County,487140,240334,246806,273327,134368,138959,28056,13782,14274,145602,72701,72901,40155,19483,20672
0.0 Scen,2042,491,Williamson County,487530,240577,246953,272384,133933,138451,27983,13746,14237,146783,73291,73492,40380,19607,20773
0.0 Scen,2043,491,Williamson County,487726,240742,246984,271288,133439,137849,27909,13711,14198,147978,73890,74088,40551,19702,20849
0.0 Scen,2044,491,Williamson County,487679,240772,246907,270152,132916,137236,27823,13671,14152,149049,74414,74635,40655,19771,20884
0.0 Scen,2045,491,Williamson County,487585,240767,246818,268881,132332,136549,27738,13628,14110,150129,74956,75173,40837,19851,20986
0.0 Scen,2046,491,Williamson County,487289,240683,246606,267565,131719,135846,27639,13581,14058,151170,75479,75691,40915,19904,21011
0.0 Scen,2047,491,Williamson County,486838,240496,246342,266165,131077,135088,27532,13530,14002,152168,75962,76206,40973,19927,21046
0.0 Scen,2048,491,Williamson County,486286,240302,245984,264728,130410,134318,27414,13479,13935,153144,76452,76692,41000,19961,21039
0.0 Scen,2049,491,Williamson County,485684,240034,245650,263245,129716,133529,27311,13423,13888,154096,76928,77168,41032,19967,21065
0.0 Scen,2050,491,Williamson County,484961,239713,245248,261729,129000,132729,27193,13367,13826,155022,77392,77630,41017,19954,21063
0.0 Scen,2010,493,Wilson County,42918,21372,21546,25186,12578,12608,644,344,300,16412,8143,8269,676,307,369
0.0 Scen,2011,493,Wilson County,43009,21409,21600,25160,12557,12603,645,346,299,16523,8196,8327,681,310,371
0.0 Scen,2012,493,Wilson County,43089,21437,21652,25125,12529,12596,649,349,300,16629,8247,8382,686,312,374
0.0 Scen,2013,493,Wilson County,43178,21470,21708,25090,12502,12588,650,350,300,16746,8303,8443,692,315,377
0.0 Scen,2014,493,Wilson County,43276,21509,21767,25058,12480,12578,654,352,302,16867,8360,8507,697,317,380
0.0 Scen,2015,493,Wilson County,43370,21550,21820,25027,12461,12566,653,351,302,16987,8418,8569,703,320,383
0.0 Scen,2016,493,Wilson County,43493,21597,21896,25007,12440,12567,658,353,305,17118,8481,8637,710,323,387
0.0 Scen,2017,493,Wilson County,43622,21650,21972,24983,12413,12570,664,357,307,17256,8550,8706,719,330,389
0.0 Scen,2018,493,Wilson County,43749,21705,22044,24966,12397,12569,667,358,309,17392,8618,8774,724,332,392
0.0 Scen,2019,493,Wilson County,43884,21758,22126,24943,12371,12572,673,362,311,17535,8687,8848,733,338,395
0.0 Scen,2020,493,Wilson County,44034,21823,22211,24937,12356,12581,677,365,312,17678,8758,8920,742,344,398
0.0 Scen,2021,493,Wilson County,44188,21887,22301,24927,12340,12587,686,371,315,17823,8827,8996,752,349,403
0.0 Scen,2022,493,Wilson County,44354,21963,22391,24932,12339,12593,693,374,319,17970,8899,9071,759,351,408
0.0 Scen,2023,493,Wilson County,44516,22034,22482,24934,12331,12603,698,377,321,18120,8973,9147,764,353,411
0.0 Scen,2024,493,Wilson County,44691,22108,22583,24943,12327,12616,701,378,323,18275,9048,9227,772,355,417
0.0 Scen,2025,493,Wilson County,44848,22172,22676,24935,12313,12622,705,380,325,18429,9120,9309,779,359,420
0.0 Scen,2026,493,Wilson County,44995,22241,22754,24923,12303,12620,708,381,327,18577,9192,9385,787,365,422
0.0 Scen,2027,493,Wilson County,45127,22294,22833,24907,12287,12620,710,382,328,18718,9258,9460,792,367,425
0.0 Scen,2028,493,Wilson County,45253,22354,22899,24892,12277,12615,709,380,329,18852,9325,9527,800,372,428
0.0 Scen,2029,493,Wilson County,45370,22405,22965,24861,12256,12605,709,380,329,18993,9392,9601,807,377,430
0.0 Scen,2030,493,Wilson County,45458,22441,23017,24822,12233,12589,709,379,330,19115,9450,9665,812,379,433
0.0 Scen,2031,493,Wilson County,45531,22471,23060,24776,12207,12569,707,377,330,19231,9505,9726,817,382,435
0.0 Scen,2032,493,Wilson County,45588,22497,23091,24713,12173,12540,708,377,331,19343,9561,9782,824,386,438
0.0 Scen,2033,493,Wilson County,45597,22497,23100,24629,12128,12501,705,374,331,19436,9606,9830,827,389,438
0.0 Scen,2034,493,Wilson County,45580,22485,23095,24527,12077,12450,703,372,331,19518,9644,9874,832,392,440
0.0 Scen,2035,493,Wilson County,45553,22477,23076,24417,12022,12395,698,369,329,19602,9691,9911,836,395,441
0.0 Scen,2036,493,Wilson County,45499,22446,23053,24303,11965,12338,689,363,326,19671,9724,9947,836,394,442
0.0 Scen,2037,493,Wilson County,45424,22415,23009,24172,11908,12264,682,359,323,19731,9752,9979,839,396,443
0.0 Scen,2038,493,Wilson County,45340,22379,22961,24041,11842,12199,673,354,319,19788,9784,10004,838,399,439
0.0 Scen,2039,493,Wilson County,45239,22324,22915,23904,11773,12131,662,346,316,19834,9804,10030,839,401,438
0.0 Scen,2040,493,Wilson County,45125,22276,22849,23755,11708,12047,655,342,313,19875,9824,10051,840,402,438
0.0 Scen,2041,493,Wilson County,44998,22219,22779,23609,11641,11968,646,337,309,19903,9839,10064,840,402,438
0.0 Scen,2042,493,Wilson County,44862,22152,22710,23448,11559,11889,639,334,305,19933,9855,10078,842,404,438
0.0 Scen,2043,493,Wilson County,44732,22092,22640,23293,11485,11808,633,330,303,19961,9871,10090,845,406,439
0.0 Scen,2044,493,Wilson County,44592,22019,22573,23136,11407,11729,626,326,300,19983,9879,10104,847,407,440
0.0 Scen,2045,493,Wilson County,44446,21948,22498,22981,11330,11651,621,325,296,19998,9886,10112,846,407,439
0.0 Scen,2046,493,Wilson County,44304,21876,22428,22828,11252,11576,616,323,293,20012,9892,10120,848,409,439
0.0 Scen,2047,493,Wilson County,44150,21798,22352,22669,11171,11498,610,319,291,20025,9900,10125,846,408,438
0.0 Scen,2048,493,Wilson County,44022,21736,22286,22530,11104,11426,607,318,289,20038,9906,10132,847,408,439
0.0 Scen,2049,493,Wilson County,43891,21677,22214,22386,11035,11351,603,316,287,20055,9917,10138,847,409,438
0.0 Scen,2050,493,Wilson County,43766,21618,22148,22247,10966,11281,602,315,287,20070,9926,10144,847,411,436
0.0 Scen,2010,495,Winkler County,7110,3550,3560,3024,1492,1532,129,60,69,3824,1923,1901,133,75,58
0.0 Scen,2011,495,Winkler County,7190,3591,3599,3038,1498,1540,130,61,69,3888,1956,1932,134,76,58
0.0 Scen,2012,495,Winkler County,7262,3631,3631,3048,1507,1541,130,61,69,3949,1987,1962,135,76,59
0.0 Scen,2013,495,Winkler County,7345,3672,3673,3058,1513,1545,131,62,69,4021,2021,2000,135,76,59
0.0 Scen,2014,495,Winkler County,7426,3715,3711,3068,1520,1548,131,62,69,4092,2057,2035,135,76,59
0.0 Scen,2015,495,Winkler County,7508,3760,3748,3078,1526,1552,131,63,68,4162,2094,2068,137,77,60
0.0 Scen,2016,495,Winkler County,7592,3806,3786,3091,1536,1555,131,63,68,4231,2129,2102,139,78,61
0.0 Scen,2017,495,Winkler County,7674,3851,3823,3101,1543,1558,132,64,68,4302,2166,2136,139,78,61
0.0 Scen,2018,495,Winkler County,7764,3900,3864,3115,1554,1561,133,64,69,4375,2203,2172,141,79,62
0.0 Scen,2019,495,Winkler County,7862,3953,3909,3132,1564,1568,134,65,69,4451,2242,2209,145,82,63
0.0 Scen,2020,495,Winkler County,7944,3994,3950,3135,1566,1569,134,65,69,4528,2280,2248,147,83,64
0.0 Scen,2021,495,Winkler County,8031,4041,3990,3140,1569,1571,134,66,68,4608,2322,2286,149,84,65
0.0 Scen,2022,495,Winkler County,8113,4080,4033,3144,1571,1573,135,67,68,4683,2357,2326,151,85,66
0.0 Scen,2023,495,Winkler County,8197,4124,4073,3148,1575,1573,136,68,68,4760,2395,2365,153,86,67
0.0 Scen,2024,495,Winkler County,8269,4157,4112,3145,1573,1572,137,68,69,4831,2429,2402,156,87,69
0.0 Scen,2025,495,Winkler County,8343,4195,4148,3142,1572,1570,139,69,70,4905,2467,2438,157,87,70
0.0 Scen,2026,495,Winkler County,8410,4222,4188,3136,1566,1570,141,70,71,4974,2498,2476,159,88,71
0.0 Scen,2027,495,Winkler County,8470,4248,4222,3131,1560,1571,141,70,71,5039,2529,2510,159,89,70
0.0 Scen,2028,495,Winkler County,8533,4276,4257,3124,1555,1569,142,70,72,5107,2561,2546,160,90,70
0.0 Scen,2029,495,Winkler County,8597,4304,4293,3117,1550,1567,144,71,73,5174,2592,2582,162,91,71
0.0 Scen,2030,495,Winkler County,8665,4331,4334,3110,1543,1567,145,72,73,5242,2623,2619,168,93,75
0.0 Scen,2031,495,Winkler County,8728,4358,4370,3105,1539,1566,147,73,74,5305,2652,2653,171,94,77
0.0 Scen,2032,495,Winkler County,8789,4385,4404,3098,1534,1564,147,73,74,5371,2683,2688,173,95,78
0.0 Scen,2033,495,Winkler County,8847,4413,4434,3093,1532,1561,146,73,73,5433,2711,2722,175,97,78
0.0 Scen,2034,495,Winkler County,8903,4438,4465,3081,1524,1557,147,73,74,5497,2743,2754,178,98,80
0.0 Scen,2035,495,Winkler County,8959,4464,4495,3073,1518,1555,147,73,74,5559,2774,2785,180,99,81
0.0 Scen,2036,495,Winkler County,9014,4494,4520,3061,1516,1545,148,73,75,5622,2805,2817,183,100,83
0.0 Scen,2037,495,Winkler County,9077,4525,4552,3058,1514,1544,148,74,74,5685,2835,2850,186,102,84
0.0 Scen,2038,495,Winkler County,9138,4556,4582,3057,1515,1542,147,73,74,5746,2865,2881,188,103,85
0.0 Scen,2039,495,Winkler County,9189,4588,4601,3049,1515,1534,146,73,73,5806,2897,2909,188,103,85
0.0 Scen,2040,495,Winkler County,9243,4615,4628,3046,1515,1531,145,72,73,5862,2924,2938,190,104,86
0.0 Scen,2041,495,Winkler County,9301,4649,4652,3042,1515,1527,144,72,72,5923,2957,2966,192,105,87
0.0 Scen,2042,495,Winkler County,9357,4681,4676,3041,1517,1524,143,71,72,5981,2988,2993,192,105,87
0.0 Scen,2043,495,Winkler County,9417,4715,4702,3039,1516,1523,143,72,71,6042,3021,3021,193,106,87
0.0 Scen,2044,495,Winkler County,9475,4748,4727,3037,1518,1519,143,72,71,6102,3052,3050,193,106,87
0.0 Scen,2045,495,Winkler County,9537,4782,4755,3034,1518,1516,142,72,70,6166,3085,3081,195,107,88
0.0 Scen,2046,495,Winkler County,9601,4817,4784,3035,1521,1514,141,71,70,6229,3117,3112,196,108,88
0.0 Scen,2047,495,Winkler County,9662,4851,4811,3034,1521,1513,140,71,69,6290,3150,3140,198,109,89
0.0 Scen,2048,495,Winkler County,9711,4878,4833,3020,1516,1504,139,70,69,6353,3182,3171,199,110,89
0.0 Scen,2049,495,Winkler County,9773,4913,4860,3022,1519,1503,138,70,68,6415,3214,3201,198,110,88
0.0 Scen,2050,495,Winkler County,9830,4945,4885,3014,1518,1496,137,69,68,6481,3248,3233,198,110,88
0.0 Scen,2010,497,Wise County,59127,29803,29324,47122,23498,23624,573,389,184,10112,5282,4830,1320,634,686
0.0 Scen,2011,497,Wise County,59453,29962,29491,47247,23553,23694,579,392,187,10298,5378,4920,1329,639,690
0.0 Scen,2012,497,Wise County,59785,30123,29662,47378,23609,23769,586,396,190,10484,5473,5011,1337,645,692
0.0 Scen,2013,497,Wise County,60119,30275,29844,47501,23657,23844,590,397,193,10681,5571,5110,1347,650,697
0.0 Scen,2014,497,Wise County,60472,30440,30032,47640,23714,23926,597,401,196,10877,5670,5207,1358,655,703
0.0 Scen,2015,497,Wise County,60822,30606,30216,47773,23774,23999,602,404,198,11074,5769,5305,1373,659,714
0.0 Scen,2016,497,Wise County,61160,30770,30390,47894,23828,24066,606,405,201,11272,5869,5403,1388,668,720
0.0 Scen,2017,497,Wise County,61498,30931,30567,48017,23882,24135,610,407,203,11471,5967,5504,1400,675,725
0.0 Scen,2018,497,Wise County,61842,31087,30755,48138,23930,24208,616,411,205,11674,6064,5610,1414,682,732
0.0 Scen,2019,497,Wise County,62188,31255,30933,48261,23984,24277,621,414,207,11880,6168,5712,1426,689,737
0.0 Scen,2020,497,Wise County,62531,31415,31116,48381,24034,24347,624,415,209,12087,6268,5819,1439,698,741
0.0 Scen,2021,497,Wise County,62878,31580,31298,48504,24086,24418,628,418,210,12293,6370,5923,1453,706,747
0.0 Scen,2022,497,Wise County,63225,31743,31482,48612,24133,24479,634,421,213,12512,6475,6037,1467,714,753
0.0 Scen,2023,497,Wise County,63571,31908,31663,48714,24177,24537,640,422,218,12732,6585,6147,1485,724,761
0.0 Scen,2024,497,Wise County,63898,32057,31841,48809,24220,24589,646,425,221,12942,6683,6259,1501,729,772
0.0 Scen,2025,497,Wise County,64197,32193,32004,48873,24244,24629,652,428,224,13155,6784,6371,1517,737,780
0.0 Scen,2026,497,Wise County,64473,32315,32158,48919,24257,24662,657,432,225,13364,6881,6483,1533,745,788
0.0 Scen,2027,497,Wise County,64736,32443,32293,48951,24271,24680,661,434,227,13572,6982,6590,1552,756,796
0.0 Scen,2028,497,Wise County,64972,32553,32419,48966,24279,24687,662,433,229,13779,7079,6700,1565,762,803
0.0 Scen,2029,497,Wise County,65187,32647,32540,48961,24268,24693,663,434,229,13984,7176,6808,1579,769,810
0.0 Scen,2030,497,Wise County,65402,32750,32652,48947,24256,24691,675,440,235,14188,7278,6910,1592,776,816
0.0 Scen,2031,497,Wise County,65584,32833,32751,48910,24231,24679,680,443,237,14387,7376,7011,1607,783,824
0.0 Scen,2032,497,Wise County,65748,32912,32836,48852,24196,24656,685,447,238,14590,7479,7111,1621,790,831
0.0 Scen,2033,497,Wise County,65881,32980,32901,48782,24160,24622,689,448,241,14776,7573,7203,1634,799,835
0.0 Scen,2034,497,Wise County,66005,33036,32969,48698,24118,24580,689,447,242,14969,7667,7302,1649,804,845
0.0 Scen,2035,497,Wise County,66120,33087,33033,48606,24066,24540,691,449,242,15162,7762,7400,1661,810,851
0.0 Scen,2036,497,Wise County,66234,33148,33086,48515,24022,24493,695,452,243,15354,7860,7494,1670,814,856
0.0 Scen,2037,497,Wise County,66325,33193,33132,48417,23976,24441,700,455,245,15527,7944,7583,1681,818,863
0.0 Scen,2038,497,Wise County,66394,33232,33162,48301,23921,24380,700,454,246,15705,8036,7669,1688,821,867
0.0 Scen,2039,497,Wise County,66475,33266,33209,48200,23869,24331,702,455,247,15878,8116,7762,1695,826,869
0.0 Scen,2040,497,Wise County,66532,33292,33240,48086,23814,24272,700,453,247,16046,8197,7849,1700,828,872
0.0 Scen,2041,497,Wise County,66587,33318,33269,47968,23759,24209,702,454,248,16213,8275,7938,1704,830,874
0.0 Scen,2042,497,Wise County,66640,33343,33297,47850,23702,24148,701,453,248,16383,8359,8024,1706,829,877
0.0 Scen,2043,497,Wise County,66672,33367,33305,47725,23651,24074,699,451,248,16545,8437,8108,1703,828,875
0.0 Scen,2044,497,Wise County,66717,33387,33330,47612,23598,24014,698,449,249,16705,8512,8193,1702,828,874
0.0 Scen,2045,497,Wise County,66753,33407,33346,47490,23543,23947,696,446,250,16866,8589,8277,1701,829,872
0.0 Scen,2046,497,Wise County,66782,33434,33348,47365,23492,23873,693,443,250,17023,8667,8356,1701,832,869
0.0 Scen,2047,497,Wise County,66819,33459,33360,47247,23440,23807,694,444,250,17182,8744,8438,1696,831,865
0.0 Scen,2048,497,Wise County,66855,33481,33374,47127,23388,23739,695,444,251,17339,8818,8521,1694,831,863
0.0 Scen,2049,497,Wise County,66900,33511,33389,47015,23344,23671,693,441,252,17500,8896,8604,1692,830,862
0.0 Scen,2050,497,Wise County,66941,33541,33400,46911,23305,23606,692,439,253,17653,8970,8683,1685,827,858
0.0 Scen,2010,499,Wood County,41964,20622,21342,35628,17341,18287,1951,975,976,3551,1906,1645,834,400,434
0.0 Scen,2011,499,Wood County,41861,20574,21287,35450,17254,18196,1956,978,978,3612,1937,1675,843,405,438
0.0 Scen,2012,499,Wood County,41766,20530,21236,35281,17170,18111,1961,982,979,3675,1970,1705,849,408,441
0.0 Scen,2013,499,Wood County,41679,20480,21199,35105,17079,18026,1972,986,986,3745,2005,1740,857,410,447
0.0 Scen,2014,499,Wood County,41578,20427,21151,34929,16986,17943,1975,989,986,3812,2039,1773,862,413,449
0.0 Scen,2015,499,Wood County,41495,20385,21110,34762,16902,17860,1980,992,988,3881,2074,1807,872,417,455
0.0 Scen,2016,499,Wood County,41410,20340,21070,34596,16817,17779,1982,992,990,3952,2110,1842,880,421,459
0.0 Scen,2017,499,Wood County,41338,20303,21035,34441,16735,17706,1985,996,989,4022,2145,1877,890,427,463
0.0 Scen,2018,499,Wood County,41272,20268,21004,34289,16656,17633,1991,999,992,4094,2182,1912,898,431,467
0.0 Scen,2019,499,Wood County,41196,20230,20966,34129,16572,17557,1989,999,990,4171,2222,1949,907,437,470
0.0 Scen,2020,499,Wood County,41113,20182,20931,33966,16482,17484,1982,997,985,4246,2260,1986,919,443,476
0.0 Scen,2021,499,Wood County,41027,20135,20892,33805,16398,17407,1972,991,981,4324,2299,2025,926,447,479
0.0 Scen,2022,499,Wood County,40959,20103,20856,33642,16316,17326,1967,989,978,4407,2343,2064,943,455,488
0.0 Scen,2023,499,Wood County,40879,20058,20821,33474,16227,17247,1963,986,977,4487,2384,2103,955,461,494
0.0 Scen,2024,499,Wood County,40797,20020,20777,33300,16138,17162,1955,984,971,4571,2427,2144,971,471,500
0.0 Scen,2025,499,Wood County,40687,19966,20721,33107,16042,17065,1947,983,964,4652,2467,2185,981,474,507
0.0 Scen,2026,499,Wood County,40584,19923,20661,32916,15953,16963,1937,979,958,4736,2509,2227,995,482,513
0.0 Scen,2027,499,Wood County,40467,19865,20602,32724,15861,16863,1922,970,952,4815,2546,2269,1006,488,518
0.0 Scen,2028,499,Wood County,40340,19807,20533,32520,15766,16754,1908,963,945,4892,2582,2310,1020,496,524
0.0 Scen,2029,499,Wood County,40226,19757,20469,32322,15672,16650,1896,958,938,4973,2622,2351,1035,505,530
0.0 Scen,2030,499,Wood County,40098,19699,20399,32115,15577,16538,1880,948,932,5055,2663,2392,1048,511,537
0.0 Scen,2031,499,Wood County,39951,19635,20316,31898,15478,16420,1858,937,921,5133,2702,2431,1062,518,544
0.0 Scen,2032,499,Wood County,39810,19570,20240,31692,15385,16307,1839,927,912,5206,2735,2471,1073,523,550
0.0 Scen,2033,499,Wood County,39681,19516,20165,31492,15298,16194,1820,917,903,5283,2772,2511,1086,529,557
0.0 Scen,2034,499,Wood County,39528,19450,20078,31283,15209,16074,1801,908,893,5350,2800,2550,1094,533,561
0.0 Scen,2035,499,Wood County,39392,19397,19995,31082,15125,15957,1784,900,884,5421,2833,2588,1105,539,566
0.0 Scen,2036,499,Wood County,39260,19344,19916,30893,15043,15850,1765,891,874,5487,2866,2621,1115,544,571
0.0 Scen,2037,499,Wood County,39134,19301,19833,30711,14972,15739,1747,883,864,5550,2898,2652,1126,548,578
0.0 Scen,2038,499,Wood County,39002,19245,19757,30534,14897,15637,1726,872,854,5605,2922,2683,1137,554,583
0.0 Scen,2039,499,Wood County,38894,19202,19692,30373,14828,15545,1713,868,845,5663,2948,2715,1145,558,587
0.0 Scen,2040,499,Wood County,38782,19161,19621,30214,14765,15449,1697,861,836,5722,2974,2748,1149,561,588
0.0 Scen,2041,499,Wood County,38690,19127,19563,30076,14709,15367,1677,850,827,5780,3002,2778,1157,566,591
0.0 Scen,2042,499,Wood County,38619,19104,19515,29950,14658,15292,1667,847,820,5840,3029,2811,1162,570,592
0.0 Scen,2043,499,Wood County,38548,19079,19469,29833,14612,15221,1650,838,812,5899,3058,2841,1166,571,595
0.0 Scen,2044,499,Wood County,38501,19064,19437,29735,14574,15161,1632,828,804,5963,3089,2874,1171,573,598
0.0 Scen,2045,499,Wood County,38453,19054,19399,29630,14536,15094,1617,820,797,6026,3119,2907,1180,579,601
0.0 Scen,2046,499,Wood County,38423,19051,19372,29541,14503,15038,1603,815,788,6092,3151,2941,1187,582,605
0.0 Scen,2047,499,Wood County,38390,19055,19335,29452,14474,14978,1590,810,780,6159,3186,2973,1189,585,604
0.0 Scen,2048,499,Wood County,38384,19063,19321,29388,14454,14934,1573,800,773,6224,3220,3004,1199,589,610
0.0 Scen,2049,499,Wood County,38380,19083,19297,29331,14444,14887,1561,797,764,6284,3250,3034,1204,592,612
0.0 Scen,2050,499,Wood County,38380,19100,19280,29273,14430,14843,1550,792,758,6345,3280,3065,1212,598,614
0.0 Scen,2010,501,Yoakum County,7879,3899,3980,3090,1504,1586,55,24,31,4622,2318,2304,112,53,59
0.0 Scen,2011,501,Yoakum County,7971,3948,4023,3093,1505,1588,56,25,31,4709,2364,2345,113,54,59
0.0 Scen,2012,501,Yoakum County,8062,3995,4067,3093,1507,1586,57,25,32,4798,2409,2389,114,54,60
0.0 Scen,2013,501,Yoakum County,8146,4037,4109,3089,1504,1585,58,26,32,4884,2452,2432,115,55,60
0.0 Scen,2014,501,Yoakum County,8248,4088,4160,3095,1507,1588,59,26,33,4978,2500,2478,116,55,61
0.0 Scen,2015,501,Yoakum County,8350,4141,4209,3096,1505,1591,60,27,33,5078,2553,2525,116,56,60
0.0 Scen,2016,501,Yoakum County,8449,4191,4258,3097,1506,1591,61,27,34,5174,2602,2572,117,56,61
0.0 Scen,2017,501,Yoakum County,8544,4239,4305,3097,1506,1591,62,28,34,5266,2648,2618,119,57,62
0.0 Scen,2018,501,Yoakum County,8641,4287,4354,3097,1506,1591,62,28,34,5362,2696,2666,120,57,63
0.0 Scen,2019,501,Yoakum County,8749,4340,4409,3100,1506,1594,62,28,34,5463,2746,2717,124,60,64
0.0 Scen,2020,501,Yoakum County,8850,4394,4456,3103,1510,1593,62,28,34,5558,2795,2763,127,61,66
0.0 Scen,2021,501,Yoakum County,8950,4445,4505,3102,1510,1592,62,28,34,5657,2845,2812,129,62,67
0.0 Scen,2022,501,Yoakum County,9058,4498,4560,3103,1511,1592,62,28,34,5762,2896,2866,131,63,68
0.0 Scen,2023,501,Yoakum County,9169,4558,4611,3111,1519,1592,62,28,34,5863,2947,2916,133,64,69
0.0 Scen,2024,501,Yoakum County,9277,4611,4666,3122,1524,1598,62,28,34,5958,2994,2964,135,65,70
0.0 Scen,2025,501,Yoakum County,9381,4661,4720,3121,1523,1598,62,28,34,6061,3044,3017,137,66,71
0.0 Scen,2026,501,Yoakum County,9486,4714,4772,3123,1526,1597,62,28,34,6162,3093,3069,139,67,72
0.0 Scen,2027,501,Yoakum County,9587,4761,4826,3121,1525,1596,62,28,34,6263,3140,3123,141,68,73
0.0 Scen,2028,501,Yoakum County,9690,4807,4883,3124,1524,1600,62,28,34,6362,3186,3176,142,69,73
0.0 Scen,2029,501,Yoakum County,9793,4857,4936,3124,1525,1599,62,28,34,6463,3234,3229,144,70,74
0.0 Scen,2030,501,Yoakum County,9894,4900,4994,3126,1523,1603,62,28,34,6559,3278,3281,147,71,76
0.0 Scen,2031,501,Yoakum County,9993,4949,5044,3129,1525,1604,62,28,34,6652,3323,3329,150,73,77
0.0 Scen,2032,501,Yoakum County,10091,4999,5092,3128,1528,1600,62,28,34,6748,3369,3379,153,74,79
0.0 Scen,2033,501,Yoakum County,10180,5043,5137,3124,1526,1598,62,28,34,6840,3414,3426,154,75,79
0.0 Scen,2034,501,Yoakum County,10267,5088,5179,3123,1530,1593,62,28,34,6926,3455,3471,156,75,81
0.0 Scen,2035,501,Yoakum County,10356,5130,5226,3124,1530,1594,62,28,34,7013,3496,3517,157,76,81
0.0 Scen,2036,501,Yoakum County,10439,5170,5269,3119,1528,1591,61,27,34,7100,3538,3562,159,77,82
0.0 Scen,2037,501,Yoakum County,10519,5213,5306,3116,1530,1586,61,27,34,7182,3578,3604,160,78,82
0.0 Scen,2038,501,Yoakum County,10604,5260,5344,3112,1532,1580,59,26,33,7271,3623,3648,162,79,83
0.0 Scen,2039,501,Yoakum County,10689,5303,5386,3112,1533,1579,59,26,33,7354,3663,3691,164,81,83
0.0 Scen,2040,501,Yoakum County,10777,5347,5430,3114,1533,1581,59,26,33,7440,3708,3732,164,80,84
0.0 Scen,2041,501,Yoakum County,10863,5389,5474,3116,1534,1582,57,25,32,7523,3748,3775,167,82,85
0.0 Scen,2042,501,Yoakum County,10945,5431,5514,3113,1533,1580,55,24,31,7609,3791,3818,168,83,85
0.0 Scen,2043,501,Yoakum County,11031,5480,5551,3116,1538,1578,53,23,30,7692,3835,3857,170,84,86
0.0 Scen,2044,501,Yoakum County,11118,5527,5591,3118,1541,1577,52,23,29,7776,3878,3898,172,85,87
0.0 Scen,2045,501,Yoakum County,11201,5570,5631,3121,1543,1578,50,22,28,7856,3919,3937,174,86,88
0.0 Scen,2046,501,Yoakum County,11284,5613,5671,3127,1548,1579,48,21,27,7936,3959,3977,173,85,88
0.0 Scen,2047,501,Yoakum County,11367,5656,5711,3130,1551,1579,47,20,27,8016,3999,4017,174,86,88
0.0 Scen,2048,501,Yoakum County,11448,5698,5750,3131,1553,1578,45,19,26,8098,4040,4058,174,86,88
0.0 Scen,2049,501,Yoakum County,11530,5743,5787,3134,1558,1576,43,18,25,8180,4081,4099,173,86,87
0.0 Scen,2050,501,Yoakum County,11621,5790,5831,3140,1563,1577,43,18,25,8265,4124,4141,173,85,88
0.0 Scen,2010,503,Young County,18550,9148,9402,14959,7225,7734,220,123,97,3045,1655,1390,326,145,181
0.0 Scen,2011,503,Young County,18574,9165,9409,14915,7205,7710,222,124,98,3106,1688,1418,331,148,183
0.0 Scen,2012,503,Young County,18609,9187,9422,14885,7195,7690,223,125,98,3166,1717,1449,335,150,185
0.0 Scen,2013,503,Young County,18657,9215,9442,14857,7184,7673,225,126,99,3234,1752,1482,341,153,188
0.0 Scen,2014,503,Young County,18703,9242,9461,14830,7173,7657,227,127,100,3299,1786,1513,347,156,191
0.0 Scen,2015,503,Young County,18756,9276,9480,14809,7169,7640,228,128,100,3363,1818,1545,356,161,195
0.0 Scen,2016,503,Young County,18806,9306,9500,14789,7164,7625,228,128,100,3426,1849,1577,363,165,198
0.0 Scen,2017,503,Young County,18862,9342,9520,14771,7160,7611,228,128,100,3493,1885,1608,370,169,201
0.0 Scen,2018,503,Young County,18910,9371,9539,14748,7153,7595,228,127,101,3557,1918,1639,377,173,204
0.0 Scen,2019,503,Young County,18967,9406,9561,14731,7150,7581,228,127,101,3624,1952,1672,384,177,207
0.0 Scen,2020,503,Young County,19019,9441,9578,14712,7148,7564,227,126,101,3688,1985,1703,392,182,210
0.0 Scen,2021,503,Young County,19085,9483,9602,14704,7150,7554,226,126,100,3759,2022,1737,396,185,211
0.0 Scen,2022,503,Young County,19143,9522,9621,14688,7150,7538,224,125,99,3830,2059,1771,401,188,213
0.0 Scen,2023,503,Young County,19227,9570,9657,14689,7155,7534,224,125,99,3905,2097,1808,409,193,216
0.0 Scen,2024,503,Young County,19309,9617,9692,14691,7162,7529,223,124,99,3981,2136,1845,414,195,219
0.0 Scen,2025,503,Young County,19381,9661,9720,14684,7164,7520,222,124,98,4058,2176,1882,417,197,220
0.0 Scen,2026,503,Young County,19462,9701,9761,14680,7163,7517,221,123,98,4140,2216,1924,421,199,222
0.0 Scen,2027,503,Young County,19525,9739,9786,14658,7158,7500,221,123,98,4223,2258,1965,423,200,223
0.0 Scen,2028,503,Young County,19591,9775,9816,14646,7155,7491,220,123,97,4300,2296,2004,425,201,224
0.0 Scen,2029,503,Young County,19657,9806,9851,14621,7145,7476,222,123,99,4383,2335,2048,431,203,228
0.0 Scen,2030,503,Young County,19726,9848,9878,14598,7139,7459,223,124,99,4470,2379,2091,435,206,229
0.0 Scen,2031,503,Young County,19786,9880,9906,14576,7132,7444,223,124,99,4549,2417,2132,438,207,231
0.0 Scen,2032,503,Young County,19843,9913,9930,14549,7123,7426,223,124,99,4628,2456,2172,443,210,233
0.0 Scen,2033,503,Young County,19893,9942,9951,14519,7113,7406,223,124,99,4708,2495,2213,443,210,233
0.0 Scen,2034,503,Young County,19953,9974,9979,14495,7106,7389,223,124,99,4785,2530,2255,450,214,236
0.0 Scen,2035,503,Young County,19993,9998,9995,14462,7096,7366,223,124,99,4856,2564,2292,452,214,238
0.0 Scen,2036,503,Young County,20040,10022,10018,14433,7085,7348,223,124,99,4929,2598,2331,455,215,240
0.0 Scen,2037,503,Young County,20080,10046,10034,14398,7073,7325,224,125,99,4999,2632,2367,459,216,243
0.0 Scen,2038,503,Young County,20118,10069,10049,14368,7063,7305,224,125,99,5066,2664,2402,460,217,243
0.0 Scen,2039,503,Young County,20157,10091,10066,14339,7053,7286,224,126,98,5130,2693,2437,464,219,245
0.0 Scen,2040,503,Young County,20195,10117,10078,14312,7045,7267,224,126,98,5193,2725,2468,466,221,245
0.0 Scen,2041,503,Young County,20238,10143,10095,14287,7037,7250,223,126,97,5256,2756,2500,472,224,248
0.0 Scen,2042,503,Young County,20278,10166,10112,14258,7027,7231,221,125,96,5323,2788,2535,476,226,250
0.0 Scen,2043,503,Young County,20322,10194,10128,14232,7018,7214,219,125,94,5392,2823,2569,479,228,251
0.0 Scen,2044,503,Young County,20371,10218,10153,14216,7012,7204,216,123,93,5457,2853,2604,482,230,252
0.0 Scen,2045,503,Young County,20417,10248,10169,14190,7005,7185,213,122,91,5528,2889,2639,486,232,254
0.0 Scen,2046,503,Young County,20467,10277,10190,14172,6999,7173,211,121,90,5594,2923,2671,490,234,256
0.0 Scen,2047,503,Young County,20527,10315,10212,14156,7000,7156,210,121,89,5664,2957,2707,497,237,260
0.0 Scen,2048,503,Young County,20600,10357,10243,14150,7003,7147,209,120,89,5739,2994,2745,502,240,262
0.0 Scen,2049,503,Young County,20671,10396,10275,14146,7004,7142,207,120,87,5812,3029,2783,506,243,263
0.0 Scen,2050,503,Young County,20734,10435,10299,14130,7002,7128,205,119,86,5886,3067,2819,513,247,266
0.0 Scen,2010,505,Zapata County,14018,7044,6974,861,459,402,11,7,4,13084,6553,6531,62,25,37
0.0 Scen,2011,505,Zapata County,14286,7174,7112,858,456,402,11,7,4,13355,6686,6669,62,25,37
0.0 Scen,2012,505,Zapata County,14552,7301,7251,853,452,401,11,7,4,13626,6817,6809,62,25,37
0.0 Scen,2013,505,Zapata County,14823,7432,7391,844,447,397,11,7,4,13906,6953,6953,62,25,37
0.0 Scen,2014,505,Zapata County,15097,7569,7528,839,442,397,11,7,4,14185,7095,7090,62,25,37
0.0 Scen,2015,505,Zapata County,15369,7705,7664,829,436,393,11,7,4,14467,7237,7230,62,25,37
0.0 Scen,2016,505,Zapata County,15650,7844,7806,824,432,392,11,7,4,14752,7380,7372,63,25,38
0.0 Scen,2017,505,Zapata County,15926,7981,7945,819,429,390,11,7,4,15032,7519,7513,64,26,38
0.0 Scen,2018,505,Zapata County,16203,8119,8084,810,424,386,11,7,4,15317,7662,7655,65,26,39
0.0 Scen,2019,505,Zapata County,16494,8264,8230,806,421,385,11,7,4,15610,7809,7801,67,27,40
0.0 Scen,2020,505,Zapata County,16782,8408,8374,802,419,383,11,7,4,15902,7955,7947,67,27,40
0.0 Scen,2021,505,Zapata County,17070,8554,8516,793,415,378,11,7,4,16198,8104,8094,68,28,40
0.0 Scen,2022,505,Zapata County,17358,8700,8658,783,411,372,11,7,4,16495,8254,8241,69,28,41
0.0 Scen,2023,505,Zapata County,17652,8849,8803,777,408,369,11,7,4,16793,8404,8389,71,30,41
0.0 Scen,2024,505,Zapata County,17926,8984,8942,764,401,363,11,7,4,17079,8546,8533,72,30,42
0.0 Scen,2025,505,Zapata County,18211,9130,9081,755,395,360,11,7,4,17372,8697,8675,73,31,42
0.0 Scen,2026,505,Zapata County,18497,9275,9222,748,391,357,11,7,4,17664,8846,8818,74,31,43
0.0 Scen,2027,505,Zapata County,18778,9420,9358,742,391,351,11,7,4,17950,8990,8960,75,32,43
0.0 Scen,2028,505,Zapata County,19057,9563,9494,732,385,347,11,7,4,18238,9139,9099,76,32,44
0.0 Scen,2029,505,Zapata County,19337,9708,9629,721,380,341,11,7,4,18528,9288,9240,77,33,44
0.0 Scen,2030,505,Zapata County,19628,9859,9769,710,375,335,11,7,4,18829,9444,9385,78,33,45
0.0 Scen,2031,505,Zapata County,19917,10005,9912,700,369,331,11,7,4,19127,9595,9532,79,34,45
0.0 Scen,2032,505,Zapata County,20206,10154,10052,690,365,325,11,7,4,19425,9748,9677,80,34,46
0.0 Scen,2033,505,Zapata County,20506,10307,10199,681,362,319,11,7,4,19734,9904,9830,80,34,46
0.0 Scen,2034,505,Zapata County,20826,10472,10354,674,359,315,11,7,4,20061,10072,9989,80,34,46
0.0 Scen,2035,505,Zapata County,21141,10631,10510,663,353,310,11,7,4,20386,10237,10149,81,34,47
0.0 Scen,2036,505,Zapata County,21464,10795,10669,656,349,307,11,7,4,20717,10405,10312,80,34,46
0.0 Scen,2037,505,Zapata County,21800,10967,10833,653,348,305,11,7,4,21058,10578,10480,78,34,44
0.0 Scen,2038,505,Zapata County,22137,11140,10997,648,346,302,11,7,4,21401,10753,10648,77,34,43
0.0 Scen,2039,505,Zapata County,22493,11325,11168,643,344,299,11,7,4,21763,10940,10823,76,34,42
0.0 Scen,2040,505,Zapata County,22832,11494,11338,634,340,294,10,6,4,22113,11114,10999,75,34,41
0.0 Scen,2041,505,Zapata County,23195,11681,11514,628,337,291,10,6,4,22481,11304,11177,76,34,42
0.0 Scen,2042,505,Zapata County,23568,11869,11699,624,335,289,9,5,4,22860,11495,11365,75,34,41
0.0 Scen,2043,505,Zapata County,23934,12054,11880,618,331,287,9,5,4,23233,11684,11549,74,34,40
0.0 Scen,2044,505,Zapata County,24307,12241,12066,614,327,287,9,5,4,23610,11875,11735,74,34,40
0.0 Scen,2045,505,Zapata County,24682,12429,12253,610,324,286,9,5,4,23989,12066,11923,74,34,40
0.0 Scen,2046,505,Zapata County,25057,12616,12441,606,321,285,9,5,4,24368,12256,12112,74,34,40
0.0 Scen,2047,505,Zapata County,25442,12810,12632,601,318,283,9,5,4,24757,12452,12305,75,35,40
0.0 Scen,2048,505,Zapata County,25824,13007,12817,593,315,278,9,5,4,25147,12652,12495,75,35,40
0.0 Scen,2049,505,Zapata County,26215,13208,13007,592,315,277,9,5,4,25539,12852,12687,75,36,39
0.0 Scen,2050,505,Zapata County,26602,13404,13198,590,313,277,9,5,4,25927,13050,12877,76,36,40
0.0 Scen,2010,507,Zavala County,11677,5760,5917,647,321,326,35,19,16,10961,5405,5556,34,15,19
0.0 Scen,2011,507,Zavala County,11829,5837,5992,651,324,327,35,19,16,11109,5479,5630,34,15,19
0.0 Scen,2012,507,Zavala County,11986,5914,6072,654,326,328,35,19,16,11263,5554,5709,34,15,19
0.0 Scen,2013,507,Zavala County,12145,5994,6151,657,328,329,35,19,16,11419,5632,5787,34,15,19
0.0 Scen,2014,507,Zavala County,12316,6080,6236,657,329,328,35,19,16,11590,5717,5873,34,15,19
0.0 Scen,2015,507,Zavala County,12489,6167,6322,662,331,331,35,19,16,11758,5802,5956,34,15,19
0.0 Scen,2016,507,Zavala County,12656,6257,6399,662,333,329,35,19,16,11926,5890,6036,33,15,18
0.0 Scen,2017,507,Zavala County,12829,6346,6483,664,334,330,35,19,16,12097,5978,6119,33,15,18
0.0 Scen,2018,507,Zavala County,13014,6442,6572,667,336,331,35,19,16,12279,6072,6207,33,15,18
0.0 Scen,2019,507,Zavala County,13194,6534,6660,669,338,331,35,19,16,12457,6162,6295,33,15,18
0.0 Scen,2020,507,Zavala County,13372,6631,6741,669,340,329,35,19,16,12635,6257,6378,33,15,18
0.0 Scen,2021,507,Zavala County,13561,6730,6831,674,344,330,35,19,16,12819,6352,6467,33,15,18
0.0 Scen,2022,507,Zavala County,13751,6829,6922,674,344,330,35,19,16,13007,6450,6557,35,16,19
0.0 Scen,2023,507,Zavala County,13943,6933,7010,676,347,329,36,20,16,13196,6550,6646,35,16,19
0.0 Scen,2024,507,Zavala County,14136,7031,7105,678,349,329,37,20,17,13385,6646,6739,36,16,20
0.0 Scen,2025,507,Zavala County,14336,7135,7201,680,349,331,38,21,17,13581,6748,6833,37,17,20
0.0 Scen,2026,507,Zavala County,14529,7234,7295,683,350,333,39,21,18,13769,6846,6923,38,17,21
0.0 Scen,2027,507,Zavala County,14722,7336,7386,684,350,334,39,22,17,13961,6947,7014,38,17,21
0.0 Scen,2028,507,Zavala County,14907,7435,7472,684,350,334,40,22,18,14145,7046,7099,38,17,21
0.0 Scen,2029,507,Zavala County,15094,7531,7563,684,349,335,41,23,18,14331,7142,7189,38,17,21
0.0 Scen,2030,507,Zavala County,15267,7621,7646,681,348,333,42,23,19,14506,7233,7273,38,17,21
0.0 Scen,2031,507,Zavala County,15451,7717,7734,682,346,336,43,24,19,14688,7330,7358,38,17,21
0.0 Scen,2032,507,Zavala County,15629,7808,7821,682,346,336,43,24,19,14866,7421,7445,38,17,21
0.0 Scen,2033,507,Zavala County,15814,7907,7907,680,345,335,44,24,20,15051,7520,7531,39,18,21
0.0 Scen,2034,507,Zavala County,15989,7995,7994,675,343,332,44,24,20,15231,7610,7621,39,18,21
0.0 Scen,2035,507,Zavala County,16172,8089,8083,672,340,332,44,24,20,15417,7707,7710,39,18,21
0.0 Scen,2036,507,Zavala County,16349,8183,8166,666,336,330,44,24,20,15601,7806,7795,38,17,21
0.0 Scen,2037,507,Zavala County,16537,8281,8256,662,333,329,44,24,20,15793,7907,7886,38,17,21
0.0 Scen,2038,507,Zavala County,16734,8384,8350,659,332,327,44,24,20,15993,8011,7982,38,17,21
0.0 Scen,2039,507,Zavala County,16931,8483,8448,658,331,327,44,24,20,16191,8111,8080,38,17,21
0.0 Scen,2040,507,Zavala County,17127,8585,8542,656,330,326,44,24,20,16389,8214,8175,38,17,21
0.0 Scen,2041,507,Zavala County,17324,8689,8635,654,330,324,44,24,20,16588,8318,8270,38,17,21
0.0 Scen,2042,507,Zavala County,17523,8789,8734,653,328,325,43,23,20,16789,8421,8368,38,17,21
0.0 Scen,2043,507,Zavala County,17723,8890,8833,647,326,321,43,23,20,16995,8524,8471,38,17,21
0.0 Scen,2044,507,Zavala County,17928,8994,8934,644,325,319,42,23,19,17204,8629,8575,38,17,21
0.0 Scen,2045,507,Zavala County,18129,9095,9034,642,324,318,42,23,19,17407,8731,8676,38,17,21
0.0 Scen,2046,507,Zavala County,18336,9202,9134,638,322,316,42,23,19,17618,8840,8778,38,17,21
0.0 Scen,2047,507,Zavala County,18550,9311,9239,636,322,314,42,23,19,17834,8949,8885,38,17,21
0.0 Scen,2048,507,Zavala County,18763,9422,9341,631,321,310,42,23,19,18052,9061,8991,38,17,21
0.0 Scen,2049,507,Zavala County,18979,9534,9445,629,321,308,41,22,19,18271,9174,9097,38,17,21
0.0 Scen,2050,507,Zavala County,19199,9643,9556,629,321,308,41,22,19,18492,9284,9208,37,16,21
0.5 Scen,2010,000,State of Texas,25145561,12472280,12673281,11397345,5632646,5764699,2886825,1392410,1494415,9460921,4763753,4697168,1400470,683471,716999
0.5 Scen,2011,000,State of Texas,25499699,12652828,12846871,11438039,5654586,5783453,2926334,1412368,1513966,9692631,4881528,4811103,1442695,704346,738349
0.5 Scen,2012,000,State of Texas,25857200,12834781,13022419,11477274,5675606,5801668,2965875,1432273,1533602,9928380,5001307,4927073,1485671,725595,760076
0.5 Scen,2013,000,State of Texas,26217850,13018156,13199694,11515023,5695709,5819314,3005395,1452161,1553234,10168049,5123106,5044943,1529383,747180,782203
0.5 Scen,2014,000,State of Texas,26581256,13202739,13378517,11551039,5714758,5836281,3044784,1471939,1572845,10411679,5246947,5164732,1573754,769095,804659
0.5 Scen,2015,000,State of Texas,26947116,13388469,13558647,11585146,5732701,5852445,3083970,1491620,1592350,10659352,5372857,5286495,1618648,791291,827357
0.5 Scen,2016,000,State of Texas,27315362,13575216,13740146,11617233,5749487,5867746,3122847,1511102,1611745,10911143,5500843,5410300,1664139,813784,850355
0.5 Scen,2017,000,State of Texas,27686234,13763121,13923113,11647237,5765061,5882176,3161424,1530420,1631004,11167402,5631088,5536314,1710171,836552,873619
0.5 Scen,2018,000,State of Texas,28059417,13952185,14107232,11674950,5779401,5895549,3199578,1549526,1650052,11428226,5763697,5664529,1756663,859561,897102
0.5 Scen,2019,000,State of Texas,28435222,14142479,14292743,11700355,5792470,5907885,3237370,1568455,1668915,11693738,5898669,5795069,1803759,882885,920874
0.5 Scen,2020,000,State of Texas,28813282,14333797,14479485,11723184,5804153,5919031,3274738,1587159,1687579,11963951,6035996,5927955,1851409,906489,944920
0.5 Scen,2021,000,State of Texas,29193543,14526216,14667327,11743422,5814503,5928919,3311631,1605614,1706017,12238847,6175715,6063132,1899643,930384,969259
0.5 Scen,2022,000,State of Texas,29576078,14719741,14856337,11761039,5823462,5937577,3348056,1623853,1724203,12518405,6317769,6200636,1948578,954657,993921
0.5 Scen,2023,000,State of Texas,29960483,14914191,15046292,11775805,5830974,5944831,3383959,1641819,1742140,12802537,6462127,6340410,1998182,979271,1018911
0.5 Scen,2024,000,State of Texas,30346675,15109579,15237096,11787622,5836997,5950625,3419344,1659543,1759801,13091160,6608760,6482400,2048549,1004279,1044270
0.5 Scen,2025,000,State of Texas,30734321,15305742,15428579,11796414,5841512,5954902,3454116,1676961,1777155,13384050,6757547,6626503,2099741,1029722,1070019
0.5 Scen,2026,000,State of Texas,31123110,15502581,15620529,11802123,5844540,5957583,3488216,1694067,1794149,13680935,6908335,6772600,2151836,1055639,1096197
0.5 Scen,2027,000,State of Texas,31512597,15699870,15812727,11804666,5846006,5958660,3521589,1710829,1810760,13981495,7060998,6920497,2204847,1082037,1122810
0.5 Scen,2028,000,State of Texas,31902068,15897234,16004834,11803747,5845807,5957940,3554158,1727202,1826956,14285271,7215276,7069995,2258892,1108949,1149943
0.5 Scen,2029,000,State of Texas,32291314,16094648,16196666,11799624,5844092,5955532,3585891,1743212,1842679,14591880,7370961,7220919,2313919,1136383,1177536
0.5 Scen,2030,000,State of Texas,32680217,16292058,16388159,11792588,5841012,5951576,3616745,1758820,1857925,14900906,7527880,7373026,2369978,1164346,1205632
0.5 Scen,2031,000,State of Texas,33069124,16489606,16579518,11783171,5836809,5946362,3646704,1774021,1872683,15212158,7685902,7526256,2427091,1192874,1234217
0.5 Scen,2032,000,State of Texas,33456996,16686879,16770117,11770621,5831208,5939413,3675774,1788830,1886944,15525361,7844910,7680451,2485240,1221931,1263309
0.5 Scen,2033,000,State of Texas,33844034,16883961,16960073,11755248,5824351,5930897,3703958,1803220,1900738,15840398,8004847,7835551,2544430,1251543,1292887
0.5 Scen,2034,000,State of Texas,34230596,17081060,17149536,11737552,5816507,5921045,3731242,1817233,1914009,16157174,8165649,7991525,2604628,1281671,1322957
0.5 Scen,2035,000,State of Texas,34616890,17278304,17338586,11717771,5807745,5910026,3757614,1830843,1926771,16475644,8327348,8148296,2665861,1312368,1353493
0.5 Scen,2036,000,State of Texas,35003182,17475768,17527414,11696173,5798227,5897946,3783072,1844037,1939035,16795893,8489968,8305925,2728044,1343536,1384508
0.5 Scen,2037,000,State of Texas,35389580,17673580,17716000,11672811,5787946,5884865,3807710,1856897,1950813,17117936,8653528,8464408,2791123,1375209,1415914
0.5 Scen,2038,000,State of Texas,35776102,17871698,17904404,11647709,5776936,5870773,3831540,1869387,1962153,17441824,8818084,8623740,2855029,1407291,1447738
0.5 Scen,2039,000,State of Texas,36163116,18070423,18092693,11621161,5765363,5855798,3854561,1881535,1973026,17767704,8983736,8783968,2919690,1439789,1479901
0.5 Scen,2040,000,State of Texas,36550595,18269648,18280947,11593202,5753167,5840035,3876830,1893383,1983447,18095574,9150493,8945081,2984989,1472605,1512384
0.5 Scen,2041,000,State of Texas,36938879,18469590,18469289,11564138,5740570,5823568,3898309,1904884,1993425,18425614,9318438,9107176,3050818,1505698,1545120
0.5 Scen,2042,000,State of Texas,37327562,18670047,18657515,11533508,5727317,5806191,3919130,1916120,2003010,18757869,9487608,9270261,3117055,1539002,1578053
0.5 Scen,2043,000,State of Texas,37716926,18871158,18845768,11501556,5713521,5788035,3939267,1927093,2012174,19092544,9658103,9434441,3183559,1572441,1611118
0.5 Scen,2044,000,State of Texas,38107567,19073167,19034400,11468581,5699325,5769256,3958792,1937816,2020976,19429856,9830003,9599853,3250338,1606023,1644315
0.5 Scen,2045,000,State of Texas,38499538,19276195,19223343,11434587,5684753,5749834,3977772,1948337,2029435,19769879,10003424,9766455,3317300,1639681,1677619
0.5 Scen,2046,000,State of Texas,38893625,19480618,19413007,11400201,5670117,5730084,3996225,1958645,2037580,20112785,10178403,9934382,3384414,1673453,1710961
0.5 Scen,2047,000,State of Texas,39290775,19686842,19603933,11365958,5655634,5710324,4014218,1968778,2045440,20458797,10355078,10103719,3451802,1707352,1744450
0.5 Scen,2048,000,State of Texas,39691097,19894987,19796110,11331924,5641353,5690571,4031787,1978740,2053047,20808022,10533528,10274494,3519364,1741366,1777998
0.5 Scen,2049,000,State of Texas,40095109,20105239,19989870,11298367,5627366,5671001,4048960,1988570,2060390,21160570,10713777,10446793,3587212,1775526,1811686
0.5 Scen,2050,000,State of Texas,40502749,20317593,20185156,11265371,5613691,5651680,4065757,1998252,2067505,21516362,10895832,10620530,3655259,1809818,1845441
0.5 Scen,2010,001,Anderson County,58458,35521,22937,35792,19716,16076,12222,8883,3339,9287,6363,2924,1157,559,598
0.5 Scen,2011,001,Anderson County,58733,35685,23048,35811,19737,16074,12277,8916,3361,9469,6462,3007,1176,570,606
0.5 Scen,2012,001,Anderson County,59024,35857,23167,35845,19771,16074,12330,8948,3382,9656,6560,3096,1193,578,615
0.5 Scen,2013,001,Anderson County,59300,36025,23275,35869,19795,16074,12382,8982,3400,9836,6661,3175,1213,587,626
0.5 Scen,2014,001,Anderson County,59600,36211,23389,35906,19827,16079,12436,9023,3413,10028,6766,3262,1230,595,635
0.5 Scen,2015,001,Anderson County,59876,36381,23495,35923,19848,16075,12476,9052,3424,10229,6874,3355,1248,607,641
0.5 Scen,2016,001,Anderson County,60148,36542,23606,35933,19861,16072,12525,9085,3440,10429,6982,3447,1261,614,647
0.5 Scen,2017,001,Anderson County,60426,36715,23711,35934,19874,16060,12579,9120,3459,10633,7095,3538,1280,626,654
0.5 Scen,2018,001,Anderson County,60671,36857,23814,35916,19870,16046,12623,9150,3473,10832,7201,3631,1300,636,664
0.5 Scen,2019,001,Anderson County,60943,37030,23913,35902,19877,16025,12662,9180,3482,11063,7327,3736,1316,646,670
0.5 Scen,2020,001,Anderson County,61202,37180,24022,35886,19872,16014,12699,9206,3493,11285,7443,3842,1332,659,673
0.5 Scen,2021,001,Anderson County,61463,37331,24132,35870,19866,16004,12735,9237,3498,11508,7560,3948,1350,668,682
0.5 Scen,2022,001,Anderson County,61724,37471,24253,35842,19853,15989,12779,9264,3515,11732,7675,4057,1371,679,692
0.5 Scen,2023,001,Anderson County,61954,37599,24355,35803,19839,15964,12817,9287,3530,11952,7787,4165,1382,686,696
0.5 Scen,2024,001,Anderson County,62190,37727,24463,35751,19815,15936,12855,9308,3547,12184,7905,4279,1400,699,701
0.5 Scen,2025,001,Anderson County,62398,37831,24567,35670,19769,15901,12890,9331,3559,12415,8021,4394,1423,710,713
0.5 Scen,2026,001,Anderson County,62625,37951,24674,35600,19740,15860,12931,9353,3578,12650,8138,4512,1444,720,724
0.5 Scen,2027,001,Anderson County,62808,38055,24753,35519,19708,15811,12965,9371,3594,12870,8248,4622,1454,728,726
0.5 Scen,2028,001,Anderson County,63008,38172,24836,35430,19672,15758,13000,9393,3607,13106,8367,4739,1472,740,732
0.5 Scen,2029,001,Anderson County,63201,38274,24927,35328,19624,15704,13042,9413,3629,13342,8483,4859,1489,754,735
0.5 Scen,2030,001,Anderson County,63373,38363,25010,35208,19568,15640,13089,9436,3653,13563,8591,4972,1513,768,745
0.5 Scen,2031,001,Anderson County,63519,38425,25094,35071,19499,15572,13112,9438,3674,13797,8705,5092,1539,783,756
0.5 Scen,2032,001,Anderson County,63673,38502,25171,34921,19424,15497,13149,9458,3691,14035,8822,5213,1568,798,770
0.5 Scen,2033,001,Anderson County,63795,38549,25246,34764,19346,15418,13167,9461,3706,14262,8928,5334,1602,814,788
0.5 Scen,2034,001,Anderson County,63903,38600,25303,34590,19260,15330,13179,9459,3720,14500,9052,5448,1634,829,805
0.5 Scen,2035,001,Anderson County,63976,38622,25354,34406,19166,15240,13175,9449,3726,14746,9170,5576,1649,837,812
0.5 Scen,2036,001,Anderson County,64055,38656,25399,34229,19078,15151,13174,9442,3732,14981,9288,5693,1671,848,823
0.5 Scen,2037,001,Anderson County,64106,38674,25432,34023,18975,15048,13161,9423,3738,15223,9411,5812,1699,865,834
0.5 Scen,2038,001,Anderson County,64166,38685,25481,33829,18874,14955,13150,9401,3749,15466,9532,5934,1721,878,843
0.5 Scen,2039,001,Anderson County,64198,38680,25518,33615,18762,14853,13128,9369,3759,15710,9659,6051,1745,890,855
0.5 Scen,2040,001,Anderson County,64222,38680,25542,33400,18649,14751,13091,9338,3753,15960,9789,6171,1771,904,867
0.5 Scen,2041,001,Anderson County,64248,38671,25577,33176,18528,14648,13065,9306,3759,16212,9920,6292,1795,917,878
0.5 Scen,2042,001,Anderson County,64272,38663,25609,32953,18410,14543,13033,9273,3760,16473,10052,6421,1813,928,885
0.5 Scen,2043,001,Anderson County,64255,38632,25623,32715,18281,14434,12980,9231,3749,16728,10181,6547,1832,939,893
0.5 Scen,2044,001,Anderson County,64279,38617,25662,32495,18164,14331,12943,9189,3754,16981,10305,6676,1860,959,901
0.5 Scen,2045,001,Anderson County,64254,38578,25676,32245,18032,14213,12895,9146,3749,17230,10429,6801,1884,971,913
0.5 Scen,2046,001,Anderson County,64257,38545,25712,32017,17905,14112,12841,9098,3743,17489,10556,6933,1910,986,924
0.5 Scen,2047,001,Anderson County,64244,38515,25729,31783,17776,14007,12781,9051,3730,17748,10688,7060,1932,1000,932
0.5 Scen,2048,001,Anderson County,64246,38488,25758,31543,17648,13895,12731,8999,3732,18012,10820,7192,1960,1021,939
0.5 Scen,2049,001,Anderson County,64239,38461,25778,31311,17525,13786,12663,8943,3720,18282,10957,7325,1983,1036,947
0.5 Scen,2050,001,Anderson County,64243,38432,25811,31078,17401,13677,12604,8889,3715,18553,11087,7466,2008,1055,953
0.5 Scen,2010,003,Andrews County,14786,7368,7418,7083,3462,3621,199,101,98,7195,3655,3540,309,150,159
0.5 Scen,2011,003,Andrews County,15024,7489,7535,7124,3482,3642,200,102,98,7386,3753,3633,314,152,162
0.5 Scen,2012,003,Andrews County,15235,7598,7637,7150,3497,3653,201,102,99,7565,3844,3721,319,155,164
0.5 Scen,2013,003,Andrews County,15448,7710,7738,7169,3507,3662,201,102,99,7755,3944,3811,323,157,166
0.5 Scen,2014,003,Andrews County,15670,7828,7842,7188,3522,3666,201,102,99,7951,4044,3907,330,160,170
0.5 Scen,2015,003,Andrews County,15875,7942,7933,7197,3533,3664,202,103,99,8137,4141,3996,339,165,174
0.5 Scen,2016,003,Andrews County,16101,8060,8041,7214,3542,3672,204,104,100,8337,4245,4092,346,169,177
0.5 Scen,2017,003,Andrews County,16321,8176,8145,7236,3551,3685,204,105,99,8529,4347,4182,352,173,179
0.5 Scen,2018,003,Andrews County,16542,8295,8247,7257,3567,3690,207,106,101,8720,4446,4274,358,176,182
0.5 Scen,2019,003,Andrews County,16760,8408,8352,7271,3574,3697,207,105,102,8917,4548,4369,365,181,184
0.5 Scen,2020,003,Andrews County,16987,8531,8456,7288,3584,3704,208,106,102,9118,4655,4463,373,186,187
0.5 Scen,2021,003,Andrews County,17213,8649,8564,7302,3595,3707,209,107,102,9320,4755,4565,382,192,190
0.5 Scen,2022,003,Andrews County,17446,8768,8678,7317,3603,3714,211,108,103,9529,4862,4667,389,195,194
0.5 Scen,2023,003,Andrews County,17671,8886,8785,7331,3616,3715,215,111,104,9728,4960,4768,397,199,198
0.5 Scen,2024,003,Andrews County,17893,8993,8900,7341,3624,3717,215,110,105,9931,5056,4875,406,203,203
0.5 Scen,2025,003,Andrews County,18123,9112,9011,7357,3638,3719,217,111,106,10136,5156,4980,413,207,206
0.5 Scen,2026,003,Andrews County,18347,9226,9121,7366,3644,3722,219,112,107,10340,5258,5082,422,212,210
0.5 Scen,2027,003,Andrews County,18562,9337,9225,7374,3652,3722,221,114,107,10536,5355,5181,431,216,215
0.5 Scen,2028,003,Andrews County,18789,9462,9327,7382,3663,3719,220,113,107,10746,5464,5282,441,222,219
0.5 Scen,2029,003,Andrews County,19018,9588,9430,7393,3678,3715,220,113,107,10958,5572,5386,447,225,222
0.5 Scen,2030,003,Andrews County,19224,9702,9522,7398,3687,3711,220,113,107,11155,5673,5482,451,229,222
0.5 Scen,2031,003,Andrews County,19456,9834,9622,7421,3705,3716,221,113,108,11359,5783,5576,455,233,222
0.5 Scen,2032,003,Andrews County,19692,9957,9735,7433,3713,3720,221,113,108,11576,5894,5682,462,237,225
0.5 Scen,2033,003,Andrews County,19912,10076,9836,7442,3723,3719,221,113,108,11781,5999,5782,468,241,227
0.5 Scen,2034,003,Andrews County,20136,10203,9933,7450,3734,3716,222,114,108,11990,6110,5880,474,245,229
0.5 Scen,2035,003,Andrews County,20369,10328,10041,7455,3742,3713,222,114,108,12216,6226,5990,476,246,230
0.5 Scen,2036,003,Andrews County,20593,10447,10146,7464,3748,3716,220,113,107,12426,6336,6090,483,250,233
0.5 Scen,2037,003,Andrews County,20819,10570,10249,7461,3755,3706,219,113,106,12649,6449,6200,490,253,237
0.5 Scen,2038,003,Andrews County,21035,10683,10352,7462,3757,3705,218,112,106,12862,6557,6305,493,257,236
0.5 Scen,2039,003,Andrews County,21262,10805,10457,7464,3760,3704,216,111,105,13084,6674,6410,498,260,238
0.5 Scen,2040,003,Andrews County,21482,10925,10557,7464,3763,3701,214,109,105,13305,6792,6513,499,261,238
0.5 Scen,2041,003,Andrews County,21706,11052,10654,7452,3764,3688,214,110,104,13532,6911,6621,508,267,241
0.5 Scen,2042,003,Andrews County,21931,11178,10753,7450,3773,3677,213,109,104,13751,7025,6726,517,271,246
0.5 Scen,2043,003,Andrews County,22154,11297,10857,7439,3766,3673,211,108,103,13978,7146,6832,526,277,249
0.5 Scen,2044,003,Andrews County,22375,11418,10957,7435,3773,3662,209,107,102,14198,7258,6940,533,280,253
0.5 Scen,2045,003,Andrews County,22585,11538,11047,7425,3772,3653,207,107,100,14413,7375,7038,540,284,256
0.5 Scen,2046,003,Andrews County,22804,11657,11147,7404,3764,3640,206,106,100,14647,7498,7149,547,289,258
0.5 Scen,2047,003,Andrews County,23019,11777,11242,7398,3768,3630,204,105,99,14867,7614,7253,550,290,260
0.5 Scen,2048,003,Andrews County,23236,11891,11345,7386,3762,3624,203,104,99,15093,7734,7359,554,291,263
0.5 Scen,2049,003,Andrews County,23460,12027,11433,7371,3763,3608,201,104,97,15327,7865,7462,561,295,266
0.5 Scen,2050,003,Andrews County,23676,12145,11531,7364,3763,3601,199,103,96,15548,7981,7567,565,298,267
0.5 Scen,2010,005,Angelina County,86771,42515,44256,54889,26691,28198,12840,6048,6792,17145,8899,8246,1897,877,1020
0.5 Scen,2011,005,Angelina County,87391,42865,44526,54894,26725,28169,12961,6115,6846,17599,9130,8469,1937,895,1042
0.5 Scen,2012,005,Angelina County,88052,43219,44833,54931,26762,28169,13070,6174,6896,18071,9368,8703,1980,915,1065
0.5 Scen,2013,005,Angelina County,88729,43602,45127,54976,26816,28160,13183,6243,6940,18538,9605,8933,2032,938,1094
0.5 Scen,2014,005,Angelina County,89406,43964,45442,55004,26852,28152,13306,6313,6993,19014,9835,9179,2082,964,1118
0.5 Scen,2015,005,Angelina County,90060,44321,45739,55014,26890,28124,13416,6369,7047,19493,10073,9420,2137,989,1148
0.5 Scen,2016,005,Angelina County,90683,44662,46021,55004,26909,28095,13519,6430,7089,19973,10311,9662,2187,1012,1175
0.5 Scen,2017,005,Angelina County,91319,45012,46307,54996,26932,28064,13614,6489,7125,20467,10552,9915,2242,1039,1203
0.5 Scen,2018,005,Angelina County,91984,45372,46612,54993,26957,28036,13715,6540,7175,20972,10804,10168,2304,1071,1233
0.5 Scen,2019,005,Angelina County,92632,45721,46911,54972,26971,28001,13813,6595,7218,21482,11056,10426,2365,1099,1266
0.5 Scen,2020,005,Angelina County,93295,46087,47208,54943,26984,27959,13903,6648,7255,22018,11324,10694,2431,1131,1300
0.5 Scen,2021,005,Angelina County,93956,46452,47504,54928,27003,27925,13996,6699,7297,22553,11591,10962,2479,1159,1320
0.5 Scen,2022,005,Angelina County,94642,46820,47822,54895,27008,27887,14099,6749,7350,23108,11873,11235,2540,1190,1350
0.5 Scen,2023,005,Angelina County,95303,47188,48115,54861,27017,27844,14178,6796,7382,23661,12154,11507,2603,1221,1382
0.5 Scen,2024,005,Angelina County,95955,47550,48405,54787,27002,27785,14269,6848,7421,24231,12448,11783,2668,1252,1416
0.5 Scen,2025,005,Angelina County,96610,47915,48695,54719,26997,27722,14334,6881,7453,24825,12755,12070,2732,1282,1450
0.5 Scen,2026,005,Angelina County,97256,48266,48990,54626,26979,27647,14399,6913,7486,25435,13061,12374,2796,1313,1483
0.5 Scen,2027,005,Angelina County,97926,48629,49297,54529,26955,27574,14460,6940,7520,26055,13378,12677,2882,1356,1526
0.5 Scen,2028,005,Angelina County,98579,48992,49587,54406,26911,27495,14525,6980,7545,26687,13708,12979,2961,1393,1568
0.5 Scen,2029,005,Angelina County,99202,49336,49866,54262,26861,27401,14580,7005,7575,27324,14037,13287,3036,1433,1603
0.5 Scen,2030,005,Angelina County,99831,49682,50149,54093,26794,27299,14641,7044,7597,27970,14369,13601,3127,1475,1652
0.5 Scen,2031,005,Angelina County,100444,50016,50428,53919,26734,27185,14688,7066,7622,28616,14696,13920,3221,1520,1701
0.5 Scen,2032,005,Angelina County,101027,50337,50690,53716,26655,27061,14730,7087,7643,29267,15030,14237,3314,1565,1749
0.5 Scen,2033,005,Angelina County,101594,50658,50936,53498,26570,26928,14770,7111,7659,29927,15368,14559,3399,1609,1790
0.5 Scen,2034,005,Angelina County,102141,50962,51179,53276,26480,26796,14796,7129,7667,30576,15696,14880,3493,1657,1836
0.5 Scen,2035,005,Angelina County,102671,51264,51407,53036,26381,26655,14825,7150,7675,31218,16025,15193,3592,1708,1884
0.5 Scen,2036,005,Angelina County,103199,51556,51643,52795,26284,26511,14839,7158,7681,31872,16355,15517,3693,1759,1934
0.5 Scen,2037,005,Angelina County,103731,51869,51862,52541,26181,26360,14853,7176,7677,32532,16693,15839,3805,1819,1986
0.5 Scen,2038,005,Angelina County,104235,52157,52078,52278,26074,26204,14862,7184,7678,33189,17028,16161,3906,1871,2035
0.5 Scen,2039,005,Angelina County,104744,52446,52298,52005,25959,26046,14871,7194,7677,33857,17366,16491,4011,1927,2084
0.5 Scen,2040,005,Angelina County,105199,52712,52487,51734,25852,25882,14848,7188,7660,34509,17698,16811,4108,1974,2134
0.5 Scen,2041,005,Angelina County,105709,53005,52704,51446,25731,25715,14857,7198,7659,35190,18045,17145,4216,2031,2185
0.5 Scen,2042,005,Angelina County,106181,53280,52901,51159,25616,25543,14846,7195,7651,35854,18384,17470,4322,2085,2237
0.5 Scen,2043,005,Angelina County,106672,53558,53114,50853,25485,25368,14837,7199,7638,36551,18734,17817,4431,2140,2291
0.5 Scen,2044,005,Angelina County,107151,53839,53312,50553,25364,25189,14812,7190,7622,37242,19088,18154,4544,2197,2347
0.5 Scen,2045,005,Angelina County,107609,54109,53500,50244,25236,25008,14786,7186,7600,37925,19438,18487,4654,2249,2405
0.5 Scen,2046,005,Angelina County,108098,54395,53703,49942,25113,24829,14761,7178,7583,38615,19792,18823,4780,2312,2468
0.5 Scen,2047,005,Angelina County,108594,54676,53918,49630,24978,24652,14746,7174,7572,39314,20149,19165,4904,2375,2529
0.5 Scen,2048,005,Angelina County,109082,54947,54135,49315,24848,24467,14717,7162,7555,40024,20506,19518,5026,2431,2595
0.5 Scen,2049,005,Angelina County,109591,55245,54346,49012,24724,24288,14688,7153,7535,40743,20877,19866,5148,2491,2657
0.5 Scen,2050,005,Angelina County,110080,55528,54552,48707,24595,24112,14652,7139,7513,41456,21243,20213,5265,2551,2714
0.5 Scen,2010,007,Aransas County,23158,11485,11673,16350,8034,8316,258,147,111,5690,2878,2812,860,426,434
0.5 Scen,2011,007,Aransas County,23334,11562,11772,16397,8045,8352,260,148,112,5808,2939,2869,869,430,439
0.5 Scen,2012,007,Aransas County,23475,11624,11851,16404,8036,8368,261,149,112,5935,3005,2930,875,434,441
0.5 Scen,2013,007,Aransas County,23607,11675,11932,16405,8023,8382,263,150,113,6053,3063,2990,886,439,447
0.5 Scen,2014,007,Aransas County,23765,11738,12027,16430,8016,8414,265,151,114,6175,3127,3048,895,444,451
0.5 Scen,2015,007,Aransas County,23898,11797,12101,16435,8007,8428,267,152,115,6295,3191,3104,901,447,454
0.5 Scen,2016,007,Aransas County,24045,11858,12187,16442,7998,8444,268,152,116,6424,3255,3169,911,453,458
0.5 Scen,2017,007,Aransas County,24185,11916,12269,16446,7992,8454,270,152,118,6551,3317,3234,918,455,463
0.5 Scen,2018,007,Aransas County,24311,11963,12348,16431,7972,8459,272,153,119,6680,3378,3302,928,460,468
0.5 Scen,2019,007,Aransas County,24443,12018,12425,16420,7955,8465,274,154,120,6813,3444,3369,936,465,471
0.5 Scen,2020,007,Aransas County,24550,12055,12495,16396,7926,8470,275,156,119,6942,3506,3436,937,467,470
0.5 Scen,2021,007,Aransas County,24654,12102,12552,16371,7903,8468,277,157,120,7060,3567,3493,946,475,471
0.5 Scen,2022,007,Aransas County,24730,12123,12607,16334,7867,8467,278,158,120,7172,3620,3552,946,478,468
0.5 Scen,2023,007,Aransas County,24807,12159,12648,16273,7832,8441,277,157,120,7301,3686,3615,956,484,472
0.5 Scen,2024,007,Aransas County,24892,12187,12705,16218,7793,8425,277,156,121,7440,3755,3685,957,483,474
0.5 Scen,2025,007,Aransas County,24972,12215,12757,16157,7758,8399,277,155,122,7576,3817,3759,962,485,477
0.5 Scen,2026,007,Aransas County,25032,12237,12795,16081,7711,8370,278,157,121,7706,3881,3825,967,488,479
0.5 Scen,2027,007,Aransas County,25067,12245,12822,15992,7659,8333,278,157,121,7827,3938,3889,970,491,479
0.5 Scen,2028,007,Aransas County,25079,12242,12837,15899,7606,8293,278,156,122,7933,3991,3942,969,489,480
0.5 Scen,2029,007,Aransas County,25109,12251,12858,15797,7552,8245,278,156,122,8064,4055,4009,970,488,482
0.5 Scen,2030,007,Aransas County,25123,12263,12860,15669,7493,8176,278,156,122,8199,4122,4077,977,492,485
0.5 Scen,2031,007,Aransas County,25134,12269,12865,15550,7432,8118,277,156,121,8333,4189,4144,974,492,482
0.5 Scen,2032,007,Aransas County,25133,12266,12867,15425,7371,8054,277,155,122,8458,4249,4209,973,491,482
0.5 Scen,2033,007,Aransas County,25122,12270,12852,15294,7310,7984,275,155,120,8582,4313,4269,971,492,479
0.5 Scen,2034,007,Aransas County,25121,12279,12842,15163,7249,7914,274,154,120,8714,4382,4332,970,494,476
0.5 Scen,2035,007,Aransas County,25111,12280,12831,15021,7183,7838,274,154,120,8848,4449,4399,968,494,474
0.5 Scen,2036,007,Aransas County,25108,12293,12815,14890,7128,7762,274,154,120,8974,4516,4458,970,495,475
0.5 Scen,2037,007,Aransas County,25107,12297,12810,14765,7069,7696,274,154,120,9105,4583,4522,963,491,472
0.5 Scen,2038,007,Aransas County,25101,12308,12793,14636,7015,7621,273,153,120,9230,4649,4581,962,491,471
0.5 Scen,2039,007,Aransas County,25108,12325,12783,14513,6966,7547,272,152,120,9364,4717,4647,959,490,469
0.5 Scen,2040,007,Aransas County,25096,12341,12755,14378,6916,7462,272,152,120,9490,4784,4706,956,489,467
0.5 Scen,2041,007,Aransas County,25105,12357,12748,14256,6864,7392,270,150,120,9625,4855,4770,954,488,466
0.5 Scen,2042,007,Aransas County,25098,12381,12717,14128,6820,7308,269,150,119,9748,4923,4825,953,488,465
0.5 Scen,2043,007,Aransas County,25106,12403,12703,14019,6781,7238,266,149,117,9875,4986,4889,946,487,459
0.5 Scen,2044,007,Aransas County,25107,12422,12685,13899,6733,7166,264,147,117,10001,5055,4946,943,487,456
0.5 Scen,2045,007,Aransas County,25114,12442,12672,13789,6692,7097,259,145,114,10126,5120,5006,940,485,455
0.5 Scen,2046,007,Aransas County,25119,12466,12653,13673,6649,7024,256,143,113,10249,5188,5061,941,486,455
0.5 Scen,2047,007,Aransas County,25144,12504,12640,13576,6622,6954,255,142,113,10379,5258,5121,934,482,452
0.5 Scen,2048,007,Aransas County,25164,12536,12628,13478,6585,6893,251,139,112,10502,5328,5174,933,484,449
0.5 Scen,2049,007,Aransas County,25177,12565,12612,13381,6554,6827,245,136,109,10622,5392,5230,929,483,446
0.5 Scen,2050,007,Aransas County,25204,12593,12611,13294,6522,6772,241,133,108,10745,5457,5288,924,481,443
0.5 Scen,2010,009,Archer County,9054,4563,4491,8182,4101,4081,34,20,14,675,372,303,163,70,93
0.5 Scen,2011,009,Archer County,9111,4585,4526,8229,4118,4111,34,20,14,684,376,308,164,71,93
0.5 Scen,2012,009,Archer County,9149,4596,4553,8258,4124,4134,34,20,14,693,381,312,164,71,93
0.5 Scen,2013,009,Archer County,9183,4609,4574,8280,4130,4150,34,20,14,704,387,317,165,72,93
0.5 Scen,2014,009,Archer County,9214,4620,4594,8299,4134,4165,34,20,14,715,394,321,166,72,94
0.5 Scen,2015,009,Archer County,9247,4632,4615,8318,4139,4179,34,20,14,727,400,327,168,73,95
0.5 Scen,2016,009,Archer County,9279,4646,4633,8339,4148,4191,34,20,14,738,406,332,168,72,96
0.5 Scen,2017,009,Archer County,9320,4665,4655,8366,4158,4208,34,20,14,751,414,337,169,73,96
0.5 Scen,2018,009,Archer County,9353,4676,4677,8387,4162,4225,34,20,14,761,420,341,171,74,97
0.5 Scen,2019,009,Archer County,9392,4694,4698,8414,4173,4241,34,20,14,771,426,345,173,75,98
0.5 Scen,2020,009,Archer County,9431,4710,4721,8438,4180,4258,34,20,14,784,433,351,175,77,98
0.5 Scen,2021,009,Archer County,9471,4724,4747,8465,4187,4278,34,20,14,795,439,356,177,78,99
0.5 Scen,2022,009,Archer County,9510,4742,4768,8490,4197,4293,34,20,14,807,446,361,179,79,100
0.5 Scen,2023,009,Archer County,9558,4763,4795,8520,4209,4311,34,20,14,823,454,369,181,80,101
0.5 Scen,2024,009,Archer County,9604,4782,4822,8554,4221,4333,34,20,14,833,460,373,183,81,102
0.5 Scen,2025,009,Archer County,9654,4809,4845,8593,4241,4352,33,20,13,843,466,377,185,82,103
0.5 Scen,2026,009,Archer County,9705,4841,4864,8625,4263,4362,33,20,13,859,475,384,188,83,105
0.5 Scen,2027,009,Archer County,9768,4870,4898,8671,4283,4388,34,20,14,872,482,390,191,85,106
0.5 Scen,2028,009,Archer County,9813,4898,4915,8705,4305,4400,33,19,14,882,488,394,193,86,107
0.5 Scen,2029,009,Archer County,9864,4923,4941,8740,4320,4420,33,19,14,896,496,400,195,88,107
0.5 Scen,2030,009,Archer County,9910,4948,4962,8773,4337,4436,32,19,13,909,503,406,196,89,107
0.5 Scen,2031,009,Archer County,9950,4970,4980,8800,4350,4450,32,19,13,922,511,411,196,90,106
0.5 Scen,2032,009,Archer County,9989,4993,4996,8826,4365,4461,32,19,13,934,519,415,197,90,107
0.5 Scen,2033,009,Archer County,10025,5013,5012,8848,4376,4472,32,19,13,946,526,420,199,92,107
0.5 Scen,2034,009,Archer County,10047,5024,5023,8854,4379,4475,32,19,13,959,533,426,202,93,109
0.5 Scen,2035,009,Archer County,10060,5030,5030,8854,4378,4476,32,19,13,971,539,432,203,94,109
0.5 Scen,2036,009,Archer County,10069,5034,5035,8853,4377,4476,32,19,13,981,544,437,203,94,109
0.5 Scen,2037,009,Archer County,10067,5035,5032,8839,4371,4468,32,19,13,992,550,442,204,95,109
0.5 Scen,2038,009,Archer County,10075,5038,5037,8838,4368,4470,32,19,13,1001,556,445,204,95,109
0.5 Scen,2039,009,Archer County,10064,5035,5029,8817,4358,4459,32,19,13,1011,562,449,204,96,108
0.5 Scen,2040,009,Archer County,10069,5033,5036,8813,4353,4460,32,19,13,1020,566,454,204,95,109
0.5 Scen,2041,009,Archer County,10058,5033,5025,8791,4346,4445,31,18,13,1031,573,458,205,96,109
0.5 Scen,2042,009,Archer County,10046,5031,5015,8769,4339,4430,31,18,13,1040,578,462,206,96,110
0.5 Scen,2043,009,Archer County,10027,5021,5006,8744,4327,4417,31,18,13,1046,580,466,206,96,110
0.5 Scen,2044,009,Archer County,9999,5012,4987,8714,4318,4396,31,18,13,1048,580,468,206,96,110
0.5 Scen,2045,009,Archer County,9998,5010,4988,8703,4312,4391,32,19,13,1056,582,474,207,97,110
0.5 Scen,2046,009,Archer County,9981,5006,4975,8682,4305,4377,32,19,13,1059,585,474,208,97,111
0.5 Scen,2047,009,Archer County,9956,4998,4958,8655,4297,4358,32,19,13,1064,587,477,205,95,110
0.5 Scen,2048,009,Archer County,9951,4995,4956,8645,4292,4353,32,19,13,1070,590,480,204,94,110
0.5 Scen,2049,009,Archer County,9939,4991,4948,8627,4285,4342,31,18,13,1076,593,483,205,95,110
0.5 Scen,2050,009,Archer County,9931,4986,4945,8615,4277,4338,31,18,13,1080,596,484,205,95,110
0.5 Scen,2010,011,Armstrong County,1901,928,973,1725,844,881,11,6,5,124,61,63,41,17,24
0.5 Scen,2011,011,Armstrong County,1907,933,974,1729,848,881,11,6,5,126,62,64,41,17,24
0.5 Scen,2012,011,Armstrong County,1913,937,976,1733,851,882,11,6,5,128,63,65,41,17,24
0.5 Scen,2013,011,Armstrong County,1920,943,977,1738,856,882,11,6,5,130,64,66,41,17,24
0.5 Scen,2014,011,Armstrong County,1922,944,978,1738,856,882,11,6,5,132,65,67,41,17,24
0.5 Scen,2015,011,Armstrong County,1925,946,979,1739,857,882,11,6,5,134,66,68,41,17,24
0.5 Scen,2016,011,Armstrong County,1926,949,977,1738,859,879,11,6,5,136,67,69,41,17,24
0.5 Scen,2017,011,Armstrong County,1926,951,975,1738,861,877,11,6,5,137,67,70,40,17,23
0.5 Scen,2018,011,Armstrong County,1925,955,970,1735,864,871,11,6,5,139,68,71,40,17,23
0.5 Scen,2019,011,Armstrong County,1919,950,969,1727,858,869,11,6,5,141,69,72,40,17,23
0.5 Scen,2020,011,Armstrong County,1911,948,963,1718,856,862,11,6,5,142,69,73,40,17,23
0.5 Scen,2021,011,Armstrong County,1903,945,958,1707,851,856,11,6,5,145,71,74,40,17,23
0.5 Scen,2022,011,Armstrong County,1902,946,956,1703,851,852,11,6,5,148,72,76,40,17,23
0.5 Scen,2023,011,Armstrong County,1898,944,954,1697,847,850,11,6,5,150,74,76,40,17,23
0.5 Scen,2024,011,Armstrong County,1890,938,952,1687,841,846,11,6,5,152,74,78,40,17,23
0.5 Scen,2025,011,Armstrong County,1885,940,945,1679,841,838,11,6,5,155,76,79,40,17,23
0.5 Scen,2026,011,Armstrong County,1879,937,942,1671,838,833,11,6,5,157,76,81,40,17,23
0.5 Scen,2027,011,Armstrong County,1870,936,934,1660,836,824,11,6,5,159,77,82,40,17,23
0.5 Scen,2028,011,Armstrong County,1860,931,929,1649,830,819,11,6,5,161,78,83,39,17,22
0.5 Scen,2029,011,Armstrong County,1849,927,922,1636,825,811,11,6,5,163,79,84,39,17,22
0.5 Scen,2030,011,Armstrong County,1838,922,916,1623,819,804,11,6,5,165,80,85,39,17,22
0.5 Scen,2031,011,Armstrong County,1830,918,912,1613,814,799,11,6,5,167,81,86,39,17,22
0.5 Scen,2032,011,Armstrong County,1821,912,909,1601,806,795,11,6,5,170,83,87,39,17,22
0.5 Scen,2033,011,Armstrong County,1822,914,908,1600,807,793,11,6,5,172,84,88,39,17,22
0.5 Scen,2034,011,Armstrong County,1815,911,904,1591,803,788,11,6,5,174,85,89,39,17,22
0.5 Scen,2035,011,Armstrong County,1806,906,900,1580,797,783,11,6,5,176,86,90,39,17,22
0.5 Scen,2036,011,Armstrong County,1791,900,891,1565,791,774,11,6,5,176,86,90,39,17,22
0.5 Scen,2037,011,Armstrong County,1771,892,879,1544,782,762,11,6,5,177,87,90,39,17,22
0.5 Scen,2038,011,Armstrong County,1755,885,870,1526,774,752,11,6,5,178,88,90,40,17,23
0.5 Scen,2039,011,Armstrong County,1738,878,860,1508,766,742,11,6,5,179,89,90,40,17,23
0.5 Scen,2040,011,Armstrong County,1714,866,848,1485,754,731,11,6,5,181,90,91,37,16,21
0.5 Scen,2041,011,Armstrong County,1702,860,842,1473,748,725,11,6,5,181,90,91,37,16,21
0.5 Scen,2042,011,Armstrong County,1686,853,833,1457,741,716,11,6,5,181,90,91,37,16,21
0.5 Scen,2043,011,Armstrong County,1668,846,822,1437,733,704,11,6,5,183,91,92,37,16,21
0.5 Scen,2044,011,Armstrong County,1653,841,812,1423,728,695,11,6,5,183,91,92,36,16,20
0.5 Scen,2045,011,Armstrong County,1636,835,801,1405,722,683,11,6,5,184,91,93,36,16,20
0.5 Scen,2046,011,Armstrong County,1621,827,794,1389,713,676,11,6,5,185,92,93,36,16,20
0.5 Scen,2047,011,Armstrong County,1608,824,784,1375,710,665,11,6,5,186,92,94,36,16,20
0.5 Scen,2048,011,Armstrong County,1590,817,773,1358,703,655,11,6,5,186,92,94,35,16,19
0.5 Scen,2049,011,Armstrong County,1581,815,766,1348,701,647,11,6,5,187,92,95,35,16,19
0.5 Scen,2050,011,Armstrong County,1570,811,759,1337,697,640,10,5,5,188,93,95,35,16,19
0.5 Scen,2010,013,Atascosa County,44911,22130,22781,16295,7902,8393,256,142,114,27785,13810,13975,575,276,299
0.5 Scen,2011,013,Atascosa County,45627,22470,23157,16421,7953,8468,258,143,115,28366,14094,14272,582,280,302
0.5 Scen,2012,013,Atascosa County,46308,22800,23508,16514,7995,8519,259,143,116,28950,14380,14570,585,282,303
0.5 Scen,2013,013,Atascosa County,47004,23128,23876,16617,8034,8583,260,144,116,29535,14664,14871,592,286,306
0.5 Scen,2014,013,Atascosa County,47735,23472,24263,16745,8087,8658,265,145,120,30127,14952,15175,598,288,310
0.5 Scen,2015,013,Atascosa County,48451,23812,24639,16858,8132,8726,266,148,118,30722,15239,15483,605,293,312
0.5 Scen,2016,013,Atascosa County,49195,24167,25028,16962,8168,8794,271,150,121,31350,15552,15798,612,297,315
0.5 Scen,2017,013,Atascosa County,49928,24515,25413,17066,8201,8865,273,151,122,31971,15862,16109,618,301,317
0.5 Scen,2018,013,Atascosa County,50679,24873,25806,17166,8238,8928,274,151,123,32612,16177,16435,627,307,320
0.5 Scen,2019,013,Atascosa County,51444,25237,26207,17270,8275,8995,275,152,123,33266,16499,16767,633,311,322
0.5 Scen,2020,013,Atascosa County,52224,25608,26616,17366,8313,9053,277,154,123,33940,16826,17114,641,315,326
0.5 Scen,2021,013,Atascosa County,53004,25972,27032,17467,8343,9124,280,155,125,34608,17155,17453,649,319,330
0.5 Scen,2022,013,Atascosa County,53804,26349,27455,17579,8384,9195,283,157,126,35284,17484,17800,658,324,334
0.5 Scen,2023,013,Atascosa County,54588,26729,27859,17669,8419,9250,285,159,126,35972,17824,18148,662,327,335
0.5 Scen,2024,013,Atascosa County,55386,27119,28267,17773,8461,9312,286,160,126,36663,18168,18495,664,330,334
0.5 Scen,2025,013,Atascosa County,56178,27495,28683,17875,8497,9378,289,162,127,37348,18506,18842,666,330,336
0.5 Scen,2026,013,Atascosa County,56944,27870,29074,17957,8534,9423,293,163,130,38028,18844,19184,666,329,337
0.5 Scen,2027,013,Atascosa County,57712,28216,29496,18036,8555,9481,296,165,131,38713,19165,19548,667,331,336
0.5 Scen,2028,013,Atascosa County,58472,28586,29886,18095,8576,9519,300,167,133,39408,19509,19899,669,334,335
0.5 Scen,2029,013,Atascosa County,59228,28949,30279,18167,8604,9563,301,167,134,40092,19845,20247,668,333,335
0.5 Scen,2030,013,Atascosa County,59951,29293,30658,18218,8621,9597,304,168,136,40761,20170,20591,668,334,334
0.5 Scen,2031,013,Atascosa County,60687,29645,31042,18268,8640,9628,306,168,138,41442,20502,20940,671,335,336
0.5 Scen,2032,013,Atascosa County,61416,29985,31431,18323,8654,9669,308,169,139,42113,20826,21287,672,336,336
0.5 Scen,2033,013,Atascosa County,62118,30322,31796,18368,8670,9698,311,170,141,42767,21147,21620,672,335,337
0.5 Scen,2034,013,Atascosa County,62808,30660,32148,18403,8681,9722,314,172,142,43417,21471,21946,674,336,338
0.5 Scen,2035,013,Atascosa County,63491,30993,32498,18442,8696,9746,315,173,142,44060,21787,22273,674,337,337
0.5 Scen,2036,013,Atascosa County,64161,31317,32844,18465,8700,9765,315,173,142,44707,22106,22601,674,338,336
0.5 Scen,2037,013,Atascosa County,64819,31638,33181,18488,8708,9780,315,174,141,45343,22418,22925,673,338,335
0.5 Scen,2038,013,Atascosa County,65487,31967,33520,18509,8721,9788,317,174,143,45989,22733,23256,672,339,333
0.5 Scen,2039,013,Atascosa County,66146,32293,33853,18530,8727,9803,317,174,143,46629,23054,23575,670,338,332
0.5 Scen,2040,013,Atascosa County,66787,32612,34175,18535,8729,9806,316,173,143,47271,23373,23898,665,337,328
0.5 Scen,2041,013,Atascosa County,67436,32927,34509,18564,8743,9821,314,172,142,47898,23679,24219,660,333,327
0.5 Scen,2042,013,Atascosa County,68072,33251,34821,18569,8750,9819,312,171,141,48537,24001,24536,654,329,325
0.5 Scen,2043,013,Atascosa County,68713,33570,35143,18578,8750,9828,310,169,141,49176,24323,24853,649,328,321
0.5 Scen,2044,013,Atascosa County,69335,33897,35438,18577,8757,9820,306,166,140,49805,24646,25159,647,328,319
0.5 Scen,2045,013,Atascosa County,69979,34222,35757,18580,8758,9822,304,164,140,50447,24970,25477,648,330,318
0.5 Scen,2046,013,Atascosa County,70623,34549,36074,18592,8763,9829,304,164,140,51082,25292,25790,645,330,315
0.5 Scen,2047,013,Atascosa County,71264,34873,36391,18591,8759,9832,304,164,140,51729,25622,26107,640,328,312
0.5 Scen,2048,013,Atascosa County,71903,35196,36707,18590,8760,9830,304,164,140,52372,25947,26425,637,325,312
0.5 Scen,2049,013,Atascosa County,72539,35516,37023,18586,8755,9831,304,165,139,53016,26272,26744,633,324,309
0.5 Scen,2050,013,Atascosa County,73182,35839,37343,18603,8762,9841,301,162,139,53651,26593,27058,627,322,305
0.5 Scen,2010,015,Austin County,28417,14073,14344,18657,9121,9536,2622,1290,1332,6641,3429,3212,497,233,264
0.5 Scen,2011,015,Austin County,28832,14272,14560,18773,9167,9606,2659,1310,1349,6895,3558,3337,505,237,268
0.5 Scen,2012,015,Austin County,29223,14464,14759,18846,9198,9648,2706,1333,1373,7160,3693,3467,511,240,271
0.5 Scen,2013,015,Austin County,29645,14658,14987,18950,9229,9721,2750,1357,1393,7423,3828,3595,522,244,278
0.5 Scen,2014,015,Austin County,30072,14872,15200,19042,9263,9779,2791,1381,1410,7707,3978,3729,532,250,282
0.5 Scen,2015,015,Austin County,30504,15083,15421,19132,9294,9838,2830,1405,1425,8002,4130,3872,540,254,286
0.5 Scen,2016,015,Austin County,30948,15308,15640,19221,9332,9889,2868,1427,1441,8311,4290,4021,548,259,289
0.5 Scen,2017,015,Austin County,31386,15527,15859,19301,9358,9943,2912,1453,1459,8616,4451,4165,557,265,292
0.5 Scen,2018,015,Austin County,31828,15749,16079,19381,9393,9988,2950,1476,1474,8936,4613,4323,561,267,294
0.5 Scen,2019,015,Austin County,32309,15983,16326,19475,9427,10048,2991,1502,1489,9272,4781,4491,571,273,298
0.5 Scen,2020,015,Austin County,32774,16211,16563,19554,9455,10099,3023,1519,1504,9617,4959,4658,580,278,302
0.5 Scen,2021,015,Austin County,33267,16444,16823,19647,9485,10162,3053,1535,1518,9979,5143,4836,588,281,307
0.5 Scen,2022,015,Austin County,33775,16689,17086,19738,9516,10222,3091,1555,1536,10352,5332,5020,594,286,308
0.5 Scen,2023,015,Austin County,34247,16910,17337,19817,9547,10270,3115,1562,1553,10715,5514,5201,600,287,313
0.5 Scen,2024,015,Austin County,34752,17144,17608,19900,9570,10330,3150,1578,1572,11093,5703,5390,609,293,316
0.5 Scen,2025,015,Austin County,35242,17368,17874,19972,9594,10378,3180,1588,1592,11472,5888,5584,618,298,320
0.5 Scen,2026,015,Austin County,35730,17595,18135,20037,9610,10427,3208,1599,1609,11857,6081,5776,628,305,323
0.5 Scen,2027,015,Austin County,36196,17810,18386,20088,9626,10462,3228,1605,1623,12240,6270,5970,640,309,331
0.5 Scen,2028,015,Austin County,36710,18060,18650,20143,9644,10499,3258,1620,1638,12659,6479,6180,650,317,333
0.5 Scen,2029,015,Austin County,37216,18301,18915,20184,9655,10529,3288,1632,1656,13084,6692,6392,660,322,338
0.5 Scen,2030,015,Austin County,37706,18525,19181,20209,9652,10557,3319,1642,1677,13512,6906,6606,666,325,341
0.5 Scen,2031,015,Austin County,38203,18761,19442,20236,9649,10587,3336,1648,1688,13962,7135,6827,669,329,340
0.5 Scen,2032,015,Austin County,38708,19006,19702,20251,9645,10606,3356,1660,1696,14422,7365,7057,679,336,343
0.5 Scen,2033,015,Austin County,39225,19258,19967,20255,9636,10619,3385,1674,1711,14896,7608,7288,689,340,349
0.5 Scen,2034,015,Austin County,39750,19511,20239,20264,9630,10634,3419,1691,1728,15370,7845,7525,697,345,352
0.5 Scen,2035,015,Austin County,40285,19776,20509,20261,9620,10641,3450,1705,1745,15866,8099,7767,708,352,356
0.5 Scen,2036,015,Austin County,40811,20038,20773,20243,9605,10638,3479,1718,1761,16371,8355,8016,718,360,358
0.5 Scen,2037,015,Austin County,41352,20307,21045,20228,9592,10636,3504,1732,1772,16895,8619,8276,725,364,361
0.5 Scen,2038,015,Austin County,41871,20557,21314,20203,9573,10630,3528,1744,1784,17405,8869,8536,735,371,364
0.5 Scen,2039,015,Austin County,42417,20838,21579,20177,9559,10618,3554,1763,1791,17941,9140,8801,745,376,369
0.5 Scen,2040,015,Austin County,42974,21120,21854,20143,9539,10604,3586,1785,1801,18491,9415,9076,754,381,373
0.5 Scen,2041,015,Austin County,43537,21400,22137,20117,9518,10599,3619,1802,1817,19035,9692,9343,766,388,378
0.5 Scen,2042,015,Austin County,44103,21679,22424,20082,9497,10585,3654,1819,1835,19590,9971,9619,777,392,385
0.5 Scen,2043,015,Austin County,44683,21973,22710,20046,9478,10568,3699,1844,1855,20149,10252,9897,789,399,390
0.5 Scen,2044,015,Austin County,45278,22266,23012,20011,9458,10553,3735,1863,1872,20733,10542,10191,799,403,396
0.5 Scen,2045,015,Austin County,45895,22570,23325,19984,9442,10542,3775,1882,1893,21329,10841,10488,807,405,402
0.5 Scen,2046,015,Austin County,46498,22868,23630,19948,9426,10522,3809,1902,1907,21931,11136,10795,810,404,406
0.5 Scen,2047,015,Austin County,47141,23185,23956,19915,9404,10511,3851,1928,1923,22562,11448,11114,813,405,408
0.5 Scen,2048,015,Austin County,47802,23523,24279,19883,9391,10492,3900,1955,1945,23204,11772,11432,815,405,410
0.5 Scen,2049,015,Austin County,48466,23864,24602,19854,9381,10473,3948,1982,1966,23846,12096,11750,818,405,413
0.5 Scen,2050,015,Austin County,49168,24214,24954,19834,9369,10465,3995,2009,1986,24519,12431,12088,820,405,415
0.5 Scen,2010,017,Bailey County,7165,3621,3544,2745,1320,1425,67,42,25,4283,2227,2056,70,32,38
0.5 Scen,2011,017,Bailey County,7255,3673,3582,2737,1317,1420,68,43,25,4379,2280,2099,71,33,38
0.5 Scen,2012,017,Bailey County,7355,3728,3627,2733,1317,1416,69,43,26,4481,2335,2146,72,33,39
0.5 Scen,2013,017,Bailey County,7444,3776,3668,2721,1313,1408,70,44,26,4580,2385,2195,73,34,39
0.5 Scen,2014,017,Bailey County,7531,3827,3704,2708,1309,1399,71,44,27,4678,2440,2238,74,34,40
0.5 Scen,2015,017,Bailey County,7627,3881,3746,2700,1306,1394,72,45,27,4781,2496,2285,74,34,40
0.5 Scen,2016,017,Bailey County,7721,3933,3788,2687,1300,1387,72,45,27,4886,2553,2333,76,35,41
0.5 Scen,2017,017,Bailey County,7807,3983,3824,2668,1291,1377,72,45,27,4990,2611,2379,77,36,41
0.5 Scen,2018,017,Bailey County,7903,4036,3867,2652,1283,1369,72,45,27,5100,2671,2429,79,37,42
0.5 Scen,2019,017,Bailey County,7994,4090,3904,2636,1280,1356,72,45,27,5207,2727,2480,79,38,41
0.5 Scen,2020,017,Bailey County,8088,4144,3944,2617,1270,1347,72,45,27,5317,2789,2528,82,40,42
0.5 Scen,2021,017,Bailey County,8172,4201,3971,2598,1267,1331,70,44,26,5421,2849,2572,83,41,42
0.5 Scen,2022,017,Bailey County,8261,4252,4009,2582,1261,1321,69,44,25,5525,2906,2619,85,41,44
0.5 Scen,2023,017,Bailey County,8350,4305,4045,2564,1253,1311,68,44,24,5632,2966,2666,86,42,44
0.5 Scen,2024,017,Bailey County,8454,4366,4088,2548,1246,1302,68,44,24,5751,3034,2717,87,42,45
0.5 Scen,2025,017,Bailey County,8554,4421,4133,2529,1236,1293,68,44,24,5869,3098,2771,88,43,45
0.5 Scen,2026,017,Bailey County,8661,4479,4182,2517,1230,1287,68,44,24,5987,3162,2825,89,43,46
0.5 Scen,2027,017,Bailey County,8759,4531,4228,2502,1223,1279,68,44,24,6099,3220,2879,90,44,46
0.5 Scen,2028,017,Bailey County,8858,4584,4274,2486,1216,1270,68,44,24,6213,3280,2933,91,44,47
0.5 Scen,2029,017,Bailey County,8954,4637,4317,2472,1209,1263,68,44,24,6323,3340,2983,91,44,47
0.5 Scen,2030,017,Bailey County,9060,4694,4366,2457,1203,1254,67,44,23,6445,3403,3042,91,44,47
0.5 Scen,2031,017,Bailey County,9157,4749,4408,2442,1200,1242,67,44,23,6556,3460,3096,92,45,47
0.5 Scen,2032,017,Bailey County,9260,4800,4460,2429,1194,1235,66,43,23,6672,3518,3154,93,45,48
0.5 Scen,2033,017,Bailey County,9369,4856,4513,2424,1193,1231,65,42,23,6786,3575,3211,94,46,48
0.5 Scen,2034,017,Bailey County,9459,4900,4559,2408,1187,1221,64,41,23,6892,3626,3266,95,46,49
0.5 Scen,2035,017,Bailey County,9564,4957,4607,2396,1181,1215,64,41,23,7008,3688,3320,96,47,49
0.5 Scen,2036,017,Bailey County,9657,5005,4652,2379,1175,1204,63,40,23,7118,3743,3375,97,47,50
0.5 Scen,2037,017,Bailey County,9760,5063,4697,2372,1174,1198,62,40,22,7228,3801,3427,98,48,50
0.5 Scen,2038,017,Bailey County,9858,5117,4741,2357,1169,1188,62,40,22,7340,3860,3480,99,48,51
0.5 Scen,2039,017,Bailey County,9956,5170,4786,2348,1165,1183,61,39,22,7447,3917,3530,100,49,51
0.5 Scen,2040,017,Bailey County,10058,5228,4830,2334,1160,1174,60,38,22,7564,3981,3583,100,49,51
0.5 Scen,2041,017,Bailey County,10148,5277,4871,2321,1155,1166,61,39,22,7665,4033,3632,101,50,51
0.5 Scen,2042,017,Bailey County,10246,5334,4912,2311,1155,1156,58,37,21,7775,4092,3683,102,50,52
0.5 Scen,2043,017,Bailey County,10346,5391,4955,2302,1155,1147,57,36,21,7884,4149,3735,103,51,52
0.5 Scen,2044,017,Bailey County,10444,5448,4996,2294,1155,1139,56,35,21,7991,4208,3783,103,50,53
0.5 Scen,2045,017,Bailey County,10555,5506,5049,2288,1153,1135,55,34,21,8109,4268,3841,103,51,52
0.5 Scen,2046,017,Bailey County,10659,5561,5098,2281,1151,1130,55,33,22,8219,4326,3893,104,51,53
0.5 Scen,2047,017,Bailey County,10762,5612,5150,2274,1148,1126,54,32,22,8331,4382,3949,103,50,53
0.5 Scen,2048,017,Bailey County,10878,5667,5211,2270,1148,1122,53,31,22,8452,4439,4013,103,49,54
0.5 Scen,2049,017,Bailey County,10980,5721,5259,2260,1144,1116,52,30,22,8565,4497,4068,103,50,53
0.5 Scen,2050,017,Bailey County,11085,5777,5308,2246,1139,1107,52,30,22,8686,4560,4126,101,48,53
0.5 Scen,2010,019,Bandera County,20485,10172,10313,16576,8200,8376,90,50,40,3415,1739,1676,404,183,221
0.5 Scen,2011,019,Bandera County,20702,10267,10435,16714,8255,8459,90,50,40,3492,1778,1714,406,184,222
0.5 Scen,2012,019,Bandera County,20885,10349,10536,16809,8294,8515,90,50,40,3576,1819,1757,410,186,224
0.5 Scen,2013,019,Bandera County,21091,10441,10650,16928,8340,8588,90,50,40,3659,1862,1797,414,189,225
0.5 Scen,2014,019,Bandera County,21274,10526,10748,17026,8380,8646,90,50,40,3741,1905,1836,417,191,226
0.5 Scen,2015,019,Bandera County,21475,10611,10864,17142,8423,8719,88,49,39,3822,1945,1877,423,194,229
0.5 Scen,2016,019,Bandera County,21656,10689,10967,17248,8465,8783,88,49,39,3893,1979,1914,427,196,231
0.5 Scen,2017,019,Bandera County,21840,10775,11065,17352,8509,8843,88,49,39,3968,2018,1950,432,199,233
0.5 Scen,2018,019,Bandera County,22028,10861,11167,17453,8551,8902,88,49,39,4052,2060,1992,435,201,234
0.5 Scen,2019,019,Bandera County,22230,10958,11272,17560,8596,8964,89,50,39,4140,2108,2032,441,204,237
0.5 Scen,2020,019,Bandera County,22439,11055,11384,17669,8640,9029,91,50,41,4233,2158,2075,446,207,239
0.5 Scen,2021,019,Bandera County,22625,11139,11486,17760,8675,9085,92,51,41,4323,2204,2119,450,209,241
0.5 Scen,2022,019,Bandera County,22814,11232,11582,17858,8720,9138,94,52,42,4411,2249,2162,451,211,240
0.5 Scen,2023,019,Bandera County,22972,11305,11667,17931,8751,9180,95,53,42,4493,2288,2205,453,213,240
0.5 Scen,2024,019,Bandera County,23127,11382,11745,17992,8779,9213,96,53,43,4586,2336,2250,453,214,239
0.5 Scen,2025,019,Bandera County,23283,11455,11828,18052,8803,9249,97,54,43,4678,2382,2296,456,216,240
0.5 Scen,2026,019,Bandera County,23415,11517,11898,18086,8815,9271,98,54,44,4775,2431,2344,456,217,239
0.5 Scen,2027,019,Bandera County,23555,11585,11970,18120,8832,9288,100,55,45,4877,2479,2398,458,219,239
0.5 Scen,2028,019,Bandera County,23674,11647,12027,18129,8839,9290,102,56,46,4981,2531,2450,462,221,241
0.5 Scen,2029,019,Bandera County,23783,11702,12081,18147,8846,9301,103,56,47,5071,2579,2492,462,221,241
0.5 Scen,2030,019,Bandera County,23862,11744,12118,18143,8845,9298,105,57,48,5149,2621,2528,465,221,244
0.5 Scen,2031,019,Bandera County,23927,11776,12151,18114,8828,9286,106,57,49,5241,2669,2572,466,222,244
0.5 Scen,2032,019,Bandera County,23992,11811,12181,18088,8814,9274,106,56,50,5329,2718,2611,469,223,246
0.5 Scen,2033,019,Bandera County,24034,11834,12200,18039,8790,9249,106,56,50,5420,2764,2656,469,224,245
0.5 Scen,2034,019,Bandera County,24084,11866,12218,17993,8771,9222,107,56,51,5512,2814,2698,472,225,247
0.5 Scen,2035,019,Bandera County,24089,11878,12211,17911,8736,9175,107,56,51,5602,2862,2740,469,224,245
0.5 Scen,2036,019,Bandera County,24110,11895,12215,17840,8705,9135,107,55,52,5695,2912,2783,468,223,245
0.5 Scen,2037,019,Bandera County,24123,11912,12211,17751,8667,9084,107,56,51,5797,2965,2832,468,224,244
0.5 Scen,2038,019,Bandera County,24128,11924,12204,17647,8621,9026,106,55,51,5908,3024,2884,467,224,243
0.5 Scen,2039,019,Bandera County,24136,11944,12192,17554,8586,8968,106,56,50,6014,3079,2935,462,223,239
0.5 Scen,2040,019,Bandera County,24143,11955,12188,17452,8539,8913,107,56,51,6124,3138,2986,460,222,238
0.5 Scen,2041,019,Bandera County,24119,11952,12167,17325,8481,8844,107,56,51,6229,3194,3035,458,221,237
0.5 Scen,2042,019,Bandera County,24120,11969,12151,17222,8438,8784,105,55,50,6337,3256,3081,456,220,236
0.5 Scen,2043,019,Bandera County,24084,11968,12116,17091,8384,8707,103,54,49,6435,3311,3124,455,219,236
0.5 Scen,2044,019,Bandera County,24060,11958,12102,16968,8324,8644,101,53,48,6538,3362,3176,453,219,234
0.5 Scen,2045,019,Bandera County,24036,11968,12068,16837,8273,8564,99,52,47,6650,3426,3224,450,217,233
0.5 Scen,2046,019,Bandera County,24020,11981,12039,16721,8227,8494,98,51,47,6756,3486,3270,445,217,228
0.5 Scen,2047,019,Bandera County,24013,11991,12022,16598,8175,8423,97,50,47,6878,3552,3326,440,214,226
0.5 Scen,2048,019,Bandera County,24017,12011,12006,16493,8131,8362,95,49,46,6991,3617,3374,438,214,224
0.5 Scen,2049,019,Bandera County,24048,12041,12007,16396,8091,8305,94,48,46,7123,3691,3432,435,211,224
0.5 Scen,2050,019,Bandera County,24073,12070,12003,16297,8053,8244,92,47,45,7250,3760,3490,434,210,224
0.5 Scen,2010,021,Bastrop County,74171,37997,36174,42446,21197,21249,5535,2969,2566,24190,12833,11357,2000,998,1002
0.5 Scen,2011,021,Bastrop County,75422,38583,36839,42730,21296,21434,5610,3003,2607,25036,13262,11774,2046,1022,1024
0.5 Scen,2012,021,Bastrop County,76731,39193,37538,43021,21394,21627,5693,3042,2651,25920,13710,12210,2097,1047,1050
0.5 Scen,2013,021,Bastrop County,78055,39807,38248,43305,21489,21816,5772,3076,2696,26828,14170,12658,2150,1072,1078
0.5 Scen,2014,021,Bastrop County,79406,40440,38966,43569,21575,21994,5844,3107,2737,27789,14661,13128,2204,1097,1107
0.5 Scen,2015,021,Bastrop County,80780,41096,39684,43823,21660,22163,5914,3142,2772,28783,15169,13614,2260,1125,1135
0.5 Scen,2016,021,Bastrop County,82190,41756,40434,44088,21739,22349,5982,3175,2807,29812,15694,14118,2308,1148,1160
0.5 Scen,2017,021,Bastrop County,83666,42449,41217,44355,21824,22531,6062,3213,2849,30886,16237,14649,2363,1175,1188
0.5 Scen,2018,021,Bastrop County,85142,43144,41998,44604,21896,22708,6144,3250,2894,31986,16803,15183,2408,1195,1213
0.5 Scen,2019,021,Bastrop County,86699,43894,42805,44852,21972,22880,6231,3295,2936,33142,17398,15744,2474,1229,1245
0.5 Scen,2020,021,Bastrop County,88279,44645,43634,45105,22041,23064,6320,3341,2979,34319,18002,16317,2535,1261,1274
0.5 Scen,2021,021,Bastrop County,89919,45432,44487,45348,22110,23238,6409,3385,3024,35557,18638,16919,2605,1299,1306
0.5 Scen,2022,021,Bastrop County,91593,46229,45364,45577,22170,23407,6508,3437,3071,36836,19290,17546,2672,1332,1340
0.5 Scen,2023,021,Bastrop County,93305,47062,46243,45793,22234,23559,6590,3482,3108,38176,19976,18200,2746,1370,1376
0.5 Scen,2024,021,Bastrop County,95078,47907,47171,46009,22287,23722,6683,3533,3150,39566,20680,18886,2820,1407,1413
0.5 Scen,2025,021,Bastrop County,96872,48769,48103,46196,22332,23864,6778,3584,3194,40995,21404,19591,2903,1449,1454
0.5 Scen,2026,021,Bastrop County,98711,49659,49052,46373,22370,24003,6882,3639,3243,42464,22155,20309,2992,1495,1497
0.5 Scen,2027,021,Bastrop County,100569,50559,50010,46504,22395,24109,6984,3688,3296,43998,22935,21063,3083,1541,1542
0.5 Scen,2028,021,Bastrop County,102454,51475,50979,46630,22409,24221,7080,3740,3340,45561,23735,21826,3183,1591,1592
0.5 Scen,2029,021,Bastrop County,104358,52399,51959,46725,22414,24311,7181,3795,3386,47165,24546,22619,3287,1644,1643
0.5 Scen,2030,021,Bastrop County,106301,53364,52937,46806,22417,24389,7290,3851,3439,48809,25390,23419,3396,1706,1690
0.5 Scen,2031,021,Bastrop County,108260,54313,53947,46859,22401,24458,7397,3907,3490,50489,26241,24248,3515,1764,1751
0.5 Scen,2032,021,Bastrop County,110200,55267,54933,46879,22376,24503,7497,3958,3539,52196,27112,25084,3628,1821,1807
0.5 Scen,2033,021,Bastrop County,112134,56226,55908,46868,22334,24534,7589,4004,3585,53933,28011,25922,3744,1877,1867
0.5 Scen,2034,021,Bastrop County,114053,57163,56890,46819,22269,24550,7689,4054,3635,55690,28910,26780,3855,1930,1925
0.5 Scen,2035,021,Bastrop County,115997,58119,57878,46776,22219,24557,7784,4106,3678,57471,29808,27663,3966,1986,1980
0.5 Scen,2036,021,Bastrop County,117932,59079,58853,46694,22150,24544,7862,4144,3718,59298,30739,28559,4078,2046,2032
0.5 Scen,2037,021,Bastrop County,119904,60054,59850,46598,22071,24527,7943,4185,3758,61168,31695,29473,4195,2103,2092
0.5 Scen,2038,021,Bastrop County,121880,61039,60841,46463,21980,24483,8027,4227,3800,63066,32661,30405,4324,2171,2153
0.5 Scen,2039,021,Bastrop County,123883,62039,61844,46334,21893,24441,8094,4256,3838,65008,33652,31356,4447,2238,2209
0.5 Scen,2040,021,Bastrop County,125914,63048,62866,46180,21796,24384,8167,4286,3881,66982,34657,32325,4585,2309,2276
0.5 Scen,2041,021,Bastrop County,127988,64101,63887,46018,21701,24317,8250,4332,3918,69001,35688,33313,4719,2380,2339
0.5 Scen,2042,021,Bastrop County,130083,65150,64933,45843,21600,24243,8326,4369,3957,71057,36733,34324,4857,2448,2409
0.5 Scen,2043,021,Bastrop County,132227,66235,65992,45669,21504,24165,8390,4402,3988,73163,37806,35357,5005,2523,2482
0.5 Scen,2044,021,Bastrop County,134385,67321,67064,45475,21398,24077,8473,4439,4034,75301,38894,36407,5136,2590,2546
0.5 Scen,2045,021,Bastrop County,136597,68445,68152,45277,21292,23985,8554,4476,4078,77492,40014,37478,5274,2663,2611
0.5 Scen,2046,021,Bastrop County,138849,69598,69251,45096,21197,23899,8619,4514,4105,79719,41149,38570,5415,2738,2677
0.5 Scen,2047,021,Bastrop County,141165,70781,70384,44921,21109,23812,8684,4540,4144,82003,42317,39686,5557,2815,2742
0.5 Scen,2048,021,Bastrop County,143551,71996,71555,44737,21009,23728,8761,4579,4182,84338,43512,40826,5715,2896,2819
0.5 Scen,2049,021,Bastrop County,145972,73228,72744,44569,20919,23650,8823,4611,4212,86710,44727,41983,5870,2971,2899
0.5 Scen,2050,021,Bastrop County,148450,74490,73960,44404,20832,23572,8882,4633,4249,89131,45963,43168,6033,3062,2971
0.5 Scen,2010,023,Baylor County,3726,1795,1931,3147,1527,1620,71,38,33,455,208,247,53,22,31
0.5 Scen,2011,023,Baylor County,3714,1788,1926,3127,1516,1611,71,38,33,463,212,251,53,22,31
0.5 Scen,2012,023,Baylor County,3707,1787,1920,3113,1511,1602,71,38,33,470,216,254,53,22,31
0.5 Scen,2013,023,Baylor County,3703,1786,1917,3100,1505,1595,71,38,33,479,221,258,53,22,31
0.5 Scen,2014,023,Baylor County,3694,1784,1910,3082,1498,1584,71,38,33,488,226,262,53,22,31
0.5 Scen,2015,023,Baylor County,3685,1783,1902,3064,1492,1572,71,38,33,498,231,267,52,22,30
0.5 Scen,2016,023,Baylor County,3673,1780,1893,3043,1485,1558,71,38,33,507,235,272,52,22,30
0.5 Scen,2017,023,Baylor County,3657,1777,1880,3018,1477,1541,71,38,33,516,240,276,52,22,30
0.5 Scen,2018,023,Baylor County,3640,1775,1865,2994,1469,1525,70,38,32,524,246,278,52,22,30
0.5 Scen,2019,023,Baylor County,3622,1773,1849,2966,1462,1504,69,37,32,535,252,283,52,22,30
0.5 Scen,2020,023,Baylor County,3609,1770,1839,2946,1456,1490,67,35,32,544,257,287,52,22,30
0.5 Scen,2021,023,Baylor County,3604,1773,1831,2932,1453,1479,67,35,32,554,263,291,51,22,29
0.5 Scen,2022,023,Baylor County,3591,1771,1820,2908,1445,1463,68,35,33,564,269,295,51,22,29
0.5 Scen,2023,023,Baylor County,3578,1771,1807,2885,1439,1446,69,36,33,573,274,299,51,22,29
0.5 Scen,2024,023,Baylor County,3567,1767,1800,2864,1431,1433,69,35,34,583,279,304,51,22,29
0.5 Scen,2025,023,Baylor County,3555,1761,1794,2842,1419,1423,70,36,34,592,284,308,51,22,29
0.5 Scen,2026,023,Baylor County,3539,1756,1783,2819,1411,1408,68,35,33,600,288,312,52,22,30
0.5 Scen,2027,023,Baylor County,3522,1744,1778,2793,1394,1399,68,35,33,609,293,316,52,22,30
0.5 Scen,2028,023,Baylor County,3515,1741,1774,2776,1386,1390,66,34,32,621,299,322,52,22,30
0.5 Scen,2029,023,Baylor County,3506,1736,1770,2756,1376,1380,66,34,32,633,305,328,51,21,30
0.5 Scen,2030,023,Baylor County,3500,1735,1765,2742,1370,1372,65,34,31,642,310,332,51,21,30
0.5 Scen,2031,023,Baylor County,3482,1730,1752,2715,1359,1356,63,33,30,651,315,336,53,23,30
0.5 Scen,2032,023,Baylor County,3466,1726,1740,2690,1350,1340,62,33,29,660,320,340,54,23,31
0.5 Scen,2033,023,Baylor County,3452,1721,1731,2669,1340,1329,61,33,28,669,325,344,53,23,30
0.5 Scen,2034,023,Baylor County,3430,1715,1715,2642,1330,1312,59,32,27,676,330,346,53,23,30
0.5 Scen,2035,023,Baylor County,3420,1714,1706,2625,1325,1300,57,31,26,685,335,350,53,23,30
0.5 Scen,2036,023,Baylor County,3402,1707,1695,2601,1313,1288,57,31,26,693,340,353,51,23,28
0.5 Scen,2037,023,Baylor County,3385,1698,1687,2579,1303,1276,57,30,27,700,344,356,49,21,28
0.5 Scen,2038,023,Baylor County,3369,1691,1678,2556,1291,1265,56,30,26,707,349,358,50,21,29
0.5 Scen,2039,023,Baylor County,3358,1689,1669,2540,1284,1256,56,30,26,714,354,360,48,21,27
0.5 Scen,2040,023,Baylor County,3342,1680,1662,2518,1272,1246,56,30,26,720,357,363,48,21,27
0.5 Scen,2041,023,Baylor County,3319,1674,1645,2492,1264,1228,55,29,26,725,361,364,47,20,27
0.5 Scen,2042,023,Baylor County,3292,1662,1630,2462,1249,1213,54,29,25,730,365,365,46,19,27
0.5 Scen,2043,023,Baylor County,3277,1658,1619,2442,1242,1200,53,28,25,736,369,367,46,19,27
0.5 Scen,2044,023,Baylor County,3258,1655,1603,2423,1237,1186,49,27,22,740,372,368,46,19,27
0.5 Scen,2045,023,Baylor County,3239,1648,1591,2398,1226,1172,48,27,21,747,376,371,46,19,27
0.5 Scen,2046,023,Baylor County,3216,1638,1578,2372,1215,1157,48,26,22,752,379,373,44,18,26
0.5 Scen,2047,023,Baylor County,3193,1633,1560,2344,1205,1139,47,26,21,758,384,374,44,18,26
0.5 Scen,2048,023,Baylor County,3183,1629,1554,2329,1199,1130,46,25,21,764,387,377,44,18,26
0.5 Scen,2049,023,Baylor County,3163,1624,1539,2306,1191,1115,43,24,19,770,391,379,44,18,26
0.5 Scen,2050,023,Baylor County,3144,1615,1529,2284,1181,1103,39,21,18,777,395,382,44,18,26
0.5 Scen,2010,025,Bee County,31861,19063,12798,10967,6679,4288,2525,2334,191,17906,9817,8089,463,233,230
0.5 Scen,2011,025,Bee County,32046,19165,12881,10975,6685,4290,2526,2334,192,18077,9910,8167,468,236,232
0.5 Scen,2012,025,Bee County,32222,19268,12954,10986,6702,4284,2527,2333,194,18234,9993,8241,475,240,235
0.5 Scen,2013,025,Bee County,32399,19368,13031,10982,6706,4276,2528,2332,196,18406,10085,8321,483,245,238
0.5 Scen,2014,025,Bee County,32576,19479,13097,10983,6719,4264,2529,2329,200,18571,10181,8390,493,250,243
0.5 Scen,2015,025,Bee County,32742,19577,13165,10973,6725,4248,2525,2323,202,18742,10273,8469,502,256,246
0.5 Scen,2016,025,Bee County,32930,19687,13243,10972,6732,4240,2529,2324,205,18920,10371,8549,509,260,249
0.5 Scen,2017,025,Bee County,33102,19788,13314,10966,6738,4228,2526,2319,207,19094,10467,8627,516,264,252
0.5 Scen,2018,025,Bee County,33272,19889,13383,10962,6742,4220,2527,2319,208,19262,10561,8701,521,267,254
0.5 Scen,2019,025,Bee County,33451,19995,13456,10953,6745,4208,2525,2315,210,19447,10664,8783,526,271,255
0.5 Scen,2020,025,Bee County,33629,20098,13531,10943,6747,4196,2523,2311,212,19630,10764,8866,533,276,257
0.5 Scen,2021,025,Bee County,33785,20191,13594,10922,6740,4182,2520,2307,213,19804,10864,8940,539,280,259
0.5 Scen,2022,025,Bee County,33944,20283,13661,10901,6733,4168,2519,2304,215,19979,10963,9016,545,283,262
0.5 Scen,2023,025,Bee County,34109,20377,13732,10870,6720,4150,2514,2299,215,20171,11069,9102,554,289,265
0.5 Scen,2024,025,Bee County,34252,20468,13784,10843,6716,4127,2509,2294,215,20344,11169,9175,556,289,267
0.5 Scen,2025,025,Bee County,34429,20574,13855,10831,6717,4114,2503,2288,215,20534,11276,9258,561,293,268
0.5 Scen,2026,025,Bee County,34583,20665,13918,10801,6710,4091,2495,2281,214,20722,11377,9345,565,297,268
0.5 Scen,2027,025,Bee County,34731,20764,13967,10776,6706,4070,2489,2276,213,20896,11481,9415,570,301,269
0.5 Scen,2028,025,Bee County,34864,20845,14019,10738,6696,4042,2483,2270,213,21071,11576,9495,572,303,269
0.5 Scen,2029,025,Bee County,35001,20930,14071,10710,6690,4020,2479,2266,213,21236,11668,9568,576,306,270
0.5 Scen,2030,025,Bee County,35119,21003,14116,10665,6671,3994,2470,2257,213,21407,11768,9639,577,307,270
0.5 Scen,2031,025,Bee County,35220,21064,14156,10621,6652,3969,2463,2251,212,21555,11852,9703,581,309,272
0.5 Scen,2032,025,Bee County,35329,21139,14190,10570,6633,3937,2461,2249,212,21710,11944,9766,588,313,275
0.5 Scen,2033,025,Bee County,35394,21189,14205,10511,6605,3906,2452,2243,209,21844,12028,9816,587,313,274
0.5 Scen,2034,025,Bee County,35475,21245,14230,10464,6585,3879,2445,2236,209,21978,12111,9867,588,313,275
0.5 Scen,2035,025,Bee County,35546,21290,14256,10415,6556,3859,2435,2227,208,22105,12191,9914,591,316,275
0.5 Scen,2036,025,Bee County,35595,21329,14266,10356,6533,3823,2419,2211,208,22228,12270,9958,592,315,277
0.5 Scen,2037,025,Bee County,35641,21367,14274,10296,6503,3793,2407,2201,206,22347,12348,9999,591,315,276
0.5 Scen,2038,025,Bee County,35687,21407,14280,10240,6476,3764,2393,2188,205,22461,12425,10036,593,318,275
0.5 Scen,2039,025,Bee County,35734,21439,14295,10182,6447,3735,2385,2181,204,22572,12493,10079,595,318,277
0.5 Scen,2040,025,Bee County,35743,21456,14287,10109,6414,3695,2370,2167,203,22666,12555,10111,598,320,278
0.5 Scen,2041,025,Bee County,35775,21487,14288,10046,6384,3662,2359,2157,202,22773,12626,10147,597,320,277
0.5 Scen,2042,025,Bee County,35812,21519,14293,9988,6355,3633,2345,2145,200,22875,12695,10180,604,324,280
0.5 Scen,2043,025,Bee County,35824,21532,14292,9920,6313,3607,2332,2133,199,22971,12762,10209,601,324,277
0.5 Scen,2044,025,Bee County,35836,21543,14293,9853,6273,3580,2320,2122,198,23060,12820,10240,603,328,275
0.5 Scen,2045,025,Bee County,35838,21553,14285,9782,6236,3546,2306,2110,196,23149,12881,10268,601,326,275
0.5 Scen,2046,025,Bee County,35847,21569,14278,9705,6194,3511,2295,2102,193,23244,12945,10299,603,328,275
0.5 Scen,2047,025,Bee County,35851,21581,14270,9637,6154,3483,2277,2086,191,23333,13012,10321,604,329,275
0.5 Scen,2048,025,Bee County,35860,21589,14271,9568,6112,3456,2260,2073,187,23423,13073,10350,609,331,278
0.5 Scen,2049,025,Bee County,35865,21604,14261,9489,6070,3419,2250,2064,186,23512,13135,10377,614,335,279
0.5 Scen,2050,025,Bee County,35856,21601,14255,9415,6020,3395,2233,2049,184,23592,13197,10395,616,335,281
0.5 Scen,2010,027,Bell County,310235,153464,156771,157289,78356,78933,63380,31551,31829,67010,33574,33436,22556,9983,12573
0.5 Scen,2011,027,Bell County,316444,156618,159826,159431,79501,79930,64577,32142,32435,69094,34612,34482,23342,10363,12979
0.5 Scen,2012,027,Bell County,322744,159835,162909,161654,80685,80969,65742,32729,33013,71205,35661,35544,24143,10760,13383
0.5 Scen,2013,027,Bell County,329109,163052,166057,163862,81857,82005,66947,33315,33632,73355,36731,36624,24945,11149,13796
0.5 Scen,2014,027,Bell County,335439,166285,169154,166003,82998,83005,68107,33908,34199,75542,37824,37718,25787,11555,14232
0.5 Scen,2015,027,Bell County,341662,169421,172241,167999,84043,83956,69303,34487,34816,77733,38919,38814,26627,11972,14655
0.5 Scen,2016,027,Bell County,347718,172511,175207,169854,85033,84821,70448,35067,35381,79947,40023,39924,27469,12388,15081
0.5 Scen,2017,027,Bell County,353696,175495,178201,171563,85915,85648,71618,35614,36004,82193,41152,41041,28322,12814,15508
0.5 Scen,2018,027,Bell County,359566,178482,181084,173154,86764,86390,72737,36180,36557,84482,42293,42189,29193,13245,15948
0.5 Scen,2019,027,Bell County,365421,181446,183975,174661,87574,87087,73858,36732,37126,86834,43466,43368,30068,13674,16394
0.5 Scen,2020,027,Bell County,371281,184433,186848,176062,88340,87722,74984,37292,37692,89235,44669,44566,31000,14132,16868
0.5 Scen,2021,027,Bell County,377131,187394,189737,177407,89059,88348,76129,37850,38279,91677,45900,45777,31918,14585,17333
0.5 Scen,2022,027,Bell County,382937,190311,192626,178653,89733,88920,77266,38408,38858,94155,47136,47019,32863,15034,17829
0.5 Scen,2023,027,Bell County,388741,193244,195497,179817,90351,89466,78366,38946,39420,96712,48422,48290,33846,15525,18321
0.5 Scen,2024,027,Bell County,394477,196118,198359,180902,90935,89967,79456,39450,40006,99327,49741,49586,34792,15992,18800
0.5 Scen,2025,027,Bell County,400259,199065,201194,181924,91480,90444,80553,40007,40546,101992,51075,50917,35790,16503,19287
0.5 Scen,2026,027,Bell County,405995,201989,204006,182866,91985,90881,81606,40524,41082,104712,52455,52257,36811,17025,19786
0.5 Scen,2027,027,Bell County,411756,204887,206869,183728,92446,91282,82631,41030,41601,107520,53849,53671,37877,17562,20315
0.5 Scen,2028,027,Bell County,417593,207831,209762,184582,92895,91687,83660,41524,42136,110396,55306,55090,38955,18106,20849
0.5 Scen,2029,027,Bell County,423462,210795,212667,185386,93328,92058,84677,42026,42651,113306,56775,56531,40093,18666,21427
0.5 Scen,2030,027,Bell County,429284,213719,215565,186145,93734,92411,85602,42469,43133,116298,58271,58027,41239,19245,21994
0.5 Scen,2031,027,Bell County,435316,216770,218546,186929,94154,92775,86600,42970,43630,119340,59801,59539,42447,19845,22602
0.5 Scen,2032,027,Bell County,441317,219826,221491,187734,94596,93138,87519,43432,44087,122414,61351,61063,43650,20447,23203
0.5 Scen,2033,027,Bell County,447373,222860,224513,188549,95040,93509,88424,43835,44589,125500,62908,62592,44900,21077,23823
0.5 Scen,2034,027,Bell County,453555,226030,227525,189420,95525,93895,89385,44327,45058,128622,64467,64155,46128,21711,24417
0.5 Scen,2035,027,Bell County,459840,229193,230647,190330,96022,94308,90237,44738,45499,131782,66064,65718,47491,22369,25122
0.5 Scen,2036,027,Bell County,466144,232385,233759,191263,96532,94731,91147,45184,45963,134938,67648,67290,48796,23021,25775
0.5 Scen,2037,027,Bell County,472469,235632,236837,192264,97091,95173,91975,45588,46387,138144,69278,68866,50086,23675,26411
0.5 Scen,2038,027,Bell County,479005,238983,240022,193291,97663,95628,92837,46038,46799,141385,70908,70477,51492,24374,27118
0.5 Scen,2039,027,Bell County,485497,242290,243207,194333,98247,96086,93660,46442,47218,144635,72544,72091,52869,25057,27812
0.5 Scen,2040,027,Bell County,492019,245616,246403,195407,98857,96550,94419,46786,47633,147894,74191,73703,54299,25782,28517
0.5 Scen,2041,027,Bell County,498593,249014,249579,196464,99457,97007,95226,47205,48021,151196,75855,75341,55707,26497,29210
0.5 Scen,2042,027,Bell County,505115,252380,252735,197501,100054,97447,95907,47555,48352,154519,77545,76974,57188,27226,29962
0.5 Scen,2043,027,Bell County,511744,255809,255935,198519,100645,97874,96710,47960,48750,157884,79249,78635,58631,27955,30676
0.5 Scen,2044,027,Bell County,518271,259185,259086,199496,101215,98281,97434,48314,49120,161275,80967,80308,60066,28689,31377
0.5 Scen,2045,027,Bell County,524806,262555,262251,200406,101747,98659,98101,48667,49434,164688,82709,81979,61611,29432,32179
0.5 Scen,2046,027,Bell County,531312,265956,265356,201296,102285,99011,98759,49012,49747,168157,84472,83685,63100,30187,32913
0.5 Scen,2047,027,Bell County,537848,269328,268520,202112,102780,99332,99442,49349,50093,171670,86261,85409,64624,30938,33686
0.5 Scen,2048,027,Bell County,544344,272709,271635,202887,103254,99633,100076,49675,50401,175230,88078,87152,66151,31702,34449
0.5 Scen,2049,027,Bell County,550798,276032,274766,203603,103701,99902,100680,49961,50719,178825,89905,88920,67690,32465,35225
0.5 Scen,2050,027,Bell County,557163,279384,277779,204265,104119,100146,101184,50252,50932,182497,91777,90720,69217,33236,35981
0.5 Scen,2010,029,Bexar County,1714773,840840,873933,519123,257680,261443,118460,58934,59526,1006958,491194,515764,70232,33032,37200
0.5 Scen,2011,029,Bexar County,1739303,853686,885617,519867,258380,261487,120195,59869,60326,1026612,501205,525407,72629,34232,38397
0.5 Scen,2012,029,Bexar County,1764155,866568,897587,520783,259092,261691,121941,60798,61143,1046333,511208,535125,75098,35470,39628
0.5 Scen,2013,029,Bexar County,1789484,879700,909784,521837,259928,261909,123660,61723,61937,1066428,521358,545070,77559,36691,40868
0.5 Scen,2014,029,Bexar County,1814536,892929,921607,522660,260656,262004,125315,62627,62688,1086385,531636,554749,80176,38010,42166
0.5 Scen,2015,029,Bexar County,1839926,906198,933728,523275,261269,262006,127042,63530,63512,1106865,542071,564794,82744,39328,43416
0.5 Scen,2016,029,Bexar County,1865104,919364,945740,523643,261713,261930,128732,64465,64267,1127305,552517,574788,85424,40669,44755
0.5 Scen,2017,029,Bexar County,1890245,932516,957729,523912,262074,261838,130491,65391,65100,1147728,563024,584704,88114,42027,46087
0.5 Scen,2018,029,Bexar County,1916023,945757,970266,524088,262367,261721,132223,66327,65896,1168786,573609,595177,90926,43454,47472
0.5 Scen,2019,029,Bexar County,1941724,959142,982582,524192,262635,261557,133943,67232,66711,1189817,584381,605436,93772,44894,48878
0.5 Scen,2020,029,Bexar County,1967590,972675,994915,524262,262875,261387,135691,68144,67547,1210931,595321,615610,96706,46335,50371
0.5 Scen,2021,029,Bexar County,1992862,985916,1006946,523993,262955,261038,137271,69020,68251,1232027,606109,625918,99571,47832,51739
0.5 Scen,2022,029,Bexar County,2018412,999289,1019123,523528,262941,260587,138948,69895,69053,1253364,617122,636242,102572,49331,53241
0.5 Scen,2023,029,Bexar County,2043613,1012463,1031150,522956,262884,260072,140491,70765,69726,1274744,628013,646731,105422,50801,54621
0.5 Scen,2024,029,Bexar County,2069187,1025775,1043412,522210,262714,259496,142023,71564,70459,1296408,639153,657255,108546,52344,56202
0.5 Scen,2025,029,Bexar County,2094216,1038948,1055268,521230,262457,258773,143682,72445,71237,1317649,650038,667611,111655,54008,57647
0.5 Scen,2026,029,Bexar County,2119354,1052016,1067338,520083,262076,258007,145134,73279,71855,1339382,661080,678302,114755,55581,59174
0.5 Scen,2027,029,Bexar County,2144188,1065199,1078989,518845,261663,257182,146672,74101,72571,1360652,672163,688489,118019,57272,60747
0.5 Scen,2028,029,Bexar County,2168625,1077908,1090717,517271,261053,256218,148061,74866,73195,1381945,683048,698897,121348,58941,62407
0.5 Scen,2029,029,Bexar County,2193154,1090677,1102477,515571,260405,255166,149507,75618,73889,1403435,694024,709411,124641,60630,64011
0.5 Scen,2030,029,Bexar County,2216912,1103248,1113664,513560,259568,253992,150829,76340,74489,1424762,705138,719624,127761,62202,65559
0.5 Scen,2031,029,Bexar County,2240234,1115675,1124559,511505,258749,252756,152179,77109,75070,1445323,715744,729579,131227,64073,67154
0.5 Scen,2032,029,Bexar County,2263318,1127944,1135374,509232,257809,251423,153383,77817,75566,1466052,726538,739514,134651,65780,68871
0.5 Scen,2033,029,Bexar County,2286545,1140064,1146481,506867,256792,250075,154671,78509,76162,1486780,737159,749621,138227,67604,70623
0.5 Scen,2034,029,Bexar County,2309347,1152187,1157160,504523,255832,248691,155928,79196,76732,1507064,747669,759395,141832,69490,72342
0.5 Scen,2035,029,Bexar County,2331743,1164111,1167632,502107,254855,247252,157053,79812,77241,1527189,758148,769041,145394,71296,74098
0.5 Scen,2036,029,Bexar County,2354115,1176212,1177903,499703,253857,245846,158323,80531,77792,1546991,768567,778424,149098,73257,75841
0.5 Scen,2037,029,Bexar County,2376331,1187945,1188386,497259,252838,244421,159386,81121,78265,1566812,778809,788003,152874,75177,77697
0.5 Scen,2038,029,Bexar County,2398521,1200034,1198487,494834,251863,242971,160576,81821,78755,1586389,789169,797220,156722,77181,79541
0.5 Scen,2039,029,Bexar County,2420255,1211595,1208660,492444,250909,241535,161614,82321,79293,1605573,799167,806406,160624,79198,81426
0.5 Scen,2040,029,Bexar County,2442098,1223373,1218725,490061,249956,240105,162775,83067,79708,1624683,809058,815625,164579,81292,83287
0.5 Scen,2041,029,Bexar County,2464057,1235378,1228679,487679,249001,238678,163893,83644,80249,1643822,819353,824469,168663,83380,85283
0.5 Scen,2042,029,Bexar County,2485759,1247050,1238709,485322,248073,237249,164919,84278,80641,1662733,829177,833556,172785,85522,87263
0.5 Scen,2043,029,Bexar County,2507247,1258698,1248549,482951,247125,235826,165997,84877,81120,1681411,839022,842389,176888,87674,89214
0.5 Scen,2044,029,Bexar County,2528548,1270338,1258210,480612,246201,234411,167008,85407,81601,1699890,848851,851039,181038,89879,91159
0.5 Scen,2045,029,Bexar County,2550326,1282065,1268261,478291,245280,233011,168040,86019,82021,1718529,858687,859842,185466,92079,93387
0.5 Scen,2046,029,Bexar County,2571668,1293691,1277977,475944,244348,231596,169054,86611,82443,1736829,868386,868443,189841,94346,95495
0.5 Scen,2047,029,Bexar County,2592962,1305336,1287626,473587,243404,230183,170159,87254,82905,1754961,878055,876906,194255,96623,97632
0.5 Scen,2048,029,Bexar County,2614222,1316901,1297321,471221,242457,228764,171224,87838,83386,1773048,887679,885369,198729,98927,99802
0.5 Scen,2049,029,Bexar County,2635298,1328293,1307005,468872,241507,227365,172243,88425,83818,1791016,897196,893820,203167,101165,102002
0.5 Scen,2050,029,Bexar County,2656573,1339989,1316584,466513,240550,225963,173252,89007,84245,1808867,906725,902142,207941,103707,104234
0.5 Scen,2010,031,Blanco County,10497,5300,5197,8336,4146,4190,62,41,21,1909,1029,880,190,84,106
0.5 Scen,2011,031,Blanco County,10616,5361,5255,8408,4181,4227,62,41,21,1953,1053,900,193,86,107
0.5 Scen,2012,031,Blanco County,10714,5416,5298,8463,4215,4248,61,40,21,1994,1074,920,196,87,109
0.5 Scen,2013,031,Blanco County,10807,5469,5338,8514,4244,4270,61,40,21,2033,1096,937,199,89,110
0.5 Scen,2014,031,Blanco County,10897,5512,5385,8562,4266,4296,61,40,21,2072,1116,956,202,90,112
0.5 Scen,2015,031,Blanco County,10994,5564,5430,8617,4294,4323,61,40,21,2112,1139,973,204,91,113
0.5 Scen,2016,031,Blanco County,11083,5609,5474,8659,4312,4347,61,40,21,2158,1166,992,205,91,114
0.5 Scen,2017,031,Blanco County,11195,5666,5529,8724,4341,4383,63,42,21,2201,1190,1011,207,93,114
0.5 Scen,2018,031,Blanco County,11312,5723,5589,8790,4370,4420,63,42,21,2246,1215,1031,213,96,117
0.5 Scen,2019,031,Blanco County,11416,5775,5641,8848,4397,4451,63,42,21,2290,1238,1052,215,98,117
0.5 Scen,2020,031,Blanco County,11527,5840,5687,8909,4430,4479,63,42,21,2335,1267,1068,220,101,119
0.5 Scen,2021,031,Blanco County,11632,5894,5738,8967,4458,4509,63,42,21,2379,1291,1088,223,103,120
0.5 Scen,2022,031,Blanco County,11743,5954,5789,9031,4493,4538,63,42,21,2423,1314,1109,226,105,121
0.5 Scen,2023,031,Blanco County,11849,6007,5842,9091,4520,4571,63,42,21,2465,1338,1127,230,107,123
0.5 Scen,2024,031,Blanco County,11951,6068,5883,9139,4547,4592,62,42,20,2515,1368,1147,235,111,124
0.5 Scen,2025,031,Blanco County,12059,6128,5931,9192,4575,4617,62,42,20,2566,1397,1169,239,114,125
0.5 Scen,2026,031,Blanco County,12149,6176,5973,9232,4596,4636,62,42,20,2613,1422,1191,242,116,126
0.5 Scen,2027,031,Blanco County,12245,6233,6012,9272,4622,4650,62,42,20,2667,1452,1215,244,117,127
0.5 Scen,2028,031,Blanco County,12339,6280,6059,9308,4637,4671,61,41,20,2722,1483,1239,248,119,129
0.5 Scen,2029,031,Blanco County,12422,6329,6093,9332,4654,4678,61,41,20,2777,1513,1264,252,121,131
0.5 Scen,2030,031,Blanco County,12494,6365,6129,9348,4661,4687,61,41,20,2829,1540,1289,256,123,133
0.5 Scen,2031,031,Blanco County,12552,6398,6154,9353,4664,4689,61,41,20,2879,1568,1311,259,125,134
0.5 Scen,2032,031,Blanco County,12597,6427,6170,9353,4672,4681,61,41,20,2922,1589,1333,261,125,136
0.5 Scen,2033,031,Blanco County,12631,6449,6182,9348,4672,4676,61,41,20,2960,1611,1349,262,125,137
0.5 Scen,2034,031,Blanco County,12660,6473,6187,9330,4670,4660,61,41,20,3006,1637,1369,263,125,138
0.5 Scen,2035,031,Blanco County,12695,6502,6193,9313,4669,4644,60,41,19,3057,1666,1391,265,126,139
0.5 Scen,2036,031,Blanco County,12720,6525,6195,9289,4662,4627,59,41,18,3104,1694,1410,268,128,140
0.5 Scen,2037,031,Blanco County,12730,6538,6192,9253,4648,4605,58,41,17,3148,1719,1429,271,130,141
0.5 Scen,2038,031,Blanco County,12744,6554,6190,9223,4641,4582,56,40,16,3193,1742,1451,272,131,141
0.5 Scen,2039,031,Blanco County,12765,6572,6193,9199,4631,4568,55,39,16,3237,1770,1467,274,132,142
0.5 Scen,2040,031,Blanco County,12778,6589,6189,9166,4624,4542,52,37,15,3286,1795,1491,274,133,141
0.5 Scen,2041,031,Blanco County,12782,6601,6181,9122,4609,4513,51,36,15,3335,1822,1513,274,134,140
0.5 Scen,2042,031,Blanco County,12783,6613,6170,9078,4595,4483,49,35,14,3381,1848,1533,275,135,140
0.5 Scen,2043,031,Blanco County,12797,6633,6164,9048,4591,4457,45,32,13,3429,1875,1554,275,135,140
0.5 Scen,2044,031,Blanco County,12812,6655,6157,9015,4584,4431,44,31,13,3478,1904,1574,275,136,139
0.5 Scen,2045,031,Blanco County,12817,6668,6149,8980,4574,4406,43,30,13,3519,1928,1591,275,136,139
0.5 Scen,2046,031,Blanco County,12825,6685,6140,8948,4569,4379,42,30,12,3560,1949,1611,275,137,138
0.5 Scen,2047,031,Blanco County,12838,6703,6135,8920,4565,4355,40,28,12,3603,1973,1630,275,137,138
0.5 Scen,2048,031,Blanco County,12860,6729,6131,8898,4564,4334,38,27,11,3648,2001,1647,276,137,139
0.5 Scen,2049,031,Blanco County,12887,6754,6133,8881,4566,4315,37,26,11,3691,2024,1667,278,138,140
0.5 Scen,2050,031,Blanco County,12913,6773,6140,8871,4569,4302,36,25,11,3729,2041,1688,277,138,139
0.5 Scen,2010,033,Borden County,641,335,306,539,280,259,0,0,0,95,53,42,7,2,5
0.5 Scen,2011,033,Borden County,642,336,306,539,280,259,0,0,0,96,54,42,7,2,5
0.5 Scen,2012,033,Borden County,644,337,307,540,281,259,0,0,0,97,54,43,7,2,5
0.5 Scen,2013,033,Borden County,645,339,306,540,282,258,0,0,0,98,55,43,7,2,5
0.5 Scen,2014,033,Borden County,649,342,307,543,285,258,0,0,0,99,55,44,7,2,5
0.5 Scen,2015,033,Borden County,655,345,310,548,287,261,0,0,0,100,56,44,7,2,5
0.5 Scen,2016,033,Borden County,659,345,314,551,287,264,0,0,0,101,56,45,7,2,5
0.5 Scen,2017,033,Borden County,662,348,314,553,289,264,0,0,0,102,57,45,7,2,5
0.5 Scen,2018,033,Borden County,662,349,313,552,290,262,0,0,0,103,57,46,7,2,5
0.5 Scen,2019,033,Borden County,664,351,313,554,291,263,0,0,0,103,58,45,7,2,5
0.5 Scen,2020,033,Borden County,663,350,313,552,290,262,0,0,0,104,58,46,7,2,5
0.5 Scen,2021,033,Borden County,666,351,315,554,290,264,0,0,0,105,59,46,7,2,5
0.5 Scen,2022,033,Borden County,668,352,316,556,292,264,0,0,0,105,58,47,7,2,5
0.5 Scen,2023,033,Borden County,672,353,319,559,292,267,0,0,0,106,59,47,7,2,5
0.5 Scen,2024,033,Borden County,672,354,318,558,293,265,0,0,0,107,59,48,7,2,5
0.5 Scen,2025,033,Borden County,675,356,319,560,294,266,0,0,0,108,60,48,7,2,5
0.5 Scen,2026,033,Borden County,679,358,321,562,295,267,0,0,0,110,61,49,7,2,5
0.5 Scen,2027,033,Borden County,682,359,323,563,295,268,0,0,0,112,62,50,7,2,5
0.5 Scen,2028,033,Borden County,683,360,323,562,295,267,0,0,0,114,63,51,7,2,5
0.5 Scen,2029,033,Borden County,683,360,323,559,294,265,0,0,0,117,64,53,7,2,5
0.5 Scen,2030,033,Borden County,681,358,323,555,291,264,0,0,0,119,65,54,7,2,5
0.5 Scen,2031,033,Borden County,682,359,323,554,291,263,0,0,0,121,66,55,7,2,5
0.5 Scen,2032,033,Borden County,678,357,321,548,288,260,0,0,0,123,67,56,7,2,5
0.5 Scen,2033,033,Borden County,671,355,316,539,285,254,0,0,0,125,68,57,7,2,5
0.5 Scen,2034,033,Borden County,667,352,315,533,281,252,0,0,0,127,69,58,7,2,5
0.5 Scen,2035,033,Borden County,664,350,314,527,277,250,0,0,0,130,71,59,7,2,5
0.5 Scen,2036,033,Borden County,658,348,310,521,275,246,0,0,0,130,71,59,7,2,5
0.5 Scen,2037,033,Borden County,656,347,309,518,274,244,0,0,0,131,71,60,7,2,5
0.5 Scen,2038,033,Borden County,655,347,308,515,273,242,0,0,0,133,72,61,7,2,5
0.5 Scen,2039,033,Borden County,651,347,304,510,272,238,0,0,0,134,73,61,7,2,5
0.5 Scen,2040,033,Borden County,645,342,303,504,268,236,0,0,0,134,72,62,7,2,5
0.5 Scen,2041,033,Borden County,637,339,298,497,265,232,0,0,0,133,72,61,7,2,5
0.5 Scen,2042,033,Borden County,632,337,295,493,264,229,0,0,0,133,71,62,6,2,4
0.5 Scen,2043,033,Borden County,626,334,292,488,261,227,0,0,0,132,71,61,6,2,4
0.5 Scen,2044,033,Borden County,618,331,287,480,259,221,0,0,0,132,70,62,6,2,4
0.5 Scen,2045,033,Borden County,616,330,286,478,258,220,0,0,0,132,70,62,6,2,4
0.5 Scen,2046,033,Borden County,612,325,287,474,254,220,0,0,0,132,69,63,6,2,4
0.5 Scen,2047,033,Borden County,608,324,284,471,253,218,0,0,0,131,69,62,6,2,4
0.5 Scen,2048,033,Borden County,604,323,281,467,252,215,0,0,0,131,69,62,6,2,4
0.5 Scen,2049,033,Borden County,600,322,278,463,251,212,0,0,0,131,69,62,6,2,4
0.5 Scen,2050,033,Borden County,589,319,270,452,248,204,0,0,0,131,69,62,6,2,4
0.5 Scen,2010,035,Bosque County,18212,9053,9159,14701,7204,7497,277,153,124,2926,1555,1371,308,141,167
0.5 Scen,2011,035,Bosque County,18323,9120,9203,14736,7229,7507,280,155,125,2996,1593,1403,311,143,168
0.5 Scen,2012,035,Bosque County,18402,9170,9232,14734,7237,7497,282,156,126,3073,1633,1440,313,144,169
0.5 Scen,2013,035,Bosque County,18501,9229,9272,14744,7247,7497,285,158,127,3155,1677,1478,317,147,170
0.5 Scen,2014,035,Bosque County,18612,9282,9330,14768,7258,7510,288,160,128,3235,1716,1519,321,148,173
0.5 Scen,2015,035,Bosque County,18733,9352,9381,14802,7280,7522,290,162,128,3318,1761,1557,323,149,174
0.5 Scen,2016,035,Bosque County,18872,9423,9449,14844,7298,7546,295,164,131,3402,1807,1595,331,154,177
0.5 Scen,2017,035,Bosque County,18987,9493,9494,14869,7318,7551,299,166,133,3486,1853,1633,333,156,177
0.5 Scen,2018,035,Bosque County,19116,9563,9553,14901,7335,7566,302,168,134,3573,1901,1672,340,159,181
0.5 Scen,2019,035,Bosque County,19244,9638,9606,14932,7356,7576,307,170,137,3660,1950,1710,345,162,183
0.5 Scen,2020,035,Bosque County,19382,9711,9671,14976,7378,7598,310,171,139,3745,1996,1749,351,166,185
0.5 Scen,2021,035,Bosque County,19518,9785,9733,15006,7397,7609,310,170,140,3846,2049,1797,356,169,187
0.5 Scen,2022,035,Bosque County,19660,9865,9795,15033,7415,7618,315,173,142,3950,2104,1846,362,173,189
0.5 Scen,2023,035,Bosque County,19782,9931,9851,15050,7425,7625,317,173,144,4048,2157,1891,367,176,191
0.5 Scen,2024,035,Bosque County,19901,10005,9896,15058,7437,7621,318,174,144,4153,2214,1939,372,180,192
0.5 Scen,2025,035,Bosque County,20025,10074,9951,15070,7443,7627,319,175,144,4260,2274,1986,376,182,194
0.5 Scen,2026,035,Bosque County,20124,10131,9993,15063,7442,7621,320,176,144,4361,2330,2031,380,183,197
0.5 Scen,2027,035,Bosque County,20219,10184,10035,15050,7436,7614,321,177,144,4463,2386,2077,385,185,200
0.5 Scen,2028,035,Bosque County,20313,10243,10070,15033,7435,7598,323,178,145,4567,2442,2125,390,188,202
0.5 Scen,2029,035,Bosque County,20391,10290,10101,15010,7432,7578,324,179,145,4664,2490,2174,393,189,204
0.5 Scen,2030,035,Bosque County,20466,10340,10126,14983,7423,7560,326,180,146,4760,2545,2215,397,192,205
0.5 Scen,2031,035,Bosque County,20547,10390,10157,14956,7414,7542,327,182,145,4863,2601,2262,401,193,208
0.5 Scen,2032,035,Bosque County,20621,10436,10185,14919,7402,7517,329,183,146,4967,2656,2311,406,195,211
0.5 Scen,2033,035,Bosque County,20683,10478,10205,14869,7382,7487,331,184,147,5076,2716,2360,407,196,211
0.5 Scen,2034,035,Bosque County,20741,10509,10232,14816,7354,7462,329,182,147,5187,2775,2412,409,198,211
0.5 Scen,2035,035,Bosque County,20789,10542,10247,14753,7332,7421,330,183,147,5296,2829,2467,410,198,212
0.5 Scen,2036,035,Bosque County,20842,10574,10268,14705,7312,7393,330,182,148,5395,2881,2514,412,199,213
0.5 Scen,2037,035,Bosque County,20892,10612,10280,14648,7290,7358,331,183,148,5500,2938,2562,413,201,212
0.5 Scen,2038,035,Bosque County,20935,10635,10300,14583,7262,7321,330,181,149,5609,2992,2617,413,200,213
0.5 Scen,2039,035,Bosque County,20966,10659,10307,14514,7229,7285,330,181,149,5710,3048,2662,412,201,211
0.5 Scen,2040,035,Bosque County,20993,10679,10314,14444,7199,7245,329,180,149,5808,3098,2710,412,202,210
0.5 Scen,2041,035,Bosque County,21045,10720,10325,14387,7181,7206,328,179,149,5916,3157,2759,414,203,211
0.5 Scen,2042,035,Bosque County,21084,10743,10341,14326,7154,7172,328,178,150,6019,3212,2807,411,199,212
0.5 Scen,2043,035,Bosque County,21113,10776,10337,14252,7127,7125,326,177,149,6123,3272,2851,412,200,212
0.5 Scen,2044,035,Bosque County,21158,10807,10351,14184,7098,7086,323,175,148,6236,3332,2904,415,202,213
0.5 Scen,2045,035,Bosque County,21210,10847,10363,14119,7072,7047,321,174,147,6353,3397,2956,417,204,213
0.5 Scen,2046,035,Bosque County,21255,10884,10371,14055,7046,7009,318,173,145,6465,3459,3006,417,206,211
0.5 Scen,2047,035,Bosque County,21323,10941,10382,14007,7034,6973,317,172,145,6583,3528,3055,416,207,209
0.5 Scen,2048,035,Bosque County,21395,10988,10407,13957,7017,6940,314,169,145,6707,3595,3112,417,207,210
0.5 Scen,2049,035,Bosque County,21463,11040,10423,13909,7001,6908,311,168,143,6826,3664,3162,417,207,210
0.5 Scen,2050,035,Bosque County,21533,11099,10434,13857,6988,6869,309,167,142,6948,3736,3212,419,208,211
0.5 Scen,2010,037,Bowie County,92565,46758,45807,61343,30197,31146,22230,11207,11023,6062,3892,2170,2930,1462,1468
0.5 Scen,2011,037,Bowie County,92896,46973,45923,61298,30212,31086,22433,11317,11116,6178,3953,2225,2987,1491,1496
0.5 Scen,2012,037,Bowie County,93183,47169,46014,61221,30206,31015,22615,11429,11186,6300,4014,2286,3047,1520,1527
0.5 Scen,2013,037,Bowie County,93491,47391,46100,61148,30212,30936,22813,11544,11269,6420,4080,2340,3110,1555,1555
0.5 Scen,2014,037,Bowie County,93783,47586,46197,61072,30212,30860,22993,11645,11348,6549,4148,2401,3169,1581,1588
0.5 Scen,2015,037,Bowie County,94114,47815,46299,61005,30224,30781,23191,11759,11432,6684,4219,2465,3234,1613,1621
0.5 Scen,2016,037,Bowie County,94427,48032,46395,60916,30216,30700,23392,11876,11516,6817,4287,2530,3302,1653,1649
0.5 Scen,2017,037,Bowie County,94759,48247,46512,60839,30215,30624,23605,11989,11616,6956,4359,2597,3359,1684,1675
0.5 Scen,2018,037,Bowie County,95111,48477,46634,60779,30225,30554,23808,12099,11709,7099,4433,2666,3425,1720,1705
0.5 Scen,2019,037,Bowie County,95429,48687,46742,60695,30217,30478,24001,12214,11787,7244,4506,2738,3489,1750,1739
0.5 Scen,2020,037,Bowie County,95768,48906,46862,60615,30211,30404,24202,12324,11878,7392,4582,2810,3559,1789,1770
0.5 Scen,2021,037,Bowie County,96112,49131,46981,60541,30206,30335,24392,12439,11953,7542,4656,2886,3637,1830,1807
0.5 Scen,2022,037,Bowie County,96437,49338,47099,60446,30190,30256,24588,12548,12040,7689,4733,2956,3714,1867,1847
0.5 Scen,2023,037,Bowie County,96780,49551,47229,60364,30171,30193,24759,12649,12110,7847,4816,3031,3810,1915,1895
0.5 Scen,2024,037,Bowie County,97119,49757,47362,60263,30145,30118,24946,12752,12194,8004,4893,3111,3906,1967,1939
0.5 Scen,2025,037,Bowie County,97459,49959,47500,60144,30110,30034,25133,12855,12278,8173,4978,3195,4009,2016,1993
0.5 Scen,2026,037,Bowie County,97754,50138,47616,60015,30066,29949,25301,12948,12353,8337,5060,3277,4101,2064,2037
0.5 Scen,2027,037,Bowie County,98063,50329,47734,59879,30020,29859,25469,13045,12424,8508,5143,3365,4207,2121,2086
0.5 Scen,2028,037,Bowie County,98299,50484,47815,59721,29970,29751,25602,13120,12482,8669,5219,3450,4307,2175,2132
0.5 Scen,2029,037,Bowie County,98551,50644,47907,59547,29908,29639,25749,13210,12539,8843,5301,3542,4412,2225,2187
0.5 Scen,2030,037,Bowie County,98803,50793,48010,59365,29843,29522,25895,13289,12606,9015,5383,3632,4528,2278,2250
0.5 Scen,2031,037,Bowie County,99006,50927,48079,59160,29765,29395,26012,13355,12657,9189,5470,3719,4645,2337,2308
0.5 Scen,2032,037,Bowie County,99181,51045,48136,58936,29679,29257,26125,13417,12708,9357,5550,3807,4763,2399,2364
0.5 Scen,2033,037,Bowie County,99328,51149,48179,58693,29586,29107,26229,13478,12751,9527,5631,3896,4879,2454,2425
0.5 Scen,2034,037,Bowie County,99491,51271,48220,58440,29485,28955,26341,13551,12790,9706,5715,3991,5004,2520,2484
0.5 Scen,2035,037,Bowie County,99614,51365,48249,58188,29387,28801,26427,13606,12821,9879,5793,4086,5120,2579,2541
0.5 Scen,2036,037,Bowie County,99721,51447,48274,57920,29283,28637,26523,13652,12871,10044,5870,4174,5234,2642,2592
0.5 Scen,2037,037,Bowie County,99799,51512,48287,57645,29170,28475,26592,13696,12896,10214,5948,4266,5348,2698,2650
0.5 Scen,2038,037,Bowie County,99874,51583,48291,57357,29057,28300,26660,13737,12923,10393,6030,4363,5464,2759,2705
0.5 Scen,2039,037,Bowie County,99938,51642,48296,57064,28937,28127,26725,13777,12948,10559,6109,4450,5590,2819,2771
0.5 Scen,2040,037,Bowie County,100006,51717,48289,56774,28825,27949,26801,13827,12974,10725,6187,4538,5706,2878,2828
0.5 Scen,2041,037,Bowie County,100054,51782,48272,56469,28701,27768,26867,13870,12997,10899,6274,4625,5819,2937,2882
0.5 Scen,2042,037,Bowie County,100104,51846,48258,56167,28576,27591,26933,13915,13018,11067,6357,4710,5937,2998,2939
0.5 Scen,2043,037,Bowie County,100137,51897,48240,55862,28447,27415,26982,13941,13041,11232,6440,4792,6061,3069,2992
0.5 Scen,2044,037,Bowie County,100179,51948,48231,55562,28320,27242,27051,13987,13064,11398,6518,4880,6168,3123,3045
0.5 Scen,2045,037,Bowie County,100211,51994,48217,55260,28197,27063,27103,14019,13084,11568,6598,4970,6280,3180,3100
0.5 Scen,2046,037,Bowie County,100274,52060,48214,54962,28074,26888,27173,14068,13105,11739,6680,5059,6400,3238,3162
0.5 Scen,2047,037,Bowie County,100322,52118,48204,54671,27951,26720,27230,14107,13123,11904,6759,5145,6517,3301,3216
0.5 Scen,2048,037,Bowie County,100377,52181,48196,54374,27834,26540,27293,14147,13146,12072,6838,5234,6638,3362,3276
0.5 Scen,2049,037,Bowie County,100427,52235,48192,54095,27712,26383,27342,14182,13160,12237,6919,5318,6753,3422,3331
0.5 Scen,2050,037,Bowie County,100503,52315,48188,53821,27607,26214,27398,14218,13180,12416,7009,5407,6868,3481,3387
0.5 Scen,2010,039,Brazoria County,313166,159000,154166,166674,83696,82978,36880,19378,17502,86643,44846,41797,22969,11080,11889
0.5 Scen,2011,039,Brazoria County,318861,161724,157137,167863,84251,83612,37850,19831,18019,89194,46072,43122,23954,11570,12384
0.5 Scen,2012,039,Brazoria County,324678,164505,160173,169096,84827,84269,38831,20299,18532,91823,47329,44494,24928,12050,12878
0.5 Scen,2013,039,Brazoria County,330472,167260,163212,170252,85367,84885,39820,20757,19063,94500,48615,45885,25900,12521,13379
0.5 Scen,2014,039,Brazoria County,336300,170029,166271,171320,85847,85473,40840,21228,19612,97235,49929,47306,26905,13025,13880
0.5 Scen,2015,039,Brazoria County,342233,172854,169379,172387,86366,86021,41867,21698,20169,100050,51266,48784,27929,13524,14405
0.5 Scen,2016,039,Brazoria County,348166,175676,172490,173359,86816,86543,42901,22173,20728,102966,52671,50295,28940,14016,14924
0.5 Scen,2017,039,Brazoria County,354118,178493,175625,174240,87210,87030,43962,22665,21297,105918,54080,51838,29998,14538,15460
0.5 Scen,2018,039,Brazoria County,360133,181365,178768,175128,87617,87511,45028,23155,21873,108925,55537,53388,31052,15056,15996
0.5 Scen,2019,039,Brazoria County,366124,184185,181939,175891,87953,87938,46103,23641,22462,112048,57028,55020,32082,15563,16519
0.5 Scen,2020,039,Brazoria County,372259,187078,185181,176591,88251,88340,47213,24151,23062,115230,58555,56675,33225,16121,17104
0.5 Scen,2021,039,Brazoria County,378471,189994,188477,177305,88553,88752,48345,24662,23683,118492,60123,58369,34329,16656,17673
0.5 Scen,2022,039,Brazoria County,384753,192945,191808,177957,88816,89141,49483,25169,24314,121800,61711,60089,35513,17249,18264
0.5 Scen,2023,039,Brazoria County,391216,196032,195184,178615,89106,89509,50662,25711,24951,125267,63373,61894,36672,17842,18830
0.5 Scen,2024,039,Brazoria County,397798,199131,198667,179230,89373,89857,51846,26250,25596,128786,65055,63731,37936,18453,19483
0.5 Scen,2025,039,Brazoria County,404377,202212,202165,179801,89604,90197,53000,26783,26217,132363,66761,65602,39213,19064,20149
0.5 Scen,2026,039,Brazoria County,411115,205388,205727,180309,89807,90502,54252,27340,26912,136048,68519,67529,40506,19722,20784
0.5 Scen,2027,039,Brazoria County,417890,208572,209318,180770,89998,90772,55464,27899,27565,139776,70311,69465,41880,20364,21516
0.5 Scen,2028,039,Brazoria County,424685,211787,212898,181167,90157,91010,56682,28453,28229,143578,72120,71458,43258,21057,22201
0.5 Scen,2029,039,Brazoria County,431569,215033,216536,181503,90276,91227,57916,28993,28923,147473,73969,73504,44677,21795,22882
0.5 Scen,2030,039,Brazoria County,438727,218428,220299,181849,90430,91419,59151,29550,29601,151406,75866,75540,46321,22582,23739
0.5 Scen,2031,039,Brazoria County,445810,221769,224041,182168,90550,91618,60370,30123,30247,155380,77760,77620,47892,23336,24556
0.5 Scen,2032,039,Brazoria County,453067,225189,227878,182442,90653,91789,61681,30713,30968,159424,79676,79748,49520,24147,25373
0.5 Scen,2033,039,Brazoria County,460336,228674,231662,182678,90743,91935,62933,31292,31641,163483,81615,81868,51242,25024,26218
0.5 Scen,2034,039,Brazoria County,467587,232167,235420,182880,90820,92060,64162,31868,32294,167632,83578,84054,52913,25901,27012
0.5 Scen,2035,039,Brazoria County,474892,235602,239290,183035,90872,92163,65384,32413,32971,171783,85558,86225,54690,26759,27931
0.5 Scen,2036,039,Brazoria County,482378,239183,243195,183143,90909,92234,66623,32995,33628,176012,87556,88456,56600,27723,28877
0.5 Scen,2037,039,Brazoria County,489737,242737,247000,183203,90925,92278,67857,33559,34298,180226,89563,90663,58451,28690,29761
0.5 Scen,2038,039,Brazoria County,497257,246320,250937,183213,90916,92297,69091,34128,34963,184567,91617,92950,60386,29659,30727
0.5 Scen,2039,039,Brazoria County,504759,249892,254867,183188,90903,92285,70335,34695,35640,188899,93673,95226,62337,30621,31716
0.5 Scen,2040,039,Brazoria County,512195,253497,258698,183107,90859,92248,71525,35247,36278,193228,95727,97501,64335,31664,32671
0.5 Scen,2041,039,Brazoria County,519834,257159,262675,183004,90810,92194,72728,35784,36944,197711,97862,99849,66391,32703,33688
0.5 Scen,2042,039,Brazoria County,527398,260791,266607,182855,90742,92113,73941,36321,37620,202168,99985,102183,68434,33743,34691
0.5 Scen,2043,039,Brazoria County,534966,264449,270517,182662,90656,92006,75157,36886,38271,206698,102132,104566,70449,34775,35674
0.5 Scen,2044,039,Brazoria County,542586,268136,274450,182432,90557,91875,76350,37439,38911,211265,104311,106954,72539,35829,36710
0.5 Scen,2045,039,Brazoria County,550186,271791,278395,182194,90452,91742,77521,37962,39559,215881,106509,109372,74590,36868,37722
0.5 Scen,2046,039,Brazoria County,557831,275533,282298,181929,90340,91589,78722,38524,40198,220531,108730,111801,76649,37939,38710
0.5 Scen,2047,039,Brazoria County,565521,279256,286265,181635,90220,91415,79923,39068,40855,225255,110990,114265,78708,38978,39730
0.5 Scen,2048,039,Brazoria County,573272,283038,290234,181357,90106,91251,81099,39603,41496,230028,113275,116753,80788,40054,40734
0.5 Scen,2049,039,Brazoria County,581105,286821,294284,181058,89985,91073,82304,40138,42166,234863,115584,119279,82880,41114,41766
0.5 Scen,2050,039,Brazoria County,588988,290668,298320,180767,89872,90895,83484,40671,42813,239751,117935,121816,84986,42190,42796
0.5 Scen,2010,041,Brazos County,194851,98630,96221,115252,57972,57280,20827,9967,10860,45405,23529,21876,13367,7162,6205
0.5 Scen,2011,041,Brazos County,198402,100477,97925,116319,58545,57774,21171,10143,11028,47097,24388,22709,13815,7401,6414
0.5 Scen,2012,041,Brazos County,200912,101795,99117,116529,58678,57851,21485,10311,11174,48701,25208,23493,14197,7598,6599
0.5 Scen,2013,041,Brazos County,203340,103075,100265,116607,58749,57858,21810,10483,11327,50327,26032,24295,14596,7811,6785
0.5 Scen,2014,041,Brazos County,205913,104392,101521,116815,58848,57967,22135,10664,11471,51983,26879,25104,14980,8001,6979
0.5 Scen,2015,041,Brazos County,208796,105860,102936,117288,59081,58207,22455,10831,11624,53672,27740,25932,15381,8208,7173
0.5 Scen,2016,041,Brazos County,212235,107649,104586,118206,59569,58637,22788,11012,11776,55427,28638,26789,15814,8430,7384
0.5 Scen,2017,041,Brazos County,215828,109520,106308,119231,60124,59107,23131,11197,11934,57224,29553,27671,16242,8646,7596
0.5 Scen,2018,041,Brazos County,219455,111417,108038,120273,60687,59586,23452,11372,12080,59044,30485,28559,16686,8873,7813
0.5 Scen,2019,041,Brazos County,223171,113378,109793,121327,61269,60058,23786,11551,12235,60903,31432,29471,17155,9126,8029
0.5 Scen,2020,041,Brazos County,226878,115320,111558,122352,61837,60515,24109,11727,12382,62783,32379,30404,17634,9377,8257
0.5 Scen,2021,041,Brazos County,230552,117225,113327,123320,62357,60963,24436,11908,12528,64694,33341,31353,18102,9619,8483
0.5 Scen,2022,041,Brazos County,234210,119124,115086,124245,62870,61375,24776,12085,12691,66627,34318,32309,18562,9851,8711
0.5 Scen,2023,041,Brazos County,237861,121026,116835,125141,63358,61783,25105,12260,12845,68592,35315,33277,19023,10093,8930
0.5 Scen,2024,041,Brazos County,241470,122916,118554,126012,63848,62164,25407,12422,12985,70580,36324,34256,19471,10322,9149
0.5 Scen,2025,041,Brazos County,245104,124806,120298,126844,64312,62532,25750,12606,13144,72597,37347,35250,19913,10541,9372
0.5 Scen,2026,041,Brazos County,248719,126685,122034,127650,64770,62880,26068,12772,13296,74649,38379,36270,20352,10764,9588
0.5 Scen,2027,041,Brazos County,252328,128564,123764,128405,65199,63206,26392,12941,13451,76741,39441,37300,20790,10983,9807
0.5 Scen,2028,041,Brazos County,255868,130430,125438,129099,65601,63498,26689,13103,13586,78865,40523,38342,21215,11203,10012
0.5 Scen,2029,041,Brazos County,259333,132238,127095,129651,65933,63718,26996,13259,13737,81029,41622,39407,21657,11424,10233
0.5 Scen,2030,041,Brazos County,262701,133984,128717,130103,66196,63907,27286,13411,13875,83271,42767,40504,22041,11610,10431
0.5 Scen,2031,041,Brazos County,266120,135756,130364,130512,66437,64075,27589,13580,14009,85558,43920,41638,22461,11819,10642
0.5 Scen,2032,041,Brazos County,269520,137519,132001,130864,66643,64221,27874,13732,14142,87932,45132,42800,22850,12012,10838
0.5 Scen,2033,041,Brazos County,272932,139287,133645,131213,66851,64362,28140,13873,14267,90338,46358,43980,23241,12205,11036
0.5 Scen,2034,041,Brazos County,276428,141114,135314,131568,67066,64502,28426,14027,14399,92809,47614,45195,23625,12407,11218
0.5 Scen,2035,041,Brazos County,280018,142977,137041,131931,67286,64645,28692,14175,14517,95344,48910,46434,24051,12606,11445
0.5 Scen,2036,041,Brazos County,283687,144879,138808,132315,67517,64798,28973,14329,14644,97931,50228,47703,24468,12805,11663
0.5 Scen,2037,041,Brazos County,287406,146821,140585,132724,67761,64963,29240,14482,14758,100559,51568,48991,24883,13010,11873
0.5 Scen,2038,041,Brazos County,291217,148789,142428,133144,68008,65136,29492,14622,14870,103269,52937,50332,25312,13222,12090
0.5 Scen,2039,041,Brazos County,295113,150823,144290,133608,68287,65321,29733,14749,14984,106028,54347,51681,25744,13440,12304
0.5 Scen,2040,041,Brazos County,299137,152922,146215,134119,68581,65538,29977,14894,15083,108855,55785,53070,26186,13662,12524
0.5 Scen,2041,041,Brazos County,303274,155083,148191,134683,68915,65768,30216,15032,15184,111736,57245,54491,26639,13891,12748
0.5 Scen,2042,041,Brazos County,307472,157280,150192,135262,69259,66003,30430,15156,15274,114680,58737,55943,27100,14128,12972
0.5 Scen,2043,041,Brazos County,311781,159526,152255,135871,69622,66249,30653,15286,15367,117684,60260,57424,27573,14358,13215
0.5 Scen,2044,041,Brazos County,316169,161836,154333,136515,70006,66509,30871,15419,15452,120736,61816,58920,28047,14595,13452
0.5 Scen,2045,041,Brazos County,320583,164175,156408,137182,70412,66770,31063,15536,15527,123832,63393,60439,28506,14834,13672
0.5 Scen,2046,041,Brazos County,325138,166574,158564,137868,70829,67039,31278,15671,15607,126988,64998,61990,29004,15076,13928
0.5 Scen,2047,041,Brazos County,329724,168988,160736,138568,71258,67310,31481,15790,15691,130193,66624,63569,29482,15316,14166
0.5 Scen,2048,041,Brazos County,334335,171427,162908,139276,71692,67584,31670,15907,15763,133436,68274,65162,29953,15554,14399
0.5 Scen,2049,041,Brazos County,339011,173918,165093,139971,72124,67847,31863,16036,15827,136720,69948,66772,30457,15810,14647
0.5 Scen,2050,041,Brazos County,343698,176406,167292,140676,72553,68123,32011,16136,15875,140064,71660,68404,30947,16057,14890
0.5 Scen,2010,043,Brewster County,9232,4636,4596,5011,2528,2483,79,62,17,3918,1939,1979,224,107,117
0.5 Scen,2011,043,Brewster County,9331,4687,4644,5037,2538,2499,79,62,17,3986,1977,2009,229,110,119
0.5 Scen,2012,043,Brewster County,9417,4731,4686,5055,2545,2510,79,62,17,4050,2011,2039,233,113,120
0.5 Scen,2013,043,Brewster County,9482,4763,4719,5054,2541,2513,79,62,17,4111,2044,2067,238,116,122
0.5 Scen,2014,043,Brewster County,9550,4797,4753,5058,2542,2516,79,62,17,4169,2074,2095,244,119,125
0.5 Scen,2015,043,Brewster County,9607,4829,4778,5050,2538,2512,79,62,17,4229,2107,2122,249,122,127
0.5 Scen,2016,043,Brewster County,9692,4874,4818,5057,2543,2514,79,62,17,4302,2144,2158,254,125,129
0.5 Scen,2017,043,Brewster County,9770,4918,4852,5055,2544,2511,79,62,17,4376,2183,2193,260,129,131
0.5 Scen,2018,043,Brewster County,9838,4953,4885,5044,2541,2503,80,62,18,4451,2220,2231,263,130,133
0.5 Scen,2019,043,Brewster County,9911,4995,4916,5038,2540,2498,81,63,18,4525,2259,2266,267,133,134
0.5 Scen,2020,043,Brewster County,9982,5038,4944,5031,2541,2490,82,63,19,4594,2296,2298,275,138,137
0.5 Scen,2021,043,Brewster County,10048,5072,4976,5033,2539,2494,82,63,19,4655,2331,2324,278,139,139
0.5 Scen,2022,043,Brewster County,10122,5114,5008,5025,2534,2491,83,63,20,4730,2374,2356,284,143,141
0.5 Scen,2023,043,Brewster County,10184,5142,5042,5013,2523,2490,84,64,20,4799,2409,2390,288,146,142
0.5 Scen,2024,043,Brewster County,10254,5179,5075,5006,2520,2486,85,64,21,4870,2446,2424,293,149,144
0.5 Scen,2025,043,Brewster County,10324,5210,5114,5003,2515,2488,84,63,21,4940,2481,2459,297,151,146
0.5 Scen,2026,043,Brewster County,10396,5240,5156,4995,2506,2489,84,63,21,5014,2516,2498,303,155,148
0.5 Scen,2027,043,Brewster County,10458,5265,5193,4984,2495,2489,87,66,21,5078,2546,2532,309,158,151
0.5 Scen,2028,043,Brewster County,10521,5298,5223,4974,2490,2484,89,67,22,5143,2580,2563,315,161,154
0.5 Scen,2029,043,Brewster County,10575,5320,5255,4962,2476,2486,89,67,22,5202,2612,2590,322,165,157
0.5 Scen,2030,043,Brewster County,10637,5354,5283,4946,2468,2478,89,67,22,5276,2651,2625,326,168,158
0.5 Scen,2031,043,Brewster County,10681,5374,5307,4926,2457,2469,89,67,22,5340,2682,2658,326,168,158
0.5 Scen,2032,043,Brewster County,10736,5405,5331,4908,2450,2458,88,66,22,5410,2719,2691,330,170,160
0.5 Scen,2033,043,Brewster County,10790,5434,5356,4887,2437,2450,88,66,22,5483,2761,2722,332,170,162
0.5 Scen,2034,043,Brewster County,10838,5453,5385,4862,2425,2437,88,67,21,5552,2789,2763,336,172,164
0.5 Scen,2035,043,Brewster County,10885,5479,5406,4837,2412,2425,89,67,22,5619,2826,2793,340,174,166
0.5 Scen,2036,043,Brewster County,10939,5518,5421,4821,2408,2413,89,67,22,5686,2867,2819,343,176,167
0.5 Scen,2037,043,Brewster County,11000,5551,5449,4802,2400,2402,88,66,22,5764,2907,2857,346,178,168
0.5 Scen,2038,043,Brewster County,11062,5589,5473,4778,2390,2388,88,66,22,5847,2953,2894,349,180,169
0.5 Scen,2039,043,Brewster County,11110,5619,5491,4743,2375,2368,89,67,22,5930,2997,2933,348,180,168
0.5 Scen,2040,043,Brewster County,11165,5651,5514,4724,2364,2360,88,65,23,6007,3041,2966,346,181,165
0.5 Scen,2041,043,Brewster County,11211,5682,5529,4691,2350,2341,88,65,23,6083,3083,3000,349,184,165
0.5 Scen,2042,043,Brewster County,11271,5717,5554,4671,2344,2327,87,63,24,6165,3127,3038,348,183,165
0.5 Scen,2043,043,Brewster County,11336,5757,5579,4652,2337,2315,86,62,24,6248,3171,3077,350,187,163
0.5 Scen,2044,043,Brewster County,11393,5790,5603,4621,2325,2296,87,62,25,6331,3213,3118,354,190,164
0.5 Scen,2045,043,Brewster County,11449,5824,5625,4598,2317,2281,88,63,25,6407,3253,3154,356,191,165
0.5 Scen,2046,043,Brewster County,11515,5860,5655,4572,2305,2267,88,62,26,6502,3302,3200,353,191,162
0.5 Scen,2047,043,Brewster County,11594,5908,5686,4561,2303,2258,88,62,26,6592,3353,3239,353,190,163
0.5 Scen,2048,043,Brewster County,11660,5939,5721,4543,2291,2252,88,61,27,6673,3396,3277,356,191,165
0.5 Scen,2049,043,Brewster County,11719,5981,5738,4519,2286,2233,86,60,26,6754,3440,3314,360,195,165
0.5 Scen,2050,043,Brewster County,11794,6022,5772,4494,2273,2221,87,60,27,6846,3489,3357,367,200,167
0.5 Scen,2010,045,Briscoe County,1637,815,822,1163,574,589,40,17,23,411,211,200,23,13,10
0.5 Scen,2011,045,Briscoe County,1648,822,826,1165,576,589,40,17,23,420,216,204,23,13,10
0.5 Scen,2012,045,Briscoe County,1658,827,831,1167,576,591,40,17,23,428,221,207,23,13,10
0.5 Scen,2013,045,Briscoe County,1666,833,833,1168,577,591,40,17,23,435,226,209,23,13,10
0.5 Scen,2014,045,Briscoe County,1674,839,835,1169,579,590,40,17,23,442,230,212,23,13,10
0.5 Scen,2015,045,Briscoe County,1681,842,839,1169,579,590,40,17,23,449,233,216,23,13,10
0.5 Scen,2016,045,Briscoe County,1687,845,842,1168,578,590,40,17,23,456,237,219,23,13,10
0.5 Scen,2017,045,Briscoe County,1695,850,845,1167,579,588,40,17,23,465,241,224,23,13,10
0.5 Scen,2018,045,Briscoe County,1699,852,847,1164,578,586,40,17,23,472,244,228,23,13,10
0.5 Scen,2019,045,Briscoe County,1706,857,849,1163,579,584,40,17,23,480,248,232,23,13,10
0.5 Scen,2020,045,Briscoe County,1709,858,851,1161,577,584,39,17,22,486,251,235,23,13,10
0.5 Scen,2021,045,Briscoe County,1715,862,853,1159,577,582,39,17,22,494,255,239,23,13,10
0.5 Scen,2022,045,Briscoe County,1722,867,855,1159,577,582,38,17,21,502,260,242,23,13,10
0.5 Scen,2023,045,Briscoe County,1722,866,856,1151,571,580,38,17,21,510,265,245,23,13,10
0.5 Scen,2024,045,Briscoe County,1727,868,859,1149,569,580,38,17,21,517,269,248,23,13,10
0.5 Scen,2025,045,Briscoe County,1725,868,857,1141,565,576,38,17,21,523,273,250,23,13,10
0.5 Scen,2026,045,Briscoe County,1725,872,853,1134,564,570,37,17,20,531,278,253,23,13,10
0.5 Scen,2027,045,Briscoe County,1721,872,849,1121,560,561,37,17,20,540,282,258,23,13,10
0.5 Scen,2028,045,Briscoe County,1723,875,848,1115,559,556,37,17,20,549,286,263,22,13,9
0.5 Scen,2029,045,Briscoe County,1723,875,848,1107,555,552,37,17,20,557,290,267,22,13,9
0.5 Scen,2030,045,Briscoe County,1720,875,845,1097,552,545,36,16,20,565,294,271,22,13,9
0.5 Scen,2031,045,Briscoe County,1719,876,843,1089,549,540,35,16,19,573,298,275,22,13,9
0.5 Scen,2032,045,Briscoe County,1716,875,841,1077,544,533,35,16,19,581,302,279,23,13,10
0.5 Scen,2033,045,Briscoe County,1718,878,840,1072,543,529,34,16,18,589,306,283,23,13,10
0.5 Scen,2034,045,Briscoe County,1714,881,833,1064,542,522,32,15,17,595,311,284,23,13,10
0.5 Scen,2035,045,Briscoe County,1717,885,832,1060,541,519,32,15,17,602,316,286,23,13,10
0.5 Scen,2036,045,Briscoe County,1720,886,834,1054,538,516,32,15,17,612,321,291,22,12,10
0.5 Scen,2037,045,Briscoe County,1720,887,833,1046,534,512,31,15,16,621,326,295,22,12,10
0.5 Scen,2038,045,Briscoe County,1718,889,829,1035,531,504,31,15,16,630,331,299,22,12,10
0.5 Scen,2039,045,Briscoe County,1715,889,826,1024,526,498,31,15,16,638,336,302,22,12,10
0.5 Scen,2040,045,Briscoe County,1717,891,826,1018,523,495,30,15,15,647,341,306,22,12,10
0.5 Scen,2041,045,Briscoe County,1718,893,825,1011,521,490,29,14,15,656,346,310,22,12,10
0.5 Scen,2042,045,Briscoe County,1720,895,825,1006,519,487,28,13,15,665,351,314,21,12,9
0.5 Scen,2043,045,Briscoe County,1719,896,823,998,515,483,27,13,14,673,356,317,21,12,9
0.5 Scen,2044,045,Briscoe County,1717,894,823,988,509,479,26,12,14,682,361,321,21,12,9
0.5 Scen,2045,045,Briscoe County,1716,894,822,979,504,475,26,12,14,690,366,324,21,12,9
0.5 Scen,2046,045,Briscoe County,1713,894,819,969,500,469,26,12,14,697,370,327,21,12,9
0.5 Scen,2047,045,Briscoe County,1710,892,818,961,497,464,27,12,15,701,371,330,21,12,9
0.5 Scen,2048,045,Briscoe County,1712,893,819,955,494,461,27,12,15,709,375,334,21,12,9
0.5 Scen,2049,045,Briscoe County,1715,894,821,952,491,461,27,12,15,715,379,336,21,12,9
0.5 Scen,2050,045,Briscoe County,1716,896,820,947,489,458,25,12,13,723,383,340,21,12,9
0.5 Scen,2010,047,Brooks County,7223,3579,3644,573,277,296,19,11,8,6590,3273,3317,41,18,23
0.5 Scen,2011,047,Brooks County,7288,3614,3674,575,280,295,19,11,8,6653,3305,3348,41,18,23
0.5 Scen,2012,047,Brooks County,7360,3651,3709,578,281,297,19,11,8,6721,3341,3380,42,18,24
0.5 Scen,2013,047,Brooks County,7421,3684,3737,582,285,297,19,11,8,6777,3369,3408,43,19,24
0.5 Scen,2014,047,Brooks County,7473,3712,3761,581,287,294,19,11,8,6829,3395,3434,44,19,25
0.5 Scen,2015,047,Brooks County,7521,3740,3781,581,289,292,19,11,8,6876,3420,3456,45,20,25
0.5 Scen,2016,047,Brooks County,7578,3773,3805,582,291,291,19,11,8,6931,3451,3480,46,20,26
0.5 Scen,2017,047,Brooks County,7634,3805,3829,584,292,292,19,11,8,6984,3481,3503,47,21,26
0.5 Scen,2018,047,Brooks County,7695,3837,3858,588,295,293,19,11,8,7040,3510,3530,48,21,27
0.5 Scen,2019,047,Brooks County,7749,3869,3880,586,295,291,19,11,8,7096,3541,3555,48,22,26
0.5 Scen,2020,047,Brooks County,7802,3899,3903,587,297,290,19,11,8,7147,3569,3578,49,22,27
0.5 Scen,2021,047,Brooks County,7851,3930,3921,588,299,289,19,11,8,7194,3597,3597,50,23,27
0.5 Scen,2022,047,Brooks County,7890,3953,3937,589,301,288,19,11,8,7231,3618,3613,51,23,28
0.5 Scen,2023,047,Brooks County,7944,3987,3957,590,302,288,19,11,8,7283,3650,3633,52,24,28
0.5 Scen,2024,047,Brooks County,8003,4020,3983,590,303,287,19,11,8,7342,3682,3660,52,24,28
0.5 Scen,2025,047,Brooks County,8055,4052,4003,590,305,285,19,11,8,7394,3712,3682,52,24,28
0.5 Scen,2026,047,Brooks County,8101,4081,4020,586,302,284,19,11,8,7444,3744,3700,52,24,28
0.5 Scen,2027,047,Brooks County,8148,4110,4038,586,302,284,19,11,8,7491,3773,3718,52,24,28
0.5 Scen,2028,047,Brooks County,8183,4128,4055,587,302,285,19,11,8,7525,3791,3734,52,24,28
0.5 Scen,2029,047,Brooks County,8231,4160,4071,585,301,284,19,11,8,7575,3824,3751,52,24,28
0.5 Scen,2030,047,Brooks County,8288,4196,4092,580,299,281,19,11,8,7637,3862,3775,52,24,28
0.5 Scen,2031,047,Brooks County,8345,4231,4114,578,298,280,19,11,8,7696,3898,3798,52,24,28
0.5 Scen,2032,047,Brooks County,8394,4260,4134,574,295,279,19,11,8,7748,3930,3818,53,24,29
0.5 Scen,2033,047,Brooks County,8438,4279,4159,572,293,279,19,11,8,7793,3950,3843,54,25,29
0.5 Scen,2034,047,Brooks County,8480,4310,4170,571,293,278,18,11,7,7836,3981,3855,55,25,30
0.5 Scen,2035,047,Brooks County,8528,4341,4187,567,292,275,18,11,7,7887,4012,3875,56,26,30
0.5 Scen,2036,047,Brooks County,8579,4370,4209,563,291,272,18,11,7,7941,4042,3899,57,26,31
0.5 Scen,2037,047,Brooks County,8633,4401,4232,559,287,272,18,11,7,8000,4076,3924,56,27,29
0.5 Scen,2038,047,Brooks County,8681,4433,4248,550,283,267,18,11,7,8057,4112,3945,56,27,29
0.5 Scen,2039,047,Brooks County,8725,4460,4265,545,281,264,18,11,7,8104,4140,3964,58,28,30
0.5 Scen,2040,047,Brooks County,8775,4491,4284,539,278,261,18,11,7,8159,4174,3985,59,28,31
0.5 Scen,2041,047,Brooks County,8819,4520,4299,534,276,258,18,11,7,8207,4204,4003,60,29,31
0.5 Scen,2042,047,Brooks County,8867,4552,4315,529,275,254,18,11,7,8259,4237,4022,61,29,32
0.5 Scen,2043,047,Brooks County,8914,4578,4336,523,274,249,18,11,7,8311,4263,4048,62,30,32
0.5 Scen,2044,047,Brooks County,8957,4608,4349,515,272,243,18,11,7,8361,4295,4066,63,30,33
0.5 Scen,2045,047,Brooks County,9003,4639,4364,507,270,237,18,11,7,8414,4327,4087,64,31,33
0.5 Scen,2046,047,Brooks County,9050,4672,4378,503,268,235,18,11,7,8466,4362,4104,63,31,32
0.5 Scen,2047,047,Brooks County,9102,4705,4397,494,262,232,18,11,7,8527,4401,4126,63,31,32
0.5 Scen,2048,047,Brooks County,9150,4737,4413,489,260,229,18,11,7,8581,4436,4145,62,30,32
0.5 Scen,2049,047,Brooks County,9205,4771,4434,484,259,225,18,11,7,8641,4471,4170,62,30,32
0.5 Scen,2050,047,Brooks County,9256,4802,4454,477,257,220,17,10,7,8702,4507,4195,60,28,32
0.5 Scen,2010,049,Brown County,38106,18838,19268,28478,13923,14555,1303,716,587,7453,3764,3689,872,435,437
0.5 Scen,2011,049,Brown County,38272,18935,19337,28460,13927,14533,1313,721,592,7616,3846,3770,883,441,442
0.5 Scen,2012,049,Brown County,38446,19040,19406,28446,13935,14511,1327,727,600,7776,3929,3847,897,449,448
0.5 Scen,2013,049,Brown County,38643,19156,19487,28449,13949,14500,1344,737,607,7936,4010,3926,914,460,454
0.5 Scen,2014,049,Brown County,38857,19282,19575,28457,13966,14491,1360,746,614,8106,4100,4006,934,470,464
0.5 Scen,2015,049,Brown County,39057,19389,19668,28446,13963,14483,1380,758,622,8283,4189,4094,948,479,469
0.5 Scen,2016,049,Brown County,39245,19494,19751,28435,13966,14469,1403,770,633,8446,4271,4175,961,487,474
0.5 Scen,2017,049,Brown County,39410,19598,19812,28408,13970,14438,1421,779,642,8610,4357,4253,971,492,479
0.5 Scen,2018,049,Brown County,39601,19694,19907,28391,13964,14427,1441,788,653,8789,4445,4344,980,497,483
0.5 Scen,2019,049,Brown County,39757,19779,19978,28348,13950,14398,1459,799,660,8960,4530,4430,990,500,490
0.5 Scen,2020,049,Brown County,39935,19872,20063,28308,13937,14371,1480,808,672,9146,4620,4526,1001,507,494
0.5 Scen,2021,049,Brown County,40085,19953,20132,28257,13918,14339,1496,816,680,9324,4706,4618,1008,513,495
0.5 Scen,2022,049,Brown County,40252,20044,20208,28218,13904,14314,1508,823,685,9507,4797,4710,1019,520,499
0.5 Scen,2023,049,Brown County,40370,20106,20264,28157,13884,14273,1516,825,691,9678,4878,4800,1019,519,500
0.5 Scen,2024,049,Brown County,40507,20186,20321,28087,13855,14232,1527,831,696,9865,4972,4893,1028,528,500
0.5 Scen,2025,049,Brown County,40619,20251,20368,28012,13822,14190,1533,838,695,10037,5056,4981,1037,535,502
0.5 Scen,2026,049,Brown County,40723,20308,20415,27907,13776,14131,1543,843,700,10227,5150,5077,1046,539,507
0.5 Scen,2027,049,Brown County,40814,20363,20451,27798,13733,14065,1552,850,702,10406,5239,5167,1058,541,517
0.5 Scen,2028,049,Brown County,40918,20425,20493,27687,13677,14010,1564,858,706,10603,5344,5259,1064,546,518
0.5 Scen,2029,049,Brown County,40988,20475,20513,27551,13618,13933,1568,860,708,10793,5443,5350,1076,554,522
0.5 Scen,2030,049,Brown County,41050,20520,20530,27407,13556,13851,1573,863,710,10983,5539,5444,1087,562,525
0.5 Scen,2031,049,Brown County,41093,20557,20536,27260,13490,13770,1578,866,712,11159,5634,5525,1096,567,529
0.5 Scen,2032,049,Brown County,41133,20594,20539,27099,13419,13680,1585,871,714,11341,5729,5612,1108,575,533
0.5 Scen,2033,049,Brown County,41165,20622,20543,26932,13343,13589,1585,870,715,11532,5828,5704,1116,581,535
0.5 Scen,2034,049,Brown County,41173,20645,20528,26752,13265,13487,1585,868,717,11714,5926,5788,1122,586,536
0.5 Scen,2035,049,Brown County,41176,20659,20517,26571,13186,13385,1585,866,719,11892,6017,5875,1128,590,538
0.5 Scen,2036,049,Brown County,41176,20673,20503,26386,13106,13280,1581,862,719,12070,6110,5960,1139,595,544
0.5 Scen,2037,049,Brown County,41189,20694,20495,26210,13028,13182,1578,857,721,12251,6206,6045,1150,603,547
0.5 Scen,2038,049,Brown County,41188,20706,20482,26027,12946,13081,1570,855,715,12436,6298,6138,1155,607,548
0.5 Scen,2039,049,Brown County,41187,20726,20461,25844,12865,12979,1566,852,714,12617,6399,6218,1160,610,550
0.5 Scen,2040,049,Brown County,41184,20747,20437,25653,12780,12873,1564,854,710,12798,6495,6303,1169,618,551
0.5 Scen,2041,049,Brown County,41181,20762,20419,25471,12699,12772,1562,854,708,12968,6587,6381,1180,622,558
0.5 Scen,2042,049,Brown County,41178,20785,20393,25279,12619,12660,1560,854,706,13150,6684,6466,1189,628,561
0.5 Scen,2043,049,Brown County,41159,20788,20371,25080,12529,12551,1560,853,707,13329,6777,6552,1190,629,561
0.5 Scen,2044,049,Brown County,41135,20786,20349,24883,12441,12442,1559,853,706,13497,6860,6637,1196,632,564
0.5 Scen,2045,049,Brown County,41107,20793,20314,24685,12356,12329,1558,854,704,13657,6943,6714,1207,640,567
0.5 Scen,2046,049,Brown County,41089,20817,20272,24486,12274,12212,1559,856,703,13835,7042,6793,1209,645,564
0.5 Scen,2047,049,Brown County,41073,20833,20240,24286,12189,12097,1562,859,703,14009,7135,6874,1216,650,566
0.5 Scen,2048,049,Brown County,41060,20848,20212,24097,12108,11989,1560,859,701,14185,7229,6956,1218,652,566
0.5 Scen,2049,049,Brown County,41042,20860,20182,23911,12030,11881,1557,857,700,14357,7320,7037,1217,653,564
0.5 Scen,2050,049,Brown County,41034,20876,20158,23733,11956,11777,1550,851,699,14529,7410,7119,1222,659,563
0.5 Scen,2010,051,Burleson County,17187,8504,8683,11696,5725,5971,2064,990,1074,3166,1661,1505,261,128,133
0.5 Scen,2011,051,Burleson County,17330,8572,8758,11765,5756,6009,2070,993,1077,3232,1694,1538,263,129,134
0.5 Scen,2012,051,Burleson County,17462,8638,8824,11816,5783,6033,2081,998,1083,3301,1728,1573,264,129,135
0.5 Scen,2013,051,Burleson County,17568,8699,8869,11836,5797,6039,2088,1002,1086,3379,1769,1610,265,131,134
0.5 Scen,2014,051,Burleson County,17702,8760,8942,11880,5814,6066,2104,1010,1094,3451,1804,1647,267,132,135
0.5 Scen,2015,051,Burleson County,17841,8826,9015,11929,5830,6099,2120,1021,1099,3523,1843,1680,269,132,137
0.5 Scen,2016,051,Burleson County,17957,8885,9072,11964,5846,6118,2130,1027,1103,3591,1879,1712,272,133,139
0.5 Scen,2017,051,Burleson County,18084,8950,9134,12009,5867,6142,2142,1033,1109,3659,1916,1743,274,134,140
0.5 Scen,2018,051,Burleson County,18225,9016,9209,12057,5889,6168,2155,1039,1116,3738,1955,1783,275,133,142
0.5 Scen,2019,051,Burleson County,18367,9091,9276,12107,5916,6191,2165,1041,1124,3816,1997,1819,279,137,142
0.5 Scen,2020,051,Burleson County,18502,9157,9345,12152,5938,6214,2172,1044,1128,3895,2037,1858,283,138,145
0.5 Scen,2021,051,Burleson County,18643,9227,9416,12205,5966,6239,2176,1044,1132,3976,2077,1899,286,140,146
0.5 Scen,2022,051,Burleson County,18787,9298,9489,12260,5991,6269,2174,1042,1132,4064,2123,1941,289,142,147
0.5 Scen,2023,051,Burleson County,18921,9365,9556,12297,6010,6287,2181,1044,1137,4151,2167,1984,292,144,148
0.5 Scen,2024,051,Burleson County,19039,9429,9610,12334,6029,6305,2180,1047,1133,4233,2209,2024,292,144,148
0.5 Scen,2025,051,Burleson County,19169,9497,9672,12368,6048,6320,2185,1047,1138,4320,2256,2064,296,146,150
0.5 Scen,2026,051,Burleson County,19288,9559,9729,12393,6062,6331,2188,1049,1139,4406,2299,2107,301,149,152
0.5 Scen,2027,051,Burleson County,19417,9626,9791,12430,6085,6345,2187,1049,1138,4498,2343,2155,302,149,153
0.5 Scen,2028,051,Burleson County,19538,9680,9858,12453,6093,6360,2185,1046,1139,4594,2390,2204,306,151,155
0.5 Scen,2029,051,Burleson County,19658,9748,9910,12477,6108,6369,2182,1047,1135,4692,2440,2252,307,153,154
0.5 Scen,2030,051,Burleson County,19770,9806,9964,12489,6114,6375,2185,1051,1134,4785,2486,2299,311,155,156
0.5 Scen,2031,051,Burleson County,19868,9861,10007,12495,6118,6377,2184,1052,1132,4876,2534,2342,313,157,156
0.5 Scen,2032,051,Burleson County,19961,9911,10050,12491,6119,6372,2181,1053,1128,4972,2580,2392,317,159,158
0.5 Scen,2033,051,Burleson County,20056,9969,10087,12496,6128,6368,2175,1051,1124,5064,2628,2436,321,162,159
0.5 Scen,2034,051,Burleson County,20133,10016,10117,12489,6133,6356,2173,1049,1124,5148,2670,2478,323,164,159
0.5 Scen,2035,051,Burleson County,20210,10057,10153,12481,6133,6348,2172,1049,1123,5233,2710,2523,324,165,159
0.5 Scen,2036,051,Burleson County,20283,10095,10188,12470,6130,6340,2169,1050,1119,5319,2750,2569,325,165,160
0.5 Scen,2037,051,Burleson County,20356,10129,10227,12455,6124,6331,2170,1049,1121,5405,2791,2614,326,165,161
0.5 Scen,2038,051,Burleson County,20406,10155,10251,12429,6117,6312,2166,1044,1122,5485,2828,2657,326,166,160
0.5 Scen,2039,051,Burleson County,20451,10173,10278,12406,6106,6300,2166,1042,1124,5551,2858,2693,328,167,161
0.5 Scen,2040,051,Burleson County,20508,10204,10304,12391,6101,6290,2158,1039,1119,5630,2897,2733,329,167,162
0.5 Scen,2041,051,Burleson County,20560,10237,10323,12359,6091,6268,2159,1039,1120,5713,2940,2773,329,167,162
0.5 Scen,2042,051,Burleson County,20621,10265,10356,12342,6081,6261,2156,1038,1118,5792,2978,2814,331,168,163
0.5 Scen,2043,051,Burleson County,20674,10302,10372,12311,6075,6236,2159,1040,1119,5872,3019,2853,332,168,164
0.5 Scen,2044,051,Burleson County,20716,10327,10389,12275,6063,6212,2156,1037,1119,5951,3057,2894,334,170,164
0.5 Scen,2045,051,Burleson County,20777,10362,10415,12253,6056,6197,2156,1035,1121,6033,3099,2934,335,172,163
0.5 Scen,2046,051,Burleson County,20835,10394,10441,12233,6050,6183,2147,1029,1118,6121,3143,2978,334,172,162
0.5 Scen,2047,051,Burleson County,20904,10439,10465,12211,6051,6160,2148,1031,1117,6212,3185,3027,333,172,161
0.5 Scen,2048,051,Burleson County,20965,10478,10487,12190,6050,6140,2139,1027,1112,6303,3231,3072,333,170,163
0.5 Scen,2049,051,Burleson County,21043,10513,10530,12182,6047,6135,2138,1025,1113,6392,3272,3120,331,169,162
0.5 Scen,2050,051,Burleson County,21086,10541,10545,12160,6047,6113,2126,1018,1108,6471,3309,3162,329,167,162
0.5 Scen,2010,053,Burnet County,42750,20989,21761,32530,15745,16785,700,365,335,8652,4481,4171,868,398,470
0.5 Scen,2011,053,Burnet County,43194,21202,21992,32668,15799,16869,709,370,339,8936,4628,4308,881,405,476
0.5 Scen,2012,053,Burnet County,43661,21422,22239,32827,15860,16967,720,377,343,9218,4773,4445,896,412,484
0.5 Scen,2013,053,Burnet County,44148,21655,22493,32998,15930,17068,729,382,347,9511,4924,4587,910,419,491
0.5 Scen,2014,053,Burnet County,44643,21888,22755,33160,15989,17171,739,387,352,9817,5084,4733,927,428,499
0.5 Scen,2015,053,Burnet County,45144,22132,23012,33325,16056,17269,754,394,360,10127,5247,4880,938,435,503
0.5 Scen,2016,053,Burnet County,45669,22385,23284,33501,16127,17374,767,400,367,10450,5415,5035,951,443,508
0.5 Scen,2017,053,Burnet County,46186,22627,23559,33666,16186,17480,779,405,374,10778,5586,5192,963,450,513
0.5 Scen,2018,053,Burnet County,46717,22878,23839,33834,16248,17586,787,412,375,11114,5758,5356,982,460,522
0.5 Scen,2019,053,Burnet County,47235,23125,24110,33980,16300,17680,799,418,381,11460,5939,5521,996,468,528
0.5 Scen,2020,053,Burnet County,47748,23373,24375,34125,16363,17762,807,425,382,11805,6109,5696,1011,476,535
0.5 Scen,2021,053,Burnet County,48291,23627,24664,34277,16418,17859,820,433,387,12165,6291,5874,1029,485,544
0.5 Scen,2022,053,Burnet County,48818,23879,24939,34419,16470,17949,828,438,390,12526,6475,6051,1045,496,549
0.5 Scen,2023,053,Burnet County,49360,24148,25212,34550,16530,18020,837,442,395,12906,6667,6239,1067,509,558
0.5 Scen,2024,053,Burnet County,49850,24386,25464,34653,16566,18087,844,448,396,13273,6855,6418,1080,517,563
0.5 Scen,2025,053,Burnet County,50370,24639,25731,34760,16604,18156,856,456,400,13658,7054,6604,1096,525,571
0.5 Scen,2026,053,Burnet County,50871,24876,25995,34856,16632,18224,866,460,406,14042,7251,6791,1107,533,574
0.5 Scen,2027,053,Burnet County,51341,25100,26241,34916,16642,18274,877,468,409,14421,7450,6971,1127,540,587
0.5 Scen,2028,053,Burnet County,51816,25340,26476,34970,16658,18312,884,473,411,14820,7658,7162,1142,551,591
0.5 Scen,2029,053,Burnet County,52265,25557,26708,35002,16655,18347,892,477,415,15214,7865,7349,1157,560,597
0.5 Scen,2030,053,Burnet County,52700,25775,26925,34998,16643,18355,893,478,415,15631,8083,7548,1178,571,607
0.5 Scen,2031,053,Burnet County,53111,25985,27126,34987,16632,18355,902,484,418,16028,8289,7739,1194,580,614
0.5 Scen,2032,053,Burnet County,53516,26192,27324,34947,16611,18336,907,486,421,16450,8507,7943,1212,588,624
0.5 Scen,2033,053,Burnet County,53893,26382,27511,34889,16574,18315,906,487,419,16865,8724,8141,1233,597,636
0.5 Scen,2034,053,Burnet County,54284,26581,27703,34817,16538,18279,910,489,421,17300,8948,8352,1257,606,651
0.5 Scen,2035,053,Burnet County,54674,26785,27889,34748,16502,18246,910,489,421,17737,9179,8558,1279,615,664
0.5 Scen,2036,053,Burnet County,55040,26980,28060,34652,16453,18199,912,492,420,18182,9411,8771,1294,624,670
0.5 Scen,2037,053,Burnet County,55401,27166,28235,34547,16396,18151,912,493,419,18630,9646,8984,1312,631,681
0.5 Scen,2038,053,Burnet County,55764,27355,28409,34438,16345,18093,908,492,416,19083,9876,9207,1335,642,693
0.5 Scen,2039,053,Burnet County,56132,27542,28590,34320,16281,18039,914,497,417,19548,10114,9434,1350,650,700
0.5 Scen,2040,053,Burnet County,56473,27721,28752,34182,16220,17962,913,498,415,20014,10349,9665,1364,654,710
0.5 Scen,2041,053,Burnet County,56853,27924,28929,34064,16168,17896,912,500,412,20496,10594,9902,1381,662,719
0.5 Scen,2042,053,Burnet County,57210,28115,29095,33913,16102,17811,916,502,414,20978,10837,10141,1403,674,729
0.5 Scen,2043,053,Burnet County,57582,28326,29256,33766,16036,17730,914,504,410,21483,11103,10380,1419,683,736
0.5 Scen,2044,053,Burnet County,57956,28537,29419,33622,15972,17650,912,508,404,21987,11366,10621,1435,691,744
0.5 Scen,2045,053,Burnet County,58349,28755,29594,33475,15913,17562,914,510,404,22504,11631,10873,1456,701,755
0.5 Scen,2046,053,Burnet County,58761,28989,29772,33336,15856,17480,918,513,405,23027,11907,11120,1480,713,767
0.5 Scen,2047,053,Burnet County,59181,29227,29954,33200,15808,17392,921,516,405,23565,12183,11382,1495,720,775
0.5 Scen,2048,053,Burnet County,59624,29476,30148,33069,15755,17314,926,520,406,24114,12468,11646,1515,733,782
0.5 Scen,2049,053,Burnet County,60057,29720,30337,32931,15703,17228,925,520,405,24662,12754,11908,1539,743,796
0.5 Scen,2050,053,Burnet County,60532,29994,30538,32826,15666,17160,928,524,404,25221,13049,12172,1557,755,802
0.5 Scen,2010,055,Caldwell County,38066,19180,18886,16841,8457,8384,2456,1261,1195,17922,9036,8886,847,426,421
0.5 Scen,2011,055,Caldwell County,38635,19458,19177,16945,8495,8450,2482,1278,1204,18353,9254,9099,855,431,424
0.5 Scen,2012,055,Caldwell County,39220,19749,19471,17041,8537,8504,2503,1292,1211,18812,9484,9328,864,436,428
0.5 Scen,2013,055,Caldwell County,39828,20051,19777,17150,8582,8568,2524,1306,1218,19280,9721,9559,874,442,432
0.5 Scen,2014,055,Caldwell County,40465,20355,20110,17276,8631,8645,2546,1318,1228,19756,9957,9799,887,449,438
0.5 Scen,2015,055,Caldwell County,41100,20673,20427,17401,8686,8715,2565,1333,1232,20240,10202,10038,894,452,442
0.5 Scen,2016,055,Caldwell County,41733,20981,20752,17508,8724,8784,2582,1344,1238,20735,10452,10283,908,461,447
0.5 Scen,2017,055,Caldwell County,42396,21303,21093,17616,8766,8850,2602,1355,1247,21255,10713,10542,923,469,454
0.5 Scen,2018,055,Caldwell County,43054,21634,21420,17737,8819,8918,2620,1367,1253,21764,10972,10792,933,476,457
0.5 Scen,2019,055,Caldwell County,43726,21959,21767,17846,8859,8987,2636,1376,1260,22297,11241,11056,947,483,464
0.5 Scen,2020,055,Caldwell County,44401,22289,22112,17949,8899,9050,2656,1387,1269,22835,11511,11324,961,492,469
0.5 Scen,2021,055,Caldwell County,45101,22637,22464,18066,8944,9122,2660,1393,1267,23399,11800,11599,976,500,476
0.5 Scen,2022,055,Caldwell County,45786,22981,22805,18179,8989,9190,2672,1402,1270,23944,12080,11864,991,510,481
0.5 Scen,2023,055,Caldwell County,46499,23330,23169,18285,9034,9251,2681,1409,1272,24527,12368,12159,1006,519,487
0.5 Scen,2024,055,Caldwell County,47214,23674,23540,18382,9070,9312,2698,1419,1279,25112,12656,12456,1022,529,493
0.5 Scen,2025,055,Caldwell County,47921,24026,23895,18477,9106,9371,2698,1424,1274,25712,12960,12752,1034,536,498
0.5 Scen,2026,055,Caldwell County,48620,24374,24246,18554,9131,9423,2698,1430,1268,26320,13267,13053,1048,546,502
0.5 Scen,2027,055,Caldwell County,49313,24717,24596,18615,9150,9465,2701,1431,1270,26934,13581,13353,1063,555,508
0.5 Scen,2028,055,Caldwell County,49977,25047,24930,18673,9171,9502,2692,1428,1264,27538,13888,13650,1074,560,514
0.5 Scen,2029,055,Caldwell County,50663,25379,25284,18733,9191,9542,2692,1426,1266,28154,14198,13956,1084,564,520
0.5 Scen,2030,055,Caldwell County,51327,25697,25630,18779,9205,9574,2688,1423,1265,28765,14502,14263,1095,567,528
0.5 Scen,2031,055,Caldwell County,51979,26032,25947,18814,9218,9596,2681,1424,1257,29377,14815,14562,1107,575,532
0.5 Scen,2032,055,Caldwell County,52623,26340,26283,18835,9218,9617,2682,1425,1257,29989,15119,14870,1117,578,539
0.5 Scen,2033,055,Caldwell County,53263,26658,26605,18853,9216,9637,2669,1419,1250,30614,15438,15176,1127,585,542
0.5 Scen,2034,055,Caldwell County,53875,26950,26925,18860,9209,9651,2652,1412,1240,31228,15741,15487,1135,588,547
0.5 Scen,2035,055,Caldwell County,54485,27250,27235,18856,9201,9655,2648,1414,1234,31838,16044,15794,1143,591,552
0.5 Scen,2036,055,Caldwell County,55094,27550,27544,18841,9180,9661,2640,1413,1227,32453,16356,16097,1160,601,559
0.5 Scen,2037,055,Caldwell County,55660,27828,27832,18820,9161,9659,2622,1408,1214,33052,16655,16397,1166,604,562
0.5 Scen,2038,055,Caldwell County,56247,28116,28131,18801,9147,9654,2612,1405,1207,33660,16956,16704,1174,608,566
0.5 Scen,2039,055,Caldwell County,56840,28418,28422,18782,9132,9650,2605,1404,1201,34271,17267,17004,1182,615,567
0.5 Scen,2040,055,Caldwell County,57444,28717,28727,18753,9106,9647,2601,1408,1193,34895,17581,17314,1195,622,573
0.5 Scen,2041,055,Caldwell County,58017,29003,29014,18716,9077,9639,2595,1407,1188,35507,17894,17613,1199,625,574
0.5 Scen,2042,055,Caldwell County,58614,29305,29309,18685,9055,9630,2583,1407,1176,36138,18216,17922,1208,627,581
0.5 Scen,2043,055,Caldwell County,59188,29583,29605,18645,9026,9619,2571,1403,1168,36757,18526,18231,1215,628,587
0.5 Scen,2044,055,Caldwell County,59780,29891,29889,18614,9006,9608,2566,1405,1161,37381,18850,18531,1219,630,589
0.5 Scen,2045,055,Caldwell County,60346,30173,30173,18560,8974,9586,2566,1406,1160,37997,19160,18837,1223,633,590
0.5 Scen,2046,055,Caldwell County,60932,30461,30471,18533,8951,9582,2561,1405,1156,38614,19468,19146,1224,637,587
0.5 Scen,2047,055,Caldwell County,61493,30742,30751,18487,8924,9563,2555,1402,1153,39227,19775,19452,1224,641,583
0.5 Scen,2048,055,Caldwell County,62067,31043,31024,18437,8902,9535,2554,1403,1151,39850,20093,19757,1226,645,581
0.5 Scen,2049,055,Caldwell County,62643,31331,31312,18402,8881,9521,2546,1401,1145,40469,20404,20065,1226,645,581
0.5 Scen,2050,055,Caldwell County,63211,31619,31592,18356,8853,9503,2539,1403,1136,41087,20714,20373,1229,649,580
0.5 Scen,2010,057,Calhoun County,21381,10847,10534,9794,4927,4867,519,263,256,9922,5026,4896,1146,631,515
0.5 Scen,2011,057,Calhoun County,21642,10971,10671,9805,4928,4877,522,266,256,10156,5138,5018,1159,639,520
0.5 Scen,2012,057,Calhoun County,21885,11086,10799,9808,4926,4882,525,268,257,10380,5246,5134,1172,646,526
0.5 Scen,2013,057,Calhoun County,22126,11207,10919,9792,4922,4870,528,271,257,10621,5361,5260,1185,653,532
0.5 Scen,2014,057,Calhoun County,22378,11328,11050,9784,4918,4866,532,274,258,10862,5475,5387,1200,661,539
0.5 Scen,2015,057,Calhoun County,22635,11450,11185,9779,4912,4867,538,276,262,11109,5595,5514,1209,667,542
0.5 Scen,2016,057,Calhoun County,22895,11573,11322,9768,4903,4865,540,278,262,11364,5717,5647,1223,675,548
0.5 Scen,2017,057,Calhoun County,23159,11695,11464,9764,4896,4868,544,280,264,11620,5839,5781,1231,680,551
0.5 Scen,2018,057,Calhoun County,23421,11820,11601,9757,4892,4865,546,281,265,11876,5960,5916,1242,687,555
0.5 Scen,2019,057,Calhoun County,23681,11945,11736,9744,4885,4859,548,283,265,12135,6083,6052,1254,694,560
0.5 Scen,2020,057,Calhoun County,23935,12069,11866,9729,4876,4853,551,285,266,12393,6211,6182,1262,697,565
0.5 Scen,2021,057,Calhoun County,24205,12194,12011,9715,4866,4849,552,285,267,12668,6343,6325,1270,700,570
0.5 Scen,2022,057,Calhoun County,24473,12336,12137,9692,4858,4834,554,286,268,12942,6482,6460,1285,710,575
0.5 Scen,2023,057,Calhoun County,24735,12467,12268,9667,4846,4821,553,285,268,13222,6621,6601,1293,715,578
0.5 Scen,2024,057,Calhoun County,24999,12602,12397,9651,4836,4815,553,286,267,13489,6757,6732,1306,723,583
0.5 Scen,2025,057,Calhoun County,25275,12737,12538,9630,4824,4806,554,287,267,13777,6902,6875,1314,724,590
0.5 Scen,2026,057,Calhoun County,25567,12888,12679,9603,4814,4789,555,289,266,14073,7048,7025,1336,737,599
0.5 Scen,2027,057,Calhoun County,25824,13022,12802,9568,4798,4770,554,288,266,14356,7192,7164,1346,744,602
0.5 Scen,2028,057,Calhoun County,26109,13170,12939,9532,4783,4749,554,289,265,14665,7346,7319,1358,752,606
0.5 Scen,2029,057,Calhoun County,26380,13306,13074,9486,4765,4721,556,291,265,14968,7492,7476,1370,758,612
0.5 Scen,2030,057,Calhoun County,26659,13454,13205,9433,4744,4689,559,292,267,15283,7655,7628,1384,763,621
0.5 Scen,2031,057,Calhoun County,26930,13590,13340,9388,4720,4668,559,291,268,15587,7811,7776,1396,768,628
0.5 Scen,2032,057,Calhoun County,27182,13714,13468,9332,4691,4641,559,291,268,15887,7957,7930,1404,775,629
0.5 Scen,2033,057,Calhoun County,27454,13850,13604,9280,4666,4614,559,291,268,16202,8116,8086,1413,777,636
0.5 Scen,2034,057,Calhoun County,27714,13985,13729,9228,4645,4583,557,291,266,16502,8267,8235,1427,782,645
0.5 Scen,2035,057,Calhoun County,27951,14107,13844,9164,4614,4550,555,291,264,16796,8418,8378,1436,784,652
0.5 Scen,2036,057,Calhoun County,28206,14230,13976,9113,4588,4525,552,290,262,17101,8569,8532,1440,783,657
0.5 Scen,2037,057,Calhoun County,28463,14361,14102,9061,4566,4495,551,289,262,17401,8718,8683,1450,788,662
0.5 Scen,2038,057,Calhoun County,28713,14487,14226,9008,4540,4468,546,285,261,17704,8872,8832,1455,790,665
0.5 Scen,2039,057,Calhoun County,28954,14615,14339,8951,4516,4435,545,284,261,18000,9023,8977,1458,792,666
0.5 Scen,2040,057,Calhoun County,29203,14732,14471,8899,4490,4409,539,280,259,18300,9169,9131,1465,793,672
0.5 Scen,2041,057,Calhoun County,29439,14851,14588,8840,4460,4380,533,276,257,18599,9320,9279,1467,795,672
0.5 Scen,2042,057,Calhoun County,29681,14980,14701,8782,4433,4349,528,273,255,18899,9476,9423,1472,798,674
0.5 Scen,2043,057,Calhoun County,29933,15108,14825,8733,4411,4322,525,271,254,19207,9632,9575,1468,794,674
0.5 Scen,2044,057,Calhoun County,30171,15237,14934,8685,4393,4292,518,269,249,19504,9785,9719,1464,790,674
0.5 Scen,2045,057,Calhoun County,30421,15363,15058,8636,4373,4263,512,266,246,19803,9934,9869,1470,790,680
0.5 Scen,2046,057,Calhoun County,30672,15497,15175,8584,4350,4234,507,264,243,20108,10090,10018,1473,793,680
0.5 Scen,2047,057,Calhoun County,30914,15629,15285,8530,4327,4203,501,261,240,20409,10247,10162,1474,794,680
0.5 Scen,2048,057,Calhoun County,31168,15764,15404,8493,4315,4178,490,254,236,20705,10397,10308,1480,798,682
0.5 Scen,2049,057,Calhoun County,31411,15890,15521,8442,4292,4150,485,252,233,21003,10545,10458,1481,801,680
0.5 Scen,2050,057,Calhoun County,31666,16026,15640,8404,4279,4125,477,247,230,21307,10701,10606,1478,799,679
0.5 Scen,2010,059,Callahan County,13544,6607,6937,12065,5863,6202,135,68,67,1025,528,497,319,148,171
0.5 Scen,2011,059,Callahan County,13620,6618,7002,12119,5862,6257,136,69,67,1042,537,505,323,150,173
0.5 Scen,2012,059,Callahan County,13667,6609,7058,12143,5841,6302,137,69,68,1059,546,513,328,153,175
0.5 Scen,2013,059,Callahan County,13697,6603,7094,12149,5822,6327,137,69,68,1076,555,521,335,157,178
0.5 Scen,2014,059,Callahan County,13748,6602,7146,12178,5808,6370,137,69,68,1093,565,528,340,160,180
0.5 Scen,2015,059,Callahan County,13792,6594,7198,12202,5788,6414,139,71,68,1108,573,535,343,162,181
0.5 Scen,2016,059,Callahan County,13837,6590,7247,12227,5773,6454,139,70,69,1124,582,542,347,165,182
0.5 Scen,2017,059,Callahan County,13891,6588,7303,12261,5758,6503,140,71,69,1138,591,547,352,168,184
0.5 Scen,2018,059,Callahan County,13944,6589,7355,12295,5749,6546,141,71,70,1153,600,553,355,169,186
0.5 Scen,2019,059,Callahan County,14002,6595,7407,12332,5744,6588,142,73,69,1168,607,561,360,171,189
0.5 Scen,2020,059,Callahan County,14060,6607,7453,12369,5743,6626,143,74,69,1183,616,567,365,174,191
0.5 Scen,2021,059,Callahan County,14137,6619,7518,12421,5742,6679,145,75,70,1200,625,575,371,177,194
0.5 Scen,2022,059,Callahan County,14220,6633,7587,12475,5739,6736,147,76,71,1217,635,582,381,183,198
0.5 Scen,2023,059,Callahan County,14290,6642,7648,12523,5735,6788,149,77,72,1234,645,589,384,185,199
0.5 Scen,2024,059,Callahan County,14369,6652,7717,12582,5733,6849,150,78,72,1252,655,597,385,186,199
0.5 Scen,2025,059,Callahan County,14450,6667,7783,12641,5736,6905,151,79,72,1268,663,605,390,189,201
0.5 Scen,2026,059,Callahan County,14527,6683,7844,12691,5739,6952,152,80,72,1288,673,615,396,191,205
0.5 Scen,2027,059,Callahan County,14612,6698,7914,12752,5743,7009,153,81,72,1307,681,626,400,193,207
0.5 Scen,2028,059,Callahan County,14689,6710,7979,12808,5746,7062,155,82,73,1325,689,636,401,193,208
0.5 Scen,2029,059,Callahan County,14759,6723,8036,12854,5749,7105,157,83,74,1343,697,646,405,194,211
0.5 Scen,2030,059,Callahan County,14822,6734,8088,12892,5748,7144,159,84,75,1363,707,656,408,195,213
0.5 Scen,2031,059,Callahan County,14874,6737,8137,12924,5741,7183,159,84,75,1381,716,665,410,196,214
0.5 Scen,2032,059,Callahan County,14931,6744,8187,12958,5738,7220,160,84,76,1399,724,675,414,198,216
0.5 Scen,2033,059,Callahan County,14968,6735,8233,12970,5718,7252,161,84,77,1419,733,686,418,200,218
0.5 Scen,2034,059,Callahan County,15020,6743,8277,12998,5716,7282,162,84,78,1439,741,698,421,202,219
0.5 Scen,2035,059,Callahan County,15058,6743,8315,13017,5708,7309,164,85,79,1457,748,709,420,202,218
0.5 Scen,2036,059,Callahan County,15096,6745,8351,13035,5699,7336,165,86,79,1473,757,716,423,203,220
0.5 Scen,2037,059,Callahan County,15126,6743,8383,13051,5689,7362,164,86,78,1488,763,725,423,205,218
0.5 Scen,2038,059,Callahan County,15150,6730,8420,13063,5672,7391,163,85,78,1501,768,733,423,205,218
0.5 Scen,2039,059,Callahan County,15177,6727,8450,13079,5664,7415,163,85,78,1509,770,739,426,208,218
0.5 Scen,2040,059,Callahan County,15196,6716,8480,13096,5652,7444,162,84,78,1515,771,744,423,209,214
0.5 Scen,2041,059,Callahan County,15216,6713,8503,13111,5649,7462,161,84,77,1520,771,749,424,209,215
0.5 Scen,2042,059,Callahan County,15220,6695,8525,13114,5633,7481,161,84,77,1522,770,752,423,208,215
0.5 Scen,2043,059,Callahan County,15243,6693,8550,13132,5629,7503,161,85,76,1526,771,755,424,208,216
0.5 Scen,2044,059,Callahan County,15270,6687,8583,13153,5621,7532,160,84,76,1531,774,757,426,208,218
0.5 Scen,2045,059,Callahan County,15279,6680,8599,13167,5615,7552,160,85,75,1531,775,756,421,205,216
0.5 Scen,2046,059,Callahan County,15302,6679,8623,13191,5614,7577,158,83,75,1535,777,758,418,205,213
0.5 Scen,2047,059,Callahan County,15326,6675,8651,13218,5609,7609,156,82,74,1535,779,756,417,205,212
0.5 Scen,2048,059,Callahan County,15357,6675,8682,13248,5610,7638,155,81,74,1538,781,757,416,203,213
0.5 Scen,2049,059,Callahan County,15391,6681,8710,13283,5615,7668,154,81,73,1538,783,755,416,202,214
0.5 Scen,2050,059,Callahan County,15440,6692,8748,13329,5624,7705,155,81,74,1541,785,756,415,202,213
0.5 Scen,2010,061,Cameron County,406220,195394,210826,43427,21930,21497,1192,703,489,357747,170860,186887,3854,1901,1953
0.5 Scen,2011,061,Cameron County,413216,198959,214257,43027,21715,21312,1208,713,495,365023,174578,190445,3958,1953,2005
0.5 Scen,2012,061,Cameron County,420341,202603,217738,42654,21511,21143,1223,723,500,372400,178363,194037,4064,2006,2058
0.5 Scen,2013,061,Cameron County,427512,206277,221235,42258,21302,20956,1238,731,507,379836,182179,197657,4180,2065,2115
0.5 Scen,2014,061,Cameron County,434651,209977,224674,41861,21095,20766,1254,742,512,387245,186016,201229,4291,2124,2167
0.5 Scen,2015,061,Cameron County,442043,213758,228285,41484,20892,20592,1267,749,518,394898,189940,204958,4394,2177,2217
0.5 Scen,2016,061,Cameron County,449385,217559,231826,41087,20689,20398,1286,760,526,402511,193878,208633,4501,2232,2269
0.5 Scen,2017,061,Cameron County,456745,221381,235364,40696,20485,20211,1301,768,533,410145,197846,212299,4603,2282,2321
0.5 Scen,2018,061,Cameron County,464372,225253,239119,40301,20281,20020,1318,778,540,418027,201849,216178,4726,2345,2381
0.5 Scen,2019,061,Cameron County,471949,229239,242710,39912,20079,19833,1334,789,545,425865,205964,219901,4838,2407,2431
0.5 Scen,2020,061,Cameron County,479754,233238,246516,39509,19866,19643,1352,797,555,433934,210103,223831,4959,2472,2487
0.5 Scen,2021,061,Cameron County,487619,237299,250320,39114,19665,19449,1368,805,563,442051,214297,227754,5086,2532,2554
0.5 Scen,2022,061,Cameron County,495617,241461,254156,38702,19455,19247,1384,815,569,450325,218595,231730,5206,2596,2610
0.5 Scen,2023,061,Cameron County,503683,245648,258035,38280,19247,19033,1399,821,578,458662,222915,235747,5342,2665,2677
0.5 Scen,2024,061,Cameron County,511744,249837,261907,37867,19035,18832,1411,829,582,466995,227243,239752,5471,2730,2741
0.5 Scen,2025,061,Cameron County,519892,254077,265815,37470,18836,18634,1421,834,587,475395,231606,243789,5606,2801,2805
0.5 Scen,2026,061,Cameron County,528188,258381,269807,37037,18616,18421,1434,839,595,483984,236054,247930,5733,2872,2861
0.5 Scen,2027,061,Cameron County,536214,262577,273637,36609,18397,18212,1440,839,601,492300,240401,251899,5865,2940,2925
0.5 Scen,2028,061,Cameron County,544417,266871,277546,36172,18174,17998,1447,845,602,500784,244838,255946,6014,3014,3000
0.5 Scen,2029,061,Cameron County,552460,271095,281365,35718,17943,17775,1449,846,603,509143,249219,259924,6150,3087,3063
0.5 Scen,2030,061,Cameron County,560637,275316,285321,35272,17718,17554,1453,847,606,517609,253588,264021,6303,3163,3140
0.5 Scen,2031,061,Cameron County,568577,279478,289099,34843,17505,17338,1455,844,611,525831,257888,267943,6448,3241,3207
0.5 Scen,2032,061,Cameron County,576698,283725,292973,34384,17277,17107,1454,841,613,534272,262290,271982,6588,3317,3271
0.5 Scen,2033,061,Cameron County,584801,288009,296792,33922,17050,16872,1459,843,616,542694,266727,275967,6726,3389,3337
0.5 Scen,2034,061,Cameron County,592893,292269,300624,33458,16824,16634,1462,843,619,551100,271137,279963,6873,3465,3408
0.5 Scen,2035,061,Cameron County,600956,296493,304463,32992,16587,16405,1461,840,621,559491,275529,283962,7012,3537,3475
0.5 Scen,2036,061,Cameron County,609040,300811,308229,32517,16351,16166,1459,838,621,567906,280006,287900,7158,3616,3542
0.5 Scen,2037,061,Cameron County,617258,305140,312118,32056,16125,15931,1459,836,623,576431,284478,291953,7312,3701,3611
0.5 Scen,2038,061,Cameron County,625479,309528,315951,31587,15895,15692,1457,833,624,584975,289024,295951,7460,3776,3684
0.5 Scen,2039,061,Cameron County,633617,313875,319742,31126,15671,15455,1452,830,622,593435,293519,299916,7604,3855,3749
0.5 Scen,2040,061,Cameron County,641946,318320,323626,30683,15453,15230,1445,827,618,602069,298110,303959,7749,3930,3819
0.5 Scen,2041,061,Cameron County,650215,322713,327502,30242,15239,15003,1442,824,618,610633,302647,307986,7898,4003,3895
0.5 Scen,2042,061,Cameron County,658619,327238,331381,29801,15024,14777,1440,822,618,619336,307307,312029,8042,4085,3957
0.5 Scen,2043,061,Cameron County,667056,331767,335289,29373,14809,14564,1440,823,617,628057,311976,316081,8186,4159,4027
0.5 Scen,2044,061,Cameron County,675597,336356,339241,28960,14603,14357,1435,821,614,636857,316695,320162,8345,4237,4108
0.5 Scen,2045,061,Cameron County,684275,341013,343262,28546,14403,14143,1431,818,613,645799,321473,324326,8499,4319,4180
0.5 Scen,2046,061,Cameron County,692910,345697,347213,28144,14206,13938,1426,816,610,654681,326271,328410,8659,4404,4255
0.5 Scen,2047,061,Cameron County,701729,350430,351299,27758,14020,13738,1421,809,612,663741,331117,332624,8809,4484,4325
0.5 Scen,2048,061,Cameron County,710603,355207,355396,27395,13843,13552,1414,804,610,672827,335995,336832,8967,4565,4402
0.5 Scen,2049,061,Cameron County,719501,360006,359495,27043,13671,13372,1406,797,609,681917,340887,341030,9135,4651,4484
0.5 Scen,2050,061,Cameron County,728518,364883,363635,26709,13508,13201,1398,790,608,691109,345846,345263,9302,4739,4563
0.5 Scen,2010,063,Camp County,12401,6086,6315,7298,3519,3779,2133,991,1142,2648,1417,1231,322,159,163
0.5 Scen,2011,063,Camp County,12507,6142,6365,7325,3533,3792,2151,1004,1147,2706,1444,1262,325,161,164
0.5 Scen,2012,063,Camp County,12625,6198,6427,7353,3546,3807,2170,1014,1156,2771,1474,1297,331,164,167
0.5 Scen,2013,063,Camp County,12736,6252,6484,7367,3555,3812,2190,1025,1165,2843,1505,1338,336,167,169
0.5 Scen,2014,063,Camp County,12853,6313,6540,7383,3564,3819,2208,1036,1172,2917,1540,1377,345,173,172
0.5 Scen,2015,063,Camp County,12966,6373,6593,7395,3573,3822,2226,1047,1179,2992,1577,1415,353,176,177
0.5 Scen,2016,063,Camp County,13079,6426,6653,7402,3573,3829,2247,1060,1187,3070,1613,1457,360,180,180
0.5 Scen,2017,063,Camp County,13178,6468,6710,7402,3572,3830,2257,1064,1193,3151,1649,1502,368,183,185
0.5 Scen,2018,063,Camp County,13280,6519,6761,7400,3573,3827,2271,1071,1200,3234,1688,1546,375,187,188
0.5 Scen,2019,063,Camp County,13387,6576,6811,7407,3580,3827,2279,1075,1204,3315,1728,1587,386,193,193
0.5 Scen,2020,063,Camp County,13499,6631,6868,7411,3586,3825,2288,1079,1209,3406,1769,1637,394,197,197
0.5 Scen,2021,063,Camp County,13621,6692,6929,7422,3590,3832,2289,1083,1206,3508,1818,1690,402,201,201
0.5 Scen,2022,063,Camp County,13745,6753,6992,7431,3597,3834,2296,1088,1208,3608,1864,1744,410,204,206
0.5 Scen,2023,063,Camp County,13850,6806,7044,7424,3599,3825,2298,1089,1209,3709,1910,1799,419,208,211
0.5 Scen,2024,063,Camp County,13959,6864,7095,7411,3595,3816,2302,1094,1208,3820,1963,1857,426,212,214
0.5 Scen,2025,063,Camp County,14086,6921,7165,7410,3594,3816,2306,1095,1211,3939,2017,1922,431,215,216
0.5 Scen,2026,063,Camp County,14213,6985,7228,7406,3594,3812,2302,1094,1208,4066,2077,1989,439,220,219
0.5 Scen,2027,063,Camp County,14334,7044,7290,7401,3596,3805,2298,1094,1204,4186,2130,2056,449,224,225
0.5 Scen,2028,063,Camp County,14461,7109,7352,7401,3599,3802,2294,1093,1201,4311,2189,2122,455,228,227
0.5 Scen,2029,063,Camp County,14560,7163,7397,7391,3596,3795,2285,1090,1195,4421,2244,2177,463,233,230
0.5 Scen,2030,063,Camp County,14678,7221,7457,7378,3598,3780,2282,1088,1194,4544,2297,2247,474,238,236
0.5 Scen,2031,063,Camp County,14798,7286,7512,7374,3598,3776,2272,1089,1183,4669,2356,2313,483,243,240
0.5 Scen,2032,063,Camp County,14895,7340,7555,7342,3591,3751,2263,1086,1177,4797,2415,2382,493,248,245
0.5 Scen,2033,063,Camp County,15019,7407,7612,7332,3595,3737,2261,1086,1175,4924,2474,2450,502,252,250
0.5 Scen,2034,063,Camp County,15105,7452,7653,7310,3585,3725,2252,1085,1167,5034,2525,2509,509,257,252
0.5 Scen,2035,063,Camp County,15209,7500,7709,7292,3580,3712,2250,1086,1164,5151,2573,2578,516,261,255
0.5 Scen,2036,063,Camp County,15287,7537,7750,7263,3567,3696,2238,1081,1157,5261,2623,2638,525,266,259
0.5 Scen,2037,063,Camp County,15378,7590,7788,7235,3563,3672,2229,1077,1152,5381,2680,2701,533,270,263
0.5 Scen,2038,063,Camp County,15453,7630,7823,7198,3551,3647,2223,1075,1148,5498,2734,2764,534,270,264
0.5 Scen,2039,063,Camp County,15531,7664,7867,7163,3535,3628,2211,1070,1141,5615,2785,2830,542,274,268
0.5 Scen,2040,063,Camp County,15611,7707,7904,7128,3526,3602,2200,1065,1135,5738,2840,2898,545,276,269
0.5 Scen,2041,063,Camp County,15714,7762,7952,7104,3523,3581,2190,1063,1127,5866,2894,2972,554,282,272
0.5 Scen,2042,063,Camp County,15812,7821,7991,7074,3516,3558,2184,1065,1119,5991,2952,3039,563,288,275
0.5 Scen,2043,063,Camp County,15907,7872,8035,7038,3506,3532,2177,1065,1112,6119,3008,3111,573,293,280
0.5 Scen,2044,063,Camp County,16001,7928,8073,7004,3495,3509,2165,1068,1097,6251,3068,3183,581,297,284
0.5 Scen,2045,063,Camp County,16099,7989,8110,6979,3491,3488,2160,1069,1091,6373,3128,3245,587,301,286
0.5 Scen,2046,063,Camp County,16204,8051,8153,6948,3485,3463,2153,1069,1084,6509,3192,3317,594,305,289
0.5 Scen,2047,063,Camp County,16303,8107,8196,6918,3475,3443,2148,1070,1078,6640,3253,3387,597,309,288
0.5 Scen,2048,063,Camp County,16416,8173,8243,6888,3466,3422,2140,1073,1067,6782,3321,3461,606,313,293
0.5 Scen,2049,063,Camp County,16522,8234,8288,6854,3454,3400,2136,1077,1059,6919,3387,3532,613,316,297
0.5 Scen,2050,063,Camp County,16663,8307,8356,6839,3458,3381,2133,1078,1055,7070,3452,3618,621,319,302
0.5 Scen,2010,065,Carson County,6182,3042,3140,5473,2690,2783,35,17,18,525,253,272,149,82,67
0.5 Scen,2011,065,Carson County,6209,3053,3156,5492,2696,2796,35,17,18,532,257,275,150,83,67
0.5 Scen,2012,065,Carson County,6217,3056,3161,5495,2696,2799,35,17,18,537,260,277,150,83,67
0.5 Scen,2013,065,Carson County,6228,3057,3171,5498,2692,2806,35,17,18,544,264,280,151,84,67
0.5 Scen,2014,065,Carson County,6235,3055,3180,5498,2687,2811,35,17,18,551,268,283,151,83,68
0.5 Scen,2015,065,Carson County,6243,3060,3183,5497,2687,2810,35,17,18,559,272,287,152,84,68
0.5 Scen,2016,065,Carson County,6243,3064,3179,5491,2686,2805,34,17,17,564,276,288,154,85,69
0.5 Scen,2017,065,Carson County,6258,3071,3187,5496,2688,2808,34,17,17,572,280,292,156,86,70
0.5 Scen,2018,065,Carson County,6276,3081,3195,5506,2694,2812,34,17,17,579,284,295,157,86,71
0.5 Scen,2019,065,Carson County,6297,3091,3206,5518,2699,2819,34,17,17,587,288,299,158,87,71
0.5 Scen,2020,065,Carson County,6319,3101,3218,5531,2705,2826,34,17,17,595,292,303,159,87,72
0.5 Scen,2021,065,Carson County,6334,3111,3223,5534,2708,2826,35,17,18,605,298,307,160,88,72
0.5 Scen,2022,065,Carson County,6360,3121,3239,5550,2713,2837,35,17,18,614,303,311,161,88,73
0.5 Scen,2023,065,Carson County,6377,3132,3245,5560,2719,2841,35,17,18,622,308,314,160,88,72
0.5 Scen,2024,065,Carson County,6393,3139,3254,5568,2723,2845,35,17,18,629,311,318,161,88,73
0.5 Scen,2025,065,Carson County,6413,3148,3265,5580,2727,2853,34,17,17,636,315,321,163,89,74
0.5 Scen,2026,065,Carson County,6432,3157,3275,5589,2731,2858,34,17,17,644,319,325,165,90,75
0.5 Scen,2027,065,Carson County,6449,3160,3289,5596,2729,2867,34,17,17,652,323,329,167,91,76
0.5 Scen,2028,065,Carson County,6482,3173,3309,5618,2737,2881,34,17,17,661,327,334,169,92,77
0.5 Scen,2029,065,Carson County,6515,3193,3322,5640,2750,2890,34,17,17,670,333,337,171,93,78
0.5 Scen,2030,065,Carson County,6550,3210,3340,5665,2762,2903,34,17,17,678,337,341,173,94,79
0.5 Scen,2031,065,Carson County,6585,3230,3355,5690,2776,2914,34,17,17,686,342,344,175,95,80
0.5 Scen,2032,065,Carson County,6615,3243,3372,5710,2785,2925,34,17,17,695,346,349,176,95,81
0.5 Scen,2033,065,Carson County,6634,3258,3376,5719,2795,2924,34,17,17,703,350,353,178,96,82
0.5 Scen,2034,065,Carson County,6647,3266,3381,5728,2801,2927,33,16,17,710,354,356,176,95,81
0.5 Scen,2035,065,Carson County,6665,3276,3389,5740,2808,2932,33,16,17,717,358,359,175,94,81
0.5 Scen,2036,065,Carson County,6674,3289,3385,5743,2817,2926,33,16,17,723,362,361,175,94,81
0.5 Scen,2037,065,Carson County,6692,3299,3393,5754,2823,2931,33,16,17,730,366,364,175,94,81
0.5 Scen,2038,065,Carson County,6694,3309,3385,5754,2829,2925,33,16,17,732,370,362,175,94,81
0.5 Scen,2039,065,Carson County,6703,3319,3384,5757,2836,2921,33,16,17,738,374,364,175,93,82
0.5 Scen,2040,065,Carson County,6699,3322,3377,5749,2837,2912,33,16,17,743,377,366,174,92,82
0.5 Scen,2041,065,Carson County,6706,3329,3377,5755,2844,2911,33,16,17,745,377,368,173,92,81
0.5 Scen,2042,065,Carson County,6714,3334,3380,5759,2849,2910,33,16,17,748,378,370,174,91,83
0.5 Scen,2043,065,Carson County,6714,3342,3372,5759,2857,2902,33,16,17,749,378,371,173,91,82
0.5 Scen,2044,065,Carson County,6716,3344,3372,5762,2858,2904,33,16,17,750,380,370,171,90,81
0.5 Scen,2045,065,Carson County,6714,3349,3365,5756,2862,2894,34,16,18,753,381,372,171,90,81
0.5 Scen,2046,065,Carson County,6722,3356,3366,5766,2870,2896,34,16,18,753,381,372,169,89,80
0.5 Scen,2047,065,Carson County,6715,3357,3358,5761,2872,2889,33,15,18,754,381,373,167,89,78
0.5 Scen,2048,065,Carson County,6721,3363,3358,5769,2879,2890,32,14,18,754,382,372,166,88,78
0.5 Scen,2049,065,Carson County,6733,3374,3359,5783,2890,2893,31,13,18,753,383,370,166,88,78
0.5 Scen,2050,065,Carson County,6737,3380,3357,5788,2897,2891,30,12,18,755,385,370,164,86,78
0.5 Scen,2010,067,Cass County,30464,14777,15687,23522,11485,12037,5299,2471,2828,1053,550,503,590,271,319
0.5 Scen,2011,067,Cass County,30559,14836,15723,23573,11515,12058,5310,2482,2828,1077,563,514,599,276,323
0.5 Scen,2012,067,Cass County,30626,14890,15736,23597,11544,12053,5317,2490,2827,1104,577,527,608,279,329
0.5 Scen,2013,067,Cass County,30721,14940,15781,23652,11570,12082,5318,2494,2824,1134,593,541,617,283,334
0.5 Scen,2014,067,Cass County,30805,14993,15812,23696,11597,12099,5323,2499,2824,1159,607,552,627,290,337
0.5 Scen,2015,067,Cass County,30906,15056,15850,23749,11623,12126,5331,2514,2817,1189,623,566,637,296,341
0.5 Scen,2016,067,Cass County,30988,15115,15873,23790,11651,12139,5334,2526,2808,1218,638,580,646,300,346
0.5 Scen,2017,067,Cass County,31066,15166,15900,23831,11677,12154,5334,2529,2805,1247,654,593,654,306,348
0.5 Scen,2018,067,Cass County,31134,15216,15918,23855,11696,12159,5337,2538,2799,1278,670,608,664,312,352
0.5 Scen,2019,067,Cass County,31232,15278,15954,23898,11720,12178,5348,2551,2797,1310,688,622,676,319,357
0.5 Scen,2020,067,Cass County,31323,15341,15982,23932,11746,12186,5365,2565,2800,1340,705,635,686,325,361
0.5 Scen,2021,067,Cass County,31418,15392,16026,23970,11762,12208,5377,2578,2799,1374,721,653,697,331,366
0.5 Scen,2022,067,Cass County,31493,15442,16051,23999,11780,12219,5379,2585,2794,1408,740,668,707,337,370
0.5 Scen,2023,067,Cass County,31555,15484,16071,24019,11793,12226,5381,2591,2790,1439,757,682,716,343,373
0.5 Scen,2024,067,Cass County,31602,15511,16091,24018,11791,12227,5381,2598,2783,1473,773,700,730,349,381
0.5 Scen,2025,067,Cass County,31664,15555,16109,24038,11805,12233,5380,2603,2777,1504,791,713,742,356,386
0.5 Scen,2026,067,Cass County,31725,15598,16127,24045,11816,12229,5384,2609,2775,1539,809,730,757,364,393
0.5 Scen,2027,067,Cass County,31771,15629,16142,24045,11815,12230,5384,2613,2771,1575,829,746,767,372,395
0.5 Scen,2028,067,Cass County,31808,15654,16154,24033,11811,12222,5385,2614,2771,1609,848,761,781,381,400
0.5 Scen,2029,067,Cass County,31837,15674,16163,24009,11801,12208,5388,2615,2773,1648,871,777,792,387,405
0.5 Scen,2030,067,Cass County,31861,15699,16162,23973,11788,12185,5393,2623,2770,1689,893,796,806,395,411
0.5 Scen,2031,067,Cass County,31881,15724,16157,23942,11785,12157,5392,2624,2768,1728,914,814,819,401,418
0.5 Scen,2032,067,Cass County,31892,15743,16149,23907,11774,12133,5385,2626,2759,1768,936,832,832,407,425
0.5 Scen,2033,067,Cass County,31879,15754,16125,23852,11753,12099,5376,2631,2745,1810,958,852,841,412,429
0.5 Scen,2034,067,Cass County,31884,15770,16114,23810,11737,12073,5374,2634,2740,1850,980,870,850,419,431
0.5 Scen,2035,067,Cass County,31846,15760,16086,23743,11711,12032,5359,2633,2726,1884,993,891,860,423,437
0.5 Scen,2036,067,Cass County,31831,15769,16062,23686,11693,11993,5354,2633,2721,1919,1014,905,872,429,443
0.5 Scen,2037,067,Cass County,31805,15773,16032,23627,11673,11954,5346,2636,2710,1949,1029,920,883,435,448
0.5 Scen,2038,067,Cass County,31776,15762,16014,23562,11643,11919,5333,2634,2699,1989,1047,942,892,438,454
0.5 Scen,2039,067,Cass County,31745,15763,15982,23492,11617,11875,5322,2636,2686,2029,1066,963,902,444,458
0.5 Scen,2040,067,Cass County,31678,15742,15936,23409,11581,11828,5297,2628,2669,2067,1085,982,905,448,457
0.5 Scen,2041,067,Cass County,31641,15730,15911,23337,11543,11794,5278,2629,2649,2112,1105,1007,914,453,461
0.5 Scen,2042,067,Cass County,31604,15725,15879,23264,11512,11752,5258,2628,2630,2157,1127,1030,925,458,467
0.5 Scen,2043,067,Cass County,31563,15716,15847,23177,11472,11705,5250,2632,2618,2200,1149,1051,936,463,473
0.5 Scen,2044,067,Cass County,31531,15715,15816,23106,11442,11664,5235,2633,2602,2244,1173,1071,946,467,479
0.5 Scen,2045,067,Cass County,31496,15702,15794,23036,11405,11631,5216,2633,2583,2292,1195,1097,952,469,483
0.5 Scen,2046,067,Cass County,31445,15687,15758,22959,11370,11589,5190,2625,2565,2336,1216,1120,960,476,484
0.5 Scen,2047,067,Cass County,31405,15684,15721,22892,11343,11549,5164,2619,2545,2379,1240,1139,970,482,488
0.5 Scen,2048,067,Cass County,31389,15685,15704,22822,11313,11509,5149,2618,2531,2431,1265,1166,987,489,498
0.5 Scen,2049,067,Cass County,31362,15686,15676,22756,11288,11468,5129,2616,2513,2480,1287,1193,997,495,502
0.5 Scen,2050,067,Cass County,31326,15685,15641,22683,11256,11427,5104,2613,2491,2531,1313,1218,1008,503,505
0.5 Scen,2010,069,Castro County,8062,4084,3978,3004,1495,1509,149,76,73,4828,2475,2353,81,38,43
0.5 Scen,2011,069,Castro County,8139,4125,4014,2990,1487,1503,150,77,73,4917,2522,2395,82,39,43
0.5 Scen,2012,069,Castro County,8215,4166,4049,2974,1481,1493,151,77,74,5007,2569,2438,83,39,44
0.5 Scen,2013,069,Castro County,8297,4211,4086,2961,1477,1484,152,78,74,5100,2616,2484,84,40,44
0.5 Scen,2014,069,Castro County,8374,4255,4119,2944,1472,1472,153,78,75,5192,2665,2527,85,40,45
0.5 Scen,2015,069,Castro County,8456,4299,4157,2930,1467,1463,155,79,76,5285,2712,2573,86,41,45
0.5 Scen,2016,069,Castro County,8539,4343,4196,2915,1460,1455,154,79,75,5383,2763,2620,87,41,46
0.5 Scen,2017,069,Castro County,8626,4392,4234,2899,1455,1444,156,80,76,5483,2815,2668,88,42,46
0.5 Scen,2018,069,Castro County,8704,4432,4272,2878,1444,1434,157,81,76,5581,2865,2716,88,42,46
0.5 Scen,2019,069,Castro County,8799,4485,4314,2863,1439,1424,162,84,78,5685,2919,2766,89,43,46
0.5 Scen,2020,069,Castro County,8880,4529,4351,2839,1430,1409,162,85,77,5789,2971,2818,90,43,47
0.5 Scen,2021,069,Castro County,8971,4575,4396,2825,1424,1401,166,86,80,5889,3021,2868,91,44,47
0.5 Scen,2022,069,Castro County,9031,4605,4426,2799,1413,1386,168,87,81,5972,3061,2911,92,44,48
0.5 Scen,2023,069,Castro County,9111,4646,4465,2782,1404,1378,170,88,82,6066,3109,2957,93,45,48
0.5 Scen,2024,069,Castro County,9192,4687,4505,2764,1395,1369,172,89,83,6161,3158,3003,95,45,50
0.5 Scen,2025,069,Castro County,9278,4728,4550,2746,1383,1363,174,90,84,6262,3209,3053,96,46,50
0.5 Scen,2026,069,Castro County,9356,4765,4591,2730,1375,1355,176,91,85,6356,3254,3102,94,45,49
0.5 Scen,2027,069,Castro County,9433,4803,4630,2717,1367,1350,178,92,86,6441,3298,3143,97,46,51
0.5 Scen,2028,069,Castro County,9494,4836,4658,2698,1361,1337,179,92,87,6519,3337,3182,98,46,52
0.5 Scen,2029,069,Castro County,9561,4874,4687,2685,1353,1332,181,93,88,6596,3381,3215,99,47,52
0.5 Scen,2030,069,Castro County,9618,4902,4716,2666,1343,1323,182,93,89,6669,3418,3251,101,48,53
0.5 Scen,2031,069,Castro County,9673,4929,4744,2649,1333,1316,183,93,90,6739,3454,3285,102,49,53
0.5 Scen,2032,069,Castro County,9740,4969,4771,2631,1327,1304,185,95,90,6820,3497,3323,104,50,54
0.5 Scen,2033,069,Castro County,9801,4999,4802,2614,1319,1295,187,96,91,6894,3533,3361,106,51,55
0.5 Scen,2034,069,Castro County,9848,5028,4820,2596,1312,1284,189,97,92,6956,3567,3389,107,52,55
0.5 Scen,2035,069,Castro County,9895,5054,4841,2571,1300,1271,191,98,93,7024,3603,3421,109,53,56
0.5 Scen,2036,069,Castro County,9952,5087,4865,2550,1292,1258,191,98,93,7100,3643,3457,111,54,57
0.5 Scen,2037,069,Castro County,9990,5111,4879,2526,1279,1247,189,97,92,7163,3680,3483,112,55,57
0.5 Scen,2038,069,Castro County,10040,5139,4901,2503,1269,1234,189,97,92,7234,3717,3517,114,56,58
0.5 Scen,2039,069,Castro County,10085,5162,4923,2480,1259,1221,189,97,92,7302,3751,3551,114,55,59
0.5 Scen,2040,069,Castro County,10129,5189,4940,2455,1248,1207,189,97,92,7370,3789,3581,115,55,60
0.5 Scen,2041,069,Castro County,10170,5211,4959,2427,1237,1190,188,96,92,7439,3822,3617,116,56,60
0.5 Scen,2042,069,Castro County,10219,5235,4984,2408,1228,1180,187,95,92,7508,3856,3652,116,56,60
0.5 Scen,2043,069,Castro County,10263,5261,5002,2379,1217,1162,187,95,92,7579,3892,3687,118,57,61
0.5 Scen,2044,069,Castro County,10312,5289,5023,2361,1211,1150,187,95,92,7645,3926,3719,119,57,62
0.5 Scen,2045,069,Castro County,10360,5316,5044,2343,1205,1138,187,95,92,7710,3958,3752,120,58,62
0.5 Scen,2046,069,Castro County,10416,5347,5069,2334,1201,1133,187,95,92,7774,3993,3781,121,58,63
0.5 Scen,2047,069,Castro County,10458,5374,5084,2317,1192,1125,186,94,92,7834,4029,3805,121,59,62
0.5 Scen,2048,069,Castro County,10504,5400,5104,2302,1186,1116,187,95,92,7894,4061,3833,121,58,63
0.5 Scen,2049,069,Castro County,10557,5426,5131,2285,1179,1106,185,94,91,7965,4094,3871,122,59,63
0.5 Scen,2050,069,Castro County,10605,5454,5151,2266,1173,1093,185,94,91,8033,4129,3904,121,58,63
0.5 Scen,2010,071,Chambers County,35096,17661,17435,24767,12357,12410,2817,1426,1391,6635,3454,3181,877,424,453
0.5 Scen,2011,071,Chambers County,35747,17973,17774,25086,12500,12586,2863,1452,1411,6909,3589,3320,889,432,457
0.5 Scen,2012,071,Chambers County,36409,18294,18115,25384,12635,12749,2922,1482,1440,7202,3739,3463,901,438,463
0.5 Scen,2013,071,Chambers County,37067,18615,18452,25687,12773,12914,2976,1511,1465,7491,3886,3605,913,445,468
0.5 Scen,2014,071,Chambers County,37732,18944,18788,25981,12909,13072,3027,1538,1489,7798,4045,3753,926,452,474
0.5 Scen,2015,071,Chambers County,38422,19279,19143,26277,13048,13229,3077,1562,1515,8124,4210,3914,944,459,485
0.5 Scen,2016,071,Chambers County,39102,19601,19501,26578,13178,13400,3120,1582,1538,8447,4377,4070,957,464,493
0.5 Scen,2017,071,Chambers County,39801,19940,19861,26865,13307,13558,3169,1606,1563,8796,4560,4236,971,467,504
0.5 Scen,2018,071,Chambers County,40491,20263,20228,27153,13424,13729,3198,1622,1576,9159,4745,4414,981,472,509
0.5 Scen,2019,071,Chambers County,41213,20610,20603,27435,13548,13887,3228,1638,1590,9552,4943,4609,998,481,517
0.5 Scen,2020,071,Chambers County,41934,20947,20987,27714,13662,14052,3262,1656,1606,9948,5141,4807,1010,488,522
0.5 Scen,2021,071,Chambers County,42684,21301,21383,27999,13782,14217,3297,1675,1622,10364,5350,5014,1024,494,530
0.5 Scen,2022,071,Chambers County,43444,21658,21786,28284,13901,14383,3333,1696,1637,10786,5560,5226,1041,501,540
0.5 Scen,2023,071,Chambers County,44215,22022,22193,28575,14026,14549,3368,1713,1655,11221,5777,5444,1051,506,545
0.5 Scen,2024,071,Chambers County,45004,22394,22610,28865,14150,14715,3406,1736,1670,11670,5997,5673,1063,511,552
0.5 Scen,2025,071,Chambers County,45793,22769,23024,29139,14269,14870,3437,1753,1684,12138,6226,5912,1079,521,558
0.5 Scen,2026,071,Chambers County,46601,23151,23450,29425,14393,15032,3468,1771,1697,12623,6463,6160,1085,524,561
0.5 Scen,2027,071,Chambers County,47394,23522,23872,29698,14510,15188,3493,1785,1708,13103,6695,6408,1100,532,568
0.5 Scen,2028,071,Chambers County,48197,23890,24307,29960,14619,15341,3523,1800,1723,13604,6935,6669,1110,536,574
0.5 Scen,2029,071,Chambers County,49015,24280,24735,30217,14730,15487,3549,1817,1732,14123,7190,6933,1126,543,583
0.5 Scen,2030,071,Chambers County,49836,24663,25173,30477,14844,15633,3569,1825,1744,14644,7442,7202,1146,552,594
0.5 Scen,2031,071,Chambers County,50638,25057,25581,30714,14951,15763,3588,1837,1751,15179,7712,7467,1157,557,600
0.5 Scen,2032,071,Chambers County,51442,25438,26004,30946,15053,15893,3606,1845,1761,15721,7979,7742,1169,561,608
0.5 Scen,2033,071,Chambers County,52263,25830,26433,31162,15143,16019,3630,1858,1772,16286,8259,8027,1185,570,615
0.5 Scen,2034,071,Chambers County,53077,26228,26849,31373,15238,16135,3652,1872,1780,16853,8540,8313,1199,578,621
0.5 Scen,2035,071,Chambers County,53906,26628,27278,31576,15324,16252,3674,1882,1792,17448,8838,8610,1208,584,624
0.5 Scen,2036,071,Chambers County,54715,27019,27696,31758,15403,16355,3695,1895,1800,18043,9131,8912,1219,590,629
0.5 Scen,2037,071,Chambers County,55538,27413,28125,31934,15471,16463,3723,1908,1815,18648,9438,9210,1233,596,637
0.5 Scen,2038,071,Chambers County,56360,27810,28550,32096,15535,16561,3748,1922,1826,19271,9750,9521,1245,603,642
0.5 Scen,2039,071,Chambers County,57183,28215,28968,32243,15595,16648,3770,1937,1833,19914,10074,9840,1256,609,647
0.5 Scen,2040,071,Chambers County,58010,28602,29408,32385,15646,16739,3792,1950,1842,20565,10393,10172,1268,613,655
0.5 Scen,2041,071,Chambers County,58864,29017,29847,32534,15706,16828,3818,1969,1849,21234,10726,10508,1278,616,662
0.5 Scen,2042,071,Chambers County,59690,29414,30276,32663,15755,16908,3837,1987,1850,21897,11050,10847,1293,622,671
0.5 Scen,2043,071,Chambers County,60538,29817,30721,32790,15806,16984,3865,2003,1862,22573,11380,11193,1310,628,682
0.5 Scen,2044,071,Chambers County,61376,30223,31153,32907,15858,17049,3885,2017,1868,23261,11711,11550,1323,637,686
0.5 Scen,2045,071,Chambers County,62240,30649,31591,33016,15905,17111,3917,2042,1875,23976,12062,11914,1331,640,691
0.5 Scen,2046,071,Chambers County,63130,31085,32045,33145,15963,17182,3947,2058,1889,24701,12419,12282,1337,645,692
0.5 Scen,2047,071,Chambers County,64016,31521,32495,33258,16017,17241,3988,2081,1907,25430,12776,12654,1340,647,693
0.5 Scen,2048,071,Chambers County,64919,31963,32956,33373,16070,17303,4017,2097,1920,26184,13147,13037,1345,649,696
0.5 Scen,2049,071,Chambers County,65833,32411,33422,33489,16124,17365,4051,2115,1936,26938,13517,13421,1355,655,700
0.5 Scen,2050,071,Chambers County,66757,32872,33885,33603,16182,17421,4081,2132,1949,27710,13896,13814,1363,662,701
0.5 Scen,2010,073,Cherokee County,50845,25850,24995,31892,15561,16331,7401,3982,3419,10499,5826,4673,1053,481,572
0.5 Scen,2011,073,Cherokee County,51266,26094,25172,31921,15597,16324,7440,4006,3434,10832,6000,4832,1073,491,582
0.5 Scen,2012,073,Cherokee County,51693,26325,25368,31958,15627,16331,7475,4025,3450,11164,6172,4992,1096,501,595
0.5 Scen,2013,073,Cherokee County,52152,26566,25586,31992,15649,16343,7517,4047,3470,11520,6355,5165,1123,515,608
0.5 Scen,2014,073,Cherokee County,52620,26826,25794,32027,15677,16350,7562,4076,3486,11879,6545,5334,1152,528,624
0.5 Scen,2015,073,Cherokee County,53104,27093,26011,32072,15707,16365,7599,4101,3498,12254,6742,5512,1179,543,636
0.5 Scen,2016,073,Cherokee County,53600,27371,26229,32113,15747,16366,7640,4125,3515,12643,6942,5701,1204,557,647
0.5 Scen,2017,073,Cherokee County,54090,27635,26455,32141,15770,16371,7681,4150,3531,13037,7144,5893,1231,571,660
0.5 Scen,2018,073,Cherokee County,54575,27894,26681,32159,15786,16373,7726,4176,3550,13438,7350,6088,1252,582,670
0.5 Scen,2019,073,Cherokee County,55057,28165,26892,32168,15803,16365,7756,4200,3556,13861,7568,6293,1272,594,678
0.5 Scen,2020,073,Cherokee County,55557,28434,27123,32180,15816,16364,7790,4221,3569,14291,7789,6502,1296,608,688
0.5 Scen,2021,073,Cherokee County,56063,28707,27356,32187,15831,16356,7824,4245,3579,14733,8010,6723,1319,621,698
0.5 Scen,2022,073,Cherokee County,56579,28975,27604,32194,15838,16356,7857,4265,3592,15184,8237,6947,1344,635,709
0.5 Scen,2023,073,Cherokee County,57105,29253,27852,32192,15841,16351,7891,4287,3604,15654,8475,7179,1368,650,718
0.5 Scen,2024,073,Cherokee County,57627,29519,28108,32184,15838,16346,7919,4302,3617,16135,8718,7417,1389,661,728
0.5 Scen,2025,073,Cherokee County,58140,29790,28350,32148,15831,16317,7951,4320,3631,16630,8968,7662,1411,671,740
0.5 Scen,2026,073,Cherokee County,58681,30063,28618,32127,15824,16303,7988,4341,3647,17129,9210,7919,1437,688,749
0.5 Scen,2027,073,Cherokee County,59199,30333,28866,32077,15803,16274,8024,4362,3662,17635,9466,8169,1463,702,761
0.5 Scen,2028,073,Cherokee County,59721,30605,29116,32014,15778,16236,8058,4383,3675,18151,9722,8429,1498,722,776
0.5 Scen,2029,073,Cherokee County,60265,30892,29373,31947,15753,16194,8082,4397,3685,18697,9998,8699,1539,744,795
0.5 Scen,2030,073,Cherokee County,60764,31148,29616,31858,15719,16139,8103,4403,3700,19231,10266,8965,1572,760,812
0.5 Scen,2031,073,Cherokee County,61289,31422,29867,31767,15682,16085,8122,4414,3708,19786,10545,9241,1614,781,833
0.5 Scen,2032,073,Cherokee County,61796,31687,30109,31659,15639,16020,8134,4418,3716,20338,10824,9514,1665,806,859
0.5 Scen,2033,073,Cherokee County,62312,31963,30349,31541,15590,15951,8151,4427,3724,20908,11116,9792,1712,830,882
0.5 Scen,2034,073,Cherokee County,62813,32238,30575,31423,15542,15881,8160,4431,3729,21476,11412,10064,1754,853,901
0.5 Scen,2035,073,Cherokee County,63309,32510,30799,31293,15488,15805,8168,4436,3732,22047,11709,10338,1801,877,924
0.5 Scen,2036,073,Cherokee County,63801,32787,31014,31154,15433,15721,8173,4444,3729,22627,12006,10621,1847,904,943
0.5 Scen,2037,073,Cherokee County,64313,33065,31248,31018,15375,15643,8184,4453,3731,23218,12309,10909,1893,928,965
0.5 Scen,2038,073,Cherokee County,64820,33346,31474,30871,15314,15557,8185,4454,3731,23826,12625,11201,1938,953,985
0.5 Scen,2039,073,Cherokee County,65332,33626,31706,30725,15255,15470,8178,4451,3727,24445,12940,11505,1984,980,1004
0.5 Scen,2040,073,Cherokee County,65857,33908,31949,30575,15189,15386,8182,4458,3724,25073,13259,11814,2027,1002,1025
0.5 Scen,2041,073,Cherokee County,66376,34178,32198,30426,15128,15298,8174,4455,3719,25707,13576,12131,2069,1019,1050
0.5 Scen,2042,073,Cherokee County,66933,34470,32463,30280,15062,15218,8173,4455,3718,26366,13912,12454,2114,1041,1073
0.5 Scen,2043,073,Cherokee County,67486,34764,32722,30123,14995,15128,8165,4453,3712,27043,14253,12790,2155,1063,1092
0.5 Scen,2044,073,Cherokee County,68058,35068,32990,29970,14927,15043,8161,4452,3709,27732,14604,13128,2195,1085,1110
0.5 Scen,2045,073,Cherokee County,68635,35373,33262,29808,14857,14951,8155,4447,3708,28431,14958,13473,2241,1111,1130
0.5 Scen,2046,073,Cherokee County,69216,35678,33538,29659,14793,14866,8142,4442,3700,29131,15306,13825,2284,1137,1147
0.5 Scen,2047,073,Cherokee County,69834,36005,33829,29511,14726,14785,8134,4446,3688,29863,15673,14190,2326,1160,1166
0.5 Scen,2048,073,Cherokee County,70466,36353,34113,29381,14678,14703,8117,4444,3673,30608,16053,14555,2360,1178,1182
0.5 Scen,2049,073,Cherokee County,71129,36700,34429,29243,14618,14625,8107,4438,3669,31370,16436,14934,2409,1208,1201
0.5 Scen,2050,073,Cherokee County,71816,37059,34757,29109,14562,14547,8099,4430,3669,32150,16833,15317,2458,1234,1224
0.5 Scen,2010,075,Childress County,7041,4121,2920,4327,2232,2095,684,552,132,1885,1262,623,145,75,70
0.5 Scen,2011,075,Childress County,7078,4150,2928,4333,2242,2091,685,554,131,1912,1277,635,148,77,71
0.5 Scen,2012,075,Childress County,7117,4172,2945,4340,2247,2093,687,554,133,1940,1293,647,150,78,72
0.5 Scen,2013,075,Childress County,7150,4197,2953,4336,2251,2085,693,558,135,1968,1308,660,153,80,73
0.5 Scen,2014,075,Childress County,7175,4207,2968,4329,2248,2081,693,556,137,1997,1322,675,156,81,75
0.5 Scen,2015,075,Childress County,7214,4237,2977,4338,2262,2076,696,558,138,2021,1334,687,159,83,76
0.5 Scen,2016,075,Childress County,7227,4248,2979,4323,2261,2062,695,556,139,2048,1348,700,161,83,78
0.5 Scen,2017,075,Childress County,7254,4265,2989,4318,2262,2056,695,555,140,2075,1362,713,166,86,80
0.5 Scen,2018,075,Childress County,7276,4281,2995,4312,2266,2046,696,554,142,2099,1374,725,169,87,82
0.5 Scen,2019,075,Childress County,7308,4300,3008,4313,2270,2043,699,555,144,2124,1386,738,172,89,83
0.5 Scen,2020,075,Childress County,7330,4316,3014,4306,2273,2033,699,554,145,2150,1399,751,175,90,85
0.5 Scen,2021,075,Childress County,7364,4331,3033,4308,2274,2034,699,553,146,2179,1412,767,178,92,86
0.5 Scen,2022,075,Childress County,7397,4353,3044,4304,2276,2028,700,553,147,2212,1431,781,181,93,88
0.5 Scen,2023,075,Childress County,7431,4372,3059,4312,2282,2030,697,549,148,2239,1446,793,183,95,88
0.5 Scen,2024,075,Childress County,7459,4385,3074,4310,2282,2028,696,547,149,2267,1460,807,186,96,90
0.5 Scen,2025,075,Childress County,7501,4410,3091,4314,2287,2027,697,547,150,2299,1478,821,191,98,93
0.5 Scen,2026,075,Childress County,7529,4427,3102,4313,2292,2021,694,545,149,2327,1490,837,195,100,95
0.5 Scen,2027,075,Childress County,7564,4446,3118,4317,2294,2023,693,545,148,2355,1505,850,199,102,97
0.5 Scen,2028,075,Childress County,7596,4465,3131,4313,2295,2018,692,543,149,2389,1524,865,202,103,99
0.5 Scen,2029,075,Childress County,7635,4489,3146,4313,2297,2016,695,546,149,2423,1542,881,204,104,100
0.5 Scen,2030,075,Childress County,7665,4508,3157,4310,2301,2009,694,544,150,2453,1557,896,208,106,102
0.5 Scen,2031,075,Childress County,7696,4528,3168,4309,2305,2004,693,544,149,2482,1571,911,212,108,104
0.5 Scen,2032,075,Childress County,7732,4552,3180,4303,2305,1998,696,545,151,2517,1592,925,216,110,106
0.5 Scen,2033,075,Childress County,7765,4578,3187,4297,2308,1989,696,545,151,2552,1613,939,220,112,108
0.5 Scen,2034,075,Childress County,7788,4590,3198,4295,2310,1985,694,542,152,2574,1624,950,225,114,111
0.5 Scen,2035,075,Childress County,7801,4595,3206,4289,2306,1983,691,539,152,2593,1634,959,228,116,112
0.5 Scen,2036,075,Childress County,7817,4611,3206,4278,2304,1974,686,535,151,2625,1655,970,228,117,111
0.5 Scen,2037,075,Childress County,7839,4624,3215,4272,2299,1973,685,534,151,2652,1673,979,230,118,112
0.5 Scen,2038,075,Childress County,7871,4646,3225,4266,2297,1969,688,537,151,2684,1693,991,233,119,114
0.5 Scen,2039,075,Childress County,7892,4662,3230,4261,2297,1964,684,533,151,2710,1710,1000,237,122,115
0.5 Scen,2040,075,Childress County,7919,4683,3236,4258,2301,1957,686,535,151,2736,1724,1012,239,123,116
0.5 Scen,2041,075,Childress County,7943,4693,3250,4257,2301,1956,682,531,151,2765,1738,1027,239,123,116
0.5 Scen,2042,075,Childress County,7980,4723,3257,4258,2308,1950,687,536,151,2794,1755,1039,241,124,117
0.5 Scen,2043,075,Childress County,8010,4741,3269,4259,2310,1949,686,535,151,2823,1772,1051,242,124,118
0.5 Scen,2044,075,Childress County,8032,4756,3276,4254,2312,1942,682,531,151,2851,1788,1063,245,125,120
0.5 Scen,2045,075,Childress County,8051,4767,3284,4251,2313,1938,680,529,151,2872,1798,1074,248,127,121
0.5 Scen,2046,075,Childress County,8082,4785,3297,4253,2316,1937,679,528,151,2900,1813,1087,250,128,122
0.5 Scen,2047,075,Childress County,8111,4797,3314,4252,2313,1939,676,526,150,2931,1829,1102,252,129,123
0.5 Scen,2048,075,Childress County,8137,4808,3329,4253,2312,1941,672,523,149,2960,1844,1116,252,129,123
0.5 Scen,2049,075,Childress County,8156,4825,3331,4246,2315,1931,669,522,147,2988,1859,1129,253,129,124
0.5 Scen,2050,075,Childress County,8179,4837,3342,4242,2314,1928,667,521,146,3016,1873,1143,254,129,125
0.5 Scen,2010,077,Clay County,10752,5283,5469,9941,4896,5045,53,32,21,467,216,251,291,139,152
0.5 Scen,2011,077,Clay County,10815,5310,5505,9994,4918,5076,53,32,21,474,220,254,294,140,154
0.5 Scen,2012,077,Clay County,10855,5329,5526,10025,4932,5093,53,32,21,481,224,257,296,141,155
0.5 Scen,2013,077,Clay County,10890,5346,5544,10048,4943,5105,53,32,21,488,228,260,301,143,158
0.5 Scen,2014,077,Clay County,10936,5370,5566,10081,4960,5121,53,32,21,496,232,264,306,146,160
0.5 Scen,2015,077,Clay County,10986,5387,5599,10121,4970,5151,53,32,21,503,237,266,309,148,161
0.5 Scen,2016,077,Clay County,11041,5407,5634,10162,4984,5178,53,32,21,515,242,273,311,149,162
0.5 Scen,2017,077,Clay County,11103,5436,5667,10209,5004,5205,53,32,21,526,248,278,315,152,163
0.5 Scen,2018,077,Clay County,11156,5465,5691,10249,5025,5224,53,32,21,536,254,282,318,154,164
0.5 Scen,2019,077,Clay County,11214,5493,5721,10293,5045,5248,53,32,21,547,260,287,321,156,165
0.5 Scen,2020,077,Clay County,11276,5517,5759,10340,5062,5278,53,32,21,559,266,293,324,157,167
0.5 Scen,2021,077,Clay County,11336,5551,5785,10384,5087,5297,53,32,21,573,273,300,326,159,167
0.5 Scen,2022,077,Clay County,11389,5578,5811,10421,5107,5314,53,32,21,586,279,307,329,160,169
0.5 Scen,2023,077,Clay County,11449,5604,5845,10465,5124,5341,53,32,21,599,286,313,332,162,170
0.5 Scen,2024,077,Clay County,11501,5629,5872,10505,5142,5363,53,32,21,610,292,318,333,163,170
0.5 Scen,2025,077,Clay County,11561,5658,5903,10554,5164,5390,52,31,21,621,299,322,334,164,170
0.5 Scen,2026,077,Clay County,11620,5690,5930,10600,5189,5411,52,31,21,633,305,328,335,165,170
0.5 Scen,2027,077,Clay County,11670,5717,5953,10637,5208,5429,52,31,21,644,312,332,337,166,171
0.5 Scen,2028,077,Clay County,11710,5740,5970,10666,5224,5442,52,31,21,656,318,338,336,167,169
0.5 Scen,2029,077,Clay County,11758,5765,5993,10701,5243,5458,52,31,21,667,324,343,338,167,171
0.5 Scen,2030,077,Clay County,11803,5792,6011,10733,5262,5471,52,31,21,679,331,348,339,168,171
0.5 Scen,2031,077,Clay County,11838,5809,6029,10757,5273,5484,52,31,21,690,337,353,339,168,171
0.5 Scen,2032,077,Clay County,11876,5828,6048,10781,5285,5496,52,31,21,701,343,358,342,169,173
0.5 Scen,2033,077,Clay County,11898,5841,6057,10794,5293,5501,52,31,21,710,348,362,342,169,173
0.5 Scen,2034,077,Clay County,11925,5857,6068,10814,5304,5510,52,31,21,717,353,364,342,169,173
0.5 Scen,2035,077,Clay County,11960,5877,6083,10840,5318,5522,52,31,21,725,358,367,343,170,173
0.5 Scen,2036,077,Clay County,11980,5892,6088,10851,5328,5523,51,31,20,734,363,371,344,170,174
0.5 Scen,2037,077,Clay County,12008,5906,6102,10868,5336,5532,51,31,20,743,368,375,346,171,175
0.5 Scen,2038,077,Clay County,12018,5920,6098,10873,5345,5528,51,31,20,749,372,377,345,172,173
0.5 Scen,2039,077,Clay County,12029,5926,6103,10875,5347,5528,51,31,20,758,377,381,345,171,174
0.5 Scen,2040,077,Clay County,12041,5939,6102,10880,5356,5524,50,30,20,766,382,384,345,171,174
0.5 Scen,2041,077,Clay County,12049,5946,6103,10879,5358,5521,49,29,20,774,387,387,347,172,175
0.5 Scen,2042,077,Clay County,12060,5957,6103,10880,5363,5517,49,29,20,782,392,390,349,173,176
0.5 Scen,2043,077,Clay County,12070,5962,6108,10881,5364,5517,48,28,20,790,396,394,351,174,177
0.5 Scen,2044,077,Clay County,12075,5968,6107,10879,5367,5512,48,27,21,797,400,397,351,174,177
0.5 Scen,2045,077,Clay County,12082,5980,6102,10878,5375,5503,48,27,21,805,404,401,351,174,177
0.5 Scen,2046,077,Clay County,12090,5990,6100,10879,5380,5499,48,27,21,812,408,404,351,175,176
0.5 Scen,2047,077,Clay County,12092,5998,6094,10877,5385,5492,49,28,21,815,410,405,351,175,176
0.5 Scen,2048,077,Clay County,12094,6003,6091,10876,5388,5488,47,27,20,822,413,409,349,175,174
0.5 Scen,2049,077,Clay County,12103,6016,6087,10878,5397,5481,47,27,20,828,417,411,350,175,175
0.5 Scen,2050,077,Clay County,12111,6023,6088,10888,5405,5483,44,26,18,831,419,412,348,173,175
0.5 Scen,2010,079,Cochran County,3127,1535,1592,1329,651,678,110,50,60,1654,820,834,34,14,20
0.5 Scen,2011,079,Cochran County,3161,1555,1606,1333,654,679,111,51,60,1683,836,847,34,14,20
0.5 Scen,2012,079,Cochran County,3196,1572,1624,1339,656,683,111,51,60,1712,851,861,34,14,20
0.5 Scen,2013,079,Cochran County,3238,1594,1644,1347,660,687,112,52,60,1745,868,877,34,14,20
0.5 Scen,2014,079,Cochran County,3277,1616,1661,1355,666,689,114,53,61,1774,883,891,34,14,20
0.5 Scen,2015,079,Cochran County,3316,1637,1679,1359,670,689,115,53,62,1808,900,908,34,14,20
0.5 Scen,2016,079,Cochran County,3355,1658,1697,1363,671,692,117,54,63,1841,919,922,34,14,20
0.5 Scen,2017,079,Cochran County,3396,1681,1715,1366,673,693,119,55,64,1877,939,938,34,14,20
0.5 Scen,2018,079,Cochran County,3431,1701,1730,1367,676,691,120,55,65,1911,957,954,33,13,20
0.5 Scen,2019,079,Cochran County,3468,1723,1745,1369,678,691,121,56,65,1946,976,970,32,13,19
0.5 Scen,2020,079,Cochran County,3503,1740,1763,1369,677,692,121,56,65,1981,994,987,32,13,19
0.5 Scen,2021,079,Cochran County,3542,1763,1779,1370,678,692,122,57,65,2018,1015,1003,32,13,19
0.5 Scen,2022,079,Cochran County,3583,1786,1797,1374,681,693,121,56,65,2056,1036,1020,32,13,19
0.5 Scen,2023,079,Cochran County,3617,1808,1809,1373,684,689,120,56,64,2092,1055,1037,32,13,19
0.5 Scen,2024,079,Cochran County,3644,1824,1820,1367,683,684,119,55,64,2126,1073,1053,32,13,19
0.5 Scen,2025,079,Cochran County,3679,1846,1833,1364,684,680,119,56,63,2164,1093,1071,32,13,19
0.5 Scen,2026,079,Cochran County,3709,1865,1844,1357,682,675,120,57,63,2200,1113,1087,32,13,19
0.5 Scen,2027,079,Cochran County,3744,1886,1858,1354,684,670,119,57,62,2239,1132,1107,32,13,19
0.5 Scen,2028,079,Cochran County,3777,1906,1871,1348,682,666,118,56,62,2279,1155,1124,32,13,19
0.5 Scen,2029,079,Cochran County,3802,1923,1879,1338,680,658,118,57,61,2314,1173,1141,32,13,19
0.5 Scen,2030,079,Cochran County,3829,1938,1891,1331,679,652,118,57,61,2347,1189,1158,33,13,20
0.5 Scen,2031,079,Cochran County,3847,1947,1900,1318,672,646,117,56,61,2379,1206,1173,33,13,20
0.5 Scen,2032,079,Cochran County,3876,1959,1917,1316,669,647,117,56,61,2410,1221,1189,33,13,20
0.5 Scen,2033,079,Cochran County,3880,1959,1921,1308,665,643,115,55,60,2424,1226,1198,33,13,20
0.5 Scen,2034,079,Cochran County,3898,1972,1926,1298,661,637,116,55,61,2451,1243,1208,33,13,20
0.5 Scen,2035,079,Cochran County,3909,1980,1929,1288,655,633,115,55,60,2475,1257,1218,31,13,18
0.5 Scen,2036,079,Cochran County,3932,1992,1940,1285,654,631,115,55,60,2501,1270,1231,31,13,18
0.5 Scen,2037,079,Cochran County,3943,1999,1944,1273,648,625,114,55,59,2525,1283,1242,31,13,18
0.5 Scen,2038,079,Cochran County,3963,2010,1953,1264,645,619,115,55,60,2553,1297,1256,31,13,18
0.5 Scen,2039,079,Cochran County,3983,2019,1964,1255,639,616,115,56,59,2582,1311,1271,31,13,18
0.5 Scen,2040,079,Cochran County,3994,2023,1971,1240,632,608,115,55,60,2607,1323,1284,32,13,19
0.5 Scen,2041,079,Cochran County,4006,2028,1978,1231,626,605,115,56,59,2629,1334,1295,31,12,19
0.5 Scen,2042,079,Cochran County,4027,2038,1989,1225,623,602,115,55,60,2656,1348,1308,31,12,19
0.5 Scen,2043,079,Cochran County,4040,2047,1993,1217,619,598,114,55,59,2678,1361,1317,31,12,19
0.5 Scen,2044,079,Cochran County,4051,2054,1997,1205,614,591,113,54,59,2702,1374,1328,31,12,19
0.5 Scen,2045,079,Cochran County,4064,2061,2003,1199,611,588,112,54,58,2724,1384,1340,29,12,17
0.5 Scen,2046,079,Cochran County,4078,2067,2011,1190,606,584,111,53,58,2749,1397,1352,28,11,17
0.5 Scen,2047,079,Cochran County,4089,2075,2014,1182,604,578,110,53,57,2769,1407,1362,28,11,17
0.5 Scen,2048,079,Cochran County,4100,2081,2019,1169,597,572,109,52,57,2795,1421,1374,27,11,16
0.5 Scen,2049,079,Cochran County,4123,2094,2029,1166,595,571,108,52,56,2822,1436,1386,27,11,16
0.5 Scen,2050,079,Cochran County,4135,2100,2035,1156,591,565,107,52,55,2846,1446,1400,26,11,15
0.5 Scen,2010,081,Coke County,3320,1626,1694,2651,1279,1372,7,5,2,602,312,290,60,30,30
0.5 Scen,2011,081,Coke County,3305,1617,1688,2627,1265,1362,7,5,2,610,316,294,61,31,30
0.5 Scen,2012,081,Coke County,3293,1611,1682,2606,1255,1351,7,5,2,618,320,298,62,31,31
0.5 Scen,2013,081,Coke County,3277,1602,1675,2582,1242,1340,7,5,2,626,323,303,62,32,30
0.5 Scen,2014,081,Coke County,3261,1595,1666,2557,1231,1326,7,5,2,634,327,307,63,32,31
0.5 Scen,2015,081,Coke County,3250,1590,1660,2536,1220,1316,7,5,2,643,332,311,64,33,31
0.5 Scen,2016,081,Coke County,3231,1583,1648,2507,1208,1299,7,5,2,652,337,315,65,33,32
0.5 Scen,2017,081,Coke County,3210,1578,1632,2476,1197,1279,7,5,2,661,342,319,66,34,32
0.5 Scen,2018,081,Coke County,3193,1572,1621,2449,1186,1263,7,5,2,670,347,323,67,34,33
0.5 Scen,2019,081,Coke County,3182,1571,1611,2425,1178,1247,7,5,2,682,353,329,68,35,33
0.5 Scen,2020,081,Coke County,3163,1566,1597,2395,1167,1228,7,5,2,692,359,333,69,35,34
0.5 Scen,2021,081,Coke County,3155,1564,1591,2376,1158,1218,7,5,2,702,365,337,70,36,34
0.5 Scen,2022,081,Coke County,3153,1562,1591,2362,1151,1211,7,5,2,713,371,342,71,35,36
0.5 Scen,2023,081,Coke County,3140,1559,1581,2336,1141,1195,7,5,2,725,377,348,72,36,36
0.5 Scen,2024,081,Coke County,3138,1560,1578,2321,1135,1186,7,5,2,737,384,353,73,36,37
0.5 Scen,2025,081,Coke County,3125,1556,1569,2294,1123,1171,7,5,2,750,391,359,74,37,37
0.5 Scen,2026,081,Coke County,3118,1550,1568,2273,1110,1163,7,5,2,763,398,365,75,37,38
0.5 Scen,2027,081,Coke County,3104,1547,1557,2250,1100,1150,7,5,2,774,405,369,73,37,36
0.5 Scen,2028,081,Coke County,3097,1542,1555,2230,1090,1140,7,5,2,785,410,375,75,37,38
0.5 Scen,2029,081,Coke County,3091,1543,1548,2210,1083,1127,7,5,2,797,416,381,77,39,38
0.5 Scen,2030,081,Coke County,3075,1537,1538,2183,1072,1111,7,5,2,808,421,387,77,39,38
0.5 Scen,2031,081,Coke County,3068,1533,1535,2167,1065,1102,7,5,2,819,426,393,75,37,38
0.5 Scen,2032,081,Coke County,3056,1529,1527,2144,1055,1089,7,5,2,830,432,398,75,37,38
0.5 Scen,2033,081,Coke County,3041,1524,1517,2122,1045,1077,7,5,2,838,437,401,74,37,37
0.5 Scen,2034,081,Coke County,3021,1518,1503,2093,1034,1059,7,5,2,847,442,405,74,37,37
0.5 Scen,2035,081,Coke County,3002,1508,1494,2065,1019,1046,7,5,2,856,447,409,74,37,37
0.5 Scen,2036,081,Coke County,2984,1501,1483,2037,1007,1030,7,5,2,866,452,414,74,37,37
0.5 Scen,2037,081,Coke County,2965,1496,1469,2010,997,1013,7,5,2,876,457,419,72,37,35
0.5 Scen,2038,081,Coke County,2945,1490,1455,1981,986,995,7,5,2,885,462,423,72,37,35
0.5 Scen,2039,081,Coke County,2929,1482,1447,1956,974,982,7,5,2,893,466,427,73,37,36
0.5 Scen,2040,081,Coke County,2912,1474,1438,1929,961,968,7,5,2,903,471,432,73,37,36
0.5 Scen,2041,081,Coke County,2899,1472,1427,1907,954,953,7,5,2,911,475,436,74,38,36
0.5 Scen,2042,081,Coke County,2884,1467,1417,1883,944,939,7,5,2,920,480,440,74,38,36
0.5 Scen,2043,081,Coke County,2876,1465,1411,1866,937,929,7,5,2,930,486,444,73,37,36
0.5 Scen,2044,081,Coke County,2858,1456,1402,1840,924,916,7,5,2,939,491,448,72,36,36
0.5 Scen,2045,081,Coke County,2849,1454,1395,1824,918,906,7,5,2,946,495,451,72,36,36
0.5 Scen,2046,081,Coke County,2838,1449,1389,1808,910,898,7,5,2,952,499,453,71,35,36
0.5 Scen,2047,081,Coke County,2825,1444,1381,1792,903,889,7,5,2,955,501,454,71,35,36
0.5 Scen,2048,081,Coke County,2813,1438,1375,1775,895,880,7,5,2,962,504,458,69,34,35
0.5 Scen,2049,081,Coke County,2800,1435,1365,1757,888,869,7,5,2,966,507,459,70,35,35
0.5 Scen,2050,081,Coke County,2791,1438,1353,1740,885,855,7,5,2,974,513,461,70,35,35
0.5 Scen,2010,083,Coleman County,8895,4416,4479,7123,3542,3581,186,95,91,1419,697,722,167,82,85
0.5 Scen,2011,083,Coleman County,8903,4427,4476,7105,3539,3566,188,96,92,1441,709,732,169,83,86
0.5 Scen,2012,083,Coleman County,8905,4434,4471,7082,3532,3550,190,97,93,1463,721,742,170,84,86
0.5 Scen,2013,083,Coleman County,8903,4443,4460,7055,3527,3528,191,98,93,1486,734,752,171,84,87
0.5 Scen,2014,083,Coleman County,8907,4453,4454,7031,3522,3509,193,99,94,1510,747,763,173,85,88
0.5 Scen,2015,083,Coleman County,8909,4462,4447,7001,3515,3486,195,100,95,1537,760,777,176,87,89
0.5 Scen,2016,083,Coleman County,8902,4469,4433,6965,3506,3459,196,100,96,1563,775,788,178,88,90
0.5 Scen,2017,083,Coleman County,8914,4479,4435,6944,3497,3447,197,101,96,1593,793,800,180,88,92
0.5 Scen,2018,083,Coleman County,8919,4485,4434,6915,3484,3431,198,101,97,1624,811,813,182,89,93
0.5 Scen,2019,083,Coleman County,8929,4502,4427,6893,3482,3411,197,102,95,1657,830,827,182,88,94
0.5 Scen,2020,083,Coleman County,8945,4516,4429,6870,3473,3397,201,103,98,1689,850,839,185,90,95
0.5 Scen,2021,083,Coleman County,8956,4536,4420,6843,3465,3378,201,104,97,1724,875,849,188,92,96
0.5 Scen,2022,083,Coleman County,8968,4550,4418,6818,3454,3364,201,105,96,1761,899,862,188,92,96
0.5 Scen,2023,083,Coleman County,8992,4576,4416,6801,3453,3348,202,106,96,1799,923,876,190,94,96
0.5 Scen,2024,083,Coleman County,9008,4594,4414,6775,3444,3331,204,107,97,1837,948,889,192,95,97
0.5 Scen,2025,083,Coleman County,9025,4618,4407,6750,3440,3310,204,107,97,1877,975,902,194,96,98
0.5 Scen,2026,083,Coleman County,9034,4632,4402,6722,3431,3291,204,107,97,1913,998,915,195,96,99
0.5 Scen,2027,083,Coleman County,9049,4654,4395,6702,3431,3271,204,107,97,1946,1019,927,197,97,100
0.5 Scen,2028,083,Coleman County,9066,4681,4385,6682,3434,3248,205,107,98,1980,1042,938,199,98,101
0.5 Scen,2029,083,Coleman County,9083,4705,4378,6661,3432,3229,205,107,98,2016,1067,949,201,99,102
0.5 Scen,2030,083,Coleman County,9089,4722,4367,6634,3428,3206,205,107,98,2049,1088,961,201,99,102
0.5 Scen,2031,083,Coleman County,9088,4732,4356,6598,3415,3183,205,107,98,2084,1112,972,201,98,103
0.5 Scen,2032,083,Coleman County,9094,4748,4346,6573,3410,3163,206,107,99,2114,1133,981,201,98,103
0.5 Scen,2033,083,Coleman County,9091,4763,4328,6535,3400,3135,206,107,99,2149,1158,991,201,98,103
0.5 Scen,2034,083,Coleman County,9088,4766,4322,6510,3389,3121,207,107,100,2171,1172,999,200,98,102
0.5 Scen,2035,083,Coleman County,9088,4783,4305,6484,3384,3100,207,107,100,2197,1193,1004,200,99,101
0.5 Scen,2036,083,Coleman County,9073,4788,4285,6440,3368,3072,206,106,100,2226,1214,1012,201,100,101
0.5 Scen,2037,083,Coleman County,9076,4800,4276,6416,3360,3056,206,106,100,2252,1233,1019,202,101,101
0.5 Scen,2038,083,Coleman County,9069,4808,4261,6380,3348,3032,205,105,100,2283,1255,1028,201,100,101
0.5 Scen,2039,083,Coleman County,9062,4821,4241,6347,3336,3011,203,104,99,2311,1281,1030,201,100,101
0.5 Scen,2040,083,Coleman County,9063,4830,4233,6319,3323,2996,201,103,98,2342,1305,1037,201,99,102
0.5 Scen,2041,083,Coleman County,9062,4850,4212,6285,3316,2969,200,103,97,2375,1330,1045,202,101,101
0.5 Scen,2042,083,Coleman County,9079,4866,4213,6265,3306,2959,199,102,97,2412,1357,1055,203,101,102
0.5 Scen,2043,083,Coleman County,9086,4883,4203,6235,3295,2940,198,102,96,2448,1383,1065,205,103,102
0.5 Scen,2044,083,Coleman County,9089,4895,4194,6207,3284,2923,197,101,96,2482,1408,1074,203,102,101
0.5 Scen,2045,083,Coleman County,9090,4907,4183,6178,3271,2907,195,100,95,2514,1434,1080,203,102,101
0.5 Scen,2046,083,Coleman County,9094,4926,4168,6150,3265,2885,194,99,95,2546,1459,1087,204,103,101
0.5 Scen,2047,083,Coleman County,9096,4941,4155,6123,3257,2866,191,97,94,2579,1484,1095,203,103,100
0.5 Scen,2048,083,Coleman County,9111,4966,4145,6106,3254,2852,190,96,94,2614,1514,1100,201,102,99
0.5 Scen,2049,083,Coleman County,9126,4986,4140,6088,3249,2839,187,95,92,2650,1540,1110,201,102,99
0.5 Scen,2050,083,Coleman County,9137,4997,4140,6073,3240,2833,183,93,90,2679,1562,1117,202,102,100
0.5 Scen,2010,085,Collin County,782341,384363,397978,493492,242557,250935,64715,30250,34465,115354,58542,56812,108780,53014,55766
0.5 Scen,2011,085,Collin County,800967,393409,407558,500519,245984,254535,67005,31315,35690,120275,60956,59319,113168,55154,58014
0.5 Scen,2012,085,Collin County,819748,402601,417147,507445,249417,258028,69341,32408,36933,125379,63464,61915,117583,57312,60271
0.5 Scen,2013,085,Collin County,838649,411832,426817,514114,252731,261383,71781,33525,38256,130675,66059,64616,122079,59517,62562
0.5 Scen,2014,085,Collin County,857830,421098,436732,520746,255951,264795,74272,34658,39614,136141,68747,67394,126671,61742,64929
0.5 Scen,2015,085,Collin County,877059,430426,446633,527167,259116,268051,76807,35831,40976,141818,71507,70311,131267,63972,67295
0.5 Scen,2016,085,Collin County,896297,439834,456463,533275,262160,271115,79418,37048,42370,147713,74388,73325,135891,66238,69653
0.5 Scen,2017,085,Collin County,915972,449258,466714,539306,265040,274266,82136,38266,43870,153826,77377,76449,140704,68575,72129
0.5 Scen,2018,085,Collin County,935596,458889,476707,545122,267941,277181,84870,39549,45321,160165,80475,79690,145439,70924,74515
0.5 Scen,2019,085,Collin County,955594,468367,487227,550712,270616,280096,87728,40842,46886,166786,83694,83092,150368,73215,77153
0.5 Scen,2020,085,Collin County,975957,478353,497604,556288,273383,282905,90598,42171,48427,173643,87034,86609,155428,75765,79663
0.5 Scen,2021,085,Collin County,996921,488434,508487,561889,276084,285805,93623,43536,50087,180778,90514,90264,160631,78300,82331
0.5 Scen,2022,085,Collin County,1018068,498484,519584,567393,278686,288707,96638,44917,51721,188158,94097,94061,165879,80784,85095
0.5 Scen,2023,085,Collin County,1040234,509125,531109,572977,281401,291576,99806,46358,53448,195885,97866,98019,171566,83500,88066
0.5 Scen,2024,085,Collin County,1062688,520064,542624,578561,284111,294450,102904,47769,55135,203860,101748,102112,177363,86436,90927
0.5 Scen,2025,085,Collin County,1085840,531254,554586,584183,286845,297338,106202,49291,56911,212140,105771,106369,183315,89347,93968
0.5 Scen,2026,085,Collin County,1109669,542704,566965,589818,289621,300197,109555,50834,58721,220723,109950,110773,189573,92299,97274
0.5 Scen,2027,085,Collin County,1134273,554682,579591,595568,292477,303091,112987,52373,60614,229599,114298,115301,196119,95534,100585
0.5 Scen,2028,085,Collin County,1158947,566555,592392,601243,295254,305989,116409,53950,62459,238794,118746,120048,202501,98605,103896
0.5 Scen,2029,085,Collin County,1185025,579154,605871,607079,298154,308925,119960,55539,64421,248307,123377,124930,209679,102084,107595
0.5 Scen,2030,085,Collin County,1211461,592079,619382,612808,301000,311808,123505,57153,66352,258071,128147,129924,217077,105779,111298
0.5 Scen,2031,085,Collin County,1238319,605092,633227,618483,303848,314635,127149,58843,68306,268228,133075,135153,224459,109326,115133
0.5 Scen,2032,085,Collin County,1265684,618557,647127,624064,306650,317414,130704,60483,70221,278679,138160,140519,232237,113264,118973
0.5 Scen,2033,085,Collin County,1293266,631897,661369,629487,309412,320075,134310,62082,72228,289302,143318,145984,240167,117085,123082
0.5 Scen,2034,085,Collin County,1321293,645715,675578,634729,312128,322601,138022,63821,74201,300300,148651,151649,248242,121115,127127
0.5 Scen,2035,085,Collin County,1350148,659615,690533,639867,314804,325063,141759,65518,76241,311528,154094,157434,256994,125199,131795
0.5 Scen,2036,085,Collin County,1378973,673712,705261,644749,317314,327435,145416,67167,78249,323070,159658,163412,265738,129573,136165
0.5 Scen,2037,085,Collin County,1407956,687935,720021,649424,319767,329657,149102,68840,80262,334908,165372,169536,274522,133956,140566
0.5 Scen,2038,085,Collin County,1437221,702116,735105,653880,322111,331769,152816,70555,82261,346965,171192,175773,283560,138258,145302
0.5 Scen,2039,085,Collin County,1466561,716408,750153,657966,324260,333706,156428,72190,84238,359319,177132,182187,292848,142826,150022
0.5 Scen,2040,085,Collin County,1496177,730887,765290,661824,326318,335506,160294,74014,86280,371890,183198,188692,302169,147357,154812
0.5 Scen,2041,085,Collin County,1525744,745172,780572,665367,328202,337165,163960,75720,88240,384775,189365,195410,311642,151885,159757
0.5 Scen,2042,085,Collin County,1555206,759570,795636,668590,329969,338621,167566,77362,90204,397973,195703,202270,321077,156536,164541
0.5 Scen,2043,085,Collin County,1584891,773946,810945,671470,331534,339936,171376,79097,92279,411475,202153,209322,330570,161162,169408
0.5 Scen,2044,085,Collin County,1614565,788232,826333,674033,332957,341076,175038,80773,94265,425251,208751,216500,340243,165751,174492
0.5 Scen,2045,085,Collin County,1644157,802621,841536,676270,334222,342048,178687,82501,96186,439286,215440,223846,349914,170458,179456
0.5 Scen,2046,085,Collin County,1673854,817061,856793,678231,335358,342873,182455,84292,98163,453663,222336,231327,359505,175075,184430
0.5 Scen,2047,085,Collin County,1703615,831527,872088,679959,336389,343570,186252,86024,100228,468407,229369,239038,368997,179745,189252
0.5 Scen,2048,085,Collin County,1733595,846148,887447,681504,337338,344166,189937,87729,102208,483434,236557,246877,378720,184524,194196
0.5 Scen,2049,085,Collin County,1764077,860914,903163,682862,338203,344659,193660,89516,104144,498856,243944,254912,388699,189251,199448
0.5 Scen,2050,085,Collin County,1794493,875614,918879,684103,339014,345089,197337,91156,106181,514618,251494,263124,398435,193950,204485
0.5 Scen,2010,087,Collingsworth County,3057,1498,1559,1937,954,983,122,52,70,916,452,464,82,40,42
0.5 Scen,2011,087,Collingsworth County,3070,1508,1562,1930,951,979,122,53,69,935,463,472,83,41,42
0.5 Scen,2012,087,Collingsworth County,3088,1518,1570,1926,950,976,122,53,69,957,474,483,83,41,42
0.5 Scen,2013,087,Collingsworth County,3104,1531,1573,1921,950,971,122,54,68,977,485,492,84,42,42
0.5 Scen,2014,087,Collingsworth County,3120,1539,1581,1913,948,965,122,54,68,1000,495,505,85,42,43
0.5 Scen,2015,087,Collingsworth County,3139,1551,1588,1909,948,961,122,54,68,1023,507,516,85,42,43
0.5 Scen,2016,087,Collingsworth County,3158,1564,1594,1904,949,955,123,54,69,1046,519,527,85,42,43
0.5 Scen,2017,087,Collingsworth County,3175,1575,1600,1898,948,950,124,55,69,1068,530,538,85,42,43
0.5 Scen,2018,087,Collingsworth County,3201,1589,1612,1897,949,948,124,55,69,1094,543,551,86,42,44
0.5 Scen,2019,087,Collingsworth County,3223,1601,1622,1891,947,944,125,56,69,1120,555,565,87,43,44
0.5 Scen,2020,087,Collingsworth County,3249,1612,1637,1890,945,945,126,56,70,1144,568,576,89,43,46
0.5 Scen,2021,087,Collingsworth County,3266,1625,1641,1881,943,938,127,57,70,1168,581,587,90,44,46
0.5 Scen,2022,087,Collingsworth County,3287,1637,1650,1875,941,934,128,57,71,1193,595,598,91,44,47
0.5 Scen,2023,087,Collingsworth County,3299,1651,1648,1861,938,923,128,57,71,1217,610,607,93,46,47
0.5 Scen,2024,087,Collingsworth County,3314,1662,1652,1851,936,915,129,57,72,1240,623,617,94,46,48
0.5 Scen,2025,087,Collingsworth County,3329,1675,1654,1839,935,904,128,57,71,1267,636,631,95,47,48
0.5 Scen,2026,087,Collingsworth County,3347,1690,1657,1828,934,894,129,58,71,1294,651,643,96,47,49
0.5 Scen,2027,087,Collingsworth County,3363,1700,1663,1821,932,889,126,56,70,1319,664,655,97,48,49
0.5 Scen,2028,087,Collingsworth County,3385,1712,1673,1815,929,886,127,57,70,1345,678,667,98,48,50
0.5 Scen,2029,087,Collingsworth County,3403,1728,1675,1805,929,876,126,57,69,1373,693,680,99,49,50
0.5 Scen,2030,087,Collingsworth County,3422,1739,1683,1796,926,870,125,56,69,1401,708,693,100,49,51
0.5 Scen,2031,087,Collingsworth County,3440,1748,1692,1786,918,868,125,57,68,1428,723,705,101,50,51
0.5 Scen,2032,087,Collingsworth County,3464,1761,1703,1780,915,865,124,57,67,1457,738,719,103,51,52
0.5 Scen,2033,087,Collingsworth County,3488,1776,1712,1772,912,860,124,58,66,1487,754,733,105,52,53
0.5 Scen,2034,087,Collingsworth County,3512,1789,1723,1763,909,854,124,58,66,1519,770,749,106,52,54
0.5 Scen,2035,087,Collingsworth County,3528,1800,1728,1751,905,846,124,59,65,1547,783,764,106,53,53
0.5 Scen,2036,087,Collingsworth County,3536,1803,1733,1741,901,840,122,57,65,1566,792,774,107,53,54
0.5 Scen,2037,087,Collingsworth County,3541,1809,1732,1724,893,831,121,57,64,1588,805,783,108,54,54
0.5 Scen,2038,087,Collingsworth County,3549,1812,1737,1708,885,823,121,56,65,1611,817,794,109,54,55
0.5 Scen,2039,087,Collingsworth County,3558,1818,1740,1696,880,816,120,56,64,1633,827,806,109,55,54
0.5 Scen,2040,087,Collingsworth County,3561,1821,1740,1683,875,808,118,55,63,1651,836,815,109,55,54
0.5 Scen,2041,087,Collingsworth County,3569,1828,1741,1672,870,802,117,55,62,1670,847,823,110,56,54
0.5 Scen,2042,087,Collingsworth County,3578,1833,1745,1661,867,794,116,54,62,1691,856,835,110,56,54
0.5 Scen,2043,087,Collingsworth County,3582,1837,1745,1652,862,790,115,54,61,1705,864,841,110,57,53
0.5 Scen,2044,087,Collingsworth County,3601,1845,1756,1644,858,786,115,54,61,1733,877,856,109,56,53
0.5 Scen,2045,087,Collingsworth County,3613,1853,1760,1635,853,782,114,54,60,1755,889,866,109,57,52
0.5 Scen,2046,087,Collingsworth County,3629,1862,1767,1624,849,775,114,53,61,1782,904,878,109,56,53
0.5 Scen,2047,087,Collingsworth County,3636,1869,1767,1611,844,767,112,52,60,1806,917,889,107,56,51
0.5 Scen,2048,087,Collingsworth County,3651,1879,1772,1601,840,761,112,52,60,1832,932,900,106,55,51
0.5 Scen,2049,087,Collingsworth County,3663,1888,1775,1590,835,755,111,52,59,1857,946,911,105,55,50
0.5 Scen,2050,087,Collingsworth County,3674,1898,1776,1576,833,743,110,51,59,1884,960,924,104,54,50
0.5 Scen,2010,089,Colorado County,20874,10347,10527,12496,6119,6377,2636,1259,1377,5452,2831,2621,290,138,152
0.5 Scen,2011,089,Colorado County,20978,10417,10561,12451,6107,6344,2656,1271,1385,5578,2899,2679,293,140,153
0.5 Scen,2012,089,Colorado County,21072,10479,10593,12374,6081,6293,2684,1285,1399,5717,2971,2746,297,142,155
0.5 Scen,2013,089,Colorado County,21143,10533,10610,12293,6055,6238,2705,1298,1407,5843,3036,2807,302,144,158
0.5 Scen,2014,089,Colorado County,21244,10593,10651,12231,6026,6205,2731,1312,1419,5978,3109,2869,304,146,158
0.5 Scen,2015,089,Colorado County,21356,10656,10700,12181,6003,6178,2746,1321,1425,6120,3185,2935,309,147,162
0.5 Scen,2016,089,Colorado County,21451,10719,10732,12125,5982,6143,2756,1329,1427,6256,3257,2999,314,151,163
0.5 Scen,2017,089,Colorado County,21552,10777,10775,12064,5955,6109,2767,1335,1432,6403,3333,3070,318,154,164
0.5 Scen,2018,089,Colorado County,21678,10845,10833,12027,5945,6082,2781,1341,1440,6548,3403,3145,322,156,166
0.5 Scen,2019,089,Colorado County,21792,10916,10876,11976,5927,6049,2787,1348,1439,6701,3481,3220,328,160,168
0.5 Scen,2020,089,Colorado County,21903,10985,10918,11927,5910,6017,2793,1351,1442,6851,3561,3290,332,163,169
0.5 Scen,2021,089,Colorado County,22024,11048,10976,11879,5889,5990,2808,1356,1452,7001,3638,3363,336,165,171
0.5 Scen,2022,089,Colorado County,22133,11108,11025,11827,5867,5960,2815,1360,1455,7150,3713,3437,341,168,173
0.5 Scen,2023,089,Colorado County,22247,11166,11081,11783,5846,5937,2821,1364,1457,7297,3785,3512,346,171,175
0.5 Scen,2024,089,Colorado County,22347,11223,11124,11723,5821,5902,2819,1365,1454,7454,3863,3591,351,174,177
0.5 Scen,2025,089,Colorado County,22451,11283,11168,11663,5796,5867,2821,1365,1456,7611,3945,3666,356,177,179
0.5 Scen,2026,089,Colorado County,22556,11339,11217,11601,5769,5832,2826,1370,1456,7766,4020,3746,363,180,183
0.5 Scen,2027,089,Colorado County,22645,11384,11261,11542,5745,5797,2822,1368,1454,7913,4089,3824,368,182,186
0.5 Scen,2028,089,Colorado County,22725,11430,11295,11463,5708,5755,2821,1371,1450,8069,4167,3902,372,184,188
0.5 Scen,2029,089,Colorado County,22809,11484,11325,11382,5674,5708,2817,1374,1443,8233,4249,3984,377,187,190
0.5 Scen,2030,089,Colorado County,22887,11528,11359,11295,5636,5659,2812,1373,1439,8399,4330,4069,381,189,192
0.5 Scen,2031,089,Colorado County,22951,11565,11386,11203,5596,5607,2804,1372,1432,8559,4406,4153,385,191,194
0.5 Scen,2032,089,Colorado County,23025,11613,11412,11114,5557,5557,2796,1370,1426,8725,4493,4232,390,193,197
0.5 Scen,2033,089,Colorado County,23094,11657,11437,11019,5518,5501,2778,1361,1417,8903,4583,4320,394,195,199
0.5 Scen,2034,089,Colorado County,23159,11704,11455,10915,5470,5445,2770,1365,1405,9076,4672,4404,398,197,201
0.5 Scen,2035,089,Colorado County,23212,11748,11464,10817,5430,5387,2754,1363,1391,9240,4756,4484,401,199,202
0.5 Scen,2036,089,Colorado County,23264,11792,11472,10711,5388,5323,2744,1363,1381,9408,4842,4566,401,199,202
0.5 Scen,2037,089,Colorado County,23319,11835,11484,10603,5337,5266,2731,1362,1369,9582,4935,4647,403,201,202
0.5 Scen,2038,089,Colorado County,23390,11885,11505,10497,5290,5207,2729,1366,1363,9761,5026,4735,403,203,200
0.5 Scen,2039,089,Colorado County,23459,11936,11523,10389,5245,5144,2728,1368,1360,9939,5119,4820,403,204,199
0.5 Scen,2040,089,Colorado County,23535,11988,11547,10286,5199,5087,2727,1375,1352,10120,5209,4911,402,205,197
0.5 Scen,2041,089,Colorado County,23597,12032,11565,10184,5154,5030,2721,1376,1345,10290,5298,4992,402,204,198
0.5 Scen,2042,089,Colorado County,23690,12092,11598,10084,5110,4974,2721,1383,1338,10480,5394,5086,405,205,200
0.5 Scen,2043,089,Colorado County,23754,12145,11609,9971,5067,4904,2722,1388,1334,10657,5485,5172,404,205,199
0.5 Scen,2044,089,Colorado County,23842,12200,11642,9874,5023,4851,2719,1391,1328,10844,5580,5264,405,206,199
0.5 Scen,2045,089,Colorado County,23927,12263,11664,9774,4988,4786,2720,1397,1323,11029,5672,5357,404,206,198
0.5 Scen,2046,089,Colorado County,24031,12327,11704,9691,4950,4741,2719,1400,1319,11219,5771,5448,402,206,196
0.5 Scen,2047,089,Colorado County,24129,12389,11740,9602,4911,4691,2714,1403,1311,11411,5869,5542,402,206,196
0.5 Scen,2048,089,Colorado County,24237,12459,11778,9513,4875,4638,2708,1398,1310,11610,5979,5631,406,207,199
0.5 Scen,2049,089,Colorado County,24352,12530,11822,9427,4840,4587,2705,1398,1307,11813,6085,5728,407,207,200
0.5 Scen,2050,089,Colorado County,24497,12619,11878,9362,4816,4546,2706,1399,1307,12020,6195,5825,409,209,200
0.5 Scen,2010,091,Comal County,108472,53254,55218,77387,38020,39367,1606,859,747,26989,13247,13742,2490,1128,1362
0.5 Scen,2011,091,Comal County,110452,54240,56212,78511,38584,39927,1629,876,753,27740,13618,14122,2572,1162,1410
0.5 Scen,2012,091,Comal County,112466,55246,57220,79640,39147,40493,1660,897,763,28506,14004,14502,2660,1198,1462
0.5 Scen,2013,091,Comal County,114494,56247,58247,80776,39709,41067,1691,917,774,29279,14386,14893,2748,1235,1513
0.5 Scen,2014,091,Comal County,116507,57246,59261,81875,40261,41614,1715,933,782,30071,14776,15295,2846,1276,1570
0.5 Scen,2015,091,Comal County,118571,58269,60302,83008,40819,42189,1740,950,790,30893,15185,15708,2930,1315,1615
0.5 Scen,2016,091,Comal County,120634,59295,61339,84102,41357,42745,1770,967,803,31731,15605,16126,3031,1366,1665
0.5 Scen,2017,091,Comal County,122705,60302,62403,85191,41887,43304,1797,981,816,32596,16029,16567,3121,1405,1716
0.5 Scen,2018,091,Comal County,124810,61329,63481,86281,42409,43872,1827,999,828,33491,16476,17015,3211,1445,1766
0.5 Scen,2019,091,Comal County,126875,62330,64545,87330,42914,44416,1845,1005,840,34394,16924,17470,3306,1487,1819
0.5 Scen,2020,091,Comal County,128974,63368,65606,88377,43425,44952,1870,1018,852,35328,17393,17935,3399,1532,1867
0.5 Scen,2021,091,Comal County,131131,64423,66708,89437,43941,45496,1891,1027,864,36293,17871,18422,3510,1584,1926
0.5 Scen,2022,091,Comal County,133291,65482,67809,90480,44451,46029,1916,1039,877,37269,18354,18915,3626,1638,1988
0.5 Scen,2023,091,Comal County,135469,66552,68917,91514,44954,46560,1936,1045,891,38278,18861,19417,3741,1692,2049
0.5 Scen,2024,091,Comal County,137640,67629,70011,92536,45451,47085,1945,1048,897,39302,19373,19929,3857,1757,2100
0.5 Scen,2025,091,Comal County,139835,68715,71120,93559,45953,47606,1954,1052,902,40343,19896,20447,3979,1814,2165
0.5 Scen,2026,091,Comal County,142008,69794,72214,94561,46447,48114,1960,1051,909,41390,20423,20967,4097,1873,2224
0.5 Scen,2027,091,Comal County,144187,70877,73310,95539,46936,48603,1962,1050,912,42481,20967,21514,4205,1924,2281
0.5 Scen,2028,091,Comal County,146350,71949,74401,96493,47409,49084,1967,1049,918,43564,21505,22059,4326,1986,2340
0.5 Scen,2029,091,Comal County,148484,73014,75470,97413,47867,49546,1971,1053,918,44662,22052,22610,4438,2042,2396
0.5 Scen,2030,091,Comal County,150591,74075,76516,98298,48312,49986,1958,1043,915,45774,22611,23163,4561,2109,2452
0.5 Scen,2031,091,Comal County,152641,75114,77527,99142,48744,50398,1950,1038,912,46869,23160,23709,4680,2172,2508
0.5 Scen,2032,091,Comal County,154669,76151,78518,99945,49158,50787,1936,1036,900,47984,23718,24266,4804,2239,2565
0.5 Scen,2033,091,Comal County,156642,77150,79492,100693,49546,51147,1925,1032,893,49103,24270,24833,4921,2302,2619
0.5 Scen,2034,091,Comal County,158591,78151,80440,101392,49916,51476,1912,1026,886,50243,24844,25399,5044,2365,2679
0.5 Scen,2035,091,Comal County,160515,79145,81370,102055,50270,51785,1903,1025,878,51390,25417,25973,5167,2433,2734
0.5 Scen,2036,091,Comal County,162412,80126,82286,102684,50614,52070,1888,1017,871,52544,25992,26552,5296,2503,2793
0.5 Scen,2037,091,Comal County,164299,81113,83186,103283,50953,52330,1879,1012,867,53717,26576,27141,5420,2572,2848
0.5 Scen,2038,091,Comal County,166162,82086,84076,103853,51268,52585,1864,1007,857,54894,27167,27727,5551,2644,2907
0.5 Scen,2039,091,Comal County,168004,83062,84942,104373,51567,52806,1846,1000,846,56101,27778,28323,5684,2717,2967
0.5 Scen,2040,091,Comal County,169835,84018,85817,104865,51849,53016,1828,993,835,57319,28384,28935,5823,2792,3031
0.5 Scen,2041,091,Comal County,171628,84967,86661,105322,52118,53204,1812,988,824,58534,28995,29539,5960,2866,3094
0.5 Scen,2042,091,Comal County,173411,85914,87497,105739,52363,53376,1802,987,815,59780,29628,30152,6090,2936,3154
0.5 Scen,2043,091,Comal County,175202,86869,88333,106141,52604,53537,1787,983,804,61050,30271,30779,6224,3011,3213
0.5 Scen,2044,091,Comal County,176978,87832,89146,106510,52833,53677,1772,982,790,62338,30926,31412,6358,3091,3267
0.5 Scen,2045,091,Comal County,178762,88794,89968,106873,53057,53816,1763,978,785,63640,31592,32048,6486,3167,3319
0.5 Scen,2046,091,Comal County,180567,89764,90803,107214,53269,53945,1754,978,776,64973,32273,32700,6626,3244,3382
0.5 Scen,2047,091,Comal County,182384,90749,91635,107564,53491,54073,1743,978,765,66314,32958,33356,6763,3322,3441
0.5 Scen,2048,091,Comal County,184231,91738,92493,107902,53702,54200,1736,978,758,67693,33658,34035,6900,3400,3500
0.5 Scen,2049,091,Comal County,186122,92769,93353,108253,53926,54327,1732,980,752,69106,34388,34718,7031,3475,3556
0.5 Scen,2050,091,Comal County,188057,93809,94248,108622,54161,54461,1725,981,744,70532,35114,35418,7178,3553,3625
0.5 Scen,2010,093,Comanche County,13974,6885,7089,10145,4922,5223,25,11,14,3605,1865,1740,199,87,112
0.5 Scen,2011,093,Comanche County,14032,6920,7112,10128,4917,5211,25,11,14,3678,1904,1774,201,88,113
0.5 Scen,2012,093,Comanche County,14082,6954,7128,10098,4910,5188,25,11,14,3757,1945,1812,202,88,114
0.5 Scen,2013,093,Comanche County,14127,6985,7142,10059,4895,5164,25,11,14,3839,1989,1850,204,90,114
0.5 Scen,2014,093,Comanche County,14177,7022,7155,10028,4888,5140,25,11,14,3916,2031,1885,208,92,116
0.5 Scen,2015,093,Comanche County,14235,7049,7186,9996,4867,5129,25,11,14,4002,2077,1925,212,94,118
0.5 Scen,2016,093,Comanche County,14293,7082,7211,9968,4855,5113,25,11,14,4087,2123,1964,213,93,120
0.5 Scen,2017,093,Comanche County,14366,7129,7237,9948,4847,5101,25,11,14,4176,2175,2001,217,96,121
0.5 Scen,2018,093,Comanche County,14432,7165,7267,9920,4833,5087,25,11,14,4268,2225,2043,219,96,123
0.5 Scen,2019,093,Comanche County,14512,7215,7297,9901,4830,5071,25,11,14,4364,2276,2088,222,98,124
0.5 Scen,2020,093,Comanche County,14583,7250,7333,9880,4817,5063,25,11,14,4453,2323,2130,225,99,126
0.5 Scen,2021,093,Comanche County,14644,7287,7357,9854,4805,5049,24,11,13,4539,2371,2168,227,100,127
0.5 Scen,2022,093,Comanche County,14711,7325,7386,9817,4788,5029,25,11,14,4640,2425,2215,229,101,128
0.5 Scen,2023,093,Comanche County,14773,7365,7408,9782,4776,5006,27,12,15,4733,2475,2258,231,102,129
0.5 Scen,2024,093,Comanche County,14847,7411,7436,9750,4763,4987,28,12,16,4837,2533,2304,232,103,129
0.5 Scen,2025,093,Comanche County,14922,7457,7465,9723,4756,4967,29,13,16,4935,2584,2351,235,104,131
0.5 Scen,2026,093,Comanche County,14985,7494,7491,9676,4737,4939,30,13,17,5044,2639,2405,235,105,130
0.5 Scen,2027,093,Comanche County,15054,7536,7518,9637,4720,4917,31,14,17,5148,2695,2453,238,107,131
0.5 Scen,2028,093,Comanche County,15112,7576,7536,9592,4703,4889,32,14,18,5246,2750,2496,242,109,133
0.5 Scen,2029,093,Comanche County,15167,7612,7555,9552,4687,4865,32,14,18,5337,2800,2537,246,111,135
0.5 Scen,2030,093,Comanche County,15226,7649,7577,9507,4665,4842,32,14,18,5438,2857,2581,249,113,136
0.5 Scen,2031,093,Comanche County,15284,7687,7597,9456,4644,4812,32,14,18,5543,2914,2629,253,115,138
0.5 Scen,2032,093,Comanche County,15332,7719,7613,9409,4624,4785,32,14,18,5636,2965,2671,255,116,139
0.5 Scen,2033,093,Comanche County,15368,7738,7630,9358,4599,4759,32,14,18,5722,3009,2713,256,116,140
0.5 Scen,2034,093,Comanche County,15399,7756,7643,9306,4580,4726,32,14,18,5804,3045,2759,257,117,140
0.5 Scen,2035,093,Comanche County,15440,7787,7653,9256,4564,4692,32,14,18,5893,3090,2803,259,119,140
0.5 Scen,2036,093,Comanche County,15480,7813,7667,9210,4550,4660,32,14,18,5977,3129,2848,261,120,141
0.5 Scen,2037,093,Comanche County,15522,7840,7682,9166,4534,4632,31,13,18,6062,3171,2891,263,122,141
0.5 Scen,2038,093,Comanche County,15558,7867,7691,9112,4515,4597,31,13,18,6151,3217,2934,264,122,142
0.5 Scen,2039,093,Comanche County,15588,7894,7694,9061,4495,4566,31,13,18,6231,3263,2968,265,123,142
0.5 Scen,2040,093,Comanche County,15640,7921,7719,9025,4481,4544,30,13,17,6318,3304,3014,267,123,144
0.5 Scen,2041,093,Comanche County,15689,7958,7731,8980,4466,4514,30,13,17,6410,3355,3055,269,124,145
0.5 Scen,2042,093,Comanche County,15726,7982,7744,8933,4448,4485,31,13,18,6491,3396,3095,271,125,146
0.5 Scen,2043,093,Comanche County,15776,8013,7763,8889,4429,4460,31,13,18,6584,3445,3139,272,126,146
0.5 Scen,2044,093,Comanche County,15830,8054,7776,8852,4419,4433,31,13,18,6674,3495,3179,273,127,146
0.5 Scen,2045,093,Comanche County,15886,8088,7798,8811,4403,4408,31,13,18,6769,3544,3225,275,128,147
0.5 Scen,2046,093,Comanche County,15936,8130,7806,8765,4388,4377,31,13,18,6864,3600,3264,276,129,147
0.5 Scen,2047,093,Comanche County,15985,8168,7817,8723,4374,4349,31,13,18,6958,3653,3305,273,128,145
0.5 Scen,2048,093,Comanche County,16046,8209,7837,8687,4364,4323,31,13,18,7053,3703,3350,275,129,146
0.5 Scen,2049,093,Comanche County,16098,8246,7852,8642,4347,4295,28,12,16,7151,3757,3394,277,130,147
0.5 Scen,2050,093,Comanche County,16176,8296,7880,8613,4335,4278,27,11,16,7255,3818,3437,281,132,149
0.5 Scen,2010,095,Concho County,4087,2793,1294,1810,928,882,57,53,4,2173,1783,390,47,29,18
0.5 Scen,2011,095,Concho County,4106,2805,1301,1813,930,883,57,53,4,2189,1793,396,47,29,18
0.5 Scen,2012,095,Concho County,4120,2814,1306,1813,929,884,57,53,4,2203,1803,400,47,29,18
0.5 Scen,2013,095,Concho County,4139,2828,1311,1816,932,884,57,53,4,2219,1814,405,47,29,18
0.5 Scen,2014,095,Concho County,4158,2837,1321,1817,931,886,57,53,4,2237,1824,413,47,29,18
0.5 Scen,2015,095,Concho County,4174,2847,1327,1815,929,886,57,53,4,2254,1835,419,48,30,18
0.5 Scen,2016,095,Concho County,4193,2858,1335,1814,927,887,57,53,4,2273,1848,425,49,30,19
0.5 Scen,2017,095,Concho County,4215,2871,1344,1814,925,889,57,53,4,2294,1862,432,50,31,19
0.5 Scen,2018,095,Concho County,4219,2876,1343,1803,922,881,57,53,4,2308,1870,438,51,31,20
0.5 Scen,2019,095,Concho County,4225,2881,1344,1790,914,876,57,53,4,2326,1882,444,52,32,20
0.5 Scen,2020,095,Concho County,4242,2887,1355,1786,908,878,57,53,4,2346,1894,452,53,32,21
0.5 Scen,2021,095,Concho County,4248,2891,1357,1775,903,872,57,53,4,2362,1902,460,54,33,21
0.5 Scen,2022,095,Concho County,4259,2895,1364,1765,896,869,57,53,4,2382,1913,469,55,33,22
0.5 Scen,2023,095,Concho County,4269,2901,1368,1758,892,866,57,53,4,2399,1923,476,55,33,22
0.5 Scen,2024,095,Concho County,4280,2912,1368,1751,892,859,57,53,4,2417,1934,483,55,33,22
0.5 Scen,2025,095,Concho County,4285,2923,1362,1736,889,847,57,53,4,2436,1947,489,56,34,22
0.5 Scen,2026,095,Concho County,4287,2924,1363,1723,884,839,57,53,4,2451,1953,498,56,34,22
0.5 Scen,2027,095,Concho County,4292,2932,1360,1712,883,829,57,53,4,2467,1962,505,56,34,22
0.5 Scen,2028,095,Concho County,4295,2934,1361,1697,875,822,57,53,4,2485,1972,513,56,34,22
0.5 Scen,2029,095,Concho County,4299,2937,1362,1684,869,815,57,53,4,2502,1981,521,56,34,22
0.5 Scen,2030,095,Concho County,4309,2941,1368,1676,865,811,57,53,4,2520,1989,531,56,34,22
0.5 Scen,2031,095,Concho County,4309,2937,1372,1661,854,807,57,53,4,2535,1996,539,56,34,22
0.5 Scen,2032,095,Concho County,4326,2950,1376,1661,856,805,57,53,4,2552,2007,545,56,34,22
0.5 Scen,2033,095,Concho County,4327,2951,1376,1648,850,798,57,53,4,2566,2014,552,56,34,22
0.5 Scen,2034,095,Concho County,4328,2954,1374,1635,844,791,57,53,4,2581,2023,558,55,34,21
0.5 Scen,2035,095,Concho County,4340,2968,1372,1628,846,782,57,53,4,2600,2035,565,55,34,21
0.5 Scen,2036,095,Concho County,4336,2965,1371,1611,836,775,57,53,4,2612,2041,571,56,35,21
0.5 Scen,2037,095,Concho County,4339,2970,1369,1602,835,767,57,53,4,2626,2049,577,54,33,21
0.5 Scen,2038,095,Concho County,4332,2970,1362,1586,830,756,57,53,4,2635,2054,581,54,33,21
0.5 Scen,2039,095,Concho County,4331,2973,1358,1572,827,745,57,53,4,2647,2060,587,55,33,22
0.5 Scen,2040,095,Concho County,4322,2967,1355,1552,817,735,57,53,4,2658,2064,594,55,33,22
0.5 Scen,2041,095,Concho County,4310,2960,1350,1532,809,723,57,53,4,2666,2065,601,55,33,22
0.5 Scen,2042,095,Concho County,4307,2961,1346,1519,805,714,57,53,4,2676,2070,606,55,33,22
0.5 Scen,2043,095,Concho County,4303,2964,1339,1510,802,708,57,53,4,2682,2075,607,54,34,20
0.5 Scen,2044,095,Concho County,4297,2958,1339,1501,797,704,57,53,4,2685,2074,611,54,34,20
0.5 Scen,2045,095,Concho County,4294,2958,1336,1492,793,699,56,52,4,2692,2079,613,54,34,20
0.5 Scen,2046,095,Concho County,4291,2956,1335,1481,789,692,57,53,4,2699,2080,619,54,34,20
0.5 Scen,2047,095,Concho County,4287,2954,1333,1475,788,687,56,52,4,2702,2080,622,54,34,20
0.5 Scen,2048,095,Concho County,4276,2944,1332,1467,786,681,56,52,4,2699,2072,627,54,34,20
0.5 Scen,2049,095,Concho County,4275,2941,1334,1466,786,680,55,51,4,2701,2070,631,53,34,19
0.5 Scen,2050,095,Concho County,4264,2933,1331,1455,780,675,54,50,4,2704,2071,633,51,32,19
0.5 Scen,2010,097,Cooke County,38437,19056,19381,30255,14799,15456,1018,557,461,5997,3186,2811,1167,514,653
0.5 Scen,2011,097,Cooke County,38643,19176,19467,30275,14821,15454,1024,560,464,6162,3273,2889,1182,522,660
0.5 Scen,2012,097,Cooke County,38878,19307,19571,30310,14851,15459,1030,562,468,6336,3363,2973,1202,531,671
0.5 Scen,2013,097,Cooke County,39120,19437,19683,30352,14876,15476,1042,566,476,6507,3456,3051,1219,539,680
0.5 Scen,2014,097,Cooke County,39385,19582,19803,30402,14908,15494,1053,571,482,6687,3553,3134,1243,550,693
0.5 Scen,2015,097,Cooke County,39630,19722,19908,30436,14934,15502,1062,576,486,6873,3653,3220,1259,559,700
0.5 Scen,2016,097,Cooke County,39880,19864,20016,30466,14960,15506,1074,584,490,7060,3751,3309,1280,569,711
0.5 Scen,2017,097,Cooke County,40156,20020,20136,30513,14994,15519,1085,588,497,7255,3858,3397,1303,580,723
0.5 Scen,2018,097,Cooke County,40416,20175,20241,30530,15017,15513,1094,593,501,7464,3971,3493,1328,594,734
0.5 Scen,2019,097,Cooke County,40680,20321,20359,30558,15038,15520,1102,597,505,7674,4085,3589,1346,601,745
0.5 Scen,2020,097,Cooke County,40951,20479,20472,30572,15058,15514,1108,601,507,7900,4205,3695,1371,615,756
0.5 Scen,2021,097,Cooke County,41212,20627,20585,30580,15075,15505,1118,608,510,8121,4317,3804,1393,627,766
0.5 Scen,2022,097,Cooke County,41477,20783,20694,30586,15088,15498,1127,614,513,8355,4443,3912,1409,638,771
0.5 Scen,2023,097,Cooke County,41735,20933,20802,30593,15104,15489,1135,618,517,8574,4562,4012,1433,649,784
0.5 Scen,2024,097,Cooke County,42013,21092,20921,30593,15113,15480,1144,623,521,8821,4692,4129,1455,664,791
0.5 Scen,2025,097,Cooke County,42265,21236,21029,30572,15114,15458,1151,627,524,9071,4822,4249,1471,673,798
0.5 Scen,2026,097,Cooke County,42512,21373,21139,30542,15111,15431,1165,635,530,9321,4949,4372,1484,678,806
0.5 Scen,2027,097,Cooke County,42758,21513,21245,30512,15105,15407,1172,641,531,9563,5075,4488,1511,692,819
0.5 Scen,2028,097,Cooke County,42979,21641,21338,30462,15090,15372,1179,645,534,9802,5203,4599,1536,703,833
0.5 Scen,2029,097,Cooke County,43200,21768,21432,30395,15058,15337,1188,651,537,10053,5340,4713,1564,719,845
0.5 Scen,2030,097,Cooke County,43398,21879,21519,30315,15028,15287,1194,657,537,10299,5463,4836,1590,731,859
0.5 Scen,2031,097,Cooke County,43578,21989,21589,30220,14991,15229,1194,661,533,10546,5592,4954,1618,745,873
0.5 Scen,2032,097,Cooke County,43765,22097,21668,30126,14952,15174,1188,658,530,10805,5727,5078,1646,760,886
0.5 Scen,2033,097,Cooke County,43947,22202,21745,30022,14910,15112,1186,659,527,11060,5855,5205,1679,778,901
0.5 Scen,2034,097,Cooke County,44100,22300,21800,29902,14865,15037,1182,656,526,11309,5987,5322,1707,792,915
0.5 Scen,2035,097,Cooke County,44274,22399,21875,29787,14816,14971,1183,658,525,11572,6121,5451,1732,804,928
0.5 Scen,2036,097,Cooke County,44434,22494,21940,29663,14769,14894,1182,659,523,11828,6248,5580,1761,818,943
0.5 Scen,2037,097,Cooke County,44578,22579,21999,29521,14705,14816,1174,658,516,12087,6382,5705,1796,834,962
0.5 Scen,2038,097,Cooke County,44722,22665,22057,29382,14643,14739,1170,658,512,12349,6519,5830,1821,845,976
0.5 Scen,2039,097,Cooke County,44857,22763,22094,29241,14590,14651,1164,657,507,12608,6658,5950,1844,858,986
0.5 Scen,2040,097,Cooke County,44979,22834,22145,29095,14526,14569,1161,657,504,12856,6782,6074,1867,869,998
0.5 Scen,2041,097,Cooke County,45117,22926,22191,28948,14464,14484,1155,656,499,13122,6923,6199,1892,883,1009
0.5 Scen,2042,097,Cooke County,45247,23019,22228,28795,14402,14393,1149,656,493,13387,7065,6322,1916,896,1020
0.5 Scen,2043,097,Cooke County,45376,23111,22265,28637,14335,14302,1147,658,489,13652,7209,6443,1940,909,1031
0.5 Scen,2044,097,Cooke County,45522,23201,22321,28493,14274,14219,1143,659,484,13922,7349,6573,1964,919,1045
0.5 Scen,2045,097,Cooke County,45661,23304,22357,28339,14217,14122,1146,662,484,14193,7498,6695,1983,927,1056
0.5 Scen,2046,097,Cooke County,45796,23397,22399,28179,14152,14027,1144,662,482,14464,7643,6821,2009,940,1069
0.5 Scen,2047,097,Cooke County,45960,23501,22459,28038,14094,13944,1146,665,481,14740,7788,6952,2036,954,1082
0.5 Scen,2048,097,Cooke County,46125,23614,22511,27894,14043,13851,1146,666,480,15021,7937,7084,2064,968,1096
0.5 Scen,2049,097,Cooke County,46292,23724,22568,27760,13989,13771,1145,667,478,15300,8087,7213,2087,981,1106
0.5 Scen,2050,097,Cooke County,46484,23859,22625,27635,13951,13684,1146,670,476,15590,8243,7347,2113,995,1118
0.5 Scen,2010,099,Coryell County,75388,36892,38496,46776,22973,23803,11450,5452,5998,11973,6058,5915,5189,2409,2780
0.5 Scen,2011,099,Coryell County,76503,37454,39049,47228,23201,24027,11612,5536,6076,12318,6229,6089,5345,2488,2857
0.5 Scen,2012,099,Coryell County,77535,37923,39612,47621,23354,24267,11752,5607,6145,12661,6399,6262,5501,2563,2938
0.5 Scen,2013,099,Coryell County,78478,38332,40146,47917,23446,24471,11880,5672,6208,13011,6570,6441,5670,2644,3026
0.5 Scen,2014,099,Coryell County,79388,38723,40665,48180,23518,24662,12012,5735,6277,13363,6743,6620,5833,2727,3106
0.5 Scen,2015,099,Coryell County,80214,39075,41139,48380,23563,24817,12130,5785,6345,13722,6922,6800,5982,2805,3177
0.5 Scen,2016,099,Coryell County,81030,39434,41596,48543,23598,24945,12248,5841,6407,14082,7098,6984,6157,2897,3260
0.5 Scen,2017,099,Coryell County,81874,39816,42058,48732,23662,25070,12374,5899,6475,14445,7274,7171,6323,2981,3342
0.5 Scen,2018,099,Coryell County,82703,40191,42512,48912,23721,25191,12496,5952,6544,14813,7454,7359,6482,3064,3418
0.5 Scen,2019,099,Coryell County,83545,40578,42967,49119,23804,25315,12595,5999,6596,15186,7632,7554,6645,3143,3502
0.5 Scen,2020,099,Coryell County,84400,40973,43427,49311,23870,25441,12699,6050,6649,15567,7819,7748,6823,3234,3589
0.5 Scen,2021,099,Coryell County,85223,41370,43853,49498,23945,25553,12786,6094,6692,15947,8008,7939,6992,3323,3669
0.5 Scen,2022,099,Coryell County,86122,41801,44321,49717,24045,25672,12879,6135,6744,16349,8204,8145,7177,3417,3760
0.5 Scen,2023,099,Coryell County,87001,42238,44763,49933,24149,25784,12968,6180,6788,16746,8396,8350,7354,3513,3841
0.5 Scen,2024,099,Coryell County,87916,42685,45231,50152,24248,25904,13067,6228,6839,17153,8598,8555,7544,3611,3933
0.5 Scen,2025,099,Coryell County,88815,43136,45679,50354,24347,26007,13153,6271,6882,17573,8805,8768,7735,3713,4022
0.5 Scen,2026,099,Coryell County,89721,43576,46145,50547,24432,26115,13243,6317,6926,18009,9015,8994,7922,3812,4110
0.5 Scen,2027,099,Coryell County,90661,44050,46611,50754,24538,26216,13332,6361,6971,18452,9232,9220,8123,3919,4204
0.5 Scen,2028,099,Coryell County,91614,44531,47083,50957,24639,26318,13412,6404,7008,18920,9460,9460,8325,4028,4297
0.5 Scen,2029,099,Coryell County,92603,45011,47592,51167,24731,26436,13496,6449,7047,19388,9682,9706,8552,4149,4403
0.5 Scen,2030,099,Coryell County,93638,45531,48107,51394,24838,26556,13588,6498,7090,19878,9921,9957,8778,4274,4504
0.5 Scen,2031,099,Coryell County,94653,46015,48638,51586,24913,26673,13674,6540,7134,20370,10160,10210,9023,4402,4621
0.5 Scen,2032,099,Coryell County,95660,46505,49155,51794,25001,26793,13752,6578,7174,20860,10400,10460,9254,4526,4728
0.5 Scen,2033,099,Coryell County,96646,46980,49666,51981,25082,26899,13821,6608,7213,21362,10640,10722,9482,4650,4832
0.5 Scen,2034,099,Coryell County,97653,47459,50194,52146,25155,26991,13895,6634,7261,21883,10891,10992,9729,4779,4950
0.5 Scen,2035,099,Coryell County,98618,47936,50682,52282,25211,27071,13961,6674,7287,22398,11135,11263,9977,4916,5061
0.5 Scen,2036,099,Coryell County,99566,48395,51171,52401,25261,27140,14008,6694,7314,22934,11393,11541,10223,5047,5176
0.5 Scen,2037,099,Coryell County,100491,48857,51634,52505,25306,27199,14065,6727,7338,23461,11649,11812,10460,5175,5285
0.5 Scen,2038,099,Coryell County,101392,49299,52093,52591,25340,27251,14099,6747,7352,23992,11904,12088,10710,5308,5402
0.5 Scen,2039,099,Coryell County,102267,49741,52526,52652,25365,27287,14136,6769,7367,24529,12165,12364,10950,5442,5508
0.5 Scen,2040,099,Coryell County,103118,50162,52956,52701,25383,27318,14173,6791,7382,25059,12423,12636,11185,5565,5620
0.5 Scen,2041,099,Coryell County,103964,50577,53387,52728,25385,27343,14198,6804,7394,25607,12692,12915,11431,5696,5735
0.5 Scen,2042,099,Coryell County,104773,50988,53785,52730,25383,27347,14216,6815,7401,26148,12957,13191,11679,5833,5846
0.5 Scen,2043,099,Coryell County,105596,51390,54206,52727,25376,27351,14236,6823,7413,26704,13225,13479,11929,5966,5963
0.5 Scen,2044,099,Coryell County,106363,51766,54597,52703,25352,27351,14240,6822,7418,27250,13496,13754,12170,6096,6074
0.5 Scen,2045,099,Coryell County,107138,52166,54972,52675,25340,27335,14256,6833,7423,27802,13772,14030,12405,6221,6184
0.5 Scen,2046,099,Coryell County,107927,52571,55356,52641,25319,27322,14262,6840,7422,28374,14057,14317,12650,6355,6295
0.5 Scen,2047,099,Coryell County,108667,52942,55725,52591,25291,27300,14262,6841,7421,28936,14334,14602,12878,6476,6402
0.5 Scen,2048,099,Coryell County,109405,53305,56100,52538,25261,27277,14254,6836,7418,29501,14605,14896,13112,6603,6509
0.5 Scen,2049,099,Coryell County,110132,53667,56465,52479,25236,27243,14239,6832,7407,30066,14876,15190,13348,6723,6625
0.5 Scen,2050,099,Coryell County,110876,54037,56839,52429,25209,27220,14232,6825,7407,30625,15146,15479,13590,6857,6733
0.5 Scen,2010,101,Cottle County,1505,713,792,1043,492,551,129,59,70,316,151,165,17,11,6
0.5 Scen,2011,101,Cottle County,1515,719,796,1046,494,552,130,60,70,322,154,168,17,11,6
0.5 Scen,2012,101,Cottle County,1521,723,798,1048,496,552,129,59,70,327,157,170,17,11,6
0.5 Scen,2013,101,Cottle County,1531,731,800,1050,500,550,131,60,71,333,160,173,17,11,6
0.5 Scen,2014,101,Cottle County,1544,739,805,1056,504,552,133,61,72,338,163,175,17,11,6
0.5 Scen,2015,101,Cottle County,1553,745,808,1057,505,552,135,63,72,344,166,178,17,11,6
0.5 Scen,2016,101,Cottle County,1562,750,812,1058,507,551,138,64,74,349,168,181,17,11,6
0.5 Scen,2017,101,Cottle County,1570,755,815,1057,508,549,141,65,76,355,171,184,17,11,6
0.5 Scen,2018,101,Cottle County,1572,757,815,1052,506,546,143,66,77,360,174,186,17,11,6
0.5 Scen,2019,101,Cottle County,1576,761,815,1049,505,544,145,67,78,365,178,187,17,11,6
0.5 Scen,2020,101,Cottle County,1579,764,815,1044,503,541,147,68,79,371,182,189,17,11,6
0.5 Scen,2021,101,Cottle County,1585,771,814,1041,504,537,150,70,80,377,186,191,17,11,6
0.5 Scen,2022,101,Cottle County,1587,774,813,1035,503,532,152,71,81,383,189,194,17,11,6
0.5 Scen,2023,101,Cottle County,1593,780,813,1033,504,529,154,72,82,389,193,196,17,11,6
0.5 Scen,2024,101,Cottle County,1601,788,813,1035,509,526,155,72,83,394,196,198,17,11,6
0.5 Scen,2025,101,Cottle County,1602,793,809,1028,509,519,154,72,82,403,201,202,17,11,6
0.5 Scen,2026,101,Cottle County,1601,792,809,1021,505,516,153,71,82,410,205,205,17,11,6
0.5 Scen,2027,101,Cottle County,1598,792,806,1011,501,510,154,72,82,416,208,208,17,11,6
0.5 Scen,2028,101,Cottle County,1591,790,801,997,495,502,154,72,82,423,212,211,17,11,6
0.5 Scen,2029,101,Cottle County,1588,789,799,987,490,497,153,72,81,431,216,215,17,11,6
0.5 Scen,2030,101,Cottle County,1590,790,800,982,488,494,153,72,81,438,219,219,17,11,6
0.5 Scen,2031,101,Cottle County,1595,795,800,981,490,491,152,72,80,445,222,223,17,11,6
0.5 Scen,2032,101,Cottle County,1589,792,797,970,485,485,151,71,80,451,225,226,17,11,6
0.5 Scen,2033,101,Cottle County,1584,792,792,958,481,477,152,72,80,457,228,229,17,11,6
0.5 Scen,2034,101,Cottle County,1582,794,788,950,481,469,152,71,81,463,231,232,17,11,6
0.5 Scen,2035,101,Cottle County,1586,798,788,948,482,466,152,71,81,469,234,235,17,11,6
0.5 Scen,2036,101,Cottle County,1589,803,786,945,485,460,152,70,82,475,237,238,17,11,6
0.5 Scen,2037,101,Cottle County,1593,806,787,944,485,459,151,70,81,481,240,241,17,11,6
0.5 Scen,2038,101,Cottle County,1595,808,787,941,485,456,150,69,81,487,243,244,17,11,6
0.5 Scen,2039,101,Cottle County,1595,811,784,936,485,451,149,69,80,493,246,247,17,11,6
0.5 Scen,2040,101,Cottle County,1592,811,781,929,482,447,148,69,79,498,249,249,17,11,6
0.5 Scen,2041,101,Cottle County,1590,812,778,921,480,441,148,69,79,504,252,252,17,11,6
0.5 Scen,2042,101,Cottle County,1590,813,777,918,480,438,146,68,78,509,254,255,17,11,6
0.5 Scen,2043,101,Cottle County,1585,812,773,911,477,434,144,67,77,514,257,257,16,11,5
0.5 Scen,2044,101,Cottle County,1582,810,772,907,476,431,143,66,77,517,258,259,15,10,5
0.5 Scen,2045,101,Cottle County,1582,810,772,902,473,429,143,67,76,522,260,262,15,10,5
0.5 Scen,2046,101,Cottle County,1575,806,769,894,469,425,141,66,75,525,261,264,15,10,5
0.5 Scen,2047,101,Cottle County,1571,802,769,886,463,423,141,66,75,529,263,266,15,10,5
0.5 Scen,2048,101,Cottle County,1563,797,766,876,457,419,139,65,74,533,265,268,15,10,5
0.5 Scen,2049,101,Cottle County,1564,799,765,874,456,418,138,65,73,537,268,269,15,10,5
0.5 Scen,2050,101,Cottle County,1564,798,766,870,453,417,137,64,73,542,271,271,15,10,5
0.5 Scen,2010,103,Crane County,4375,2145,2230,1761,839,922,122,62,60,2409,1202,1207,83,42,41
0.5 Scen,2011,103,Crane County,4432,2175,2257,1767,843,924,123,63,60,2458,1226,1232,84,43,41
0.5 Scen,2012,103,Crane County,4497,2210,2287,1776,849,927,124,63,61,2511,1254,1257,86,44,42
0.5 Scen,2013,103,Crane County,4554,2242,2312,1784,854,930,124,64,60,2560,1279,1281,86,45,41
0.5 Scen,2014,103,Crane County,4624,2279,2345,1794,860,934,125,64,61,2618,1310,1308,87,45,42
0.5 Scen,2015,103,Crane County,4696,2318,2378,1801,865,936,126,65,61,2681,1342,1339,88,46,42
0.5 Scen,2016,103,Crane County,4763,2353,2410,1808,870,938,128,65,63,2738,1372,1366,89,46,43
0.5 Scen,2017,103,Crane County,4824,2388,2436,1817,876,941,128,66,62,2789,1399,1390,90,47,43
0.5 Scen,2018,103,Crane County,4887,2423,2464,1825,882,943,129,66,63,2842,1428,1414,91,47,44
0.5 Scen,2019,103,Crane County,4955,2457,2498,1830,884,946,132,67,65,2901,1458,1443,92,48,44
0.5 Scen,2020,103,Crane County,5028,2496,2532,1834,886,948,134,68,66,2965,1493,1472,95,49,46
0.5 Scen,2021,103,Crane County,5105,2541,2564,1842,893,949,136,69,67,3031,1529,1502,96,50,46
0.5 Scen,2022,103,Crane County,5176,2575,2601,1841,894,947,138,70,68,3099,1560,1539,98,51,47
0.5 Scen,2023,103,Crane County,5246,2613,2633,1841,895,946,140,71,69,3166,1595,1571,99,52,47
0.5 Scen,2024,103,Crane County,5317,2655,2662,1843,900,943,143,73,70,3231,1630,1601,100,52,48
0.5 Scen,2025,103,Crane County,5384,2689,2695,1842,899,943,144,74,70,3297,1663,1634,101,53,48
0.5 Scen,2026,103,Crane County,5457,2734,2723,1839,903,936,145,75,70,3370,1702,1668,103,54,49
0.5 Scen,2027,103,Crane County,5519,2771,2748,1833,903,930,146,76,70,3438,1737,1701,102,55,47
0.5 Scen,2028,103,Crane County,5588,2807,2781,1826,903,923,147,77,70,3511,1772,1739,104,55,49
0.5 Scen,2029,103,Crane County,5657,2845,2812,1826,903,923,147,77,70,3579,1809,1770,105,56,49
0.5 Scen,2030,103,Crane County,5712,2869,2843,1821,900,921,147,76,71,3638,1837,1801,106,56,50
0.5 Scen,2031,103,Crane County,5758,2894,2864,1811,895,916,146,76,70,3694,1866,1828,107,57,50
0.5 Scen,2032,103,Crane County,5818,2926,2892,1803,891,912,148,76,72,3759,1902,1857,108,57,51
0.5 Scen,2033,103,Crane County,5872,2956,2916,1793,886,907,149,77,72,3820,1934,1886,110,59,51
0.5 Scen,2034,103,Crane County,5932,2987,2945,1786,884,902,149,77,72,3887,1968,1919,110,58,52
0.5 Scen,2035,103,Crane County,5989,3014,2975,1777,878,899,148,77,71,3953,2000,1953,111,59,52
0.5 Scen,2036,103,Crane County,6039,3042,2997,1762,873,889,147,76,71,4019,2034,1985,111,59,52
0.5 Scen,2037,103,Crane County,6083,3063,3020,1744,862,882,146,76,70,4083,2066,2017,110,59,51
0.5 Scen,2038,103,Crane County,6122,3085,3037,1725,854,871,146,76,70,4140,2096,2044,111,59,52
0.5 Scen,2039,103,Crane County,6169,3110,3059,1710,848,862,145,76,69,4204,2127,2077,110,59,51
0.5 Scen,2040,103,Crane County,6204,3130,3074,1688,840,848,143,75,68,4262,2156,2106,111,59,52
0.5 Scen,2041,103,Crane County,6239,3154,3085,1671,836,835,142,75,67,4315,2183,2132,111,60,51
0.5 Scen,2042,103,Crane County,6275,3177,3098,1654,830,824,141,74,67,4369,2214,2155,111,59,52
0.5 Scen,2043,103,Crane County,6322,3203,3119,1639,823,816,140,74,66,4433,2247,2186,110,59,51
0.5 Scen,2044,103,Crane County,6380,3235,3145,1633,824,809,139,73,66,4500,2281,2219,108,57,51
0.5 Scen,2045,103,Crane County,6424,3258,3166,1623,821,802,139,73,66,4554,2307,2247,108,57,51
0.5 Scen,2046,103,Crane County,6470,3283,3187,1608,814,794,138,72,66,4617,2341,2276,107,56,51
0.5 Scen,2047,103,Crane County,6520,3311,3209,1594,807,787,138,72,66,4682,2376,2306,106,56,50
0.5 Scen,2048,103,Crane County,6575,3342,3233,1581,803,778,137,71,66,4752,2413,2339,105,55,50
0.5 Scen,2049,103,Crane County,6637,3383,3254,1571,801,770,136,71,65,4825,2455,2370,105,56,49
0.5 Scen,2050,103,Crane County,6699,3421,3278,1560,799,761,135,70,65,4902,2498,2404,102,54,48
0.5 Scen,2010,105,Crockett County,3719,1831,1888,1312,651,661,13,9,4,2352,1144,1208,42,27,15
0.5 Scen,2011,105,Crockett County,3761,1855,1906,1319,656,663,13,9,4,2387,1163,1224,42,27,15
0.5 Scen,2012,105,Crockett County,3806,1880,1926,1331,664,667,13,9,4,2420,1180,1240,42,27,15
0.5 Scen,2013,105,Crockett County,3853,1907,1946,1339,669,670,13,9,4,2459,1202,1257,42,27,15
0.5 Scen,2014,105,Crockett County,3904,1934,1970,1350,675,675,13,9,4,2499,1223,1276,42,27,15
0.5 Scen,2015,105,Crockett County,3947,1958,1989,1357,679,678,13,9,4,2535,1243,1292,42,27,15
0.5 Scen,2016,105,Crockett County,3978,1976,2002,1362,683,679,13,9,4,2561,1257,1304,42,27,15
0.5 Scen,2017,105,Crockett County,4014,2000,2014,1363,687,676,13,9,4,2596,1277,1319,42,27,15
0.5 Scen,2018,105,Crockett County,4059,2023,2036,1371,691,680,13,9,4,2633,1296,1337,42,27,15
0.5 Scen,2019,105,Crockett County,4101,2044,2057,1375,692,683,13,9,4,2671,1316,1355,42,27,15
0.5 Scen,2020,105,Crockett County,4143,2067,2076,1378,694,684,13,9,4,2710,1337,1373,42,27,15
0.5 Scen,2021,105,Crockett County,4185,2089,2096,1381,695,686,13,9,4,2749,1358,1391,42,27,15
0.5 Scen,2022,105,Crockett County,4223,2111,2112,1379,695,684,13,9,4,2789,1380,1409,42,27,15
0.5 Scen,2023,105,Crockett County,4258,2128,2130,1374,691,683,13,9,4,2829,1401,1428,42,27,15
0.5 Scen,2024,105,Crockett County,4295,2150,2145,1367,688,679,13,9,4,2873,1426,1447,42,27,15
0.5 Scen,2025,105,Crockett County,4327,2170,2157,1358,687,671,13,9,4,2914,1447,1467,42,27,15
0.5 Scen,2026,105,Crockett County,4359,2186,2173,1347,683,664,13,9,4,2957,1467,1490,42,27,15
0.5 Scen,2027,105,Crockett County,4380,2201,2179,1332,677,655,13,9,4,2993,1488,1505,42,27,15
0.5 Scen,2028,105,Crockett County,4404,2216,2188,1321,673,648,12,8,4,3029,1508,1521,42,27,15
0.5 Scen,2029,105,Crockett County,4429,2229,2200,1311,667,644,12,8,4,3064,1527,1537,42,27,15
0.5 Scen,2030,105,Crockett County,4447,2238,2209,1302,663,639,12,8,4,3091,1540,1551,42,27,15
0.5 Scen,2031,105,Crockett County,4456,2242,2214,1293,660,633,12,8,4,3109,1547,1562,42,27,15
0.5 Scen,2032,105,Crockett County,4469,2253,2216,1284,656,628,12,8,4,3131,1562,1569,42,27,15
0.5 Scen,2033,105,Crockett County,4481,2260,2221,1273,650,623,12,8,4,3154,1575,1579,42,27,15
0.5 Scen,2034,105,Crockett County,4486,2259,2227,1263,644,619,12,8,4,3170,1581,1589,41,26,15
0.5 Scen,2035,105,Crockett County,4505,2270,2235,1259,641,618,12,8,4,3193,1595,1598,41,26,15
0.5 Scen,2036,105,Crockett County,4515,2275,2240,1246,633,613,12,8,4,3216,1608,1608,41,26,15
0.5 Scen,2037,105,Crockett County,4528,2283,2245,1237,630,607,12,8,4,3238,1619,1619,41,26,15
0.5 Scen,2038,105,Crockett County,4544,2289,2255,1228,625,603,12,8,4,3263,1630,1633,41,26,15
0.5 Scen,2039,105,Crockett County,4552,2293,2259,1212,618,594,12,8,4,3289,1643,1646,39,24,15
0.5 Scen,2040,105,Crockett County,4561,2298,2263,1198,610,588,12,8,4,3313,1657,1656,38,23,15
0.5 Scen,2041,105,Crockett County,4572,2307,2265,1190,606,584,12,8,4,3334,1670,1664,36,23,13
0.5 Scen,2042,105,Crockett County,4582,2314,2268,1174,598,576,12,8,4,3360,1685,1675,36,23,13
0.5 Scen,2043,105,Crockett County,4595,2322,2273,1163,591,572,12,8,4,3384,1701,1683,36,22,14
0.5 Scen,2044,105,Crockett County,4613,2333,2280,1151,588,563,12,8,4,3415,1716,1699,35,21,14
0.5 Scen,2045,105,Crockett County,4619,2339,2280,1136,580,556,12,8,4,3436,1730,1706,35,21,14
0.5 Scen,2046,105,Crockett County,4625,2346,2279,1127,578,549,12,8,4,3452,1740,1712,34,20,14
0.5 Scen,2047,105,Crockett County,4631,2352,2279,1109,570,539,12,8,4,3479,1755,1724,31,19,12
0.5 Scen,2048,105,Crockett County,4645,2362,2283,1101,568,533,12,8,4,3502,1768,1734,30,18,12
0.5 Scen,2049,105,Crockett County,4657,2365,2292,1090,563,527,12,8,4,3525,1776,1749,30,18,12
0.5 Scen,2050,105,Crockett County,4666,2371,2295,1080,559,521,11,7,4,3545,1787,1758,30,18,12
0.5 Scen,2010,107,Crosby County,6059,2917,3142,2625,1245,1380,199,92,107,3171,1547,1624,64,33,31
0.5 Scen,2011,107,Crosby County,6129,2951,3178,2613,1239,1374,201,93,108,3251,1586,1665,64,33,31
0.5 Scen,2012,107,Crosby County,6199,2985,3214,2599,1234,1365,201,93,108,3335,1625,1710,64,33,31
0.5 Scen,2013,107,Crosby County,6266,3015,3251,2580,1223,1357,201,93,108,3421,1666,1755,64,33,31
0.5 Scen,2014,107,Crosby County,6348,3055,3293,2567,1217,1350,200,92,108,3517,1713,1804,64,33,31
0.5 Scen,2015,107,Crosby County,6420,3090,3330,2548,1208,1340,200,93,107,3607,1755,1852,65,34,31
0.5 Scen,2016,107,Crosby County,6492,3126,3366,2528,1201,1327,199,91,108,3700,1800,1900,65,34,31
0.5 Scen,2017,107,Crosby County,6564,3163,3401,2510,1196,1314,199,91,108,3789,1841,1948,66,35,31
0.5 Scen,2018,107,Crosby County,6641,3206,3435,2491,1194,1297,198,90,108,3885,1887,1998,67,35,32
0.5 Scen,2019,107,Crosby County,6705,3245,3460,2469,1187,1282,197,90,107,3971,1932,2039,68,36,32
0.5 Scen,2020,107,Crosby County,6774,3279,3495,2450,1181,1269,195,89,106,4060,1973,2087,69,36,33
0.5 Scen,2021,107,Crosby County,6843,3318,3525,2427,1173,1254,193,89,104,4153,2019,2134,70,37,33
0.5 Scen,2022,107,Crosby County,6922,3359,3563,2409,1166,1243,195,91,104,4247,2065,2182,71,37,34
0.5 Scen,2023,107,Crosby County,7003,3400,3603,2392,1158,1234,194,91,103,4346,2114,2232,71,37,34
0.5 Scen,2024,107,Crosby County,7084,3443,3641,2379,1154,1225,193,90,103,4440,2162,2278,72,37,35
0.5 Scen,2025,107,Crosby County,7168,3484,3684,2359,1144,1215,192,90,102,4544,2212,2332,73,38,35
0.5 Scen,2026,107,Crosby County,7251,3525,3726,2339,1136,1203,190,89,101,4647,2261,2386,75,39,36
0.5 Scen,2027,107,Crosby County,7354,3577,3777,2326,1129,1197,191,90,101,4761,2318,2443,76,40,36
0.5 Scen,2028,107,Crosby County,7446,3618,3828,2311,1121,1190,191,90,101,4867,2367,2500,77,40,37
0.5 Scen,2029,107,Crosby County,7536,3658,3878,2302,1119,1183,190,89,101,4968,2411,2557,76,39,37
0.5 Scen,2030,107,Crosby County,7623,3706,3917,2285,1116,1169,190,89,101,5071,2462,2609,77,39,38
0.5 Scen,2031,107,Crosby County,7712,3753,3959,2269,1111,1158,192,90,102,5174,2513,2661,77,39,38
0.5 Scen,2032,107,Crosby County,7798,3794,4004,2255,1106,1149,192,90,102,5275,2560,2715,76,38,38
0.5 Scen,2033,107,Crosby County,7881,3841,4040,2239,1103,1136,191,90,101,5375,2610,2765,76,38,38
0.5 Scen,2034,107,Crosby County,7961,3884,4077,2218,1095,1123,192,92,100,5475,2659,2816,76,38,38
0.5 Scen,2035,107,Crosby County,8053,3929,4124,2201,1088,1113,190,91,99,5586,2712,2874,76,38,38
0.5 Scen,2036,107,Crosby County,8131,3964,4167,2181,1077,1104,191,92,99,5683,2757,2926,76,38,38
0.5 Scen,2037,107,Crosby County,8211,4010,4201,2158,1069,1089,192,93,99,5785,2809,2976,76,39,37
0.5 Scen,2038,107,Crosby County,8308,4057,4251,2143,1063,1080,192,93,99,5897,2862,3035,76,39,37
0.5 Scen,2039,107,Crosby County,8397,4103,4294,2125,1057,1068,190,93,97,6007,2915,3092,75,38,37
0.5 Scen,2040,107,Crosby County,8485,4142,4343,2110,1052,1058,189,92,97,6113,2962,3151,73,36,37
0.5 Scen,2041,107,Crosby County,8583,4193,4390,2097,1046,1051,189,93,96,6225,3019,3206,72,35,37
0.5 Scen,2042,107,Crosby County,8676,4241,4435,2081,1037,1044,188,92,96,6336,3078,3258,71,34,37
0.5 Scen,2043,107,Crosby County,8780,4296,4484,2069,1034,1035,186,92,94,6455,3137,3318,70,33,37
0.5 Scen,2044,107,Crosby County,8876,4345,4531,2051,1027,1024,185,91,94,6570,3194,3376,70,33,37
0.5 Scen,2045,107,Crosby County,8968,4391,4577,2026,1015,1011,184,91,93,6689,3253,3436,69,32,37
0.5 Scen,2046,107,Crosby County,9075,4445,4630,2011,1006,1005,182,90,92,6813,3317,3496,69,32,37
0.5 Scen,2047,107,Crosby County,9185,4502,4683,1996,1001,995,181,90,91,6941,3380,3561,67,31,36
0.5 Scen,2048,107,Crosby County,9303,4557,4746,1986,998,988,179,88,91,7072,3440,3632,66,31,35
0.5 Scen,2049,107,Crosby County,9424,4621,4803,1975,996,979,178,88,90,7206,3507,3699,65,30,35
0.5 Scen,2050,107,Crosby County,9547,4678,4869,1965,990,975,177,87,90,7339,3571,3768,66,30,36
0.5 Scen,2010,109,Culberson County,2398,1167,1231,504,263,241,8,5,3,1827,866,961,59,33,26
0.5 Scen,2011,109,Culberson County,2431,1186,1245,506,265,241,8,5,3,1857,882,975,60,34,26
0.5 Scen,2012,109,Culberson County,2471,1206,1265,511,267,244,8,5,3,1891,900,991,61,34,27
0.5 Scen,2013,109,Culberson County,2503,1225,1278,513,271,242,8,5,3,1920,914,1006,62,35,27
0.5 Scen,2014,109,Culberson County,2536,1244,1292,519,274,245,8,5,3,1946,930,1016,63,35,28
0.5 Scen,2015,109,Culberson County,2572,1263,1309,522,276,246,8,5,3,1978,946,1032,64,36,28
0.5 Scen,2016,109,Culberson County,2605,1279,1326,524,276,248,8,5,3,2008,962,1046,65,36,29
0.5 Scen,2017,109,Culberson County,2638,1295,1343,525,276,249,8,5,3,2039,977,1062,66,37,29
0.5 Scen,2018,109,Culberson County,2676,1313,1363,528,276,252,8,5,3,2073,995,1078,67,37,30
0.5 Scen,2019,109,Culberson County,2707,1332,1375,531,277,254,8,5,3,2102,1013,1089,66,37,29
0.5 Scen,2020,109,Culberson County,2740,1349,1391,533,278,255,8,5,3,2132,1029,1103,67,37,30
0.5 Scen,2021,109,Culberson County,2774,1367,1407,539,281,258,8,5,3,2160,1044,1116,67,37,30
0.5 Scen,2022,109,Culberson County,2810,1388,1422,544,284,260,8,5,3,2191,1062,1129,67,37,30
0.5 Scen,2023,109,Culberson County,2839,1405,1434,548,287,261,8,5,3,2216,1076,1140,67,37,30
0.5 Scen,2024,109,Culberson County,2871,1420,1451,550,288,262,8,5,3,2246,1090,1156,67,37,30
0.5 Scen,2025,109,Culberson County,2900,1436,1464,551,289,262,8,5,3,2274,1105,1169,67,37,30
0.5 Scen,2026,109,Culberson County,2928,1450,1478,552,290,262,8,5,3,2301,1118,1183,67,37,30
0.5 Scen,2027,109,Culberson County,2958,1467,1491,552,291,261,8,5,3,2331,1134,1197,67,37,30
0.5 Scen,2028,109,Culberson County,2986,1483,1503,553,291,262,8,5,3,2358,1150,1208,67,37,30
0.5 Scen,2029,109,Culberson County,3014,1498,1516,554,291,263,8,5,3,2384,1165,1219,68,37,31
0.5 Scen,2030,109,Culberson County,3042,1514,1528,555,291,264,8,5,3,2411,1181,1230,68,37,31
0.5 Scen,2031,109,Culberson County,3063,1527,1536,551,290,261,8,5,3,2436,1195,1241,68,37,31
0.5 Scen,2032,109,Culberson County,3089,1541,1548,549,290,259,8,5,3,2464,1209,1255,68,37,31
0.5 Scen,2033,109,Culberson County,3096,1542,1554,542,286,256,8,5,3,2478,1214,1264,68,37,31
0.5 Scen,2034,109,Culberson County,3107,1551,1556,539,283,256,8,5,3,2492,1226,1266,68,37,31
0.5 Scen,2035,109,Culberson County,3119,1563,1556,535,281,254,8,5,3,2510,1240,1270,66,37,29
0.5 Scen,2036,109,Culberson County,3132,1574,1558,528,281,247,8,5,3,2530,1252,1278,66,36,30
0.5 Scen,2037,109,Culberson County,3145,1583,1562,522,277,245,8,5,3,2549,1265,1284,66,36,30
0.5 Scen,2038,109,Culberson County,3159,1590,1569,518,275,243,8,5,3,2567,1274,1293,66,36,30
0.5 Scen,2039,109,Culberson County,3163,1591,1572,510,270,240,8,5,3,2580,1281,1299,65,35,30
0.5 Scen,2040,109,Culberson County,3181,1597,1584,508,269,239,8,5,3,2601,1289,1312,64,34,30
0.5 Scen,2041,109,Culberson County,3193,1606,1587,505,268,237,8,5,3,2617,1300,1317,63,33,30
0.5 Scen,2042,109,Culberson County,3211,1619,1592,501,267,234,8,5,3,2641,1314,1327,61,33,28
0.5 Scen,2043,109,Culberson County,3233,1633,1600,497,267,230,8,5,3,2666,1328,1338,62,33,29
0.5 Scen,2044,109,Culberson County,3254,1649,1605,494,269,225,8,5,3,2691,1343,1348,61,32,29
0.5 Scen,2045,109,Culberson County,3275,1662,1613,490,269,221,8,5,3,2717,1357,1360,60,31,29
0.5 Scen,2046,109,Culberson County,3296,1676,1620,486,267,219,8,5,3,2742,1373,1369,60,31,29
0.5 Scen,2047,109,Culberson County,3307,1685,1622,478,264,214,8,5,3,2761,1385,1376,60,31,29
0.5 Scen,2048,109,Culberson County,3327,1696,1631,478,263,215,8,5,3,2782,1398,1384,59,30,29
0.5 Scen,2049,109,Culberson County,3340,1707,1633,473,263,210,8,5,3,2801,1409,1392,58,30,28
0.5 Scen,2050,109,Culberson County,3353,1717,1636,466,260,206,8,5,3,2821,1422,1399,58,30,28
0.5 Scen,2010,111,Dallam County,6703,3482,3221,3726,1900,1826,81,42,39,2717,1441,1276,179,99,80
0.5 Scen,2011,111,Dallam County,6814,3543,3271,3775,1928,1847,82,43,39,2774,1471,1303,183,101,82
0.5 Scen,2012,111,Dallam County,6929,3608,3321,3824,1956,1868,83,43,40,2836,1506,1330,186,103,83
0.5 Scen,2013,111,Dallam County,7037,3667,3370,3864,1979,1885,84,44,40,2899,1539,1360,190,105,85
0.5 Scen,2014,111,Dallam County,7155,3730,3425,3909,2003,1906,85,44,41,2968,1576,1392,193,107,86
0.5 Scen,2015,111,Dallam County,7259,3789,3470,3944,2023,1921,86,45,41,3033,1612,1421,196,109,87
0.5 Scen,2016,111,Dallam County,7362,3842,3520,3977,2039,1938,87,45,42,3098,1647,1451,200,111,89
0.5 Scen,2017,111,Dallam County,7460,3901,3559,4003,2057,1946,88,46,42,3166,1685,1481,203,113,90
0.5 Scen,2018,111,Dallam County,7552,3955,3597,4027,2071,1956,88,46,42,3233,1723,1510,204,115,89
0.5 Scen,2019,111,Dallam County,7624,3996,3628,4038,2078,1960,88,46,42,3288,1755,1533,210,117,93
0.5 Scen,2020,111,Dallam County,7725,4053,3672,4063,2093,1970,89,46,43,3360,1795,1565,213,119,94
0.5 Scen,2021,111,Dallam County,7813,4096,3717,4074,2096,1978,90,47,43,3433,1832,1601,216,121,95
0.5 Scen,2022,111,Dallam County,7899,4146,3753,4082,2103,1979,91,47,44,3506,1873,1633,220,123,97
0.5 Scen,2023,111,Dallam County,7992,4196,3796,4098,2114,1984,92,48,44,3580,1910,1670,222,124,98
0.5 Scen,2024,111,Dallam County,8085,4243,3842,4109,2117,1992,93,48,45,3658,1951,1707,225,127,98
0.5 Scen,2025,111,Dallam County,8178,4295,3883,4120,2125,1995,94,49,45,3735,1992,1743,229,129,100
0.5 Scen,2026,111,Dallam County,8283,4349,3934,4136,2132,2004,95,49,46,3816,2035,1781,236,133,103
0.5 Scen,2027,111,Dallam County,8387,4405,3982,4146,2139,2007,96,50,46,3903,2080,1823,242,136,106
0.5 Scen,2028,111,Dallam County,8480,4456,4024,4154,2145,2009,98,50,48,3981,2123,1858,247,138,109
0.5 Scen,2029,111,Dallam County,8574,4506,4068,4163,2148,2015,100,52,48,4058,2165,1893,253,141,112
0.5 Scen,2030,111,Dallam County,8652,4545,4107,4172,2152,2020,101,52,49,4121,2197,1924,258,144,114
0.5 Scen,2031,111,Dallam County,8738,4595,4143,4169,2152,2017,102,53,49,4203,2243,1960,264,147,117
0.5 Scen,2032,111,Dallam County,8831,4640,4191,4182,2157,2025,101,52,49,4279,2282,1997,269,149,120
0.5 Scen,2033,111,Dallam County,8932,4695,4237,4195,2165,2030,102,53,49,4360,2325,2035,275,152,123
0.5 Scen,2034,111,Dallam County,9031,4748,4283,4207,2174,2033,103,53,50,4440,2366,2074,281,155,126
0.5 Scen,2035,111,Dallam County,9132,4804,4328,4217,2184,2033,104,54,50,4524,2408,2116,287,158,129
0.5 Scen,2036,111,Dallam County,9235,4859,4376,4232,2194,2038,104,54,50,4608,2451,2157,291,160,131
0.5 Scen,2037,111,Dallam County,9326,4908,4418,4243,2202,2041,104,54,50,4685,2490,2195,294,162,132
0.5 Scen,2038,111,Dallam County,9412,4956,4456,4249,2210,2039,103,53,50,4761,2528,2233,299,165,134
0.5 Scen,2039,111,Dallam County,9509,5012,4497,4260,2220,2040,101,52,49,4847,2574,2273,301,166,135
0.5 Scen,2040,111,Dallam County,9593,5059,4534,4269,2228,2041,100,51,49,4924,2613,2311,300,167,133
0.5 Scen,2041,111,Dallam County,9686,5110,4576,4280,2236,2044,99,51,48,5004,2654,2350,303,169,134
0.5 Scen,2042,111,Dallam County,9782,5163,4619,4292,2244,2048,98,50,48,5086,2699,2387,306,170,136
0.5 Scen,2043,111,Dallam County,9874,5214,4660,4297,2248,2049,98,50,48,5173,2747,2426,306,169,137
0.5 Scen,2044,111,Dallam County,9982,5271,4711,4309,2256,2053,98,49,49,5266,2795,2471,309,171,138
0.5 Scen,2045,111,Dallam County,10081,5331,4750,4318,2266,2052,99,50,49,5358,2845,2513,306,170,136
0.5 Scen,2046,111,Dallam County,10174,5384,4790,4327,2274,2053,98,50,48,5445,2890,2555,304,170,134
0.5 Scen,2047,111,Dallam County,10262,5432,4830,4325,2276,2049,98,50,48,5535,2937,2598,304,169,135
0.5 Scen,2048,111,Dallam County,10361,5487,4874,4328,2280,2048,97,50,47,5631,2986,2645,305,171,134
0.5 Scen,2049,111,Dallam County,10466,5544,4922,4332,2286,2046,96,49,47,5729,3036,2693,309,173,136
0.5 Scen,2050,111,Dallam County,10561,5602,4959,4337,2293,2044,95,48,47,5816,3085,2731,313,176,137
0.5 Scen,2010,113,Dallas County,2368139,1171002,1197137,784693,383504,401189,518732,239252,279480,905940,470056,435884,158774,78190,80584
0.5 Scen,2011,113,Dallas County,2392965,1184309,1208656,776555,379896,396659,524929,242535,282394,928688,481652,447036,162793,80226,82567
0.5 Scen,2012,113,Dallas County,2418398,1197941,1220457,768589,376478,392111,531161,245764,285397,951682,493381,458301,166966,82318,84648
0.5 Scen,2013,113,Dallas County,2444095,1211747,1232348,760861,373164,387697,537068,248948,288120,974981,505184,469797,171185,84451,86734
0.5 Scen,2014,113,Dallas County,2469699,1225278,1244421,752986,369575,383411,542948,252116,290832,998310,517026,481284,175455,86561,88894
0.5 Scen,2015,113,Dallas County,2495544,1239040,1256504,745021,366124,378897,549063,255187,293876,1021824,529029,492795,179636,88700,90936
0.5 Scen,2016,113,Dallas County,2521192,1252710,1268482,737076,362628,374448,554738,258191,296547,1045500,541059,504441,183878,90832,93046
0.5 Scen,2017,113,Dallas County,2545862,1265962,1279900,728580,358822,369758,559881,261040,298841,1069291,553180,516111,188110,92920,95190
0.5 Scen,2018,113,Dallas County,2571089,1279473,1291616,720288,355134,365154,565283,263914,301369,1093489,565473,528016,192029,94952,97077
0.5 Scen,2019,113,Dallas County,2596329,1292668,1303661,711533,351093,360440,570552,266697,303855,1117995,577831,540164,196249,97047,99202
0.5 Scen,2020,113,Dallas County,2621131,1305883,1315248,702644,347022,355622,575614,269463,306151,1142833,590392,552441,200040,99006,101034
0.5 Scen,2021,113,Dallas County,2646305,1319015,1327290,693469,342830,350639,580799,272066,308733,1168107,603196,564911,203930,100923,103007
0.5 Scen,2022,113,Dallas County,2670920,1332146,1338774,684063,338512,345551,585592,274640,310952,1193754,616206,577548,207511,102788,104723
0.5 Scen,2023,113,Dallas County,2695167,1344932,1350235,674207,333885,340322,589901,277112,312789,1219853,629341,590512,211206,104594,106612
0.5 Scen,2024,113,Dallas County,2719309,1357720,1361589,664196,329174,335022,594423,279629,314794,1245997,642564,603433,214693,106353,108340
0.5 Scen,2025,113,Dallas County,2743221,1370258,1372963,653935,324396,329539,598951,281935,317016,1272438,655950,616488,217897,107977,109920
0.5 Scen,2026,113,Dallas County,2766381,1382711,1383670,643372,319361,324011,602549,284060,318489,1299174,669542,629632,221286,109748,111538
0.5 Scen,2027,113,Dallas County,2790432,1395289,1395143,632753,314328,318425,606599,286246,320353,1326492,683307,643185,224588,111408,113180
0.5 Scen,2028,113,Dallas County,2813683,1407623,1406060,621990,309248,312742,610041,288266,321775,1353988,697240,656748,227664,112869,114795
0.5 Scen,2029,113,Dallas County,2837024,1419831,1417193,611069,304031,307038,613521,290172,323349,1381228,710948,670280,231206,114680,116526
0.5 Scen,2030,113,Dallas County,2859701,1431867,1427834,600030,298757,301273,616556,291989,324567,1409013,725052,683961,234102,116069,118033
0.5 Scen,2031,113,Dallas County,2882252,1443793,1438459,589013,293447,295566,619115,293525,325590,1436563,738845,697718,237561,117976,119585
0.5 Scen,2032,113,Dallas County,2905685,1455952,1449733,578014,288173,289841,622301,295264,327037,1464414,752866,711548,240956,119649,121307
0.5 Scen,2033,113,Dallas County,2928142,1467998,1460144,567133,282996,284137,624748,296880,327868,1491921,766844,725077,244340,121278,123062
0.5 Scen,2034,113,Dallas County,2950994,1479962,1471032,556367,277807,278560,627106,298256,328850,1519688,780808,738880,247833,123091,124742
0.5 Scen,2035,113,Dallas County,2973345,1492030,1481315,545649,272638,273011,629161,299716,329445,1547491,794936,752555,251044,124740,126304
0.5 Scen,2036,113,Dallas County,2996031,1503851,1492180,535128,267597,267531,630896,300850,330046,1575283,808788,766495,254724,126616,128108
0.5 Scen,2037,113,Dallas County,3018934,1516163,1502771,524790,262661,262129,632997,302223,330774,1602753,822795,779958,258394,128484,129910
0.5 Scen,2038,113,Dallas County,3041369,1527964,1513405,514538,257734,256804,634563,303351,331212,1630394,836594,793800,261874,130285,131589
0.5 Scen,2039,113,Dallas County,3063882,1540020,1523862,504508,252947,251561,635788,304390,331398,1658022,850482,807540,265564,132201,133363
0.5 Scen,2040,113,Dallas County,3086679,1552113,1534566,494625,248193,246432,637151,305358,331793,1685689,864499,821190,269214,134063,135151
0.5 Scen,2041,113,Dallas County,3108554,1563869,1544685,484935,243552,241383,637878,306124,331754,1712908,878237,834671,272833,135956,136877
0.5 Scen,2042,113,Dallas County,3131394,1576062,1555332,475356,238965,236391,639060,307081,331979,1740451,892180,848271,276527,137836,138691
0.5 Scen,2043,113,Dallas County,3153562,1587949,1565613,465947,234460,231487,639468,307715,331753,1768022,906072,861950,280125,139702,140423
0.5 Scen,2044,113,Dallas County,3176258,1599896,1576362,456677,230032,226645,640148,308311,331837,1795652,920009,875643,283781,141544,142237
0.5 Scen,2045,113,Dallas County,3198694,1612012,1586682,447550,225653,221897,640668,309010,331658,1823197,934016,889181,287279,143333,143946
0.5 Scen,2046,113,Dallas County,3220865,1623973,1596892,438560,221361,217199,640766,309598,331168,1850794,947892,902902,290745,145122,145623
0.5 Scen,2047,113,Dallas County,3243234,1636061,1607173,429719,217142,212577,641042,310152,330890,1878460,961907,916553,294013,146860,147153
0.5 Scen,2048,113,Dallas County,3266177,1648375,1617802,421028,212988,208040,641466,310764,330702,1906256,976076,930180,297427,148547,148880
0.5 Scen,2049,113,Dallas County,3288427,1660396,1628031,412480,208897,203583,641224,311107,330117,1933987,990108,943879,300736,150284,150452
0.5 Scen,2050,113,Dallas County,3311187,1672767,1638420,404072,204857,199215,641596,311818,329778,1961806,1004246,957560,303713,151846,151867
0.5 Scen,2010,115,Dawson County,13833,7815,6018,5402,2958,2444,860,636,224,7387,4118,3269,184,103,81
0.5 Scen,2011,115,Dawson County,13929,7871,6058,5392,2959,2433,862,638,224,7489,4170,3319,186,104,82
0.5 Scen,2012,115,Dawson County,14024,7924,6100,5376,2953,2423,865,640,225,7595,4226,3369,188,105,83
0.5 Scen,2013,115,Dawson County,14116,7981,6135,5364,2953,2411,871,644,227,7692,4278,3414,189,106,83
0.5 Scen,2014,115,Dawson County,14211,8034,6177,5351,2953,2398,873,646,227,7795,4328,3467,192,107,85
0.5 Scen,2015,115,Dawson County,14290,8087,6203,5330,2952,2378,872,645,227,7894,4382,3512,194,108,86
0.5 Scen,2016,115,Dawson County,14365,8134,6231,5297,2946,2351,875,645,230,7997,4434,3563,196,109,87
0.5 Scen,2017,115,Dawson County,14440,8177,6263,5261,2931,2330,877,645,232,8104,4491,3613,198,110,88
0.5 Scen,2018,115,Dawson County,14521,8227,6294,5239,2927,2312,877,645,232,8205,4544,3661,200,111,89
0.5 Scen,2019,115,Dawson County,14588,8272,6316,5203,2918,2285,879,645,234,8304,4596,3708,202,113,89
0.5 Scen,2020,115,Dawson County,14663,8311,6352,5172,2902,2270,881,645,236,8405,4650,3755,205,114,91
0.5 Scen,2021,115,Dawson County,14743,8349,6394,5147,2890,2257,885,645,240,8504,4699,3805,207,115,92
0.5 Scen,2022,115,Dawson County,14822,8388,6434,5126,2880,2246,886,645,241,8600,4747,3853,210,116,94
0.5 Scen,2023,115,Dawson County,14895,8435,6460,5093,2867,2226,890,648,242,8698,4801,3897,214,119,95
0.5 Scen,2024,115,Dawson County,14977,8476,6501,5061,2851,2210,893,649,244,8808,4858,3950,215,118,97
0.5 Scen,2025,115,Dawson County,15070,8522,6548,5040,2841,2199,898,652,246,8912,4906,4006,220,123,97
0.5 Scen,2026,115,Dawson County,15148,8566,6582,5010,2828,2182,899,652,247,9017,4962,4055,222,124,98
0.5 Scen,2027,115,Dawson County,15227,8609,6618,4984,2817,2167,902,654,248,9116,5012,4104,225,126,99
0.5 Scen,2028,115,Dawson County,15284,8644,6640,4954,2805,2149,902,653,249,9200,5059,4141,228,127,101
0.5 Scen,2029,115,Dawson County,15370,8687,6683,4929,2792,2137,905,655,250,9305,5111,4194,231,129,102
0.5 Scen,2030,115,Dawson County,15458,8738,6720,4908,2783,2125,909,658,251,9408,5167,4241,233,130,103
0.5 Scen,2031,115,Dawson County,15536,8787,6749,4886,2778,2108,908,657,251,9507,5221,4286,235,131,104
0.5 Scen,2032,115,Dawson County,15601,8827,6774,4862,2770,2092,909,657,252,9591,5267,4324,239,133,106
0.5 Scen,2033,115,Dawson County,15683,8880,6803,4838,2762,2076,910,657,253,9693,5326,4367,242,135,107
0.5 Scen,2034,115,Dawson County,15749,8920,6829,4811,2753,2058,908,654,254,9786,5377,4409,244,136,108
0.5 Scen,2035,115,Dawson County,15847,8976,6871,4801,2750,2051,910,655,255,9891,5435,4456,245,136,109
0.5 Scen,2036,115,Dawson County,15924,9016,6908,4788,2745,2043,909,652,257,9981,5482,4499,246,137,109
0.5 Scen,2037,115,Dawson County,16009,9073,6936,4763,2738,2025,915,658,257,10084,5539,4545,247,138,109
0.5 Scen,2038,115,Dawson County,16083,9120,6963,4751,2736,2015,907,652,255,10177,5593,4584,248,139,109
0.5 Scen,2039,115,Dawson County,16166,9167,6999,4739,2732,2007,901,647,254,10278,5648,4630,248,140,108
0.5 Scen,2040,115,Dawson County,16237,9209,7028,4716,2723,1993,902,649,253,10371,5697,4674,248,140,108
0.5 Scen,2041,115,Dawson County,16315,9260,7055,4704,2722,1982,896,645,251,10465,5751,4714,250,142,108
0.5 Scen,2042,115,Dawson County,16396,9313,7083,4691,2719,1972,894,644,250,10561,5809,4752,250,141,109
0.5 Scen,2043,115,Dawson County,16471,9358,7113,4681,2717,1964,891,642,249,10648,5857,4791,251,142,109
0.5 Scen,2044,115,Dawson County,16546,9404,7142,4668,2714,1954,887,640,247,10739,5908,4831,252,142,110
0.5 Scen,2045,115,Dawson County,16619,9449,7170,4648,2708,1940,884,637,247,10835,5962,4873,252,142,110
0.5 Scen,2046,115,Dawson County,16685,9487,7198,4627,2700,1927,878,632,246,10926,6012,4914,254,143,111
0.5 Scen,2047,115,Dawson County,16752,9531,7221,4610,2694,1916,874,631,243,11014,6063,4951,254,143,111
0.5 Scen,2048,115,Dawson County,16820,9574,7246,4595,2687,1908,869,627,242,11101,6117,4984,255,143,112
0.5 Scen,2049,115,Dawson County,16882,9616,7266,4571,2677,1894,862,623,239,11192,6171,5021,257,145,112
0.5 Scen,2050,115,Dawson County,16951,9660,7291,4559,2676,1883,856,618,238,11278,6221,5057,258,145,113
0.5 Scen,2010,117,Deaf Smith County,19372,9652,9720,5939,2855,3084,158,76,82,13039,6610,6429,236,111,125
0.5 Scen,2011,117,Deaf Smith County,19663,9809,9854,5916,2849,3067,160,77,83,13345,6768,6577,242,115,127
0.5 Scen,2012,117,Deaf Smith County,19948,9961,9987,5891,2843,3048,162,78,84,13647,6922,6725,248,118,130
0.5 Scen,2013,117,Deaf Smith County,20247,10116,10131,5863,2835,3028,164,79,85,13964,7080,6884,256,122,134
0.5 Scen,2014,117,Deaf Smith County,20526,10271,10255,5824,2823,3001,165,79,86,14273,7242,7031,264,127,137
0.5 Scen,2015,117,Deaf Smith County,20810,10424,10386,5780,2811,2969,167,80,87,14592,7402,7190,271,131,140
0.5 Scen,2016,117,Deaf Smith County,21097,10574,10523,5750,2803,2947,168,81,87,14901,7555,7346,278,135,143
0.5 Scen,2017,117,Deaf Smith County,21386,10724,10662,5713,2788,2925,169,82,87,15219,7715,7504,285,139,146
0.5 Scen,2018,117,Deaf Smith County,21680,10885,10795,5678,2778,2900,169,81,88,15541,7883,7658,292,143,149
0.5 Scen,2019,117,Deaf Smith County,21996,11054,10942,5652,2772,2880,170,82,88,15875,8053,7822,299,147,152
0.5 Scen,2020,117,Deaf Smith County,22308,11224,11084,5625,2765,2860,171,82,89,16207,8226,7981,305,151,154
0.5 Scen,2021,117,Deaf Smith County,22642,11406,11236,5608,2764,2844,172,83,89,16551,8405,8146,311,154,157
0.5 Scen,2022,117,Deaf Smith County,22963,11581,11382,5586,2762,2824,171,82,89,16889,8579,8310,317,158,159
0.5 Scen,2023,117,Deaf Smith County,23311,11771,11540,5569,2757,2812,170,83,87,17248,8770,8478,324,161,163
0.5 Scen,2024,117,Deaf Smith County,23643,11948,11695,5545,2747,2798,171,84,87,17595,8951,8644,332,166,166
0.5 Scen,2025,117,Deaf Smith County,24008,12147,11861,5535,2746,2789,172,85,87,17964,9148,8816,337,168,169
0.5 Scen,2026,117,Deaf Smith County,24361,12335,12026,5518,2742,2776,172,84,88,18329,9339,8990,342,170,172
0.5 Scen,2027,117,Deaf Smith County,24730,12535,12195,5493,2733,2760,172,85,87,18717,9544,9173,348,173,175
0.5 Scen,2028,117,Deaf Smith County,25094,12732,12362,5468,2723,2745,173,85,88,19098,9748,9350,355,176,179
0.5 Scen,2029,117,Deaf Smith County,25482,12940,12542,5449,2717,2732,172,85,87,19503,9960,9543,358,178,180
0.5 Scen,2030,117,Deaf Smith County,25853,13140,12713,5423,2707,2716,171,84,87,19897,10169,9728,362,180,182
0.5 Scen,2031,117,Deaf Smith County,26217,13341,12876,5396,2702,2694,170,84,86,20288,10375,9913,363,180,183
0.5 Scen,2032,117,Deaf Smith County,26593,13544,13049,5366,2693,2673,169,83,86,20690,10585,10105,368,183,185
0.5 Scen,2033,117,Deaf Smith County,26966,13752,13214,5337,2682,2655,169,84,85,21089,10803,10286,371,183,188
0.5 Scen,2034,117,Deaf Smith County,27328,13938,13390,5307,2668,2639,169,84,85,21481,11003,10478,371,183,188
0.5 Scen,2035,117,Deaf Smith County,27689,14138,13551,5272,2657,2615,169,85,84,21872,11210,10662,376,186,190
0.5 Scen,2036,117,Deaf Smith County,28046,14335,13711,5235,2645,2590,168,84,84,22263,11418,10845,380,188,192
0.5 Scen,2037,117,Deaf Smith County,28409,14537,13872,5199,2630,2569,168,85,83,22655,11630,11025,387,192,195
0.5 Scen,2038,117,Deaf Smith County,28776,14733,14043,5161,2609,2552,167,84,83,23058,11845,11213,390,195,195
0.5 Scen,2039,117,Deaf Smith County,29138,14936,14202,5123,2595,2528,166,84,82,23456,12060,11396,393,197,196
0.5 Scen,2040,117,Deaf Smith County,29506,15135,14371,5088,2580,2508,166,83,83,23855,12272,11583,397,200,197
0.5 Scen,2041,117,Deaf Smith County,29883,15346,14537,5057,2568,2489,165,83,82,24258,12492,11766,403,203,200
0.5 Scen,2042,117,Deaf Smith County,30254,15545,14709,5017,2550,2467,164,82,82,24666,12709,11957,407,204,203
0.5 Scen,2043,117,Deaf Smith County,30613,15747,14866,4968,2531,2437,162,81,81,25073,12928,12145,410,207,203
0.5 Scen,2044,117,Deaf Smith County,30982,15957,15025,4929,2519,2410,159,80,79,25477,13146,12331,417,212,205
0.5 Scen,2045,117,Deaf Smith County,31380,16181,15199,4900,2507,2393,158,80,78,25900,13379,12521,422,215,207
0.5 Scen,2046,117,Deaf Smith County,31773,16397,15376,4872,2494,2378,157,79,78,26318,13605,12713,426,219,207
0.5 Scen,2047,117,Deaf Smith County,32175,16618,15557,4841,2484,2357,157,79,78,26747,13835,12912,430,220,210
0.5 Scen,2048,117,Deaf Smith County,32581,16838,15743,4819,2475,2344,155,78,77,27171,14061,13110,436,224,212
0.5 Scen,2049,117,Deaf Smith County,33000,17066,15934,4798,2469,2329,154,78,76,27604,14290,13314,444,229,215
0.5 Scen,2050,117,Deaf Smith County,33421,17294,16127,4781,2466,2315,153,77,76,28039,14519,13520,448,232,216
0.5 Scen,2010,119,Delta County,5231,2563,2668,4351,2128,2223,375,174,201,288,168,120,217,93,124
0.5 Scen,2011,119,Delta County,5252,2568,2684,4358,2125,2233,380,177,203,294,171,123,220,95,125
0.5 Scen,2012,119,Delta County,5270,2575,2695,4365,2126,2239,383,179,204,300,174,126,222,96,126
0.5 Scen,2013,119,Delta County,5284,2583,2701,4366,2127,2239,388,182,206,306,177,129,224,97,127
0.5 Scen,2014,119,Delta County,5288,2585,2703,4358,2124,2234,392,184,208,312,180,132,226,97,129
0.5 Scen,2015,119,Delta County,5292,2591,2701,4349,2123,2226,397,187,210,318,183,135,228,98,130
0.5 Scen,2016,119,Delta County,5298,2597,2701,4341,2123,2218,404,190,214,323,185,138,230,99,131
0.5 Scen,2017,119,Delta County,5307,2607,2700,4335,2123,2212,410,194,216,330,189,141,232,101,131
0.5 Scen,2018,119,Delta County,5325,2618,2707,4335,2123,2212,418,200,218,337,193,144,235,102,133
0.5 Scen,2019,119,Delta County,5346,2632,2714,4340,2128,2212,425,204,221,344,197,147,237,103,134
0.5 Scen,2020,119,Delta County,5359,2640,2719,4339,2127,2212,431,208,223,351,201,150,238,104,134
0.5 Scen,2021,119,Delta County,5376,2646,2730,4339,2123,2216,438,212,226,359,205,154,240,106,134
0.5 Scen,2022,119,Delta County,5398,2653,2745,4345,2121,2224,443,216,227,367,209,158,243,107,136
0.5 Scen,2023,119,Delta County,5419,2662,2757,4350,2121,2229,446,218,228,376,214,162,247,109,138
0.5 Scen,2024,119,Delta County,5435,2667,2768,4351,2117,2234,450,221,229,384,218,166,250,111,139
0.5 Scen,2025,119,Delta County,5452,2676,2776,4354,2119,2235,453,223,230,391,221,170,254,113,141
0.5 Scen,2026,119,Delta County,5467,2681,2786,4355,2117,2238,455,224,231,399,225,174,258,115,143
0.5 Scen,2027,119,Delta County,5482,2690,2792,4356,2119,2237,457,225,232,407,229,178,262,117,145
0.5 Scen,2028,119,Delta County,5485,2694,2791,4345,2114,2231,460,227,233,415,233,182,265,120,145
0.5 Scen,2029,119,Delta County,5494,2698,2796,4338,2108,2230,464,229,235,423,238,185,269,123,146
0.5 Scen,2030,119,Delta County,5497,2699,2798,4324,2098,2226,468,232,236,433,243,190,272,126,146
0.5 Scen,2031,119,Delta County,5505,2706,2799,4315,2096,2219,472,234,238,443,248,195,275,128,147
0.5 Scen,2032,119,Delta County,5510,2712,2798,4303,2092,2211,475,236,239,454,254,200,278,130,148
0.5 Scen,2033,119,Delta County,5512,2719,2793,4292,2091,2201,476,237,239,463,258,205,281,133,148
0.5 Scen,2034,119,Delta County,5524,2727,2797,4287,2089,2198,480,240,240,472,262,210,285,136,149
0.5 Scen,2035,119,Delta County,5518,2725,2793,4275,2085,2190,479,239,240,481,267,214,283,134,149
0.5 Scen,2036,119,Delta County,5524,2728,2796,4268,2082,2186,480,239,241,491,272,219,285,135,150
0.5 Scen,2037,119,Delta County,5534,2738,2796,4266,2085,2181,479,239,240,501,277,224,288,137,151
0.5 Scen,2038,119,Delta County,5537,2743,2794,4261,2087,2174,478,238,240,511,282,229,287,136,151
0.5 Scen,2039,119,Delta County,5537,2746,2791,4251,2083,2168,476,237,239,521,287,234,289,139,150
0.5 Scen,2040,119,Delta County,5532,2750,2782,4238,2080,2158,475,238,237,529,292,237,290,140,150
0.5 Scen,2041,119,Delta County,5530,2747,2783,4226,2072,2154,476,238,238,538,297,241,290,140,150
0.5 Scen,2042,119,Delta County,5530,2750,2780,4213,2068,2145,477,238,239,547,302,245,293,142,151
0.5 Scen,2043,119,Delta County,5525,2747,2778,4200,2059,2141,477,240,237,555,306,249,293,142,151
0.5 Scen,2044,119,Delta County,5520,2743,2777,4189,2050,2139,474,239,235,563,311,252,294,143,151
0.5 Scen,2045,119,Delta County,5517,2747,2770,4173,2046,2127,474,240,234,573,316,257,297,145,152
0.5 Scen,2046,119,Delta County,5506,2746,2760,4154,2041,2113,472,240,232,583,321,262,297,144,153
0.5 Scen,2047,119,Delta County,5493,2743,2750,4131,2032,2099,473,241,232,592,326,266,297,144,153
0.5 Scen,2048,119,Delta County,5477,2730,2747,4116,2022,2094,467,237,230,601,331,270,293,140,153
0.5 Scen,2049,119,Delta County,5483,2731,2752,4117,2022,2095,465,235,230,610,336,274,291,138,153
0.5 Scen,2050,119,Delta County,5487,2737,2750,4114,2025,2089,462,233,229,619,341,278,292,138,154
0.5 Scen,2010,121,Denton County,662614,325960,336654,426887,209951,216936,54034,25551,28483,120836,61046,59790,60857,29412,31445
0.5 Scen,2011,121,Denton County,677378,333251,344127,432424,212690,219734,55658,26338,29320,125865,63508,62357,63431,30715,32716
0.5 Scen,2012,121,Denton County,692799,340840,351959,438098,215518,222580,57387,27156,30231,131160,66091,65069,66154,32075,34079
0.5 Scen,2013,121,Denton County,708280,348430,359850,443544,218198,225346,59158,27992,31166,136648,68766,67882,68930,33474,35456
0.5 Scen,2014,121,Denton County,723878,356056,367822,448859,220784,228075,60952,28834,32118,142328,71539,70789,71739,34899,36840
0.5 Scen,2015,121,Denton County,739627,363804,375823,453964,223342,230622,62772,29706,33066,148223,74408,73815,74668,36348,38320
0.5 Scen,2016,121,Denton County,755374,371499,383875,458795,225718,233077,64608,30580,34028,154356,77377,76979,77615,37824,39791
0.5 Scen,2017,121,Denton County,771561,379436,392125,463660,228085,235575,66545,31496,35049,160734,80479,80255,80622,39376,41246
0.5 Scen,2018,121,Denton County,788272,387511,400761,468578,230440,238138,68554,32444,36110,167339,83689,83650,83801,40938,42863
0.5 Scen,2019,121,Denton County,805295,395837,409458,473481,232873,240608,70582,33386,37196,174209,87021,87188,87023,42557,44466
0.5 Scen,2020,121,Denton County,822601,404318,418283,478277,235212,243065,72629,34339,38290,181313,90471,90842,90382,44296,46086
0.5 Scen,2021,121,Denton County,839708,412742,426966,482753,237407,245346,74628,35317,39311,188592,94022,94570,93735,45996,47739
0.5 Scen,2022,121,Denton County,857350,421509,435841,487307,239678,247629,76621,36294,40327,196128,97703,98425,97294,47834,49460
0.5 Scen,2023,121,Denton County,875343,430294,445049,491741,241868,249873,78660,37276,41384,203988,101514,102474,100954,49636,51318
0.5 Scen,2024,121,Denton County,893840,439411,454429,496321,244145,252176,80738,38252,42486,212117,105463,106654,104664,51551,53113
0.5 Scen,2025,121,Denton County,912862,448876,463986,500790,246352,254438,82851,39309,43542,220553,109569,110984,108668,53646,55022
0.5 Scen,2026,121,Denton County,932400,458455,473945,505347,248589,256758,85060,40369,44691,229233,113813,115420,112760,55684,57076
0.5 Scen,2027,121,Denton County,952385,468361,484024,509844,250849,258995,87209,41414,45795,238289,118193,120096,117043,57905,59138
0.5 Scen,2028,121,Denton County,972776,478473,494303,514336,253091,261245,89451,42494,46957,247639,122729,124910,121350,60159,61191
0.5 Scen,2029,121,Denton County,993345,488706,504639,518769,255332,263437,91681,43586,48095,257238,127368,129870,125657,62420,63237
0.5 Scen,2030,121,Denton County,1014812,499298,515514,523069,257477,265592,93897,44653,49244,267245,132235,135010,130601,64933,65668
0.5 Scen,2031,121,Denton County,1036233,509904,526329,527203,259557,267646,96174,45788,50386,277532,137179,140353,135324,67380,67944
0.5 Scen,2032,121,Denton County,1058241,520751,537490,531192,261590,269602,98501,46882,51619,288071,142296,145775,140477,69983,70494
0.5 Scen,2033,121,Denton County,1080457,531840,548617,535063,263583,271480,100750,47948,52802,298976,147550,151426,145668,72759,72909
0.5 Scen,2034,121,Denton County,1102938,543035,559903,538685,265448,273237,103067,49120,53947,310075,152910,157165,151111,75557,75554
0.5 Scen,2035,121,Denton County,1125612,554332,571280,542146,267240,274906,105405,50235,55170,321547,158422,163125,156514,78435,78079
0.5 Scen,2036,121,Denton County,1148556,565701,582855,545395,268915,276480,107683,51359,56324,333276,164067,169209,162202,81360,80842
0.5 Scen,2037,121,Denton County,1171790,577225,594565,548549,270577,277972,109961,52443,57518,345242,169849,175393,168038,84356,83682
0.5 Scen,2038,121,Denton County,1195365,588970,606395,551445,272096,279349,112297,53602,58695,357525,175703,181822,174098,87569,86529
0.5 Scen,2039,121,Denton County,1219028,600697,618331,554189,273561,280628,114532,54638,59894,370087,181722,188365,180220,90776,89444
0.5 Scen,2040,121,Denton County,1242750,612496,630254,556737,274915,281822,116819,55767,61052,382818,187796,195022,186376,94018,92358
0.5 Scen,2041,121,Denton County,1267061,624527,642534,559086,276176,282910,119167,56909,62258,396007,194086,201921,192801,97356,95445
0.5 Scen,2042,121,Denton County,1291282,636618,654664,561203,277338,283865,121501,58046,63455,409379,200491,208888,199199,100743,98456
0.5 Scen,2043,121,Denton County,1315756,648757,666999,563179,278435,284744,123725,59128,64597,423102,207020,216082,205750,104174,101576
0.5 Scen,2044,121,Denton County,1340564,661016,679548,564945,279428,285517,125972,60204,65768,437113,213690,223423,212534,107694,104840
0.5 Scen,2045,121,Denton County,1365258,673388,691870,566516,280340,286176,128204,61314,66890,451421,220505,230916,219117,111229,107888
0.5 Scen,2046,121,Denton County,1390537,685844,704693,567923,281180,286743,130501,62411,68090,466035,227457,238578,226078,114796,111282
0.5 Scen,2047,121,Denton County,1416069,698534,717535,569244,281976,287268,132740,63504,69236,480978,234582,246396,233107,118472,114635
0.5 Scen,2048,121,Denton County,1441905,711423,730482,570451,282717,287734,134973,64630,70343,496300,241899,254401,240181,122177,118004
0.5 Scen,2049,121,Denton County,1468273,724475,743798,571608,283444,288164,137233,65705,71528,511988,249377,262611,247444,125949,121495
0.5 Scen,2050,121,Denton County,1495119,737746,757373,572720,284141,288579,139519,66855,72664,527984,257006,270978,254896,129744,125152
0.5 Scen,2010,123,De Witt County,20097,10447,9650,11482,5716,5766,1781,1047,734,6502,3538,2964,332,146,186
0.5 Scen,2011,123,De Witt County,20124,10473,9651,11395,5684,5711,1787,1050,737,6606,3590,3016,336,149,187
0.5 Scen,2012,123,De Witt County,20162,10516,9646,11305,5654,5651,1795,1057,738,6723,3654,3069,339,151,188
0.5 Scen,2013,123,De Witt County,20192,10549,9643,11216,5624,5592,1808,1063,745,6826,3709,3117,342,153,189
0.5 Scen,2014,123,De Witt County,20220,10592,9628,11126,5598,5528,1819,1073,746,6929,3765,3164,346,156,190
0.5 Scen,2015,123,De Witt County,20255,10626,9629,11050,5567,5483,1823,1077,746,7031,3823,3208,351,159,192
0.5 Scen,2016,123,De Witt County,20314,10664,9650,10990,5543,5447,1827,1080,747,7140,3880,3260,357,161,196
0.5 Scen,2017,123,De Witt County,20379,10709,9670,10923,5518,5405,1831,1083,748,7261,3942,3319,364,166,198
0.5 Scen,2018,123,De Witt County,20446,10760,9686,10854,5492,5362,1837,1087,750,7383,4011,3372,372,170,202
0.5 Scen,2019,123,De Witt County,20505,10798,9707,10793,5472,5321,1841,1088,753,7492,4064,3428,379,174,205
0.5 Scen,2020,123,De Witt County,20574,10852,9722,10735,5453,5282,1849,1096,753,7602,4124,3478,388,179,209
0.5 Scen,2021,123,De Witt County,20646,10906,9740,10684,5443,5241,1856,1102,754,7709,4179,3530,397,182,215
0.5 Scen,2022,123,De Witt County,20700,10945,9755,10625,5425,5200,1858,1104,754,7808,4228,3580,409,188,221
0.5 Scen,2023,123,De Witt County,20767,10991,9776,10568,5406,5162,1863,1107,756,7922,4287,3635,414,191,223
0.5 Scen,2024,123,De Witt County,20835,11041,9794,10506,5389,5117,1870,1112,758,8035,4343,3692,424,197,227
0.5 Scen,2025,123,De Witt County,20907,11082,9825,10450,5365,5085,1873,1114,759,8149,4399,3750,435,204,231
0.5 Scen,2026,123,De Witt County,20967,11129,9838,10387,5348,5039,1873,1113,760,8261,4459,3802,446,209,237
0.5 Scen,2027,123,De Witt County,21025,11170,9855,10329,5327,5002,1872,1113,759,8371,4516,3855,453,214,239
0.5 Scen,2028,123,De Witt County,21063,11205,9858,10255,5299,4956,1872,1115,757,8473,4572,3901,463,219,244
0.5 Scen,2029,123,De Witt County,21116,11249,9867,10188,5280,4908,1866,1109,757,8593,4638,3955,469,222,247
0.5 Scen,2030,123,De Witt County,21154,11285,9869,10108,5250,4858,1858,1106,752,8708,4700,4008,480,229,251
0.5 Scen,2031,123,De Witt County,21188,11309,9879,10030,5218,4812,1844,1097,747,8826,4760,4066,488,234,254
0.5 Scen,2032,123,De Witt County,21216,11337,9879,9951,5189,4762,1833,1093,740,8935,4816,4119,497,239,258
0.5 Scen,2033,123,De Witt County,21233,11361,9872,9873,5159,4714,1810,1081,729,9043,4876,4167,507,245,262
0.5 Scen,2034,123,De Witt County,21265,11391,9874,9793,5129,4664,1794,1073,721,9164,4939,4225,514,250,264
0.5 Scen,2035,123,De Witt County,21283,11414,9869,9715,5100,4615,1768,1061,707,9276,4999,4277,524,254,270
0.5 Scen,2036,123,De Witt County,21314,11443,9871,9643,5075,4568,1749,1050,699,9395,5061,4334,527,257,270
0.5 Scen,2037,123,De Witt County,21333,11465,9868,9566,5043,4523,1733,1042,691,9507,5123,4384,527,257,270
0.5 Scen,2038,123,De Witt County,21379,11498,9881,9501,5020,4481,1717,1032,685,9634,5189,4445,527,257,270
0.5 Scen,2039,123,De Witt County,21427,11534,9893,9446,5001,4445,1699,1022,677,9752,5251,4501,530,260,270
0.5 Scen,2040,123,De Witt County,21453,11557,9896,9371,4969,4402,1678,1010,668,9867,5314,4553,537,264,273
0.5 Scen,2041,123,De Witt County,21488,11588,9900,9304,4940,4364,1661,1003,658,9980,5377,4603,543,268,275
0.5 Scen,2042,123,De Witt County,21525,11618,9907,9243,4921,4322,1641,992,649,10092,5433,4659,549,272,277
0.5 Scen,2043,123,De Witt County,21567,11653,9914,9181,4899,4282,1628,985,643,10204,5494,4710,554,275,279
0.5 Scen,2044,123,De Witt County,21607,11682,9925,9119,4871,4248,1608,978,630,10320,5556,4764,560,277,283
0.5 Scen,2045,123,De Witt County,21670,11723,9947,9078,4862,4216,1592,967,625,10433,5613,4820,567,281,286
0.5 Scen,2046,123,De Witt County,21711,11754,9957,9016,4838,4178,1578,959,619,10543,5671,4872,574,286,288
0.5 Scen,2047,123,De Witt County,21764,11796,9968,8969,4822,4147,1562,949,613,10654,5735,4919,579,290,289
0.5 Scen,2048,123,De Witt County,21819,11842,9977,8920,4810,4110,1549,943,606,10764,5794,4970,586,295,291
0.5 Scen,2049,123,De Witt County,21864,11872,9992,8871,4795,4076,1532,932,600,10868,5847,5021,593,298,295
0.5 Scen,2050,123,De Witt County,21931,11920,10011,8824,4779,4045,1519,927,592,10988,5914,5074,600,300,300
0.5 Scen,2010,125,Dickens County,2444,1383,1061,1590,823,767,92,78,14,708,448,260,54,34,20
0.5 Scen,2011,125,Dickens County,2451,1388,1063,1589,824,765,92,78,14,716,452,264,54,34,20
0.5 Scen,2012,125,Dickens County,2457,1393,1064,1588,825,763,92,78,14,723,456,267,54,34,20
0.5 Scen,2013,125,Dickens County,2462,1395,1067,1587,825,762,92,78,14,729,458,271,54,34,20
0.5 Scen,2014,125,Dickens County,2467,1397,1070,1585,823,762,93,79,14,736,462,274,53,33,20
0.5 Scen,2015,125,Dickens County,2473,1401,1072,1583,822,761,93,79,14,744,467,277,53,33,20
0.5 Scen,2016,125,Dickens County,2468,1398,1070,1572,815,757,93,79,14,751,471,280,52,33,19
0.5 Scen,2017,125,Dickens County,2475,1400,1075,1569,812,757,93,79,14,761,476,285,52,33,19
0.5 Scen,2018,125,Dickens County,2478,1404,1074,1563,811,752,93,79,14,770,481,289,52,33,19
0.5 Scen,2019,125,Dickens County,2481,1406,1075,1557,807,750,93,79,14,779,487,292,52,33,19
0.5 Scen,2020,125,Dickens County,2477,1404,1073,1544,800,744,93,79,14,788,492,296,52,33,19
0.5 Scen,2021,125,Dickens County,2476,1402,1074,1532,793,739,93,79,14,799,497,302,52,33,19
0.5 Scen,2022,125,Dickens County,2469,1403,1066,1516,788,728,91,78,13,810,504,306,52,33,19
0.5 Scen,2023,125,Dickens County,2471,1406,1065,1505,784,721,92,78,14,822,511,311,52,33,19
0.5 Scen,2024,125,Dickens County,2471,1410,1061,1495,783,712,92,78,14,832,516,316,52,33,19
0.5 Scen,2025,125,Dickens County,2468,1413,1055,1480,780,700,92,78,14,844,522,322,52,33,19
0.5 Scen,2026,125,Dickens County,2472,1416,1056,1474,778,696,92,78,14,854,527,327,52,33,19
0.5 Scen,2027,125,Dickens County,2467,1416,1051,1461,773,688,91,78,13,864,533,331,51,32,19
0.5 Scen,2028,125,Dickens County,2460,1414,1046,1442,765,677,91,78,13,876,539,337,51,32,19
0.5 Scen,2029,125,Dickens County,2458,1418,1040,1429,763,666,91,78,13,887,545,342,51,32,19
0.5 Scen,2030,125,Dickens County,2452,1418,1034,1413,757,656,91,78,13,897,551,346,51,32,19
0.5 Scen,2031,125,Dickens County,2447,1418,1029,1398,752,646,91,78,13,907,556,351,51,32,19
0.5 Scen,2032,125,Dickens County,2449,1422,1027,1389,750,639,91,78,13,918,562,356,51,32,19
0.5 Scen,2033,125,Dickens County,2445,1419,1026,1377,742,635,91,78,13,925,567,358,52,32,20
0.5 Scen,2034,125,Dickens County,2437,1416,1021,1364,735,629,90,77,13,933,572,361,50,32,18
0.5 Scen,2035,125,Dickens County,2435,1416,1019,1354,729,625,90,77,13,941,578,363,50,32,18
0.5 Scen,2036,125,Dickens County,2430,1415,1015,1341,722,619,90,77,13,948,583,365,51,33,18
0.5 Scen,2037,125,Dickens County,2424,1412,1012,1329,716,613,89,76,13,955,587,368,51,33,18
0.5 Scen,2038,125,Dickens County,2412,1405,1007,1314,708,606,89,76,13,961,591,370,48,30,18
0.5 Scen,2039,125,Dickens County,2400,1400,1000,1297,699,598,89,76,13,966,595,371,48,30,18
0.5 Scen,2040,125,Dickens County,2397,1398,999,1287,693,594,89,76,13,973,599,374,48,30,18
0.5 Scen,2041,125,Dickens County,2390,1395,995,1275,688,587,88,75,13,979,602,377,48,30,18
0.5 Scen,2042,125,Dickens County,2383,1391,992,1263,682,581,87,74,13,984,604,380,49,31,18
0.5 Scen,2043,125,Dickens County,2373,1385,988,1248,674,574,87,74,13,991,608,383,47,29,18
0.5 Scen,2044,125,Dickens County,2361,1382,979,1232,669,563,86,74,12,997,611,386,46,28,18
0.5 Scen,2045,125,Dickens County,2346,1372,974,1216,662,554,84,73,11,1000,610,390,46,27,19
0.5 Scen,2046,125,Dickens County,2331,1366,965,1202,656,546,82,72,10,1004,612,392,43,26,17
0.5 Scen,2047,125,Dickens County,2314,1361,953,1185,652,533,81,71,10,1006,613,393,42,25,17
0.5 Scen,2048,125,Dickens County,2305,1356,949,1171,645,526,81,71,10,1012,616,396,41,24,17
0.5 Scen,2049,125,Dickens County,2295,1351,944,1158,639,519,81,71,10,1016,618,398,40,23,17
0.5 Scen,2050,125,Dickens County,2285,1343,942,1148,633,515,80,70,10,1018,618,400,39,22,17
0.5 Scen,2010,127,Dimmit County,9996,4839,5157,1217,620,597,81,44,37,8616,4138,4478,82,37,45
0.5 Scen,2011,127,Dimmit County,10084,4887,5197,1218,623,595,82,45,37,8700,4181,4519,84,38,46
0.5 Scen,2012,127,Dimmit County,10181,4938,5243,1226,629,597,83,45,38,8788,4226,4562,84,38,46
0.5 Scen,2013,127,Dimmit County,10275,4984,5291,1233,634,599,84,46,38,8872,4265,4607,86,39,47
0.5 Scen,2014,127,Dimmit County,10380,5040,5340,1240,640,600,85,46,39,8967,4314,4653,88,40,48
0.5 Scen,2015,127,Dimmit County,10481,5095,5386,1245,645,600,86,47,39,9060,4362,4698,90,41,49
0.5 Scen,2016,127,Dimmit County,10583,5153,5430,1252,652,600,87,47,40,9153,4413,4740,91,41,50
0.5 Scen,2017,127,Dimmit County,10674,5201,5473,1251,652,599,88,48,40,9242,4459,4783,93,42,51
0.5 Scen,2018,127,Dimmit County,10766,5248,5518,1250,652,598,88,48,40,9332,4505,4827,96,43,53
0.5 Scen,2019,127,Dimmit County,10872,5306,5566,1251,654,597,89,49,40,9434,4559,4875,98,44,54
0.5 Scen,2020,127,Dimmit County,10982,5365,5617,1251,654,597,90,49,41,9542,4618,4924,99,44,55
0.5 Scen,2021,127,Dimmit County,11086,5418,5668,1250,652,598,91,50,41,9645,4671,4974,100,45,55
0.5 Scen,2022,127,Dimmit County,11194,5472,5722,1254,654,600,91,49,42,9748,4724,5024,101,45,56
0.5 Scen,2023,127,Dimmit County,11292,5522,5770,1254,654,600,92,50,42,9844,4772,5072,102,46,56
0.5 Scen,2024,127,Dimmit County,11397,5578,5819,1253,653,600,93,50,43,9947,4828,5119,104,47,57
0.5 Scen,2025,127,Dimmit County,11498,5638,5860,1249,654,595,96,52,44,10051,4886,5165,102,46,56
0.5 Scen,2026,127,Dimmit County,11598,5694,5904,1248,656,592,97,52,45,10150,4940,5210,103,46,57
0.5 Scen,2027,127,Dimmit County,11684,5740,5944,1240,651,589,97,53,44,10241,4987,5254,106,49,57
0.5 Scen,2028,127,Dimmit County,11774,5788,5986,1228,645,583,98,53,45,10341,5041,5300,107,49,58
0.5 Scen,2029,127,Dimmit County,11873,5844,6029,1216,641,575,99,54,45,10450,5099,5351,108,50,58
0.5 Scen,2030,127,Dimmit County,11966,5895,6071,1210,638,572,100,54,46,10547,5153,5394,109,50,59
0.5 Scen,2031,127,Dimmit County,12033,5940,6093,1197,634,563,101,55,46,10625,5200,5425,110,51,59
0.5 Scen,2032,127,Dimmit County,12116,5984,6132,1190,631,559,102,55,47,10713,5247,5466,111,51,60
0.5 Scen,2033,127,Dimmit County,12204,6033,6171,1186,628,558,102,56,46,10804,5297,5507,112,52,60
0.5 Scen,2034,127,Dimmit County,12272,6075,6197,1180,625,555,103,56,47,10875,5341,5534,114,53,61
0.5 Scen,2035,127,Dimmit County,12342,6117,6225,1174,622,552,103,56,47,10949,5385,5564,116,54,62
0.5 Scen,2036,127,Dimmit County,12420,6158,6262,1163,615,548,103,56,47,11036,5432,5604,118,55,63
0.5 Scen,2037,127,Dimmit County,12475,6193,6282,1153,611,542,103,56,47,11100,5470,5630,119,56,63
0.5 Scen,2038,127,Dimmit County,12538,6233,6305,1145,608,537,103,55,48,11170,5513,5657,120,57,63
0.5 Scen,2039,127,Dimmit County,12607,6270,6337,1137,602,535,103,55,48,11247,5556,5691,120,57,63
0.5 Scen,2040,127,Dimmit County,12674,6306,6368,1126,596,530,102,54,48,11325,5600,5725,121,56,65
0.5 Scen,2041,127,Dimmit County,12736,6343,6393,1117,591,526,102,54,48,11396,5642,5754,121,56,65
0.5 Scen,2042,127,Dimmit County,12801,6382,6419,1109,586,523,101,53,48,11470,5687,5783,121,56,65
0.5 Scen,2043,127,Dimmit County,12859,6419,6440,1100,582,518,100,53,47,11537,5727,5810,122,57,65
0.5 Scen,2044,127,Dimmit County,12920,6455,6465,1091,576,515,99,52,47,11609,5770,5839,121,57,64
0.5 Scen,2045,127,Dimmit County,12990,6494,6496,1083,571,512,98,52,46,11686,5813,5873,123,58,65
0.5 Scen,2046,127,Dimmit County,13057,6533,6524,1076,568,508,98,51,47,11760,5856,5904,123,58,65
0.5 Scen,2047,127,Dimmit County,13131,6576,6555,1063,562,501,97,50,47,11846,5904,5942,125,60,65
0.5 Scen,2048,127,Dimmit County,13211,6616,6595,1060,558,502,97,49,48,11928,5949,5979,126,60,66
0.5 Scen,2049,127,Dimmit County,13285,6658,6627,1057,557,500,97,49,48,12004,5992,6012,127,60,67
0.5 Scen,2050,127,Dimmit County,13347,6695,6652,1046,553,493,97,49,48,12078,6033,6045,126,60,66
0.5 Scen,2010,129,Donley County,3677,1825,1852,3136,1566,1570,163,75,88,309,157,152,69,27,42
0.5 Scen,2011,129,Donley County,3680,1826,1854,3131,1563,1568,165,76,89,315,160,155,69,27,42
0.5 Scen,2012,129,Donley County,3682,1830,1852,3127,1563,1564,166,77,89,320,163,157,69,27,42
0.5 Scen,2013,129,Donley County,3693,1836,1857,3128,1563,1565,169,79,90,327,167,160,69,27,42
0.5 Scen,2014,129,Donley County,3709,1847,1862,3134,1568,1566,172,81,91,334,171,163,69,27,42
0.5 Scen,2015,129,Donley County,3726,1860,1866,3141,1575,1566,175,83,92,341,175,166,69,27,42
0.5 Scen,2016,129,Donley County,3738,1869,1869,3143,1578,1565,178,85,93,348,179,169,69,27,42
0.5 Scen,2017,129,Donley County,3746,1878,1868,3139,1580,1559,182,87,95,355,183,172,70,28,42
0.5 Scen,2018,129,Donley County,3757,1887,1870,3136,1583,1553,187,89,98,363,187,176,71,28,43
0.5 Scen,2019,129,Donley County,3764,1894,1870,3133,1584,1549,189,90,99,370,191,179,72,29,43
0.5 Scen,2020,129,Donley County,3767,1903,1864,3125,1588,1537,192,91,101,377,195,182,73,29,44
0.5 Scen,2021,129,Donley County,3773,1912,1861,3120,1591,1529,196,93,103,384,199,185,73,29,44
0.5 Scen,2022,129,Donley County,3780,1919,1861,3114,1591,1523,201,96,105,391,203,188,74,29,45
0.5 Scen,2023,129,Donley County,3780,1922,1858,3103,1587,1516,204,98,106,398,207,191,75,30,45
0.5 Scen,2024,129,Donley County,3776,1924,1852,3089,1584,1505,208,100,108,403,210,193,76,30,46
0.5 Scen,2025,129,Donley County,3779,1926,1853,3081,1580,1501,211,102,109,409,213,196,78,31,47
0.5 Scen,2026,129,Donley County,3772,1926,1846,3065,1575,1490,212,103,109,415,216,199,80,32,48
0.5 Scen,2027,129,Donley County,3769,1928,1841,3054,1572,1482,214,105,109,420,218,202,81,33,48
0.5 Scen,2028,129,Donley County,3767,1927,1840,3043,1567,1476,215,105,110,426,221,205,83,34,49
0.5 Scen,2029,129,Donley County,3762,1926,1836,3028,1561,1467,218,107,111,432,224,208,84,34,50
0.5 Scen,2030,129,Donley County,3754,1925,1829,3010,1555,1455,220,108,112,438,227,211,86,35,51
0.5 Scen,2031,129,Donley County,3740,1914,1826,2989,1541,1448,220,108,112,443,229,214,88,36,52
0.5 Scen,2032,129,Donley County,3729,1913,1816,2970,1536,1434,222,109,113,447,231,216,90,37,53
0.5 Scen,2033,129,Donley County,3725,1914,1811,2958,1533,1425,224,110,114,452,233,219,91,38,53
0.5 Scen,2034,129,Donley County,3715,1913,1802,2941,1529,1412,226,111,115,456,235,221,92,38,54
0.5 Scen,2035,129,Donley County,3707,1910,1797,2926,1522,1404,227,111,116,460,237,223,94,40,54
0.5 Scen,2036,129,Donley County,3697,1909,1788,2910,1519,1391,228,111,117,464,239,225,95,40,55
0.5 Scen,2037,129,Donley County,3682,1903,1779,2890,1510,1380,229,111,118,468,241,227,95,41,54
0.5 Scen,2038,129,Donley County,3669,1897,1772,2871,1502,1369,230,111,119,472,243,229,96,41,55
0.5 Scen,2039,129,Donley County,3656,1892,1764,2854,1494,1360,230,111,119,476,245,231,96,42,54
0.5 Scen,2040,129,Donley County,3641,1887,1754,2834,1486,1348,230,112,118,480,247,233,97,42,55
0.5 Scen,2041,129,Donley County,3630,1884,1746,2819,1480,1339,230,112,118,484,249,235,97,43,54
0.5 Scen,2042,129,Donley County,3628,1886,1742,2811,1479,1332,232,113,119,487,251,236,98,43,55
0.5 Scen,2043,129,Donley County,3620,1888,1732,2802,1479,1323,232,114,118,490,253,237,96,42,54
0.5 Scen,2044,129,Donley County,3612,1884,1728,2790,1473,1317,233,115,118,494,255,239,95,41,54
0.5 Scen,2045,129,Donley County,3615,1891,1724,2790,1478,1312,233,115,118,497,257,240,95,41,54
0.5 Scen,2046,129,Donley County,3616,1896,1720,2787,1481,1306,233,115,118,500,259,241,96,41,55
0.5 Scen,2047,129,Donley County,3615,1899,1716,2781,1481,1300,233,115,118,504,261,243,97,42,55
0.5 Scen,2048,129,Donley County,3609,1898,1711,2771,1478,1293,233,115,118,508,263,245,97,42,55
0.5 Scen,2049,129,Donley County,3601,1899,1702,2759,1476,1283,233,115,118,512,265,247,97,43,54
0.5 Scen,2050,129,Donley County,3599,1901,1698,2754,1476,1278,233,115,118,516,267,249,96,43,53
0.5 Scen,2010,131,Duval County,11782,6077,5705,1206,687,519,86,81,5,10424,5279,5145,66,30,36
0.5 Scen,2011,131,Duval County,11882,6132,5750,1211,690,521,86,81,5,10519,5331,5188,66,30,36
0.5 Scen,2012,131,Duval County,11984,6185,5799,1218,693,525,86,81,5,10614,5381,5233,66,30,36
0.5 Scen,2013,131,Duval County,12078,6235,5843,1221,693,528,86,81,5,10705,5431,5274,66,30,36
0.5 Scen,2014,131,Duval County,12174,6289,5885,1231,699,532,86,81,5,10792,5479,5313,65,30,35
0.5 Scen,2015,131,Duval County,12273,6344,5929,1232,699,533,86,81,5,10890,5534,5356,65,30,35
0.5 Scen,2016,131,Duval County,12368,6398,5970,1235,701,534,86,81,5,10982,5586,5396,65,30,35
0.5 Scen,2017,131,Duval County,12469,6453,6016,1236,701,535,86,81,5,11082,5641,5441,65,30,35
0.5 Scen,2018,131,Duval County,12557,6502,6055,1236,701,535,86,81,5,11170,5690,5480,65,30,35
0.5 Scen,2019,131,Duval County,12644,6548,6096,1240,702,538,86,81,5,11253,5735,5518,65,30,35
0.5 Scen,2020,131,Duval County,12733,6599,6134,1240,702,538,86,81,5,11342,5786,5556,65,30,35
0.5 Scen,2021,131,Duval County,12823,6647,6176,1237,702,535,86,81,5,11435,5834,5601,65,30,35
0.5 Scen,2022,131,Duval County,12910,6697,6213,1232,701,531,86,81,5,11526,5885,5641,66,30,36
0.5 Scen,2023,131,Duval County,12988,6741,6247,1231,699,532,86,81,5,11605,5931,5674,66,30,36
0.5 Scen,2024,131,Duval County,13069,6796,6273,1231,701,530,86,81,5,11686,5984,5702,66,30,36
0.5 Scen,2025,131,Duval County,13141,6845,6296,1227,699,528,86,81,5,11764,6035,5729,64,30,34
0.5 Scen,2026,131,Duval County,13223,6893,6330,1224,697,527,86,81,5,11849,6085,5764,64,30,34
0.5 Scen,2027,131,Duval County,13298,6936,6362,1217,694,523,86,81,5,11929,6130,5799,66,31,35
0.5 Scen,2028,131,Duval County,13369,6976,6393,1208,687,521,86,81,5,12008,6177,5831,67,31,36
0.5 Scen,2029,131,Duval County,13462,7030,6432,1207,690,517,86,81,5,12102,6228,5874,67,31,36
0.5 Scen,2030,131,Duval County,13529,7069,6460,1197,683,514,86,81,5,12178,6274,5904,68,31,37
0.5 Scen,2031,131,Duval County,13589,7110,6479,1192,682,510,86,81,5,12242,6315,5927,69,32,37
0.5 Scen,2032,131,Duval County,13659,7143,6516,1179,674,505,86,81,5,12324,6356,5968,70,32,38
0.5 Scen,2033,131,Duval County,13731,7183,6548,1174,671,503,86,81,5,12400,6398,6002,71,33,38
0.5 Scen,2034,131,Duval County,13803,7226,6577,1176,673,503,86,81,5,12472,6439,6033,69,33,36
0.5 Scen,2035,131,Duval County,13862,7259,6603,1171,669,502,86,81,5,12537,6476,6061,68,33,35
0.5 Scen,2036,131,Duval County,13932,7305,6627,1164,668,496,86,81,5,12612,6523,6089,70,33,37
0.5 Scen,2037,131,Duval County,13994,7341,6653,1159,664,495,86,81,5,12681,6563,6118,68,33,35
0.5 Scen,2038,131,Duval County,14063,7380,6683,1152,660,492,86,81,5,12756,6606,6150,69,33,36
0.5 Scen,2039,131,Duval County,14131,7423,6708,1151,660,491,86,81,5,12825,6649,6176,69,33,36
0.5 Scen,2040,131,Duval County,14186,7462,6724,1139,654,485,86,81,5,12892,6694,6198,69,33,36
0.5 Scen,2041,131,Duval County,14258,7503,6755,1134,652,482,86,81,5,12968,6736,6232,70,34,36
0.5 Scen,2042,131,Duval County,14318,7534,6784,1126,645,481,85,80,5,13037,6775,6262,70,34,36
0.5 Scen,2043,131,Duval County,14375,7567,6808,1120,641,479,84,79,5,13101,6813,6288,70,34,36
0.5 Scen,2044,131,Duval County,14435,7598,6837,1114,638,476,83,78,5,13170,6850,6320,68,32,36
0.5 Scen,2045,131,Duval County,14491,7633,6858,1105,632,473,82,77,5,13236,6892,6344,68,32,36
0.5 Scen,2046,131,Duval County,14544,7668,6876,1097,628,469,81,76,5,13300,6933,6367,66,31,35
0.5 Scen,2047,131,Duval County,14595,7694,6901,1090,621,469,80,75,5,13360,6968,6392,65,30,35
0.5 Scen,2048,131,Duval County,14652,7730,6922,1084,619,465,78,73,5,13427,7009,6418,63,29,34
0.5 Scen,2049,131,Duval County,14697,7753,6944,1073,609,464,76,72,4,13486,7043,6443,62,29,33
0.5 Scen,2050,131,Duval County,14757,7789,6968,1071,609,462,76,72,4,13547,7078,6469,63,30,33
0.5 Scen,2010,133,Eastland County,18583,9071,9512,15271,7342,7929,318,190,128,2673,1380,1293,321,159,162
0.5 Scen,2011,133,Eastland County,18642,9110,9532,15270,7350,7920,321,191,130,2726,1408,1318,325,161,164
0.5 Scen,2012,133,Eastland County,18696,9152,9544,15257,7357,7900,325,193,132,2787,1440,1347,327,162,165
0.5 Scen,2013,133,Eastland County,18769,9203,9566,15253,7366,7887,333,198,135,2852,1475,1377,331,164,167
0.5 Scen,2014,133,Eastland County,18870,9258,9612,15274,7378,7896,341,202,139,2917,1510,1407,338,168,170
0.5 Scen,2015,133,Eastland County,18959,9314,9645,15285,7393,7892,348,206,142,2984,1545,1439,342,170,172
0.5 Scen,2016,133,Eastland County,19043,9362,9681,15299,7402,7897,354,210,144,3043,1577,1466,347,173,174
0.5 Scen,2017,133,Eastland County,19121,9408,9713,15299,7406,7893,364,216,148,3108,1611,1497,350,175,175
0.5 Scen,2018,133,Eastland County,19181,9446,9735,15299,7411,7888,367,218,149,3163,1641,1522,352,176,176
0.5 Scen,2019,133,Eastland County,19260,9499,9761,15311,7423,7888,373,223,150,3220,1674,1546,356,179,177
0.5 Scen,2020,133,Eastland County,19325,9535,9790,15314,7423,7891,373,224,149,3278,1707,1571,360,181,179
0.5 Scen,2021,133,Eastland County,19389,9574,9815,15310,7427,7883,374,225,149,3343,1740,1603,362,182,180
0.5 Scen,2022,133,Eastland County,19450,9611,9839,15303,7429,7874,376,226,150,3405,1771,1634,366,185,181
0.5 Scen,2023,133,Eastland County,19503,9647,9856,15285,7427,7858,377,227,150,3471,1805,1666,370,188,182
0.5 Scen,2024,133,Eastland County,19561,9688,9873,15272,7427,7845,379,229,150,3537,1842,1695,373,190,183
0.5 Scen,2025,133,Eastland County,19599,9719,9880,15245,7423,7822,380,230,150,3599,1875,1724,375,191,184
0.5 Scen,2026,133,Eastland County,19662,9758,9904,15233,7420,7813,384,233,151,3667,1912,1755,378,193,185
0.5 Scen,2027,133,Eastland County,19711,9798,9913,15210,7419,7791,387,235,152,3733,1947,1786,381,197,184
0.5 Scen,2028,133,Eastland County,19752,9818,9934,15181,7405,7776,387,234,153,3798,1979,1819,386,200,186
0.5 Scen,2029,133,Eastland County,19778,9835,9943,15139,7387,7752,387,234,153,3863,2012,1851,389,202,187
0.5 Scen,2030,133,Eastland County,19802,9853,9949,15097,7371,7726,385,232,153,3926,2044,1882,394,206,188
0.5 Scen,2031,133,Eastland County,19801,9859,9942,15046,7346,7700,386,234,152,3972,2070,1902,397,209,188
0.5 Scen,2032,133,Eastland County,19810,9874,9936,14992,7328,7664,387,234,153,4032,2101,1931,399,211,188
0.5 Scen,2033,133,Eastland County,19818,9885,9933,14942,7307,7635,383,233,150,4091,2132,1959,402,213,189
0.5 Scen,2034,133,Eastland County,19820,9892,9928,14884,7283,7601,384,233,151,4146,2160,1986,406,216,190
0.5 Scen,2035,133,Eastland County,19827,9896,9931,14842,7266,7576,383,233,150,4198,2183,2015,404,214,190
0.5 Scen,2036,133,Eastland County,19824,9900,9924,14785,7246,7539,383,233,150,4252,2207,2045,404,214,190
0.5 Scen,2037,133,Eastland County,19828,9912,9916,14735,7229,7506,382,234,148,4304,2232,2072,407,217,190
0.5 Scen,2038,133,Eastland County,19832,9916,9916,14683,7206,7477,383,234,149,4357,2257,2100,409,219,190
0.5 Scen,2039,133,Eastland County,19822,9920,9902,14622,7183,7439,384,235,149,4406,2282,2124,410,220,190
0.5 Scen,2040,133,Eastland County,19830,9936,9894,14580,7172,7408,383,234,149,4457,2311,2146,410,219,191
0.5 Scen,2041,133,Eastland County,19832,9944,9888,14535,7152,7383,380,234,146,4508,2339,2169,409,219,190
0.5 Scen,2042,133,Eastland County,19820,9954,9866,14479,7135,7344,379,233,146,4551,2366,2185,411,220,191
0.5 Scen,2043,133,Eastland County,19813,9959,9854,14431,7117,7314,378,233,145,4592,2389,2203,412,220,192
0.5 Scen,2044,133,Eastland County,19803,9959,9844,14374,7093,7281,378,233,145,4639,2413,2226,412,220,192
0.5 Scen,2045,133,Eastland County,19794,9965,9829,14314,7073,7241,380,235,145,4692,2440,2252,408,217,191
0.5 Scen,2046,133,Eastland County,19797,9978,9819,14266,7057,7209,381,235,146,4743,2469,2274,407,217,190
0.5 Scen,2047,133,Eastland County,19787,9984,9803,14205,7036,7169,380,235,145,4795,2496,2299,407,217,190
0.5 Scen,2048,133,Eastland County,19784,9988,9796,14159,7021,7138,378,233,145,4842,2520,2322,405,214,191
0.5 Scen,2049,133,Eastland County,19798,10005,9793,14123,7009,7114,378,234,144,4894,2550,2344,403,212,191
0.5 Scen,2050,133,Eastland County,19810,10022,9788,14086,6994,7092,378,234,144,4943,2579,2364,403,215,188
0.5 Scen,2010,135,Ector County,137130,67686,69444,56306,27536,28770,5596,2781,2815,72331,35957,36374,2897,1412,1485
0.5 Scen,2011,135,Ector County,139100,68711,70389,56258,27540,28718,5664,2812,2852,74225,36914,37311,2953,1445,1508
0.5 Scen,2012,135,Ector County,141113,69741,71372,56222,27540,28682,5736,2843,2893,76143,37878,38265,3012,1480,1532
0.5 Scen,2013,135,Ector County,143138,70775,72363,56182,27533,28649,5798,2864,2934,78086,38860,39226,3072,1518,1554
0.5 Scen,2014,135,Ector County,145188,71839,73349,56125,27526,28599,5862,2891,2971,80049,39855,40194,3152,1567,1585
0.5 Scen,2015,135,Ector County,147179,72862,74317,56021,27497,28524,5918,2913,3005,82030,40851,41179,3210,1601,1609
0.5 Scen,2016,135,Ector County,149177,73903,75274,55884,27450,28434,5971,2933,3038,84049,41878,42171,3273,1642,1631
0.5 Scen,2017,135,Ector County,151143,74922,76221,55723,27398,28325,6021,2950,3071,86071,42896,43175,3328,1678,1650
0.5 Scen,2018,135,Ector County,153078,75929,77149,55530,27325,28205,6069,2961,3108,88089,43926,44163,3390,1717,1673
0.5 Scen,2019,135,Ector County,155067,76957,78110,55330,27241,28089,6112,2981,3131,90172,44976,45196,3453,1759,1694
0.5 Scen,2020,135,Ector County,157045,77989,79056,55117,27156,27961,6155,2997,3158,92259,46035,46224,3514,1801,1713
0.5 Scen,2021,135,Ector County,159010,79017,79993,54875,27052,27823,6196,3017,3179,94365,47110,47255,3574,1838,1736
0.5 Scen,2022,135,Ector County,161013,80070,80943,54624,26954,27670,6247,3039,3208,96498,48192,48306,3644,1885,1759
0.5 Scen,2023,135,Ector County,163021,81113,81908,54352,26836,27516,6287,3053,3234,98666,49291,49375,3716,1933,1783
0.5 Scen,2024,135,Ector County,165033,82160,82873,54061,26710,27351,6329,3072,3257,100858,50399,50459,3785,1979,1806
0.5 Scen,2025,135,Ector County,167067,83226,83841,53771,26594,27177,6378,3091,3287,103066,51520,51546,3852,2021,1831
0.5 Scen,2026,135,Ector County,169089,84291,84798,53445,26452,26993,6426,3112,3314,105301,52663,52638,3917,2064,1853
0.5 Scen,2027,135,Ector County,171107,85348,85759,53125,26302,26823,6471,3133,3338,107530,53801,53729,3981,2112,1869
0.5 Scen,2028,135,Ector County,173159,86415,86744,52784,26149,26635,6518,3151,3367,109801,54957,54844,4056,2158,1898
0.5 Scen,2029,135,Ector County,175240,87507,87733,52438,25990,26448,6572,3177,3395,112109,56139,55970,4121,2201,1920
0.5 Scen,2030,135,Ector County,177335,88598,88737,52089,25829,26260,6636,3200,3436,114416,57319,57097,4194,2250,1944
0.5 Scen,2031,135,Ector County,179420,89686,89734,51744,25669,26075,6685,3222,3463,116731,58502,58229,4260,2293,1967
0.5 Scen,2032,135,Ector County,181510,90786,90724,51395,25513,25882,6739,3244,3495,119051,59693,59358,4325,2336,1989
0.5 Scen,2033,135,Ector County,183636,91906,91730,51040,25354,25686,6790,3265,3525,121413,60905,60508,4393,2382,2011
0.5 Scen,2034,135,Ector County,185757,93012,92745,50682,25189,25493,6849,3285,3564,123768,62110,61658,4458,2428,2030
0.5 Scen,2035,135,Ector County,187862,94133,93729,50317,25029,25288,6896,3304,3592,126130,63333,62797,4519,2467,2052
0.5 Scen,2036,135,Ector County,190007,95261,94746,49940,24857,25083,6952,3324,3628,128527,64564,63963,4588,2516,2072
0.5 Scen,2037,135,Ector County,192124,96382,95742,49547,24676,24871,7006,3346,3660,130918,65798,65120,4653,2562,2091
0.5 Scen,2038,135,Ector County,194237,97521,96716,49149,24499,24650,7054,3364,3690,133318,67045,66273,4716,2613,2103
0.5 Scen,2039,135,Ector County,196369,98650,97719,48746,24317,24429,7097,3378,3719,135744,68300,67444,4782,2655,2127
0.5 Scen,2040,135,Ector County,198503,99784,98719,48343,24129,24214,7145,3399,3746,138175,69561,68614,4840,2695,2145
0.5 Scen,2041,135,Ector County,200595,100895,99700,47917,23930,23987,7177,3412,3765,140603,70819,69784,4898,2734,2164
0.5 Scen,2042,135,Ector County,202709,102026,100683,47491,23731,23760,7205,3422,3783,143056,72095,70961,4957,2778,2179
0.5 Scen,2043,135,Ector County,204827,103162,101665,47063,23535,23528,7244,3436,3808,145502,73367,72135,5018,2824,2194
0.5 Scen,2044,135,Ector County,206939,104298,102641,46618,23329,23289,7277,3449,3828,147967,74651,73316,5077,2869,2208
0.5 Scen,2045,135,Ector County,209095,105467,103628,46189,23135,23054,7304,3459,3845,150468,75961,74507,5134,2912,2222
0.5 Scen,2046,135,Ector County,211248,106622,104626,45733,22920,22813,7343,3472,3871,152972,77270,75702,5200,2960,2240
0.5 Scen,2047,135,Ector County,213420,107790,105630,45290,22714,22576,7379,3482,3897,155490,78590,76900,5261,3004,2257
0.5 Scen,2048,135,Ector County,215582,108967,106615,44846,22512,22334,7410,3495,3915,158007,79910,78097,5319,3050,2269
0.5 Scen,2049,135,Ector County,217781,110158,107623,44408,22315,22093,7438,3501,3937,160567,81253,79314,5368,3089,2279
0.5 Scen,2050,135,Ector County,220012,111379,108633,43979,22118,21861,7475,3522,3953,163135,82611,80524,5423,3128,2295
0.5 Scen,2010,137,Edwards County,2002,1021,981,947,473,474,10,7,3,1027,533,494,18,8,10
0.5 Scen,2011,137,Edwards County,2021,1032,989,951,475,476,10,7,3,1042,542,500,18,8,10
0.5 Scen,2012,137,Edwards County,2040,1041,999,954,476,478,10,7,3,1058,550,508,18,8,10
0.5 Scen,2013,137,Edwards County,2061,1052,1009,958,478,480,10,7,3,1075,559,516,18,8,10
0.5 Scen,2014,137,Edwards County,2079,1062,1017,962,480,482,10,7,3,1089,567,522,18,8,10
0.5 Scen,2015,137,Edwards County,2094,1069,1025,960,479,481,10,7,3,1106,575,531,18,8,10
0.5 Scen,2016,137,Edwards County,2108,1078,1030,957,479,478,10,7,3,1123,584,539,18,8,10
0.5 Scen,2017,137,Edwards County,2122,1086,1036,956,479,477,10,7,3,1138,592,546,18,8,10
0.5 Scen,2018,137,Edwards County,2136,1093,1043,954,477,477,10,7,3,1154,601,553,18,8,10
0.5 Scen,2019,137,Edwards County,2152,1103,1049,952,476,476,10,7,3,1172,612,560,18,8,10
0.5 Scen,2020,137,Edwards County,2164,1107,1057,948,473,475,10,7,3,1188,619,569,18,8,10
0.5 Scen,2021,137,Edwards County,2170,1108,1062,939,467,472,10,7,3,1203,626,577,18,8,10
0.5 Scen,2022,137,Edwards County,2176,1108,1068,929,459,470,10,7,3,1219,634,585,18,8,10
0.5 Scen,2023,137,Edwards County,2174,1107,1067,914,451,463,10,7,3,1232,641,591,18,8,10
0.5 Scen,2024,137,Edwards County,2175,1108,1067,904,446,458,10,7,3,1243,647,596,18,8,10
0.5 Scen,2025,137,Edwards County,2175,1108,1067,894,440,454,10,7,3,1253,653,600,18,8,10
0.5 Scen,2026,137,Edwards County,2173,1106,1067,883,433,450,10,7,3,1263,658,605,17,8,9
0.5 Scen,2027,137,Edwards County,2169,1105,1064,868,426,442,10,7,3,1274,664,610,17,8,9
0.5 Scen,2028,137,Edwards County,2170,1105,1065,858,420,438,10,7,3,1285,670,615,17,8,9
0.5 Scen,2029,137,Edwards County,2172,1107,1065,847,415,432,10,7,3,1298,677,621,17,8,9
0.5 Scen,2030,137,Edwards County,2171,1108,1063,836,410,426,10,7,3,1308,683,625,17,8,9
0.5 Scen,2031,137,Edwards County,2177,1111,1066,831,408,423,10,7,3,1319,688,631,17,8,9
0.5 Scen,2032,137,Edwards County,2179,1112,1067,824,404,420,10,7,3,1328,693,635,17,8,9
0.5 Scen,2033,137,Edwards County,2178,1112,1066,815,399,416,10,7,3,1337,699,638,16,7,9
0.5 Scen,2034,137,Edwards County,2172,1111,1061,804,394,410,10,7,3,1342,703,639,16,7,9
0.5 Scen,2035,137,Edwards County,2171,1111,1060,796,390,406,10,7,3,1349,707,642,16,7,9
0.5 Scen,2036,137,Edwards County,2163,1109,1054,780,384,396,10,7,3,1357,711,646,16,7,9
0.5 Scen,2037,137,Edwards County,2160,1111,1049,769,381,388,10,7,3,1365,716,649,16,7,9
0.5 Scen,2038,137,Edwards County,2160,1113,1047,760,379,381,10,7,3,1374,720,654,16,7,9
0.5 Scen,2039,137,Edwards County,2160,1118,1042,752,379,373,10,7,3,1382,725,657,16,7,9
0.5 Scen,2040,137,Edwards County,2163,1120,1043,749,378,371,10,7,3,1388,728,660,16,7,9
0.5 Scen,2041,137,Edwards County,2166,1125,1041,742,378,364,10,7,3,1399,733,666,15,7,8
0.5 Scen,2042,137,Edwards County,2164,1122,1042,736,373,363,10,7,3,1403,735,668,15,7,8
0.5 Scen,2043,137,Edwards County,2162,1123,1039,730,371,359,10,7,3,1407,738,669,15,7,8
0.5 Scen,2044,137,Edwards County,2150,1118,1032,721,368,353,10,7,3,1404,736,668,15,7,8
0.5 Scen,2045,137,Edwards County,2142,1115,1027,716,365,351,10,7,3,1401,736,665,15,7,8
0.5 Scen,2046,137,Edwards County,2138,1115,1023,714,365,349,10,7,3,1399,736,663,15,7,8
0.5 Scen,2047,137,Edwards County,2125,1107,1018,708,359,349,10,7,3,1392,734,658,15,7,8
0.5 Scen,2048,137,Edwards County,2116,1103,1013,702,358,344,9,6,3,1390,732,658,15,7,8
0.5 Scen,2049,137,Edwards County,2115,1103,1012,698,356,342,9,6,3,1393,734,659,15,7,8
0.5 Scen,2050,137,Edwards County,2110,1103,1007,690,356,334,9,6,3,1396,734,662,15,7,8
0.5 Scen,2010,139,Ellis County,149610,73870,75740,97987,47816,50171,13161,6360,6801,35161,18157,17004,3301,1537,1764
0.5 Scen,2011,139,Ellis County,152343,75188,77155,99077,48327,50750,13464,6511,6953,36393,18764,17629,3409,1586,1823
0.5 Scen,2012,139,Ellis County,155101,76513,78588,100137,48819,51318,13780,6671,7109,37660,19384,18276,3524,1639,1885
0.5 Scen,2013,139,Ellis County,157935,77875,80060,101206,49315,51891,14101,6831,7270,38986,20035,18951,3642,1694,1948
0.5 Scen,2014,139,Ellis County,160796,79268,81528,102245,49813,52432,14425,6989,7436,40366,20715,19651,3760,1751,2009
0.5 Scen,2015,139,Ellis County,163726,80651,83075,103300,50283,53017,14748,7143,7605,41790,21417,20373,3888,1808,2080
0.5 Scen,2016,139,Ellis County,166683,82072,84611,104324,50758,53566,15066,7295,7771,43271,22147,21124,4022,1872,2150
0.5 Scen,2017,139,Ellis County,169686,83497,86189,105343,51222,54121,15395,7450,7945,44792,22889,21903,4156,1936,2220
0.5 Scen,2018,139,Ellis County,172756,84948,87808,106353,51678,54675,15728,7605,8123,46370,23663,22707,4305,2002,2303
0.5 Scen,2019,139,Ellis County,175877,86434,89443,107366,52138,55228,16063,7765,8298,48000,24460,23540,4448,2071,2377
0.5 Scen,2020,139,Ellis County,179078,87944,91134,108385,52590,55795,16403,7930,8473,49686,25280,24406,4604,2144,2460
0.5 Scen,2021,139,Ellis County,182336,89487,92849,109386,53038,56348,16749,8096,8653,51436,26131,25305,4765,2222,2543
0.5 Scen,2022,139,Ellis County,185678,91083,94595,110415,53509,56906,17093,8268,8825,53229,26999,26230,4941,2307,2634
0.5 Scen,2023,139,Ellis County,189105,92712,96393,111436,53968,57468,17458,8439,9019,55097,27915,27182,5114,2390,2724
0.5 Scen,2024,139,Ellis County,192542,94354,98188,112419,54415,58004,17818,8608,9210,57004,28846,28158,5301,2485,2816
0.5 Scen,2025,139,Ellis County,195994,96013,99981,113397,54865,58532,18158,8776,9382,58947,29792,29155,5492,2580,2912
0.5 Scen,2026,139,Ellis County,199528,97683,101845,114371,55304,59067,18516,8938,9578,60947,30761,30186,5694,2680,3014
0.5 Scen,2027,139,Ellis County,203086,99377,103709,115299,55723,59576,18874,9104,9770,63015,31768,31247,5898,2782,3116
0.5 Scen,2028,139,Ellis County,206649,101067,105582,116220,56128,60092,19228,9277,9951,65092,32774,32318,6109,2888,3221
0.5 Scen,2029,139,Ellis County,210247,102787,107460,117107,56529,60578,19582,9449,10133,67241,33814,33427,6317,2995,3322
0.5 Scen,2030,139,Ellis County,213832,104485,109347,117960,56914,61046,19920,9612,10308,69405,34852,34553,6547,3107,3440
0.5 Scen,2031,139,Ellis County,217453,106222,111231,118774,57290,61484,20266,9778,10488,71631,35929,35702,6782,3225,3557
0.5 Scen,2032,139,Ellis County,221046,107952,113094,119556,57642,61914,20610,9948,10662,73865,37010,36855,7015,3352,3663
0.5 Scen,2033,139,Ellis County,224624,109659,114965,120267,57965,62302,20954,10117,10837,76143,38099,38044,7260,3478,3782
0.5 Scen,2034,139,Ellis County,228158,111360,116798,120945,58280,62665,21290,10284,11006,78439,39203,39236,7484,3593,3891
0.5 Scen,2035,139,Ellis County,231733,113064,118669,121577,58575,63002,21638,10455,11183,80786,40318,40468,7732,3716,4016
0.5 Scen,2036,139,Ellis County,235278,114759,120519,122165,58847,63318,21986,10625,11361,83154,41451,41703,7973,3836,4137
0.5 Scen,2037,139,Ellis County,238794,116450,122344,122718,59107,63611,22317,10790,11527,85560,42601,42959,8199,3952,4247
0.5 Scen,2038,139,Ellis County,242343,118155,124188,123231,59344,63887,22640,10946,11694,88017,43781,44236,8455,4084,4371
0.5 Scen,2039,139,Ellis County,245910,119847,126063,123702,59557,64145,22989,11112,11877,90518,44972,45546,8701,4206,4495
0.5 Scen,2040,139,Ellis County,249455,121555,127900,124140,59766,64374,23321,11277,12044,93046,46181,46865,8948,4331,4617
0.5 Scen,2041,139,Ellis County,253011,123263,129748,124547,59954,64593,23647,11438,12209,95623,47411,48212,9194,4460,4734
0.5 Scen,2042,139,Ellis County,256614,124999,131615,124912,60123,64789,23988,11615,12373,98251,48664,49587,9463,4597,4866
0.5 Scen,2043,139,Ellis County,260188,126727,133461,125243,60280,64963,24318,11779,12539,100904,49934,50970,9723,4734,4989
0.5 Scen,2044,139,Ellis County,263815,128479,135336,125562,60430,65132,24646,11946,12700,103618,51228,52390,9989,4875,5114
0.5 Scen,2045,139,Ellis County,267465,130247,137218,125852,60568,65284,24973,12115,12858,106382,52548,53834,10258,5016,5242
0.5 Scen,2046,139,Ellis County,271165,132049,139116,126142,60715,65427,25304,12285,13019,109197,53895,55302,10522,5154,5368
0.5 Scen,2047,139,Ellis County,274904,133878,141026,126405,60847,65558,25641,12463,13178,112058,55265,56793,10800,5303,5497
0.5 Scen,2048,139,Ellis County,278706,135727,142979,126686,60994,65692,25973,12633,13340,114959,56647,58312,11088,5453,5635
0.5 Scen,2049,139,Ellis County,282545,137607,144938,126953,61130,65823,26306,12810,13496,117914,58064,59850,11372,5603,5769
0.5 Scen,2050,139,Ellis County,286483,139533,146950,127228,61273,65955,26665,12999,13666,120916,59503,61413,11674,5758,5916
0.5 Scen,2010,141,El Paso County,800647,387876,412771,105246,55990,49256,20649,12015,8634,658134,311906,346228,16618,7965,8653
0.5 Scen,2011,141,El Paso County,812235,393835,418400,104929,55831,49098,20853,12114,8739,669364,317687,351677,17089,8203,8886
0.5 Scen,2012,141,El Paso County,824023,399893,424130,104517,55606,48911,21030,12203,8827,680946,323645,357301,17530,8439,9091
0.5 Scen,2013,141,El Paso County,835618,405877,429741,104036,55336,48700,21200,12278,8922,692409,329606,362803,17973,8657,9316
0.5 Scen,2014,141,El Paso County,847767,412099,435668,103499,55042,48457,21367,12350,9017,704471,335802,368669,18430,8905,9525
0.5 Scen,2015,141,El Paso County,859760,418331,441429,102910,54716,48194,21530,12430,9100,716423,342045,374378,18897,9140,9757
0.5 Scen,2016,141,El Paso County,872097,424763,447334,102444,54474,47970,21714,12526,9188,728575,348381,380194,19364,9382,9982
0.5 Scen,2017,141,El Paso County,884617,431231,453386,101957,54212,47745,21899,12615,9284,740931,354775,386156,19830,9629,10201
0.5 Scen,2018,141,El Paso County,897011,437817,459194,101428,53925,47503,22077,12707,9370,753184,361316,391868,20322,9869,10453
0.5 Scen,2019,141,El Paso County,909923,444403,465520,100929,53656,47273,22255,12790,9465,765948,367846,398102,20791,10111,10680
0.5 Scen,2020,141,El Paso County,922609,451057,471552,100417,53366,47051,22427,12873,9554,778488,374468,404020,21277,10350,10927
0.5 Scen,2021,141,El Paso County,935547,457832,477715,99860,53055,46805,22615,12970,9645,791320,381212,410108,21752,10595,11157
0.5 Scen,2022,141,El Paso County,948529,464491,484038,99278,52725,46553,22785,13060,9725,804210,387850,416360,22256,10856,11400
0.5 Scen,2023,141,El Paso County,961586,471386,490200,98712,52418,46294,22970,13144,9826,817189,394722,422467,22715,11102,11613
0.5 Scen,2024,141,El Paso County,974452,478150,496302,98107,52082,46025,23125,13206,9919,829998,401501,428497,23222,11361,11861
0.5 Scen,2025,141,El Paso County,987219,484883,502336,97501,51747,45754,23297,13301,9996,842695,408221,434474,23726,11614,12112
0.5 Scen,2026,141,El Paso County,999836,491561,508275,96870,51395,45475,23475,13375,10100,855289,414930,440359,24202,11861,12341
0.5 Scen,2027,141,El Paso County,1012867,498309,514558,96230,51046,45184,23619,13435,10184,868331,421730,446601,24687,12098,12589
0.5 Scen,2028,141,El Paso County,1025196,504742,520454,95574,50677,44897,23773,13509,10264,880640,428175,452465,25209,12381,12828
0.5 Scen,2029,141,El Paso County,1037616,511399,526217,94925,50316,44609,23910,13569,10341,893121,434876,458245,25660,12638,13022
0.5 Scen,2030,141,El Paso County,1049546,517770,531776,94269,49947,44322,24041,13624,10417,905021,441297,463724,26215,12902,13313
0.5 Scen,2031,141,El Paso County,1061539,524073,537466,93643,49593,44050,24154,13673,10481,917004,447642,469362,26738,13165,13573
0.5 Scen,2032,141,El Paso County,1073381,530298,543083,93001,49227,43774,24251,13713,10538,928877,453930,474947,27252,13428,13824
0.5 Scen,2033,141,El Paso County,1084706,536350,548356,92352,48860,43492,24347,13744,10603,940240,460060,480180,27767,13686,14081
0.5 Scen,2034,141,El Paso County,1096290,542486,553804,91709,48498,43211,24468,13798,10670,951799,466231,485568,28314,13959,14355
0.5 Scen,2035,141,El Paso County,1107715,548678,559037,91063,48142,42921,24569,13836,10733,963258,472484,490774,28825,14216,14609
0.5 Scen,2036,141,El Paso County,1119144,554683,564461,90413,47780,42633,24653,13862,10791,974691,478546,496145,29387,14495,14892
0.5 Scen,2037,141,El Paso County,1130333,560700,569633,89759,47419,42340,24733,13887,10846,985913,484614,501299,29928,14780,15148
0.5 Scen,2038,141,El Paso County,1141515,566774,574741,89130,47074,42056,24813,13910,10903,997055,490726,506329,30517,15064,15453
0.5 Scen,2039,141,El Paso County,1152753,572870,579883,88493,46725,41768,24857,13912,10945,1008314,496884,511430,31089,15349,15740
0.5 Scen,2040,141,El Paso County,1163720,578929,584791,87861,46380,41481,24950,13946,11004,1019243,502960,516283,31666,15643,16023
0.5 Scen,2041,141,El Paso County,1174807,584860,589947,87221,46028,41193,24995,13951,11044,1030338,508941,521397,32253,15940,16313
0.5 Scen,2042,141,El Paso County,1185896,590953,594943,86580,45679,40901,25064,13970,11094,1041405,515073,526332,32847,16231,16616
0.5 Scen,2043,141,El Paso County,1196866,596970,599896,85927,45322,40605,25127,13982,11145,1052367,521135,531232,33445,16531,16914
0.5 Scen,2044,141,El Paso County,1207871,603046,604825,85290,44980,40310,25184,13988,11196,1063351,527241,536110,34046,16837,17209
0.5 Scen,2045,141,El Paso County,1218778,609063,609715,84637,44629,40008,25234,13996,11238,1074261,533298,540963,34646,17140,17506
0.5 Scen,2046,141,El Paso County,1229733,615156,614577,83991,44282,39709,25271,13993,11278,1085230,539445,545785,35241,17436,17805
0.5 Scen,2047,141,El Paso County,1240747,621309,619438,83347,43934,39413,25331,14008,11323,1096214,545620,550594,35855,17747,18108
0.5 Scen,2048,141,El Paso County,1251620,627383,624237,82702,43589,39113,25384,14012,11372,1107084,551743,555341,36450,18039,18411
0.5 Scen,2049,141,El Paso County,1262507,633470,629037,82055,43244,38811,25423,14011,11412,1117980,557866,560114,37049,18349,18700
0.5 Scen,2050,141,El Paso County,1273360,639552,633808,81424,42903,38521,25466,14014,11452,1128812,563984,564828,37658,18651,19007
0.5 Scen,2010,143,Erath County,37890,18605,19285,29382,14155,15227,431,263,168,7279,3783,3496,798,404,394
0.5 Scen,2011,143,Erath County,38159,18754,19405,29441,14193,15248,444,270,174,7465,3881,3584,809,410,399
0.5 Scen,2012,143,Erath County,38379,18888,19491,29448,14218,15230,458,277,181,7654,3978,3676,819,415,404
0.5 Scen,2013,143,Erath County,38615,19026,19589,29477,14244,15233,471,284,187,7834,4077,3757,833,421,412
0.5 Scen,2014,143,Erath County,38866,19164,19702,29497,14261,15236,485,291,194,8042,4185,3857,842,427,415
0.5 Scen,2015,143,Erath County,39139,19325,19814,29542,14296,15246,499,298,201,8245,4298,3947,853,433,420
0.5 Scen,2016,143,Erath County,39462,19496,19966,29627,14335,15292,515,305,210,8457,4417,4040,863,439,424
0.5 Scen,2017,143,Erath County,39817,19672,20145,29738,14383,15355,529,312,217,8677,4533,4144,873,444,429
0.5 Scen,2018,143,Erath County,40178,19857,20321,29853,14438,15415,542,317,225,8899,4652,4247,884,450,434
0.5 Scen,2019,143,Erath County,40543,20047,20496,29972,14496,15476,558,325,233,9122,4771,4351,891,455,436
0.5 Scen,2020,143,Erath County,40917,20250,20667,30084,14554,15530,572,332,240,9357,4901,4456,904,463,441
0.5 Scen,2021,143,Erath County,41299,20450,20849,30198,14612,15586,589,340,249,9599,5031,4568,913,467,446
0.5 Scen,2022,143,Erath County,41673,20645,21028,30308,14666,15642,603,348,255,9840,5159,4681,922,472,450
0.5 Scen,2023,143,Erath County,42053,20838,21215,30426,14720,15706,615,353,262,10077,5284,4793,935,481,454
0.5 Scen,2024,143,Erath County,42418,21022,21396,30535,14773,15762,633,363,270,10306,5402,4904,944,484,460
0.5 Scen,2025,143,Erath County,42800,21209,21591,30642,14818,15824,651,371,280,10552,5527,5025,955,493,462
0.5 Scen,2026,143,Erath County,43175,21397,21778,30742,14865,15877,666,380,286,10799,5652,5147,968,500,468
0.5 Scen,2027,143,Erath County,43520,21574,21946,30830,14909,15921,676,382,294,11034,5776,5258,980,507,473
0.5 Scen,2028,143,Erath County,43875,21756,22119,30920,14952,15968,688,389,299,11280,5903,5377,987,512,475
0.5 Scen,2029,143,Erath County,44192,21915,22277,30984,14988,15996,697,392,305,11517,6020,5497,994,515,479
0.5 Scen,2030,143,Erath County,44495,22065,22430,31039,15009,16030,702,396,306,11752,6140,5612,1002,520,482
0.5 Scen,2031,143,Erath County,44804,22232,22572,31079,15036,16043,714,404,310,12000,6268,5732,1011,524,487
0.5 Scen,2032,143,Erath County,45096,22372,22724,31109,15050,16059,724,408,316,12250,6386,5864,1013,528,485
0.5 Scen,2033,143,Erath County,45392,22524,22868,31134,15065,16069,732,412,320,12503,6515,5988,1023,532,491
0.5 Scen,2034,143,Erath County,45706,22686,23020,31155,15077,16078,756,426,330,12765,6647,6118,1030,536,494
0.5 Scen,2035,143,Erath County,45989,22829,23160,31169,15084,16085,770,432,338,13011,6773,6238,1039,540,499
0.5 Scen,2036,143,Erath County,46275,22972,23303,31182,15089,16093,787,440,347,13257,6899,6358,1049,544,505
0.5 Scen,2037,143,Erath County,46559,23117,23442,31188,15091,16097,805,450,355,13512,7028,6484,1054,548,506
0.5 Scen,2038,143,Erath County,46866,23283,23583,31214,15109,16105,825,461,364,13766,7163,6603,1061,550,511
0.5 Scen,2039,143,Erath County,47166,23449,23717,31223,15121,16102,846,472,374,14030,7302,6728,1067,554,513
0.5 Scen,2040,143,Erath County,47464,23608,23856,31238,15134,16104,866,482,384,14287,7437,6850,1073,555,518
0.5 Scen,2041,143,Erath County,47768,23766,24002,31253,15145,16108,883,490,393,14550,7572,6978,1082,559,523
0.5 Scen,2042,143,Erath County,48067,23928,24139,31260,15154,16106,905,502,403,14818,7710,7108,1084,562,522
0.5 Scen,2043,143,Erath County,48354,24081,24273,31257,15159,16098,919,507,412,15091,7851,7240,1087,564,523
0.5 Scen,2044,143,Erath County,48670,24250,24420,31273,15171,16102,934,516,418,15368,7996,7372,1095,567,528
0.5 Scen,2045,143,Erath County,48989,24414,24575,31285,15182,16103,958,530,428,15649,8133,7516,1097,569,528
0.5 Scen,2046,143,Erath County,49304,24585,24719,31300,15199,16101,975,540,435,15927,8275,7652,1102,571,531
0.5 Scen,2047,143,Erath County,49627,24759,24868,31315,15216,16099,993,548,445,16218,8424,7794,1101,571,530
0.5 Scen,2048,143,Erath County,49972,24931,25041,31342,15232,16110,1013,558,455,16507,8566,7941,1110,575,535
0.5 Scen,2049,143,Erath County,50310,25123,25187,31374,15259,16115,1035,571,464,16790,8717,8073,1111,576,535
0.5 Scen,2050,143,Erath County,50665,25303,25362,31410,15282,16128,1057,583,474,17085,8860,8225,1113,578,535
0.5 Scen,2010,145,Falls County,17866,8494,9372,9381,4463,4918,4463,1921,2542,3716,1956,1760,306,154,152
0.5 Scen,2011,145,Falls County,17968,8547,9421,9376,4457,4919,4509,1946,2563,3774,1988,1786,309,156,153
0.5 Scen,2012,145,Falls County,18070,8602,9468,9371,4453,4918,4549,1969,2580,3838,2023,1815,312,157,155
0.5 Scen,2013,145,Falls County,18168,8656,9512,9341,4437,4904,4603,2000,2603,3908,2061,1847,316,158,158
0.5 Scen,2014,145,Falls County,18267,8716,9551,9325,4435,4890,4650,2025,2625,3973,2097,1876,319,159,160
0.5 Scen,2015,145,Falls County,18346,8765,9581,9302,4424,4878,4688,2048,2640,4036,2132,1904,320,161,159
0.5 Scen,2016,145,Falls County,18415,8797,9618,9266,4401,4865,4720,2063,2657,4101,2168,1933,328,165,163
0.5 Scen,2017,145,Falls County,18483,8838,9645,9237,4384,4853,4753,2084,2669,4158,2201,1957,335,169,166
0.5 Scen,2018,145,Falls County,18541,8870,9671,9206,4364,4842,4783,2100,2683,4213,2235,1978,339,171,168
0.5 Scen,2019,145,Falls County,18595,8903,9692,9174,4347,4827,4810,2116,2694,4264,2265,1999,347,175,172
0.5 Scen,2020,145,Falls County,18667,8943,9724,9146,4334,4812,4834,2126,2708,4333,2305,2028,354,178,176
0.5 Scen,2021,145,Falls County,18723,8971,9752,9110,4311,4799,4856,2137,2719,4398,2343,2055,359,180,179
0.5 Scen,2022,145,Falls County,18775,9005,9770,9072,4292,4780,4876,2151,2725,4460,2377,2083,367,185,182
0.5 Scen,2023,145,Falls County,18821,9036,9785,9038,4274,4764,4891,2163,2728,4522,2413,2109,370,186,184
0.5 Scen,2024,145,Falls County,18852,9060,9792,8993,4253,4740,4893,2168,2725,4590,2450,2140,376,189,187
0.5 Scen,2025,145,Falls County,18902,9101,9801,8957,4238,4719,4909,2184,2725,4656,2488,2168,380,191,189
0.5 Scen,2026,145,Falls County,18929,9122,9807,8915,4220,4695,4913,2189,2724,4717,2520,2197,384,193,191
0.5 Scen,2027,145,Falls County,18956,9141,9815,8870,4198,4672,4918,2197,2721,4782,2552,2230,386,194,192
0.5 Scen,2028,145,Falls County,18994,9170,9824,8828,4179,4649,4933,2205,2728,4845,2589,2256,388,197,191
0.5 Scen,2029,145,Falls County,18988,9179,9809,8764,4151,4613,4932,2211,2721,4901,2618,2283,391,199,192
0.5 Scen,2030,145,Falls County,19008,9200,9808,8717,4130,4587,4945,2220,2725,4951,2649,2302,395,201,194
0.5 Scen,2031,145,Falls County,19008,9212,9796,8658,4101,4557,4951,2229,2722,5001,2680,2321,398,202,196
0.5 Scen,2032,145,Falls County,19011,9224,9787,8593,4068,4525,4959,2239,2720,5057,2712,2345,402,205,197
0.5 Scen,2033,145,Falls County,19016,9236,9780,8533,4041,4492,4968,2247,2721,5110,2742,2368,405,206,199
0.5 Scen,2034,145,Falls County,19022,9246,9776,8472,4012,4460,4976,2256,2720,5167,2773,2394,407,205,202
0.5 Scen,2035,145,Falls County,19017,9253,9764,8403,3977,4426,4981,2266,2715,5222,2804,2418,411,206,205
0.5 Scen,2036,145,Falls County,19005,9261,9744,8327,3939,4388,4988,2278,2710,5275,2833,2442,415,211,204
0.5 Scen,2037,145,Falls County,18990,9266,9724,8251,3907,4344,4996,2286,2710,5326,2860,2466,417,213,204
0.5 Scen,2038,145,Falls County,18982,9273,9709,8180,3874,4306,5007,2298,2709,5375,2886,2489,420,215,205
0.5 Scen,2039,145,Falls County,18956,9275,9681,8106,3837,4269,5011,2309,2702,5418,2914,2504,421,215,206
0.5 Scen,2040,145,Falls County,18953,9283,9670,8035,3804,4231,5026,2321,2705,5469,2941,2528,423,217,206
0.5 Scen,2041,145,Falls County,18931,9291,9640,7950,3770,4180,5040,2336,2704,5515,2966,2549,426,219,207
0.5 Scen,2042,145,Falls County,18908,9291,9617,7864,3729,4135,5050,2349,2701,5565,2992,2573,429,221,208
0.5 Scen,2043,145,Falls County,18888,9296,9592,7786,3696,4090,5063,2360,2703,5608,3017,2591,431,223,208
0.5 Scen,2044,145,Falls County,18858,9298,9560,7703,3660,4043,5078,2376,2702,5645,3037,2608,432,225,207
0.5 Scen,2045,145,Falls County,18823,9307,9516,7607,3626,3981,5087,2386,2701,5696,3070,2626,433,225,208
0.5 Scen,2046,145,Falls County,18779,9301,9478,7517,3586,3931,5088,2390,2698,5741,3098,2643,433,227,206
0.5 Scen,2047,145,Falls County,18761,9306,9455,7435,3550,3885,5097,2400,2697,5790,3126,2664,439,230,209
0.5 Scen,2048,145,Falls County,18727,9314,9413,7350,3514,3836,5099,2410,2689,5835,3158,2677,443,232,211
0.5 Scen,2049,145,Falls County,18688,9318,9370,7265,3480,3785,5095,2417,2678,5884,3187,2697,444,234,210
0.5 Scen,2050,145,Falls County,18648,9318,9330,7187,3451,3736,5081,2412,2669,5932,3218,2714,448,237,211
0.5 Scen,2010,147,Fannin County,33915,17988,15927,27433,13941,13492,2273,1556,717,3226,2010,1216,983,481,502
0.5 Scen,2011,147,Fannin County,34104,18085,16019,27520,13985,13535,2284,1563,721,3307,2051,1256,993,486,507
0.5 Scen,2012,147,Fannin County,34298,18186,16112,27605,14028,13577,2294,1570,724,3394,2096,1298,1005,492,513
0.5 Scen,2013,147,Fannin County,34517,18291,16226,27708,14076,13632,2307,1576,731,3484,2142,1342,1018,497,521
0.5 Scen,2014,147,Fannin County,34736,18405,16331,27807,14133,13674,2318,1578,740,3579,2190,1389,1032,504,528
0.5 Scen,2015,147,Fannin County,34947,18509,16438,27913,14179,13734,2325,1581,744,3668,2239,1429,1041,510,531
0.5 Scen,2016,147,Fannin County,35176,18635,16541,28019,14240,13779,2337,1586,751,3765,2290,1475,1055,519,536
0.5 Scen,2017,147,Fannin County,35404,18759,16645,28124,14297,13827,2344,1591,753,3865,2343,1522,1071,528,543
0.5 Scen,2018,147,Fannin County,35635,18873,16762,28228,14349,13879,2352,1595,757,3972,2397,1575,1083,532,551
0.5 Scen,2019,147,Fannin County,35851,18983,16868,28321,14393,13928,2368,1602,766,4069,2448,1621,1093,540,553
0.5 Scen,2020,147,Fannin County,36070,19095,16975,28407,14439,13968,2370,1601,769,4187,2508,1679,1106,547,559
0.5 Scen,2021,147,Fannin County,36308,19213,17095,28504,14486,14018,2379,1603,776,4307,2570,1737,1118,554,564
0.5 Scen,2022,147,Fannin County,36539,19329,17210,28597,14535,14062,2381,1599,782,4430,2635,1795,1131,560,571
0.5 Scen,2023,147,Fannin County,36776,19450,17326,28686,14579,14107,2390,1600,790,4559,2701,1858,1141,570,571
0.5 Scen,2024,147,Fannin County,36980,19554,17426,28751,14616,14135,2389,1594,795,4688,2768,1920,1152,576,576
0.5 Scen,2025,147,Fannin County,37195,19669,17526,28823,14657,14166,2386,1590,796,4824,2840,1984,1162,582,580
0.5 Scen,2026,147,Fannin County,37421,19787,17634,28887,14687,14200,2387,1589,798,4970,2919,2051,1177,592,585
0.5 Scen,2027,147,Fannin County,37624,19895,17729,28942,14716,14226,2381,1585,796,5108,2991,2117,1193,603,590
0.5 Scen,2028,147,Fannin County,37822,19999,17823,28986,14735,14251,2383,1585,798,5251,3069,2182,1202,610,592
0.5 Scen,2029,147,Fannin County,37997,20091,17906,29018,14754,14264,2371,1575,796,5397,3145,2252,1211,617,594
0.5 Scen,2030,147,Fannin County,38179,20183,17996,29049,14769,14280,2366,1571,795,5543,3222,2321,1221,621,600
0.5 Scen,2031,147,Fannin County,38337,20267,18070,29046,14770,14276,2355,1562,793,5703,3305,2398,1233,630,603
0.5 Scen,2032,147,Fannin County,38495,20349,18146,29032,14763,14269,2351,1557,794,5866,3392,2474,1246,637,609
0.5 Scen,2033,147,Fannin County,38657,20430,18227,29022,14757,14265,2341,1549,792,6032,3478,2554,1262,646,616
0.5 Scen,2034,147,Fannin County,38793,20508,18285,28985,14744,14241,2334,1548,786,6195,3560,2635,1279,656,623
0.5 Scen,2035,147,Fannin County,38908,20568,18340,28940,14727,14213,2326,1543,783,6352,3639,2713,1290,659,631
0.5 Scen,2036,147,Fannin County,39032,20629,18403,28897,14705,14192,2314,1536,778,6513,3719,2794,1308,669,639
0.5 Scen,2037,147,Fannin County,39142,20695,18447,28835,14678,14157,2307,1534,773,6678,3808,2870,1322,675,647
0.5 Scen,2038,147,Fannin County,39243,20750,18493,28761,14644,14117,2292,1525,767,6849,3895,2954,1341,686,655
0.5 Scen,2039,147,Fannin County,39361,20812,18549,28692,14612,14080,2289,1523,766,7018,3979,3039,1362,698,664
0.5 Scen,2040,147,Fannin County,39458,20864,18594,28607,14572,14035,2280,1519,761,7197,4069,3128,1374,704,670
0.5 Scen,2041,147,Fannin County,39571,20929,18642,28529,14539,13990,2268,1514,754,7382,4161,3221,1392,715,677
0.5 Scen,2042,147,Fannin County,39674,20984,18690,28442,14497,13945,2264,1513,751,7568,4256,3312,1400,718,682
0.5 Scen,2043,147,Fannin County,39767,21028,18739,28351,14452,13899,2246,1498,748,7755,4351,3404,1415,727,688
0.5 Scen,2044,147,Fannin County,39869,21092,18777,28260,14414,13846,2243,1498,745,7940,4446,3494,1426,734,692
0.5 Scen,2045,147,Fannin County,39955,21135,18820,28163,14366,13797,2233,1492,741,8123,4538,3585,1436,739,697
0.5 Scen,2046,147,Fannin County,40058,21204,18854,28066,14331,13735,2227,1487,740,8319,4640,3679,1446,746,700
0.5 Scen,2047,147,Fannin County,40166,21267,18899,27975,14293,13682,2218,1482,736,8516,4738,3778,1457,754,703
0.5 Scen,2048,147,Fannin County,40275,21333,18942,27878,14252,13626,2216,1480,736,8719,4842,3877,1462,759,703
0.5 Scen,2049,147,Fannin County,40392,21405,18987,27785,14216,13569,2209,1476,733,8926,4948,3978,1472,765,707
0.5 Scen,2050,147,Fannin County,40514,21483,19031,27705,14189,13516,2199,1469,730,9138,5056,4082,1472,769,703
0.5 Scen,2010,149,Fayette County,24554,12081,12473,18038,8796,9242,1599,762,837,4585,2367,2218,332,156,176
0.5 Scen,2011,149,Fayette County,24716,12171,12545,18060,8811,9249,1603,768,835,4714,2432,2282,339,160,179
0.5 Scen,2012,149,Fayette County,24829,12246,12583,18023,8809,9214,1611,774,837,4848,2500,2348,347,163,184
0.5 Scen,2013,149,Fayette County,24988,12326,12662,18026,8808,9218,1621,781,840,4986,2569,2417,355,168,187
0.5 Scen,2014,149,Fayette County,25137,12403,12734,18025,8809,9216,1631,788,843,5120,2636,2484,361,170,191
0.5 Scen,2015,149,Fayette County,25297,12490,12807,18019,8807,9212,1641,796,845,5266,2710,2556,371,177,194
0.5 Scen,2016,149,Fayette County,25468,12585,12883,18025,8816,9209,1650,802,848,5415,2787,2628,378,180,198
0.5 Scen,2017,149,Fayette County,25637,12674,12963,18029,8817,9212,1658,809,849,5565,2864,2701,385,184,201
0.5 Scen,2018,149,Fayette County,25813,12776,13037,18030,8825,9205,1667,816,851,5723,2947,2776,393,188,205
0.5 Scen,2019,149,Fayette County,26016,12880,13136,18048,8830,9218,1680,825,855,5885,3032,2853,403,193,210
0.5 Scen,2020,149,Fayette County,26197,12975,13222,18054,8832,9222,1689,831,858,6042,3114,2928,412,198,214
0.5 Scen,2021,149,Fayette County,26392,13067,13325,18058,8827,9231,1701,836,865,6211,3200,3011,422,204,218
0.5 Scen,2022,149,Fayette County,26583,13165,13418,18063,8826,9237,1714,843,871,6374,3286,3088,432,210,222
0.5 Scen,2023,149,Fayette County,26782,13261,13521,18064,8824,9240,1719,845,874,6557,3377,3180,442,215,227
0.5 Scen,2024,149,Fayette County,26985,13355,13630,18059,8819,9240,1727,848,879,6746,3469,3277,453,219,234
0.5 Scen,2025,149,Fayette County,27176,13449,13727,18046,8812,9234,1730,849,881,6938,3563,3375,462,225,237
0.5 Scen,2026,149,Fayette County,27361,13544,13817,18025,8800,9225,1735,853,882,7127,3659,3468,474,232,242
0.5 Scen,2027,149,Fayette County,27543,13634,13909,18003,8789,9214,1737,855,882,7323,3753,3570,480,237,243
0.5 Scen,2028,149,Fayette County,27709,13716,13993,17971,8772,9199,1744,858,886,7504,3843,3661,490,243,247
0.5 Scen,2029,149,Fayette County,27881,13801,14080,17934,8756,9178,1751,863,888,7697,3934,3763,499,248,251
0.5 Scen,2030,149,Fayette County,28041,13876,14165,17888,8733,9155,1749,861,888,7899,4031,3868,505,251,254
0.5 Scen,2031,149,Fayette County,28193,13944,14249,17836,8702,9134,1745,861,884,8103,4129,3974,509,252,257
0.5 Scen,2032,149,Fayette County,28314,14013,14301,17760,8666,9094,1741,864,877,8293,4224,4069,520,259,261
0.5 Scen,2033,149,Fayette County,28434,14078,14356,17682,8628,9054,1734,864,870,8488,4323,4165,530,263,267
0.5 Scen,2034,149,Fayette County,28566,14151,14415,17603,8592,9011,1725,860,865,8699,4431,4268,539,268,271
0.5 Scen,2035,149,Fayette County,28673,14212,14461,17502,8546,8956,1718,857,861,8904,4533,4371,549,276,273
0.5 Scen,2036,149,Fayette County,28762,14268,14494,17396,8495,8901,1705,855,850,9103,4637,4466,558,281,277
0.5 Scen,2037,149,Fayette County,28855,14316,14539,17286,8444,8842,1700,850,850,9301,4737,4564,568,285,283
0.5 Scen,2038,149,Fayette County,28946,14377,14569,17167,8393,8774,1691,844,847,9513,4849,4664,575,291,284
0.5 Scen,2039,149,Fayette County,29011,14422,14589,17037,8338,8699,1680,838,842,9712,4949,4763,582,297,285
0.5 Scen,2040,149,Fayette County,29103,14472,14631,16912,8281,8631,1669,832,837,9927,5056,4871,595,303,292
0.5 Scen,2041,149,Fayette County,29180,14514,14666,16778,8217,8561,1660,828,832,10136,5160,4976,606,309,297
0.5 Scen,2042,149,Fayette County,29254,14568,14686,16633,8156,8477,1655,828,827,10350,5270,5080,616,314,302
0.5 Scen,2043,149,Fayette County,29334,14620,14714,16496,8096,8400,1650,826,824,10561,5378,5183,627,320,307
0.5 Scen,2044,149,Fayette County,29420,14673,14747,16365,8034,8331,1639,823,816,10778,5489,5289,638,327,311
0.5 Scen,2045,149,Fayette County,29518,14740,14778,16237,7982,8255,1630,822,808,11001,5603,5398,650,333,317
0.5 Scen,2046,149,Fayette County,29618,14796,14822,16107,7922,8185,1630,823,807,11221,5712,5509,660,339,321
0.5 Scen,2047,149,Fayette County,29721,14865,14856,15974,7865,8109,1624,825,799,11450,5828,5622,673,347,326
0.5 Scen,2048,149,Fayette County,29838,14933,14905,15854,7811,8043,1620,825,795,11680,5943,5737,684,354,330
0.5 Scen,2049,149,Fayette County,29968,15006,14962,15734,7754,7980,1619,827,792,11919,6064,5855,696,361,335
0.5 Scen,2050,149,Fayette County,30110,15084,15026,15629,7712,7917,1620,827,793,12155,6178,5977,706,367,339
0.5 Scen,2010,151,Fisher County,3974,1958,2016,2797,1367,1430,124,55,69,999,507,492,54,29,25
0.5 Scen,2011,151,Fisher County,3977,1959,2018,2785,1360,1425,125,56,69,1013,514,499,54,29,25
0.5 Scen,2012,151,Fisher County,3975,1959,2016,2771,1354,1417,125,56,69,1025,520,505,54,29,25
0.5 Scen,2013,151,Fisher County,3975,1963,2012,2756,1349,1407,126,57,69,1040,528,512,53,29,24
0.5 Scen,2014,151,Fisher County,3976,1968,2008,2741,1345,1396,128,58,70,1054,536,518,53,29,24
0.5 Scen,2015,151,Fisher County,3976,1972,2004,2724,1341,1383,130,59,71,1069,543,526,53,29,24
0.5 Scen,2016,151,Fisher County,3980,1976,2004,2710,1335,1375,131,60,71,1085,552,533,54,29,25
0.5 Scen,2017,151,Fisher County,3984,1981,2003,2695,1330,1365,132,61,71,1103,561,542,54,29,25
0.5 Scen,2018,151,Fisher County,3983,1986,1997,2676,1325,1351,133,62,71,1120,570,550,54,29,25
0.5 Scen,2019,151,Fisher County,3987,1992,1995,2661,1319,1342,134,63,71,1138,581,557,54,29,25
0.5 Scen,2020,151,Fisher County,3991,1994,1997,2645,1310,1335,136,64,72,1155,591,564,55,29,26
0.5 Scen,2021,151,Fisher County,3992,2002,1990,2625,1306,1319,139,65,74,1172,601,571,56,30,26
0.5 Scen,2022,151,Fisher County,3994,2008,1986,2610,1302,1308,139,65,74,1188,611,577,57,30,27
0.5 Scen,2023,151,Fisher County,3993,2009,1984,2595,1295,1300,138,65,73,1203,619,584,57,30,27
0.5 Scen,2024,151,Fisher County,3991,2006,1985,2576,1283,1293,139,65,74,1219,628,591,57,30,27
0.5 Scen,2025,151,Fisher County,3989,2008,1981,2559,1275,1284,140,67,73,1232,636,596,58,30,28
0.5 Scen,2026,151,Fisher County,3986,2011,1975,2538,1268,1270,141,67,74,1249,646,603,58,30,28
0.5 Scen,2027,151,Fisher County,3985,2015,1970,2524,1261,1263,141,67,74,1262,655,607,58,32,26
0.5 Scen,2028,151,Fisher County,3982,2015,1967,2506,1254,1252,142,67,75,1275,662,613,59,32,27
0.5 Scen,2029,151,Fisher County,3983,2021,1962,2492,1250,1242,142,68,74,1289,670,619,60,33,27
0.5 Scen,2030,151,Fisher County,3974,2014,1960,2471,1238,1233,141,67,74,1303,678,625,59,31,28
0.5 Scen,2031,151,Fisher County,3974,2017,1957,2456,1232,1224,141,68,73,1317,685,632,60,32,28
0.5 Scen,2032,151,Fisher County,3972,2017,1955,2438,1225,1213,140,67,73,1333,693,640,61,32,29
0.5 Scen,2033,151,Fisher County,3967,2018,1949,2421,1217,1204,138,67,71,1346,701,645,62,33,29
0.5 Scen,2034,151,Fisher County,3962,2019,1943,2402,1210,1192,137,66,71,1359,709,650,64,34,30
0.5 Scen,2035,151,Fisher County,3951,2015,1936,2378,1198,1180,137,67,70,1372,716,656,64,34,30
0.5 Scen,2036,151,Fisher County,3943,2009,1934,2357,1186,1171,137,67,70,1385,722,663,64,34,30
0.5 Scen,2037,151,Fisher County,3931,2004,1927,2334,1173,1161,137,68,69,1396,729,667,64,34,30
0.5 Scen,2038,151,Fisher County,3921,1999,1922,2315,1164,1151,138,68,70,1405,734,671,63,33,30
0.5 Scen,2039,151,Fisher County,3908,1995,1913,2295,1157,1138,137,68,69,1415,739,676,61,31,30
0.5 Scen,2040,151,Fisher County,3904,1995,1909,2285,1153,1132,137,68,69,1424,744,680,58,30,28
0.5 Scen,2041,151,Fisher County,3895,1992,1903,2268,1146,1122,137,69,68,1433,748,685,57,29,28
0.5 Scen,2042,151,Fisher County,3883,1990,1893,2250,1140,1110,138,69,69,1437,751,686,58,30,28
0.5 Scen,2043,151,Fisher County,3870,1989,1881,2232,1135,1097,138,69,69,1441,755,686,59,30,29
0.5 Scen,2044,151,Fisher County,3852,1976,1876,2210,1123,1087,138,68,70,1447,757,690,57,28,29
0.5 Scen,2045,151,Fisher County,3838,1972,1866,2194,1118,1076,137,68,69,1451,759,692,56,27,29
0.5 Scen,2046,151,Fisher County,3829,1967,1862,2182,1113,1069,137,67,70,1457,761,696,53,26,27
0.5 Scen,2047,151,Fisher County,3814,1959,1855,2171,1107,1064,137,67,70,1454,760,694,52,25,27
0.5 Scen,2048,151,Fisher County,3805,1957,1848,2158,1101,1057,135,66,69,1460,765,695,52,25,27
0.5 Scen,2049,151,Fisher County,3796,1958,1838,2145,1097,1048,134,66,68,1467,771,696,50,24,26
0.5 Scen,2050,151,Fisher County,3789,1954,1835,2129,1090,1039,133,65,68,1478,776,702,49,23,26
0.5 Scen,2010,153,Floyd County,6446,3176,3270,2777,1332,1445,211,106,105,3410,1716,1694,48,22,26
0.5 Scen,2011,153,Floyd County,6479,3194,3285,2752,1319,1433,213,107,106,3466,1746,1720,48,22,26
0.5 Scen,2012,153,Floyd County,6515,3214,3301,2729,1311,1418,214,107,107,3524,1774,1750,48,22,26
0.5 Scen,2013,153,Floyd County,6562,3241,3321,2709,1303,1406,215,108,107,3590,1808,1782,48,22,26
0.5 Scen,2014,153,Floyd County,6592,3255,3337,2679,1289,1390,215,108,107,3650,1836,1814,48,22,26
0.5 Scen,2015,153,Floyd County,6624,3277,3347,2649,1278,1371,216,110,106,3710,1866,1844,49,23,26
0.5 Scen,2016,153,Floyd County,6654,3296,3358,2618,1264,1354,215,109,106,3772,1900,1872,49,23,26
0.5 Scen,2017,153,Floyd County,6693,3324,3369,2588,1256,1332,215,110,105,3840,1934,1906,50,24,26
0.5 Scen,2018,153,Floyd County,6741,3350,3391,2571,1249,1322,213,108,105,3906,1969,1937,51,24,27
0.5 Scen,2019,153,Floyd County,6774,3373,3401,2542,1238,1304,213,109,104,3968,2001,1967,51,25,26
0.5 Scen,2020,153,Floyd County,6806,3395,3411,2522,1233,1289,214,110,104,4019,2027,1992,51,25,26
0.5 Scen,2021,153,Floyd County,6845,3420,3425,2495,1222,1273,213,111,102,4086,2062,2024,51,25,26
0.5 Scen,2022,153,Floyd County,6895,3452,3443,2472,1217,1255,213,111,102,4158,2099,2059,52,25,27
0.5 Scen,2023,153,Floyd County,6940,3478,3462,2448,1208,1240,213,110,103,4226,2134,2092,53,26,27
0.5 Scen,2024,153,Floyd County,6992,3506,3486,2434,1203,1231,214,111,103,4290,2166,2124,54,26,28
0.5 Scen,2025,153,Floyd County,7031,3530,3501,2408,1193,1215,213,111,102,4355,2199,2156,55,27,28
0.5 Scen,2026,153,Floyd County,7075,3551,3524,2386,1180,1206,213,111,102,4419,2233,2186,57,27,30
0.5 Scen,2027,153,Floyd County,7111,3573,3538,2360,1170,1190,212,110,102,4483,2265,2218,56,28,28
0.5 Scen,2028,153,Floyd County,7145,3594,3551,2334,1159,1175,213,111,102,4541,2296,2245,57,28,29
0.5 Scen,2029,153,Floyd County,7171,3611,3560,2313,1150,1163,213,111,102,4587,2321,2266,58,29,29
0.5 Scen,2030,153,Floyd County,7193,3624,3569,2289,1138,1151,213,111,102,4632,2346,2286,59,29,30
0.5 Scen,2031,153,Floyd County,7225,3642,3583,2263,1125,1138,213,111,102,4689,2376,2313,60,30,30
0.5 Scen,2032,153,Floyd County,7254,3661,3593,2238,1114,1124,214,112,102,4741,2405,2336,61,30,31
0.5 Scen,2033,153,Floyd County,7280,3675,3605,2214,1102,1112,215,113,102,4789,2429,2360,62,31,31
0.5 Scen,2034,153,Floyd County,7299,3686,3613,2187,1089,1098,215,113,102,4835,2453,2382,62,31,31
0.5 Scen,2035,153,Floyd County,7319,3695,3624,2160,1075,1085,215,113,102,4882,2476,2406,62,31,31
0.5 Scen,2036,153,Floyd County,7329,3703,3626,2127,1061,1066,215,113,102,4924,2498,2426,63,31,32
0.5 Scen,2037,153,Floyd County,7335,3712,3623,2094,1049,1045,215,113,102,4963,2519,2444,63,31,32
0.5 Scen,2038,153,Floyd County,7348,3717,3631,2069,1036,1033,212,110,102,5005,2541,2464,62,30,32
0.5 Scen,2039,153,Floyd County,7370,3733,3637,2050,1029,1021,211,110,101,5047,2564,2483,62,30,32
0.5 Scen,2040,153,Floyd County,7381,3743,3638,2023,1017,1006,210,109,101,5088,2587,2501,60,30,30
0.5 Scen,2041,153,Floyd County,7400,3756,3644,2005,1009,996,208,108,100,5127,2609,2518,60,30,30
0.5 Scen,2042,153,Floyd County,7415,3763,3652,1985,999,986,207,107,100,5163,2627,2536,60,30,30
0.5 Scen,2043,153,Floyd County,7432,3773,3659,1967,992,975,206,107,99,5199,2644,2555,60,30,30
0.5 Scen,2044,153,Floyd County,7439,3776,3663,1944,981,963,205,106,99,5231,2661,2570,59,28,31
0.5 Scen,2045,153,Floyd County,7457,3791,3666,1919,972,947,205,107,98,5274,2684,2590,59,28,31
0.5 Scen,2046,153,Floyd County,7478,3803,3675,1899,962,937,202,105,97,5319,2709,2610,58,27,31
0.5 Scen,2047,153,Floyd County,7500,3818,3682,1883,957,926,201,105,96,5357,2728,2629,59,28,31
0.5 Scen,2048,153,Floyd County,7533,3834,3699,1870,951,919,200,104,96,5404,2751,2653,59,28,31
0.5 Scen,2049,153,Floyd County,7564,3853,3711,1853,944,909,199,104,95,5453,2777,2676,59,28,31
0.5 Scen,2050,153,Floyd County,7581,3865,3716,1833,937,896,197,103,94,5493,2798,2695,58,27,31
0.5 Scen,2010,155,Foard County,1336,637,699,1087,516,571,53,23,30,187,94,93,9,4,5
0.5 Scen,2011,155,Foard County,1339,641,698,1086,517,569,53,23,30,191,97,94,9,4,5
0.5 Scen,2012,155,Foard County,1342,644,698,1084,517,567,53,23,30,196,100,96,9,4,5
0.5 Scen,2013,155,Foard County,1348,651,697,1085,521,564,53,23,30,201,103,98,9,4,5
0.5 Scen,2014,155,Foard County,1353,655,698,1085,522,563,53,23,30,206,106,100,9,4,5
0.5 Scen,2015,155,Foard County,1362,663,699,1089,526,563,53,24,29,211,109,102,9,4,5
0.5 Scen,2016,155,Foard County,1365,665,700,1086,525,561,54,24,30,216,112,104,9,4,5
0.5 Scen,2017,155,Foard County,1374,671,703,1089,527,562,55,25,30,221,115,106,9,4,5
0.5 Scen,2018,155,Foard County,1381,676,705,1090,529,561,56,25,31,226,118,108,9,4,5
0.5 Scen,2019,155,Foard County,1388,682,706,1091,531,560,57,26,31,231,121,110,9,4,5
0.5 Scen,2020,155,Foard County,1392,685,707,1089,531,558,58,26,32,236,124,112,9,4,5
0.5 Scen,2021,155,Foard County,1399,692,707,1091,534,557,59,27,32,240,127,113,9,4,5
0.5 Scen,2022,155,Foard County,1401,693,708,1088,534,554,59,26,33,245,129,116,9,4,5
0.5 Scen,2023,155,Foard County,1406,697,709,1085,534,551,60,27,33,252,132,120,9,4,5
0.5 Scen,2024,155,Foard County,1411,700,711,1083,534,549,61,27,34,258,135,123,9,4,5
0.5 Scen,2025,155,Foard County,1412,703,709,1079,533,546,61,28,33,263,138,125,9,4,5
0.5 Scen,2026,155,Foard County,1415,705,710,1077,532,545,61,28,33,268,141,127,9,4,5
0.5 Scen,2027,155,Foard County,1414,708,706,1070,531,539,61,29,32,274,144,130,9,4,5
0.5 Scen,2028,155,Foard County,1413,710,703,1061,530,531,63,29,34,280,147,133,9,4,5
0.5 Scen,2029,155,Foard County,1411,712,699,1052,527,525,64,30,34,286,151,135,9,4,5
0.5 Scen,2030,155,Foard County,1402,708,694,1038,521,517,64,30,34,291,153,138,9,4,5
0.5 Scen,2031,155,Foard County,1399,705,694,1031,516,515,64,30,34,295,155,140,9,4,5
0.5 Scen,2032,155,Foard County,1389,701,688,1016,509,507,65,31,34,299,157,142,9,4,5
0.5 Scen,2033,155,Foard County,1383,700,683,1006,505,501,65,31,34,303,160,143,9,4,5
0.5 Scen,2034,155,Foard County,1383,702,681,1002,504,498,65,31,34,307,163,144,9,4,5
0.5 Scen,2035,155,Foard County,1379,702,677,994,501,493,65,31,34,311,166,145,9,4,5
0.5 Scen,2036,155,Foard County,1377,703,674,988,499,489,65,31,34,315,169,146,9,4,5
0.5 Scen,2037,155,Foard County,1374,703,671,982,497,485,65,31,34,318,171,147,9,4,5
0.5 Scen,2038,155,Foard County,1369,704,665,974,496,478,64,30,34,322,174,148,9,4,5
0.5 Scen,2039,155,Foard County,1365,702,663,968,493,475,64,30,34,325,176,149,8,3,5
0.5 Scen,2040,155,Foard County,1358,701,657,957,490,467,64,30,34,329,178,151,8,3,5
0.5 Scen,2041,155,Foard County,1352,700,652,947,487,460,64,30,34,333,180,153,8,3,5
0.5 Scen,2042,155,Foard County,1346,694,652,936,479,457,64,30,34,338,182,156,8,3,5
0.5 Scen,2043,155,Foard County,1341,690,651,927,473,454,63,30,33,343,184,159,8,3,5
0.5 Scen,2044,155,Foard County,1333,687,646,915,468,447,63,30,33,347,186,161,8,3,5
0.5 Scen,2045,155,Foard County,1326,682,644,904,461,443,63,30,33,351,188,163,8,3,5
0.5 Scen,2046,155,Foard County,1323,682,641,896,458,438,63,30,33,356,191,165,8,3,5
0.5 Scen,2047,155,Foard County,1317,683,634,887,456,431,62,30,32,361,194,167,7,3,4
0.5 Scen,2048,155,Foard County,1314,682,632,882,454,428,61,29,32,364,196,168,7,3,4
0.5 Scen,2049,155,Foard County,1311,681,630,874,450,424,61,29,32,369,199,170,7,3,4
0.5 Scen,2050,155,Foard County,1306,679,627,865,445,420,60,29,31,374,202,172,7,3,4
0.5 Scen,2010,157,Fort Bend County,585375,287368,298007,211680,105559,106121,123267,57949,65318,138967,69283,69684,111461,54577,56884
0.5 Scen,2011,157,Fort Bend County,600348,294613,305735,214334,106794,107540,126468,59464,67004,144001,71737,72264,115545,56618,58927
0.5 Scen,2012,157,Fort Bend County,615376,301841,313535,216924,107945,108979,129662,60990,68672,149165,74264,74901,119625,58642,60983
0.5 Scen,2013,157,Fort Bend County,630766,309270,321496,219395,109069,110326,132981,62533,70448,154510,76875,77635,123880,60793,63087
0.5 Scen,2014,157,Fort Bend County,646299,316741,329558,221868,110186,111682,136296,64058,72238,160013,79547,80466,128122,62950,65172
0.5 Scen,2015,157,Fort Bend County,662019,324242,337777,224176,111201,112975,139590,65626,73964,165628,82282,83346,132625,65133,67492
0.5 Scen,2016,157,Fort Bend County,677753,331784,345969,226371,112178,114193,142973,67171,75802,171433,85132,86301,136976,67303,69673
0.5 Scen,2017,157,Fort Bend County,693646,339436,354210,228562,113123,115439,146320,68737,77583,177344,88033,89311,141420,69543,71877
0.5 Scen,2018,157,Fort Bend County,709707,347161,362546,230585,113968,116617,149584,70280,79304,183412,90998,92414,146126,71915,74211
0.5 Scen,2019,157,Fort Bend County,726141,354834,371307,232578,114832,117746,153030,71844,81186,189705,94055,95650,150828,74103,76725
0.5 Scen,2020,157,Fort Bend County,742705,362829,379876,234511,115668,118843,156352,73410,82942,196097,97175,98922,155745,76576,79169
0.5 Scen,2021,157,Fort Bend County,759638,370913,388725,236439,116484,119955,159813,75011,84802,202664,100399,102265,160722,79019,81703
0.5 Scen,2022,157,Fort Bend County,777049,379306,397743,238308,117261,121047,163315,76633,86682,209439,103727,105712,165987,81685,84302
0.5 Scen,2023,157,Fort Bend County,794655,387752,406903,240191,118090,122101,166782,78227,88555,216405,107137,109268,171277,84298,86979
0.5 Scen,2024,157,Fort Bend County,812690,396426,416264,242049,118885,123164,170368,79912,90456,223552,110634,112918,176721,86995,89726
0.5 Scen,2025,157,Fort Bend County,830883,405075,425808,243940,119669,124271,173994,81546,92448,230918,114235,116683,182031,89625,92406
0.5 Scen,2026,157,Fort Bend County,849686,414146,435540,245820,120476,125344,177529,83248,94281,238398,117924,120474,187939,92498,95441
0.5 Scen,2027,157,Fort Bend County,868761,423200,445561,247638,121248,126390,181209,84933,96276,246220,121733,124487,193694,95286,98408
0.5 Scen,2028,157,Fort Bend County,888198,432786,455412,249433,122002,127431,184845,86666,98179,254101,125598,128503,199819,98520,101299
0.5 Scen,2029,157,Fort Bend County,908144,442250,465894,251196,122726,128470,188532,88342,100190,262262,129603,132659,206154,101579,104575
0.5 Scen,2030,157,Fort Bend County,928474,452049,476425,253029,123510,129519,192287,90078,102209,270683,133744,136939,212475,104717,107758
0.5 Scen,2031,157,Fort Bend County,948997,462030,486967,254840,124295,130545,195944,91886,104058,279295,137939,141356,218918,107910,111008
0.5 Scen,2032,157,Fort Bend County,969674,471884,497790,256577,125031,131546,199761,93623,106138,288016,142225,145791,225320,111005,114315
0.5 Scen,2033,157,Fort Bend County,990844,482277,508567,258287,125782,132505,203439,95401,108038,296960,146611,150349,232158,114483,117675
0.5 Scen,2034,157,Fort Bend County,1012115,492546,519569,259927,126492,133435,207149,97136,110013,306090,151052,155038,238949,117866,121083
0.5 Scen,2035,157,Fort Bend County,1033333,502928,530405,261495,127156,134339,210778,98845,111933,315416,155628,159788,245644,121299,124345
0.5 Scen,2036,157,Fort Bend County,1055141,513495,541646,263014,127826,135188,214491,100649,113842,324970,160299,164671,252666,124721,127945
0.5 Scen,2037,157,Fort Bend County,1077077,524246,552831,264420,128429,135991,218144,102467,115677,334633,165035,169598,259880,128315,131565
0.5 Scen,2038,157,Fort Bend County,1098818,534836,563982,265748,129006,136742,221725,104180,117545,344546,169859,174687,266799,131791,135008
0.5 Scen,2039,157,Fort Bend County,1121058,545674,575384,266958,129521,137437,225448,106009,119439,354532,174746,179786,274120,135398,138722
0.5 Scen,2040,157,Fort Bend County,1143079,556497,586582,268083,130008,138075,228904,107653,121251,364705,179704,185001,281387,139132,142255
0.5 Scen,2041,157,Fort Bend County,1165474,567555,597919,269085,130428,138657,232668,109505,123163,375073,184805,190268,288648,142817,145831
0.5 Scen,2042,157,Fort Bend County,1187714,578594,609120,269961,130796,139165,236140,111308,124832,385515,189958,195557,296098,146532,149566
0.5 Scen,2043,157,Fort Bend County,1210112,589570,620542,270723,131118,139605,239756,113020,126736,396152,195171,200981,303481,150261,153220
0.5 Scen,2044,157,Fort Bend County,1232484,600594,631890,271391,131406,139985,243162,114733,128429,406882,200451,206431,311049,154004,157045
0.5 Scen,2045,157,Fort Bend County,1254966,611787,643179,271985,131660,140325,246723,116587,130136,417743,205778,211965,318515,157762,160753
0.5 Scen,2046,157,Fort Bend County,1277489,622943,654546,272508,131896,140612,250194,118256,131938,428749,211217,217532,326038,161574,164464
0.5 Scen,2047,157,Fort Bend County,1300135,634280,665855,272985,132109,140876,253564,120006,133558,439952,216719,223233,333634,165446,168188
0.5 Scen,2048,157,Fort Bend County,1322885,645624,677261,273424,132309,141115,257071,121815,135256,451260,222294,228966,341130,169206,171924
0.5 Scen,2049,157,Fort Bend County,1345787,657175,688612,273849,132509,141340,260549,123532,137017,462715,227967,234748,348674,173167,175507
0.5 Scen,2050,157,Fort Bend County,1368744,668795,699949,274235,132686,141549,263894,125416,138478,474313,233688,240625,356302,177005,179297
0.5 Scen,2010,159,Franklin County,10605,5215,5390,8601,4186,4415,411,199,212,1333,721,612,260,109,151
0.5 Scen,2011,159,Franklin County,10665,5268,5397,8626,4216,4410,413,201,212,1363,740,623,263,111,152
0.5 Scen,2012,159,Franklin County,10717,5313,5404,8640,4238,4402,416,204,212,1395,759,636,266,112,154
0.5 Scen,2013,159,Franklin County,10761,5359,5402,8640,4258,4382,421,207,214,1429,780,649,271,114,157
0.5 Scen,2014,159,Franklin County,10803,5402,5401,8644,4276,4368,424,211,213,1462,799,663,273,116,157
0.5 Scen,2015,159,Franklin County,10839,5443,5396,8633,4290,4343,429,214,215,1498,820,678,279,119,160
0.5 Scen,2016,159,Franklin County,10877,5476,5401,8630,4298,4332,434,217,217,1531,840,691,282,121,161
0.5 Scen,2017,159,Franklin County,10928,5525,5403,8633,4319,4314,438,220,218,1567,860,707,290,126,164
0.5 Scen,2018,159,Franklin County,10984,5577,5407,8640,4342,4298,441,223,218,1607,883,724,296,129,167
0.5 Scen,2019,159,Franklin County,11036,5613,5423,8642,4352,4290,444,225,219,1648,904,744,302,132,170
0.5 Scen,2020,159,Franklin County,11076,5647,5429,8635,4360,4275,448,227,221,1684,925,759,309,135,174
0.5 Scen,2021,159,Franklin County,11127,5682,5445,8635,4366,4269,452,228,224,1724,949,775,316,139,177
0.5 Scen,2022,159,Franklin County,11170,5727,5443,8629,4381,4248,455,230,225,1764,973,791,322,143,179
0.5 Scen,2023,159,Franklin County,11200,5759,5441,8610,4388,4222,455,230,225,1807,995,812,328,146,182
0.5 Scen,2024,159,Franklin County,11239,5790,5449,8595,4389,4206,460,232,228,1849,1018,831,335,151,184
0.5 Scen,2025,159,Franklin County,11290,5835,5455,8585,4399,4186,467,237,230,1897,1046,851,341,153,188
0.5 Scen,2026,159,Franklin County,11328,5868,5460,8564,4400,4164,470,239,231,1945,1073,872,349,156,193
0.5 Scen,2027,159,Franklin County,11384,5912,5472,8555,4409,4146,480,246,234,1994,1099,895,355,158,197
0.5 Scen,2028,159,Franklin County,11435,5953,5482,8538,4413,4125,486,249,237,2049,1128,921,362,163,199
0.5 Scen,2029,159,Franklin County,11478,5992,5486,8517,4416,4101,491,252,239,2103,1158,945,367,166,201
0.5 Scen,2030,159,Franklin County,11514,6031,5483,8492,4418,4074,494,255,239,2156,1189,967,372,169,203
0.5 Scen,2031,159,Franklin County,11554,6066,5488,8468,4418,4050,498,256,242,2212,1221,991,376,171,205
0.5 Scen,2032,159,Franklin County,11597,6102,5495,8448,4420,4028,502,258,244,2267,1251,1016,380,173,207
0.5 Scen,2033,159,Franklin County,11635,6139,5496,8422,4418,4004,504,260,244,2323,1285,1038,386,176,210
0.5 Scen,2034,159,Franklin County,11652,6168,5484,8389,4416,3973,506,261,245,2368,1312,1056,389,179,210
0.5 Scen,2035,159,Franklin County,11671,6192,5479,8360,4415,3945,506,260,246,2412,1336,1076,393,181,212
0.5 Scen,2036,159,Franklin County,11687,6216,5471,8326,4409,3917,508,261,247,2460,1363,1097,393,183,210
0.5 Scen,2037,159,Franklin County,11714,6252,5462,8298,4408,3890,510,264,246,2511,1395,1116,395,185,210
0.5 Scen,2038,159,Franklin County,11731,6277,5454,8269,4405,3864,506,261,245,2559,1424,1135,397,187,210
0.5 Scen,2039,159,Franklin County,11755,6306,5449,8238,4401,3837,506,262,244,2612,1455,1157,399,188,211
0.5 Scen,2040,159,Franklin County,11778,6338,5440,8213,4404,3809,505,261,244,2663,1484,1179,397,189,208
0.5 Scen,2041,159,Franklin County,11806,6364,5442,8189,4405,3784,504,260,244,2714,1509,1205,399,190,209
0.5 Scen,2042,159,Franklin County,11828,6396,5432,8161,4404,3757,501,259,242,2769,1544,1225,397,189,208
0.5 Scen,2043,159,Franklin County,11848,6420,5428,8127,4400,3727,498,258,240,2822,1572,1250,401,190,211
0.5 Scen,2044,159,Franklin County,11877,6448,5429,8099,4398,3701,496,256,240,2878,1602,1276,404,192,212
0.5 Scen,2045,159,Franklin County,11897,6480,5417,8065,4399,3666,495,256,239,2930,1630,1300,407,195,212
0.5 Scen,2046,159,Franklin County,11913,6504,5409,8030,4392,3638,489,254,235,2982,1659,1323,412,199,213
0.5 Scen,2047,159,Franklin County,11943,6529,5414,8008,4390,3618,488,254,234,3033,1686,1347,414,199,215
0.5 Scen,2048,159,Franklin County,11960,6547,5413,7973,4380,3593,486,253,233,3084,1713,1371,417,201,216
0.5 Scen,2049,159,Franklin County,11986,6580,5406,7952,4384,3568,483,252,231,3131,1741,1390,420,203,217
0.5 Scen,2050,159,Franklin County,12018,6616,5402,7926,4385,3541,481,252,229,3187,1773,1414,424,206,218
0.5 Scen,2010,161,Freestone County,19816,10437,9379,13656,6937,6719,3164,1748,1416,2694,1591,1103,302,161,141
0.5 Scen,2011,161,Freestone County,19961,10512,9449,13720,6966,6754,3179,1759,1420,2753,1622,1131,309,165,144
0.5 Scen,2012,161,Freestone County,20100,10593,9507,13769,6999,6770,3196,1769,1427,2820,1657,1163,315,168,147
0.5 Scen,2013,161,Freestone County,20229,10666,9563,13807,7021,6786,3213,1780,1433,2885,1693,1192,324,172,152
0.5 Scen,2014,161,Freestone County,20357,10741,9616,13845,7045,6800,3225,1788,1437,2954,1731,1223,333,177,156
0.5 Scen,2015,161,Freestone County,20511,10826,9685,13901,7072,6829,3244,1800,1444,3026,1774,1252,340,180,160
0.5 Scen,2016,161,Freestone County,20633,10898,9735,13943,7098,6845,3252,1806,1446,3090,1810,1280,348,184,164
0.5 Scen,2017,161,Freestone County,20766,10972,9794,13982,7118,6864,3271,1817,1454,3159,1850,1309,354,187,167
0.5 Scen,2018,161,Freestone County,20886,11038,9848,14034,7144,6890,3267,1816,1451,3221,1886,1335,364,192,172
0.5 Scen,2019,161,Freestone County,21006,11106,9900,14077,7168,6909,3269,1815,1454,3287,1926,1361,373,197,176
0.5 Scen,2020,161,Freestone County,21118,11166,9952,14107,7187,6920,3270,1812,1458,3362,1967,1395,379,200,179
0.5 Scen,2021,161,Freestone County,21250,11241,10009,14151,7212,6939,3276,1816,1460,3439,2011,1428,384,202,182
0.5 Scen,2022,161,Freestone County,21385,11316,10069,14193,7233,6960,3280,1820,1460,3519,2056,1463,393,207,186
0.5 Scen,2023,161,Freestone County,21516,11390,10126,14237,7259,6978,3278,1820,1458,3600,2100,1500,401,211,190
0.5 Scen,2024,161,Freestone County,21636,11458,10178,14272,7278,6994,3278,1821,1457,3677,2143,1534,409,216,193
0.5 Scen,2025,161,Freestone County,21767,11531,10236,14309,7300,7009,3274,1821,1453,3769,2192,1577,415,218,197
0.5 Scen,2026,161,Freestone County,21890,11600,10290,14340,7318,7022,3268,1817,1451,3859,2242,1617,423,223,200
0.5 Scen,2027,161,Freestone County,22009,11666,10343,14368,7331,7037,3260,1815,1445,3951,2293,1658,430,227,203
0.5 Scen,2028,161,Freestone County,22116,11734,10382,14382,7343,7039,3250,1812,1438,4045,2346,1699,439,233,206
0.5 Scen,2029,161,Freestone County,22213,11794,10419,14390,7351,7039,3241,1810,1431,4138,2397,1741,444,236,208
0.5 Scen,2030,161,Freestone County,22302,11857,10445,14400,7363,7037,3232,1809,1423,4221,2447,1774,449,238,211
0.5 Scen,2031,161,Freestone County,22405,11931,10474,14406,7380,7026,3227,1811,1416,4318,2500,1818,454,240,214
0.5 Scen,2032,161,Freestone County,22509,11993,10516,14412,7386,7026,3223,1812,1411,4413,2550,1863,461,245,216
0.5 Scen,2033,161,Freestone County,22592,12050,10542,14402,7389,7013,3211,1809,1402,4511,2603,1908,468,249,219
0.5 Scen,2034,161,Freestone County,22669,12102,10567,14390,7387,7003,3196,1805,1391,4608,2656,1952,475,254,221
0.5 Scen,2035,161,Freestone County,22763,12163,10600,14386,7389,6997,3192,1807,1385,4702,2708,1994,483,259,224
0.5 Scen,2036,161,Freestone County,22847,12214,10633,14377,7387,6990,3180,1803,1377,4798,2760,2038,492,264,228
0.5 Scen,2037,161,Freestone County,22905,12261,10644,14357,7389,6968,3167,1798,1369,4883,2807,2076,498,267,231
0.5 Scen,2038,161,Freestone County,22989,12310,10679,14348,7388,6960,3165,1798,1367,4972,2854,2118,504,270,234
0.5 Scen,2039,161,Freestone County,23053,12361,10692,14332,7386,6946,3155,1798,1357,5055,2901,2154,511,276,235
0.5 Scen,2040,161,Freestone County,23114,12403,10711,14304,7378,6926,3152,1797,1355,5139,2947,2192,519,281,238
0.5 Scen,2041,161,Freestone County,23183,12459,10724,14281,7378,6903,3152,1800,1352,5221,2995,2226,529,286,243
0.5 Scen,2042,161,Freestone County,23262,12512,10750,14265,7378,6887,3149,1801,1348,5306,3040,2266,542,293,249
0.5 Scen,2043,161,Freestone County,23335,12561,10774,14246,7377,6869,3142,1799,1343,5392,3085,2307,555,300,255
0.5 Scen,2044,161,Freestone County,23410,12614,10796,14239,7381,6858,3137,1797,1340,5471,3130,2341,563,306,257
0.5 Scen,2045,161,Freestone County,23493,12666,10827,14218,7375,6843,3135,1798,1337,5566,3181,2385,574,312,262
0.5 Scen,2046,161,Freestone County,23571,12712,10859,14204,7370,6834,3129,1793,1336,5654,3232,2422,584,317,267
0.5 Scen,2047,161,Freestone County,23662,12769,10893,14200,7378,6822,3125,1789,1336,5742,3279,2463,595,323,272
0.5 Scen,2048,161,Freestone County,23756,12820,10936,14190,7378,6812,3120,1785,1335,5839,3329,2510,607,328,279
0.5 Scen,2049,161,Freestone County,23856,12874,10982,14188,7384,6804,3111,1779,1332,5939,3378,2561,618,333,285
0.5 Scen,2050,161,Freestone County,23944,12929,11015,14183,7388,6795,3099,1779,1320,6034,3424,2610,628,338,290
0.5 Scen,2010,163,Frio County,17217,10032,7185,2796,1500,1296,524,492,32,13401,7630,5771,496,410,86
0.5 Scen,2011,163,Frio County,17413,10145,7268,2804,1504,1300,525,493,32,13582,7733,5849,502,415,87
0.5 Scen,2012,163,Frio County,17596,10250,7346,2810,1506,1304,525,493,32,13756,7835,5921,505,416,89
0.5 Scen,2013,163,Frio County,17799,10366,7433,2817,1508,1309,525,493,32,13946,7944,6002,511,421,90
0.5 Scen,2014,163,Frio County,17993,10473,7520,2820,1510,1310,523,491,32,14134,8047,6087,516,425,91
0.5 Scen,2015,163,Frio County,18188,10581,7607,2820,1510,1310,520,488,32,14330,8157,6173,518,426,92
0.5 Scen,2016,163,Frio County,18382,10693,7689,2816,1508,1308,517,485,32,14524,8268,6256,525,432,93
0.5 Scen,2017,163,Frio County,18583,10803,7780,2814,1505,1309,514,482,32,14722,8378,6344,533,438,95
0.5 Scen,2018,163,Frio County,18793,10930,7863,2804,1500,1304,512,480,32,14938,8507,6431,539,443,96
0.5 Scen,2019,163,Frio County,18991,11039,7952,2797,1493,1304,510,478,32,15142,8623,6519,542,445,97
0.5 Scen,2020,163,Frio County,19188,11154,8034,2791,1488,1303,507,476,31,15344,8743,6601,546,447,99
0.5 Scen,2021,163,Frio County,19394,11274,8120,2777,1483,1294,505,474,31,15562,8867,6695,550,450,100
0.5 Scen,2022,163,Frio County,19598,11389,8209,2770,1479,1291,503,472,31,15774,8988,6786,551,450,101
0.5 Scen,2023,163,Frio County,19807,11508,8299,2760,1473,1287,501,470,31,15986,9107,6879,560,458,102
0.5 Scen,2024,163,Frio County,20003,11621,8382,2749,1470,1279,498,467,31,16195,9226,6969,561,458,103
0.5 Scen,2025,163,Frio County,20212,11739,8473,2739,1465,1274,494,463,31,16413,9349,7064,566,462,104
0.5 Scen,2026,163,Frio County,20424,11862,8562,2729,1461,1268,493,462,31,16633,9477,7156,569,462,107
0.5 Scen,2027,163,Frio County,20623,11974,8649,2725,1462,1263,490,459,31,16835,9588,7247,573,465,108
0.5 Scen,2028,163,Frio County,20834,12094,8740,2714,1460,1254,485,454,31,17057,9712,7345,578,468,110
0.5 Scen,2029,163,Frio County,21027,12203,8824,2699,1454,1245,483,452,31,17263,9826,7437,582,471,111
0.5 Scen,2030,163,Frio County,21229,12317,8912,2687,1449,1238,484,453,31,17477,9947,7530,581,468,113
0.5 Scen,2031,163,Frio County,21416,12422,8994,2670,1441,1229,482,451,31,17680,10060,7620,584,470,114
0.5 Scen,2032,163,Frio County,21596,12528,9068,2653,1432,1221,481,450,31,17875,10175,7700,587,471,116
0.5 Scen,2033,163,Frio County,21779,12636,9143,2631,1421,1210,482,450,32,18076,10291,7785,590,474,116
0.5 Scen,2034,163,Frio County,21960,12736,9224,2617,1415,1202,478,446,32,18274,10402,7872,591,473,118
0.5 Scen,2035,163,Frio County,22142,12838,9304,2601,1409,1192,477,445,32,18470,10508,7962,594,476,118
0.5 Scen,2036,163,Frio County,22300,12932,9368,2574,1395,1179,475,443,32,18658,10619,8039,593,475,118
0.5 Scen,2037,163,Frio County,22480,13041,9439,2556,1388,1168,473,441,32,18855,10734,8121,596,478,118
0.5 Scen,2038,163,Frio County,22648,13134,9514,2535,1375,1160,472,440,32,19047,10843,8204,594,476,118
0.5 Scen,2039,163,Frio County,22824,13241,9583,2517,1370,1147,470,438,32,19243,10957,8286,594,476,118
0.5 Scen,2040,163,Frio County,22998,13338,9660,2492,1356,1136,471,439,32,19441,11068,8373,594,475,119
0.5 Scen,2041,163,Frio County,23175,13443,9732,2474,1352,1122,466,435,31,19641,11181,8460,594,475,119
0.5 Scen,2042,163,Frio County,23343,13545,9798,2446,1340,1106,464,434,30,19837,11295,8542,596,476,120
0.5 Scen,2043,163,Frio County,23527,13653,9874,2421,1330,1091,462,434,28,20046,11411,8635,598,478,120
0.5 Scen,2044,163,Frio County,23710,13753,9957,2407,1325,1082,459,432,27,20248,11521,8727,596,475,121
0.5 Scen,2045,163,Frio County,23889,13853,10036,2383,1315,1068,453,425,28,20453,11634,8819,600,479,121
0.5 Scen,2046,163,Frio County,24074,13959,10115,2370,1310,1060,452,425,27,20653,11746,8907,599,478,121
0.5 Scen,2047,163,Frio County,24271,14067,10204,2359,1302,1057,450,423,27,20861,11862,8999,601,480,121
0.5 Scen,2048,163,Frio County,24449,14158,10291,2342,1293,1049,447,420,27,21056,11963,9093,604,482,122
0.5 Scen,2049,163,Frio County,24640,14260,10380,2331,1288,1043,442,416,26,21263,12074,9189,604,482,122
0.5 Scen,2050,163,Frio County,24813,14353,10460,2315,1286,1029,435,409,26,21462,12179,9283,601,479,122
0.5 Scen,2010,165,Gaines County,17526,8798,8728,10628,5252,5376,261,132,129,6413,3294,3119,224,120,104
0.5 Scen,2011,165,Gaines County,17841,8953,8888,10797,5334,5463,263,133,130,6556,3365,3191,225,121,104
0.5 Scen,2012,165,Gaines County,18146,9097,9049,10949,5404,5545,264,133,131,6704,3437,3267,229,123,106
0.5 Scen,2013,165,Gaines County,18472,9253,9219,11126,5487,5639,267,135,132,6847,3506,3341,232,125,107
0.5 Scen,2014,165,Gaines County,18794,9409,9385,11300,5569,5731,271,137,134,6987,3576,3411,236,127,109
0.5 Scen,2015,165,Gaines County,19120,9572,9548,11461,5650,5811,274,139,135,7143,3654,3489,242,129,113
0.5 Scen,2016,165,Gaines County,19451,9734,9717,11634,5734,5900,275,141,134,7296,3727,3569,246,132,114
0.5 Scen,2017,165,Gaines County,19781,9898,9883,11804,5816,5988,281,144,137,7447,3804,3643,249,134,115
0.5 Scen,2018,165,Gaines County,20108,10055,10053,11979,5902,6077,284,146,138,7591,3871,3720,254,136,118
0.5 Scen,2019,165,Gaines County,20456,10231,10225,12160,5992,6168,286,148,138,7751,3951,3800,259,140,119
0.5 Scen,2020,165,Gaines County,20805,10405,10400,12340,6082,6258,287,149,138,7911,4029,3882,267,145,122
0.5 Scen,2021,165,Gaines County,21156,10577,10579,12515,6167,6348,288,150,138,8081,4112,3969,272,148,124
0.5 Scen,2022,165,Gaines County,21516,10748,10768,12709,6260,6449,289,151,138,8240,4185,4055,278,152,126
0.5 Scen,2023,165,Gaines County,21863,10913,10950,12901,6354,6547,290,152,138,8388,4252,4136,284,155,129
0.5 Scen,2024,165,Gaines County,22232,11099,11133,13101,6460,6641,291,152,139,8551,4329,4222,289,158,131
0.5 Scen,2025,165,Gaines County,22611,11278,11333,13308,6558,6750,290,152,138,8718,4407,4311,295,161,134
0.5 Scen,2026,165,Gaines County,23002,11473,11529,13527,6672,6855,293,154,139,8882,4483,4399,300,164,136
0.5 Scen,2027,165,Gaines County,23376,11658,11718,13748,6783,6965,292,154,138,9032,4555,4477,304,166,138
0.5 Scen,2028,165,Gaines County,23771,11859,11912,13971,6900,7071,293,156,137,9196,4634,4562,311,169,142
0.5 Scen,2029,165,Gaines County,24180,12053,12127,14203,7006,7197,296,158,138,9365,4718,4647,316,171,145
0.5 Scen,2030,165,Gaines County,24602,12264,12338,14459,7133,7326,298,160,138,9526,4798,4728,319,173,146
0.5 Scen,2031,165,Gaines County,25027,12477,12550,14718,7257,7461,302,163,139,9682,4881,4801,325,176,149
0.5 Scen,2032,165,Gaines County,25460,12696,12764,14976,7387,7589,304,164,140,9849,4966,4883,331,179,152
0.5 Scen,2033,165,Gaines County,25903,12920,12983,15254,7529,7725,306,165,141,10006,5044,4962,337,182,155
0.5 Scen,2034,165,Gaines County,26314,13130,13184,15500,7654,7846,311,167,144,10161,5125,5036,342,184,158
0.5 Scen,2035,165,Gaines County,26754,13357,13397,15759,7788,7971,312,168,144,10336,5214,5122,347,187,160
0.5 Scen,2036,165,Gaines County,27165,13565,13600,16002,7910,8092,313,169,144,10501,5299,5202,349,187,162
0.5 Scen,2037,165,Gaines County,27596,13787,13809,16253,8039,8214,314,170,144,10677,5389,5288,352,189,163
0.5 Scen,2038,165,Gaines County,28021,14000,14021,16494,8157,8337,315,170,145,10857,5482,5375,355,191,164
0.5 Scen,2039,165,Gaines County,28428,14209,14219,16725,8273,8452,316,171,145,11030,5571,5459,357,194,163
0.5 Scen,2040,165,Gaines County,28832,14420,14412,16959,8395,8564,316,171,145,11203,5661,5542,354,193,161
0.5 Scen,2041,165,Gaines County,29258,14629,14629,17198,8514,8684,317,172,145,11388,5751,5637,355,192,163
0.5 Scen,2042,165,Gaines County,29672,14833,14839,17428,8627,8801,318,172,146,11570,5842,5728,356,192,164
0.5 Scen,2043,165,Gaines County,30101,15048,15053,17672,8749,8923,317,172,145,11758,5936,5822,354,191,163
0.5 Scen,2044,165,Gaines County,30530,15263,15267,17917,8869,9048,316,172,144,11938,6029,5909,359,193,166
0.5 Scen,2045,165,Gaines County,30943,15472,15471,18150,8990,9160,313,169,144,12124,6122,6002,356,191,165
0.5 Scen,2046,165,Gaines County,31378,15688,15690,18386,9104,9282,313,169,144,12322,6221,6101,357,194,163
0.5 Scen,2047,165,Gaines County,31820,15911,15909,18638,9228,9410,312,168,144,12511,6320,6191,359,195,164
0.5 Scen,2048,165,Gaines County,32251,16122,16129,18879,9347,9532,308,165,143,12703,6416,6287,361,194,167
0.5 Scen,2049,165,Gaines County,32701,16344,16357,19132,9470,9662,304,162,142,12905,6520,6385,360,192,168
0.5 Scen,2050,165,Gaines County,33144,16566,16578,19384,9594,9790,299,160,139,13101,6621,6480,360,191,169
0.5 Scen,2010,167,Galveston County,291309,144234,147075,172652,85855,86797,39229,18508,20721,65270,33005,32265,14158,6866,7292
0.5 Scen,2011,167,Galveston County,294320,145833,148487,173455,86326,87129,39401,18614,20787,66779,33761,33018,14685,7132,7553
0.5 Scen,2012,167,Galveston County,297356,147507,149849,174295,86858,87437,39556,18724,20832,68315,34533,33782,15190,7392,7798
0.5 Scen,2013,167,Galveston County,300378,149108,151270,175074,87313,87761,39756,18839,20917,69873,35319,34554,15675,7637,8038
0.5 Scen,2014,167,Galveston County,303482,150826,152656,175857,87825,88032,39945,18958,20987,71464,36123,35341,16216,7920,8296
0.5 Scen,2015,167,Galveston County,306587,152463,154124,176622,88269,88353,40142,19077,21065,73078,36933,36145,16745,8184,8561
0.5 Scen,2016,167,Galveston County,309599,154067,155532,177301,88684,88617,40295,19180,21115,74712,37746,36966,17291,8457,8834
0.5 Scen,2017,167,Galveston County,312649,155718,156931,177927,89086,88841,40498,19289,21209,76400,38601,37799,17824,8742,9082
0.5 Scen,2018,167,Galveston County,315554,157276,158278,178451,89407,89044,40646,19397,21249,78075,39448,38627,18382,9024,9358
0.5 Scen,2019,167,Galveston County,318580,158917,159663,179003,89787,89216,40824,19504,21320,79808,40313,39495,18945,9313,9632
0.5 Scen,2020,167,Galveston County,321519,160510,161009,179478,90098,89380,40976,19612,21364,81558,41193,40365,19507,9607,9900
0.5 Scen,2021,167,Galveston County,324571,162161,162410,179988,90434,89554,41139,19715,21424,83334,42092,41242,20110,9920,10190
0.5 Scen,2022,167,Galveston County,327552,163751,163801,180396,90708,89688,41307,19817,21490,85141,42989,42152,20708,10237,10471
0.5 Scen,2023,167,Galveston County,330534,165362,165172,180800,90985,89815,41441,19913,21528,86994,43915,43079,21299,10549,10750
0.5 Scen,2024,167,Galveston County,333497,166936,166561,181140,91226,89914,41578,19991,21587,88852,44853,43999,21927,10866,11061
0.5 Scen,2025,167,Galveston County,336514,168587,167927,181433,91445,89988,41727,20099,21628,90757,45815,44942,22597,11228,11369
0.5 Scen,2026,167,Galveston County,339423,170168,169255,181660,91633,90027,41827,20181,21646,92675,46775,45900,23261,11579,11682
0.5 Scen,2027,167,Galveston County,342324,171717,170607,181831,91782,90049,41954,20259,21695,94593,47738,46855,23946,11938,12008
0.5 Scen,2028,167,Galveston County,345190,173284,171906,181938,91910,90028,42058,20341,21717,96566,48732,47834,24628,12301,12327
0.5 Scen,2029,167,Galveston County,347884,174770,173114,181939,91978,89961,42133,20407,21726,98521,49722,48799,25291,12663,12628
0.5 Scen,2030,167,Galveston County,350673,176284,174389,181909,92033,89876,42194,20472,21722,100502,50717,49785,26068,13062,13006
0.5 Scen,2031,167,Galveston County,353323,177735,175588,181813,92057,89756,42255,20526,21729,102487,51707,50780,26768,13445,13323
0.5 Scen,2032,167,Galveston County,355970,179190,176780,181659,92060,89599,42279,20563,21716,104471,52709,51762,27561,13858,13703
0.5 Scen,2033,167,Galveston County,358471,180598,177873,181415,92017,89398,42296,20607,21689,106450,53713,52737,28310,14261,14049
0.5 Scen,2034,167,Galveston County,360914,181971,178943,181141,91950,89191,42305,20639,21666,108400,54703,53697,29068,14679,14389
0.5 Scen,2035,167,Galveston County,363364,183339,180025,180794,91859,88935,42285,20654,21631,110371,55701,54670,29914,15125,14789
0.5 Scen,2036,167,Galveston County,365752,184684,181068,180429,91752,88677,42281,20681,21600,112329,56686,55643,30713,15565,15148
0.5 Scen,2037,167,Galveston County,368086,186005,182081,179986,91618,88368,42250,20695,21555,114289,57672,56617,31561,16020,15541
0.5 Scen,2038,167,Galveston County,370374,187305,183069,179508,91463,88045,42207,20703,21504,116258,58669,57589,32401,16470,15931
0.5 Scen,2039,167,Galveston County,372582,188556,184026,178982,91280,87702,42132,20683,21449,118202,59649,58553,33266,16944,16322
0.5 Scen,2040,167,Galveston County,374837,189889,184948,178419,91089,87330,42110,20720,21390,120161,60648,59513,34147,17432,16715
0.5 Scen,2041,167,Galveston County,377025,191151,185874,177825,90878,86947,42060,20720,21340,122117,61642,60475,35023,17911,17112
0.5 Scen,2042,167,Galveston County,379203,192407,186796,177201,90654,86547,41990,20709,21281,124058,62635,61423,35954,18409,17545
0.5 Scen,2043,167,Galveston County,381380,193671,187709,176561,90427,86134,41929,20706,21223,126004,63620,62384,36886,18918,17968
0.5 Scen,2044,167,Galveston County,383487,194951,188536,175883,90184,85699,41855,20710,21145,127952,64620,63332,37797,19437,18360
0.5 Scen,2045,167,Galveston County,385636,196208,189428,175201,89936,85265,41793,20703,21090,129887,65608,64279,38755,19961,18794
0.5 Scen,2046,167,Galveston County,387823,197484,190339,174494,89690,84804,41738,20710,21028,131840,66601,65239,39751,20483,19268
0.5 Scen,2047,167,Galveston County,390040,198798,191242,173811,89451,84360,41672,20708,20964,133795,67604,66191,40762,21035,19727
0.5 Scen,2048,167,Galveston County,392194,200079,192115,173120,89211,83909,41598,20696,20902,135749,68604,67145,41727,21568,20159
0.5 Scen,2049,167,Galveston County,394495,201436,193059,172448,88977,83471,41544,20697,20847,137713,69618,68095,42790,22144,20646
0.5 Scen,2050,167,Galveston County,396723,202767,193956,171792,88752,83040,41427,20674,20753,139678,70627,69051,43826,22714,21112
0.5 Scen,2010,169,Garza County,6461,4092,2369,2962,1653,1309,392,272,120,3046,2144,902,61,23,38
0.5 Scen,2011,169,Garza County,6511,4119,2392,2968,1656,1312,396,274,122,3085,2165,920,62,24,38
0.5 Scen,2012,169,Garza County,6575,4155,2420,2981,1665,1316,401,277,124,3130,2189,941,63,24,39
0.5 Scen,2013,169,Garza County,6627,4183,2444,2985,1667,1318,405,279,126,3173,2212,961,64,25,39
0.5 Scen,2014,169,Garza County,6682,4208,2474,2996,1671,1325,409,281,128,3212,2231,981,65,25,40
0.5 Scen,2015,169,Garza County,6729,4238,2491,2999,1675,1324,412,283,129,3252,2254,998,66,26,40
0.5 Scen,2016,169,Garza County,6771,4261,2510,2998,1676,1322,416,285,131,3290,2274,1016,67,26,41
0.5 Scen,2017,169,Garza County,6812,4287,2525,2997,1682,1315,420,286,134,3327,2292,1035,68,27,41
0.5 Scen,2018,169,Garza County,6852,4306,2546,2994,1682,1312,422,286,136,3367,2311,1056,69,27,42
0.5 Scen,2019,169,Garza County,6899,4334,2565,2994,1684,1310,427,289,138,3408,2333,1075,70,28,42
0.5 Scen,2020,169,Garza County,6944,4356,2588,2993,1684,1309,431,291,140,3449,2353,1096,71,28,43
0.5 Scen,2021,169,Garza County,6982,4372,2610,2987,1678,1309,431,289,142,3492,2376,1116,72,29,43
0.5 Scen,2022,169,Garza County,7006,4386,2620,2971,1673,1298,435,292,143,3527,2392,1135,73,29,44
0.5 Scen,2023,169,Garza County,7050,4412,2638,2968,1674,1294,435,290,145,3572,2418,1154,75,30,45
0.5 Scen,2024,169,Garza County,7080,4427,2653,2955,1669,1286,439,291,148,3610,2437,1173,76,30,46
0.5 Scen,2025,169,Garza County,7118,4452,2666,2944,1668,1276,441,292,149,3655,2461,1194,78,31,47
0.5 Scen,2026,169,Garza County,7145,4470,2675,2932,1666,1266,442,293,149,3692,2480,1212,79,31,48
0.5 Scen,2027,169,Garza County,7188,4493,2695,2931,1666,1265,445,296,149,3731,2499,1232,81,32,49
0.5 Scen,2028,169,Garza County,7234,4519,2715,2927,1665,1262,445,295,150,3779,2526,1253,83,33,50
0.5 Scen,2029,169,Garza County,7277,4543,2734,2924,1664,1260,449,298,151,3819,2547,1272,85,34,51
0.5 Scen,2030,169,Garza County,7317,4569,2748,2914,1661,1253,453,301,152,3863,2572,1291,87,35,52
0.5 Scen,2031,169,Garza County,7359,4586,2773,2911,1657,1254,453,301,152,3906,2592,1314,89,36,53
0.5 Scen,2032,169,Garza County,7383,4602,2781,2902,1655,1247,454,302,152,3937,2609,1328,90,36,54
0.5 Scen,2033,169,Garza County,7416,4625,2791,2892,1650,1242,455,302,153,3977,2635,1342,92,38,54
0.5 Scen,2034,169,Garza County,7451,4648,2803,2883,1646,1237,459,305,154,4015,2658,1357,94,39,55
0.5 Scen,2035,169,Garza County,7484,4670,2814,2871,1640,1231,464,308,156,4054,2682,1372,95,40,55
0.5 Scen,2036,169,Garza County,7518,4690,2828,2868,1641,1227,465,308,157,4089,2701,1388,96,40,56
0.5 Scen,2037,169,Garza County,7541,4704,2837,2858,1636,1222,464,307,157,4122,2719,1403,97,42,55
0.5 Scen,2038,169,Garza County,7570,4713,2857,2846,1627,1219,467,308,159,4159,2736,1423,98,42,56
0.5 Scen,2039,169,Garza County,7597,4727,2870,2836,1624,1212,465,305,160,4198,2755,1443,98,43,55
0.5 Scen,2040,169,Garza County,7623,4742,2881,2824,1618,1206,467,307,160,4234,2775,1459,98,42,56
0.5 Scen,2041,169,Garza County,7648,4759,2889,2812,1616,1196,466,305,161,4271,2795,1476,99,43,56
0.5 Scen,2042,169,Garza County,7681,4776,2905,2805,1610,1195,468,306,162,4308,2817,1491,100,43,57
0.5 Scen,2043,169,Garza County,7715,4802,2913,2800,1615,1185,471,308,163,4343,2835,1508,101,44,57
0.5 Scen,2044,169,Garza County,7751,4819,2932,2794,1612,1182,471,307,164,4383,2856,1527,103,44,59
0.5 Scen,2045,169,Garza County,7768,4830,2938,2779,1605,1174,471,306,165,4414,2874,1540,104,45,59
0.5 Scen,2046,169,Garza County,7776,4837,2939,2764,1601,1163,471,306,165,4437,2885,1552,104,45,59
0.5 Scen,2047,169,Garza County,7796,4855,2941,2754,1600,1154,471,308,163,4466,2901,1565,105,46,59
0.5 Scen,2048,169,Garza County,7813,4862,2951,2742,1592,1150,468,306,162,4497,2918,1579,106,46,60
0.5 Scen,2049,169,Garza County,7825,4865,2960,2728,1583,1145,462,302,160,4528,2933,1595,107,47,60
0.5 Scen,2050,169,Garza County,7833,4871,2962,2709,1575,1134,461,300,161,4557,2950,1607,106,46,60
0.5 Scen,2010,171,Gillespie County,24837,11968,12869,19472,9182,10290,47,22,25,4969,2600,2369,349,164,185
0.5 Scen,2011,171,Gillespie County,25000,12054,12946,19499,9195,10304,47,22,25,5100,2670,2430,354,167,187
0.5 Scen,2012,171,Gillespie County,25155,12139,13016,19505,9200,10305,47,22,25,5244,2747,2497,359,170,189
0.5 Scen,2013,171,Gillespie County,25329,12228,13101,19531,9210,10321,48,23,25,5386,2823,2563,364,172,192
0.5 Scen,2014,171,Gillespie County,25505,12312,13193,19562,9214,10348,49,23,26,5524,2898,2626,370,177,193
0.5 Scen,2015,171,Gillespie County,25677,12411,13266,19589,9233,10356,50,24,26,5664,2974,2690,374,180,194
0.5 Scen,2016,171,Gillespie County,25878,12511,13367,19626,9246,10380,51,24,27,5821,3057,2764,380,184,196
0.5 Scen,2017,171,Gillespie County,26077,12611,13466,19667,9262,10405,52,25,27,5973,3136,2837,385,188,197
0.5 Scen,2018,171,Gillespie County,26278,12714,13564,19703,9276,10427,53,25,28,6131,3222,2909,391,191,200
0.5 Scen,2019,171,Gillespie County,26498,12818,13680,19746,9284,10462,54,26,28,6297,3313,2984,401,195,206
0.5 Scen,2020,171,Gillespie County,26702,12912,13790,19780,9290,10490,54,26,28,6460,3398,3062,408,198,210
0.5 Scen,2021,171,Gillespie County,26908,13010,13898,19810,9293,10517,54,26,28,6627,3488,3139,417,203,214
0.5 Scen,2022,171,Gillespie County,27101,13103,13998,19843,9302,10541,54,26,28,6779,3567,3212,425,208,217
0.5 Scen,2023,171,Gillespie County,27311,13213,14098,19886,9320,10566,54,26,28,6940,3656,3284,431,211,220
0.5 Scen,2024,171,Gillespie County,27531,13318,14213,19922,9328,10594,53,26,27,7117,3749,3368,439,215,224
0.5 Scen,2025,171,Gillespie County,27736,13418,14318,19949,9338,10611,53,26,27,7289,3837,3452,445,217,228
0.5 Scen,2026,171,Gillespie County,27943,13524,14419,19972,9345,10627,54,26,28,7463,3932,3531,454,221,233
0.5 Scen,2027,171,Gillespie County,28149,13632,14517,20004,9363,10641,55,27,28,7631,4019,3612,459,223,236
0.5 Scen,2028,171,Gillespie County,28311,13725,14586,20015,9373,10642,55,26,29,7777,4099,3678,464,227,237
0.5 Scen,2029,171,Gillespie County,28495,13823,14672,20030,9381,10649,55,26,29,7943,4186,3757,467,230,237
0.5 Scen,2030,171,Gillespie County,28672,13922,14750,20037,9393,10644,55,26,29,8108,4271,3837,472,232,240
0.5 Scen,2031,171,Gillespie County,28844,14011,14833,20041,9395,10646,55,26,29,8275,4358,3917,473,232,241
0.5 Scen,2032,171,Gillespie County,29008,14102,14906,20043,9403,10640,55,26,29,8431,4438,3993,479,235,244
0.5 Scen,2033,171,Gillespie County,29172,14188,14984,20026,9399,10627,55,26,29,8605,4525,4080,486,238,248
0.5 Scen,2034,171,Gillespie County,29342,14280,15062,20013,9397,10616,56,26,30,8784,4616,4168,489,241,248
0.5 Scen,2035,171,Gillespie County,29506,14377,15129,19990,9394,10596,56,26,30,8966,4713,4253,494,244,250
0.5 Scen,2036,171,Gillespie County,29644,14465,15179,19952,9387,10565,56,26,30,9140,4805,4335,496,247,249
0.5 Scen,2037,171,Gillespie County,29793,14549,15244,19912,9377,10535,56,26,30,9324,4896,4428,501,250,251
0.5 Scen,2038,171,Gillespie County,29935,14636,15299,19872,9368,10504,56,26,30,9508,4993,4515,499,249,250
0.5 Scen,2039,171,Gillespie County,30081,14734,15347,19830,9360,10470,54,25,29,9698,5099,4599,499,250,249
0.5 Scen,2040,171,Gillespie County,30223,14826,15397,19772,9346,10426,53,24,29,9895,5202,4693,503,254,249
0.5 Scen,2041,171,Gillespie County,30375,14921,15454,19725,9332,10393,52,23,29,10091,5308,4783,507,258,249
0.5 Scen,2042,171,Gillespie County,30525,15022,15503,19671,9318,10353,50,22,28,10289,5419,4870,515,263,252
0.5 Scen,2043,171,Gillespie County,30682,15123,15559,19618,9306,10312,48,21,27,10496,5530,4966,520,266,254
0.5 Scen,2044,171,Gillespie County,30847,15222,15625,19564,9290,10274,48,21,27,10711,5642,5069,524,269,255
0.5 Scen,2045,171,Gillespie County,30990,15316,15674,19504,9271,10233,47,21,26,10908,5752,5156,531,272,259
0.5 Scen,2046,171,Gillespie County,31178,15430,15748,19470,9268,10202,47,21,26,11125,5866,5259,536,275,261
0.5 Scen,2047,171,Gillespie County,31363,15535,15828,19433,9254,10179,47,21,26,11343,5983,5360,540,277,263
0.5 Scen,2048,171,Gillespie County,31546,15651,15895,19404,9256,10148,46,21,25,11549,6092,5457,547,282,265
0.5 Scen,2049,171,Gillespie County,31738,15767,15971,19373,9247,10126,47,22,25,11764,6213,5551,554,285,269
0.5 Scen,2050,171,Gillespie County,31954,15888,16066,19359,9250,10109,47,22,25,11990,6330,5660,558,286,272
0.5 Scen,2010,173,Glasscock County,1226,649,577,825,436,389,15,8,7,378,201,177,8,4,4
0.5 Scen,2011,173,Glasscock County,1237,655,582,830,439,391,15,8,7,384,204,180,8,4,4
0.5 Scen,2012,173,Glasscock County,1245,661,584,832,441,391,15,8,7,390,208,182,8,4,4
0.5 Scen,2013,173,Glasscock County,1259,668,591,839,444,395,15,8,7,397,212,185,8,4,4
0.5 Scen,2014,173,Glasscock County,1272,675,597,845,447,398,15,8,7,404,216,188,8,4,4
0.5 Scen,2015,173,Glasscock County,1287,682,605,853,450,403,15,8,7,411,220,191,8,4,4
0.5 Scen,2016,173,Glasscock County,1297,688,609,857,453,404,15,8,7,417,223,194,8,4,4
0.5 Scen,2017,173,Glasscock County,1309,694,615,862,455,407,15,8,7,424,227,197,8,4,4
0.5 Scen,2018,173,Glasscock County,1325,703,622,871,460,411,15,8,7,431,231,200,8,4,4
0.5 Scen,2019,173,Glasscock County,1340,711,629,878,464,414,15,8,7,439,235,204,8,4,4
0.5 Scen,2020,173,Glasscock County,1351,716,635,881,465,416,15,8,7,447,239,208,8,4,4
0.5 Scen,2021,173,Glasscock County,1363,722,641,884,466,418,15,8,7,456,244,212,8,4,4
0.5 Scen,2022,173,Glasscock County,1372,727,645,886,468,418,15,8,7,463,247,216,8,4,4
0.5 Scen,2023,173,Glasscock County,1383,733,650,890,471,419,15,8,7,470,250,220,8,4,4
0.5 Scen,2024,173,Glasscock County,1392,740,652,893,473,420,15,8,7,476,255,221,8,4,4
0.5 Scen,2025,173,Glasscock County,1398,745,653,892,474,418,15,8,7,483,259,224,8,4,4
0.5 Scen,2026,173,Glasscock County,1408,750,658,893,474,419,15,8,7,492,264,228,8,4,4
0.5 Scen,2027,173,Glasscock County,1417,757,660,894,476,418,15,8,7,500,269,231,8,4,4
0.5 Scen,2028,173,Glasscock County,1426,764,662,895,478,417,15,8,7,508,274,234,8,4,4
0.5 Scen,2029,173,Glasscock County,1428,769,659,889,478,411,15,8,7,516,279,237,8,4,4
0.5 Scen,2030,173,Glasscock County,1431,770,661,884,475,409,15,8,7,524,283,241,8,4,4
0.5 Scen,2031,173,Glasscock County,1436,771,665,881,472,409,15,8,7,532,287,245,8,4,4
0.5 Scen,2032,173,Glasscock County,1439,772,667,876,469,407,15,8,7,540,291,249,8,4,4
0.5 Scen,2033,173,Glasscock County,1445,776,669,874,469,405,15,8,7,548,295,253,8,4,4
0.5 Scen,2034,173,Glasscock County,1444,777,667,866,466,400,15,8,7,555,299,256,8,4,4
0.5 Scen,2035,173,Glasscock County,1444,775,669,861,461,400,15,8,7,560,302,258,8,4,4
0.5 Scen,2036,173,Glasscock County,1443,773,670,855,457,398,15,8,7,566,305,261,7,3,4
0.5 Scen,2037,173,Glasscock County,1447,775,672,853,456,397,15,8,7,572,308,264,7,3,4
0.5 Scen,2038,173,Glasscock County,1448,777,671,848,455,393,15,8,7,578,311,267,7,3,4
0.5 Scen,2039,173,Glasscock County,1450,778,672,844,453,391,15,8,7,584,314,270,7,3,4
0.5 Scen,2040,173,Glasscock County,1450,776,674,838,448,390,15,8,7,590,317,273,7,3,4
0.5 Scen,2041,173,Glasscock County,1449,775,674,831,444,387,15,8,7,596,320,276,7,3,4
0.5 Scen,2042,173,Glasscock County,1449,773,676,824,438,386,15,8,7,603,324,279,7,3,4
0.5 Scen,2043,173,Glasscock County,1441,768,673,813,431,382,15,8,7,606,326,280,7,3,4
0.5 Scen,2044,173,Glasscock County,1433,767,666,799,427,372,15,8,7,612,329,283,7,3,4
0.5 Scen,2045,173,Glasscock County,1431,766,665,792,424,368,14,7,7,618,332,286,7,3,4
0.5 Scen,2046,173,Glasscock County,1429,766,663,785,421,364,14,7,7,623,335,288,7,3,4
0.5 Scen,2047,173,Glasscock County,1426,764,662,776,416,360,14,7,7,629,338,291,7,3,4
0.5 Scen,2048,173,Glasscock County,1427,765,662,771,414,357,14,7,7,635,341,294,7,3,4
0.5 Scen,2049,173,Glasscock County,1424,762,662,762,408,354,14,7,7,641,344,297,7,3,4
0.5 Scen,2050,173,Glasscock County,1424,761,663,757,404,353,14,7,7,646,347,299,7,3,4
0.5 Scen,2010,175,Goliad County,7210,3596,3614,4337,2160,2177,310,147,163,2462,1233,1229,101,56,45
0.5 Scen,2011,175,Goliad County,7252,3611,3641,4342,2157,2185,311,148,163,2497,1249,1248,102,57,45
0.5 Scen,2012,175,Goliad County,7286,3619,3667,4342,2150,2192,311,149,162,2531,1264,1267,102,56,46
0.5 Scen,2013,175,Goliad County,7328,3633,3695,4346,2147,2199,311,149,162,2568,1280,1288,103,57,46
0.5 Scen,2014,175,Goliad County,7370,3656,3714,4349,2151,2198,311,149,162,2606,1299,1307,104,57,47
0.5 Scen,2015,175,Goliad County,7409,3673,3736,4348,2147,2201,312,150,162,2644,1318,1326,105,58,47
0.5 Scen,2016,175,Goliad County,7446,3691,3755,4351,2148,2203,312,151,161,2677,1334,1343,106,58,48
0.5 Scen,2017,175,Goliad County,7487,3711,3776,4356,2149,2207,310,150,160,2713,1352,1361,108,60,48
0.5 Scen,2018,175,Goliad County,7527,3727,3800,4358,2147,2211,310,150,160,2750,1370,1380,109,60,49
0.5 Scen,2019,175,Goliad County,7556,3746,3810,4353,2145,2208,310,150,160,2783,1390,1393,110,61,49
0.5 Scen,2020,175,Goliad County,7595,3765,3830,4350,2144,2206,309,150,159,2825,1410,1415,111,61,50
0.5 Scen,2021,175,Goliad County,7631,3776,3855,4350,2136,2214,308,150,158,2861,1428,1433,112,62,50
0.5 Scen,2022,175,Goliad County,7694,3800,3894,4364,2135,2229,313,154,159,2904,1449,1455,113,62,51
0.5 Scen,2023,175,Goliad County,7740,3821,3919,4361,2130,2231,315,156,159,2950,1472,1478,114,63,51
0.5 Scen,2024,175,Goliad County,7793,3840,3953,4370,2127,2243,315,155,160,2993,1495,1498,115,63,52
0.5 Scen,2025,175,Goliad County,7845,3860,3985,4376,2123,2253,317,157,160,3038,1518,1520,114,62,52
0.5 Scen,2026,175,Goliad County,7900,3888,4012,4391,2129,2262,316,155,161,3077,1541,1536,116,63,53
0.5 Scen,2027,175,Goliad County,7933,3903,4030,4383,2123,2260,317,157,160,3116,1559,1557,117,64,53
0.5 Scen,2028,175,Goliad County,7971,3915,4056,4381,2115,2266,317,158,159,3155,1578,1577,118,64,54
0.5 Scen,2029,175,Goliad County,8007,3929,4078,4376,2106,2270,317,158,159,3196,1600,1596,118,65,53
0.5 Scen,2030,175,Goliad County,8056,3944,4112,4382,2103,2279,318,158,160,3237,1618,1619,119,65,54
0.5 Scen,2031,175,Goliad County,8095,3967,4128,4376,2102,2274,319,159,160,3280,1640,1640,120,66,54
0.5 Scen,2032,175,Goliad County,8128,3978,4150,4370,2095,2275,317,158,159,3320,1659,1661,121,66,55
0.5 Scen,2033,175,Goliad County,8141,3991,4150,4356,2092,2264,318,159,159,3345,1673,1672,122,67,55
0.5 Scen,2034,175,Goliad County,8156,4007,4149,4343,2088,2255,318,160,158,3373,1692,1681,122,67,55
0.5 Scen,2035,175,Goliad County,8181,4027,4154,4337,2087,2250,316,159,157,3405,1713,1692,123,68,55
0.5 Scen,2036,175,Goliad County,8209,4048,4161,4334,2091,2243,315,158,157,3436,1731,1705,124,68,56
0.5 Scen,2037,175,Goliad County,8234,4067,4167,4331,2091,2240,314,158,156,3465,1749,1716,124,69,55
0.5 Scen,2038,175,Goliad County,8257,4082,4175,4321,2089,2232,313,157,156,3500,1768,1732,123,68,55
0.5 Scen,2039,175,Goliad County,8268,4091,4177,4298,2083,2215,311,157,154,3539,1786,1753,120,65,55
0.5 Scen,2040,175,Goliad County,8293,4110,4183,4289,2084,2205,309,156,153,3575,1806,1769,120,64,56
0.5 Scen,2041,175,Goliad County,8310,4130,4180,4277,2085,2192,308,156,152,3605,1825,1780,120,64,56
0.5 Scen,2042,175,Goliad County,8330,4150,4180,4264,2086,2178,306,154,152,3643,1849,1794,117,61,56
0.5 Scen,2043,175,Goliad County,8358,4169,4189,4260,2084,2176,303,153,150,3676,1869,1807,119,63,56
0.5 Scen,2044,175,Goliad County,8372,4185,4187,4246,2081,2165,299,151,148,3708,1890,1818,119,63,56
0.5 Scen,2045,175,Goliad County,8387,4196,4191,4228,2077,2151,295,149,146,3745,1907,1838,119,63,56
0.5 Scen,2046,175,Goliad County,8409,4208,4201,4211,2073,2138,293,148,145,3786,1925,1861,119,62,57
0.5 Scen,2047,175,Goliad County,8433,4226,4207,4198,2072,2126,289,146,143,3827,1946,1881,119,62,57
0.5 Scen,2048,175,Goliad County,8458,4253,4205,4189,2078,2111,284,144,140,3868,1970,1898,117,61,56
0.5 Scen,2049,175,Goliad County,8503,4282,4221,4190,2084,2106,282,143,139,3915,1994,1921,116,61,55
0.5 Scen,2050,175,Goliad County,8541,4312,4229,4188,2092,2096,280,142,138,3958,2018,1940,115,60,55
0.5 Scen,2010,177,Gonzales County,19807,9959,9848,8836,4294,4542,1353,699,654,9353,4848,4505,265,118,147
0.5 Scen,2011,177,Gonzales County,20017,10074,9943,8812,4285,4527,1362,706,656,9573,4962,4611,270,121,149
0.5 Scen,2012,177,Gonzales County,20217,10183,10034,8785,4275,4510,1370,710,660,9785,5073,4712,277,125,152
0.5 Scen,2013,177,Gonzales County,20407,10291,10116,8743,4259,4484,1381,715,666,9997,5187,4810,286,130,156
0.5 Scen,2014,177,Gonzales County,20607,10409,10198,8705,4252,4453,1390,720,670,10220,5304,4916,292,133,159
0.5 Scen,2015,177,Gonzales County,20800,10514,10286,8673,4241,4432,1399,724,675,10429,5412,5017,299,137,162
0.5 Scen,2016,177,Gonzales County,20979,10602,10377,8630,4218,4412,1409,729,680,10634,5514,5120,306,141,165
0.5 Scen,2017,177,Gonzales County,21177,10704,10473,8602,4207,4395,1417,732,685,10844,5619,5225,314,146,168
0.5 Scen,2018,177,Gonzales County,21377,10804,10573,8575,4195,4380,1425,735,690,11056,5724,5332,321,150,171
0.5 Scen,2019,177,Gonzales County,21578,10910,10668,8547,4188,4359,1433,739,694,11270,5829,5441,328,154,174
0.5 Scen,2020,177,Gonzales County,21771,11003,10768,8521,4172,4349,1438,742,696,11479,5932,5547,333,157,176
0.5 Scen,2021,177,Gonzales County,21995,11123,10872,8499,4173,4326,1446,744,702,11711,6046,5665,339,160,179
0.5 Scen,2022,177,Gonzales County,22216,11245,10971,8473,4165,4308,1452,748,704,11947,6169,5778,344,163,181
0.5 Scen,2023,177,Gonzales County,22451,11361,11090,8452,4154,4298,1455,751,704,12195,6290,5905,349,166,183
0.5 Scen,2024,177,Gonzales County,22672,11481,11191,8425,4143,4282,1457,752,705,12433,6416,6017,357,170,187
0.5 Scen,2025,177,Gonzales County,22893,11606,11287,8382,4127,4255,1462,756,706,12683,6549,6134,366,174,192
0.5 Scen,2026,177,Gonzales County,23114,11722,11392,8342,4107,4235,1460,756,704,12941,6683,6258,371,176,195
0.5 Scen,2027,177,Gonzales County,23338,11843,11495,8301,4089,4212,1465,757,708,13194,6817,6377,378,180,198
0.5 Scen,2028,177,Gonzales County,23556,11964,11592,8257,4068,4189,1465,758,707,13446,6954,6492,388,184,204
0.5 Scen,2029,177,Gonzales County,23766,12077,11689,8204,4044,4160,1462,754,708,13704,7090,6614,396,189,207
0.5 Scen,2030,177,Gonzales County,23979,12196,11783,8150,4025,4125,1453,748,705,13972,7230,6742,404,193,211
0.5 Scen,2031,177,Gonzales County,24188,12310,11878,8090,3998,4092,1450,746,704,14239,7371,6868,409,195,214
0.5 Scen,2032,177,Gonzales County,24391,12428,11963,8035,3974,4061,1432,741,691,14507,7513,6994,417,200,217
0.5 Scen,2033,177,Gonzales County,24594,12536,12058,7967,3944,4023,1423,736,687,14780,7652,7128,424,204,220
0.5 Scen,2034,177,Gonzales County,24771,12640,12131,7896,3912,3984,1409,729,680,15036,7792,7244,430,207,223
0.5 Scen,2035,177,Gonzales County,24969,12742,12227,7825,3879,3946,1399,723,676,15307,7929,7378,438,211,227
0.5 Scen,2036,177,Gonzales County,25158,12847,12311,7748,3846,3902,1388,718,670,15574,8066,7508,448,217,231
0.5 Scen,2037,177,Gonzales County,25329,12940,12389,7664,3812,3852,1375,714,661,15837,8195,7642,453,219,234
0.5 Scen,2038,177,Gonzales County,25512,13046,12466,7586,3780,3806,1366,710,656,16102,8332,7770,458,224,234
0.5 Scen,2039,177,Gonzales County,25700,13152,12548,7507,3744,3763,1356,706,650,16374,8476,7898,463,226,237
0.5 Scen,2040,177,Gonzales County,25891,13261,12630,7429,3711,3718,1349,704,645,16642,8615,8027,471,231,240
0.5 Scen,2041,177,Gonzales County,26084,13368,12716,7356,3683,3673,1334,698,636,16917,8752,8165,477,235,242
0.5 Scen,2042,177,Gonzales County,26284,13484,12800,7273,3644,3629,1326,695,631,17199,8903,8296,486,242,244
0.5 Scen,2043,177,Gonzales County,26489,13609,12880,7193,3614,3579,1317,690,627,17483,9057,8426,496,248,248
0.5 Scen,2044,177,Gonzales County,26696,13715,12981,7117,3575,3542,1307,686,621,17767,9200,8567,505,254,251
0.5 Scen,2045,177,Gonzales County,26899,13838,13061,7033,3541,3492,1295,683,612,18056,9354,8702,515,260,255
0.5 Scen,2046,177,Gonzales County,27125,13965,13160,6958,3513,3445,1291,683,608,18353,9505,8848,523,264,259
0.5 Scen,2047,177,Gonzales County,27346,14096,13250,6891,3484,3407,1284,683,601,18642,9662,8980,529,267,262
0.5 Scen,2048,177,Gonzales County,27576,14232,13344,6814,3456,3358,1276,681,595,18948,9823,9125,538,272,266
0.5 Scen,2049,177,Gonzales County,27823,14373,13450,6750,3429,3321,1272,680,592,19256,9987,9269,545,277,268
0.5 Scen,2050,177,Gonzales County,28090,14523,13567,6695,3407,3288,1270,682,588,19571,10153,9418,554,281,273
0.5 Scen,2010,179,Gray County,22535,11703,10832,15564,7701,7863,1055,773,282,5365,2971,2394,551,258,293
0.5 Scen,2011,179,Gray County,22721,11813,10908,15559,7712,7847,1063,778,285,5537,3059,2478,562,264,298
0.5 Scen,2012,179,Gray County,22887,11916,10971,15526,7710,7816,1074,784,290,5715,3152,2563,572,270,302
0.5 Scen,2013,179,Gray County,23052,12021,11031,15492,7711,7781,1084,790,294,5892,3244,2648,584,276,308
0.5 Scen,2014,179,Gray County,23249,12134,11115,15472,7708,7764,1096,798,298,6085,3346,2739,596,282,314
0.5 Scen,2015,179,Gray County,23471,12262,11209,15471,7719,7752,1108,806,302,6283,3450,2833,609,287,322
0.5 Scen,2016,179,Gray County,23662,12382,11280,15440,7719,7721,1124,814,310,6480,3556,2924,618,293,325
0.5 Scen,2017,179,Gray County,23870,12503,11367,15420,7720,7700,1135,820,315,6684,3662,3022,631,301,330
0.5 Scen,2018,179,Gray County,24075,12629,11446,15388,7719,7669,1143,824,319,6900,3778,3122,644,308,336
0.5 Scen,2019,179,Gray County,24293,12752,11541,15366,7720,7646,1152,828,324,7121,3892,3229,654,312,342
0.5 Scen,2020,179,Gray County,24507,12877,11630,15330,7715,7615,1163,832,331,7348,4013,3335,666,317,349
0.5 Scen,2021,179,Gray County,24728,13005,11723,15302,7712,7590,1171,836,335,7579,4134,3445,676,323,353
0.5 Scen,2022,179,Gray County,24971,13150,11821,15278,7712,7566,1183,843,340,7825,4265,3560,685,330,355
0.5 Scen,2023,179,Gray County,25206,13292,11914,15251,7713,7538,1194,848,346,8058,4390,3668,703,341,362
0.5 Scen,2024,179,Gray County,25462,13437,12025,15226,7709,7517,1205,854,351,8319,4526,3793,712,348,364
0.5 Scen,2025,179,Gray County,25723,13581,12142,15197,7705,7492,1214,859,355,8587,4661,3926,725,356,369
0.5 Scen,2026,179,Gray County,25994,13735,12259,15166,7698,7468,1227,867,360,8863,4806,4057,738,364,374
0.5 Scen,2027,179,Gray County,26263,13884,12379,15136,7692,7444,1233,869,364,9140,4949,4191,754,374,380
0.5 Scen,2028,179,Gray County,26545,14040,12505,15111,7689,7422,1239,873,366,9433,5101,4332,762,377,385
0.5 Scen,2029,179,Gray County,26836,14208,12628,15080,7690,7390,1243,874,369,9735,5260,4475,778,384,394
0.5 Scen,2030,179,Gray County,27110,14356,12754,15036,7678,7358,1245,873,372,10040,5416,4624,789,389,400
0.5 Scen,2031,179,Gray County,27394,14513,12881,14998,7668,7330,1246,871,375,10346,5574,4772,804,400,404
0.5 Scen,2032,179,Gray County,27689,14679,13010,14957,7657,7300,1251,874,377,10665,5743,4922,816,405,411
0.5 Scen,2033,179,Gray County,27969,14832,13137,14914,7642,7272,1250,872,378,10977,5906,5071,828,412,416
0.5 Scen,2034,179,Gray County,28292,15013,13279,14887,7641,7246,1253,872,381,11313,6082,5231,839,418,421
0.5 Scen,2035,179,Gray County,28608,15192,13416,14852,7636,7216,1257,876,381,11642,6252,5390,857,428,429
0.5 Scen,2036,179,Gray County,28923,15362,13561,14819,7626,7193,1257,877,380,11975,6423,5552,872,436,436
0.5 Scen,2037,179,Gray County,29254,15538,13716,14790,7619,7171,1256,873,383,12320,6602,5718,888,444,444
0.5 Scen,2038,179,Gray County,29595,15726,13869,14756,7610,7146,1262,876,386,12675,6787,5888,902,453,449
0.5 Scen,2039,179,Gray County,29934,15904,14030,14717,7598,7119,1265,876,389,13031,6968,6063,921,462,459
0.5 Scen,2040,179,Gray County,30259,16068,14191,14671,7581,7090,1267,875,392,13385,7143,6242,936,469,467
0.5 Scen,2041,179,Gray County,30607,16255,14352,14625,7566,7059,1267,873,394,13761,7336,6425,954,480,474
0.5 Scen,2042,179,Gray County,30976,16463,14513,14585,7558,7027,1270,874,396,14148,7541,6607,973,490,483
0.5 Scen,2043,179,Gray County,31335,16655,14680,14536,7542,6994,1270,871,399,14540,7743,6797,989,499,490
0.5 Scen,2044,179,Gray County,31720,16864,14856,14491,7527,6964,1274,876,398,14949,7952,6997,1006,509,497
0.5 Scen,2045,179,Gray County,32110,17071,15039,14446,7512,6934,1272,871,401,15370,8171,7199,1022,517,505
0.5 Scen,2046,179,Gray County,32515,17284,15231,14400,7494,6906,1279,873,406,15795,8389,7406,1041,528,513
0.5 Scen,2047,179,Gray County,32941,17519,15422,14361,7487,6874,1282,872,410,16240,8621,7619,1058,539,519
0.5 Scen,2048,179,Gray County,33382,17751,15631,14324,7472,6852,1290,876,414,16693,8855,7838,1075,548,527
0.5 Scen,2049,179,Gray County,33837,17999,15838,14282,7466,6816,1294,874,420,17169,9099,8070,1092,560,532
0.5 Scen,2050,179,Gray County,34315,18254,16061,14252,7458,6794,1300,876,424,17651,9348,8303,1112,572,540
0.5 Scen,2010,181,Grayson County,120877,58917,61960,95103,46071,49032,6938,3344,3594,13688,7055,6633,5148,2447,2701
0.5 Scen,2011,181,Grayson County,121596,59294,62302,95201,46129,49072,6980,3367,3613,14149,7297,6852,5266,2501,2765
0.5 Scen,2012,181,Grayson County,122366,59686,62680,95321,46186,49135,7024,3395,3629,14626,7544,7082,5395,2561,2834
0.5 Scen,2013,181,Grayson County,123201,60117,63084,95474,46270,49204,7065,3418,3647,15130,7804,7326,5532,2625,2907
0.5 Scen,2014,181,Grayson County,124021,60559,63462,95617,46363,49254,7095,3440,3655,15646,8072,7574,5663,2684,2979
0.5 Scen,2015,181,Grayson County,124862,60983,63879,95770,46429,49341,7129,3466,3663,16172,8343,7829,5791,2745,3046
0.5 Scen,2016,181,Grayson County,125630,61377,64253,95847,46475,49372,7156,3481,3675,16717,8620,8097,5910,2801,3109
0.5 Scen,2017,181,Grayson County,126411,61789,64622,95917,46528,49389,7181,3499,3682,17262,8898,8364,6051,2864,3187
0.5 Scen,2018,181,Grayson County,127185,62198,64987,95952,46554,49398,7209,3523,3686,17841,9193,8648,6183,2928,3255
0.5 Scen,2019,181,Grayson County,127953,62594,65359,95967,46572,49395,7242,3547,3695,18421,9486,8935,6323,2989,3334
0.5 Scen,2020,181,Grayson County,128734,62985,65749,95965,46575,49390,7274,3572,3702,19021,9782,9239,6474,3056,3418
0.5 Scen,2021,181,Grayson County,129548,63397,66151,95968,46579,49389,7302,3594,3708,19648,10092,9556,6630,3132,3498
0.5 Scen,2022,181,Grayson County,130350,63815,66535,95944,46579,49365,7339,3624,3715,20293,10410,9883,6774,3202,3572
0.5 Scen,2023,181,Grayson County,131179,64237,66942,95916,46574,49342,7372,3648,3724,20954,10734,10220,6937,3281,3656
0.5 Scen,2024,181,Grayson County,131945,64629,67316,95835,46548,49287,7403,3668,3735,21625,11068,10557,7082,3345,3737
0.5 Scen,2025,181,Grayson County,132746,65029,67717,95737,46504,49233,7436,3691,3745,22327,11412,10915,7246,3422,3824
0.5 Scen,2026,181,Grayson County,133509,65422,68087,95607,46446,49161,7465,3709,3756,23030,11763,11267,7407,3504,3903
0.5 Scen,2027,181,Grayson County,134263,65805,68458,95440,46371,49069,7490,3728,3762,23756,12125,11631,7577,3581,3996
0.5 Scen,2028,181,Grayson County,134966,66165,68801,95234,46282,48952,7519,3746,3773,24484,12487,11997,7729,3650,4079
0.5 Scen,2029,181,Grayson County,135680,66536,69144,94999,46176,48823,7546,3764,3782,25233,12863,12370,7902,3733,4169
0.5 Scen,2030,181,Grayson County,136387,66905,69482,94720,46049,48671,7575,3780,3795,26019,13255,12764,8073,3821,4252
0.5 Scen,2031,181,Grayson County,137055,67256,69799,94409,45914,48495,7592,3793,3799,26813,13648,13165,8241,3901,4340
0.5 Scen,2032,181,Grayson County,137701,67609,70092,94051,45754,48297,7609,3807,3802,27621,14061,13560,8420,3987,4433
0.5 Scen,2033,181,Grayson County,138332,67958,70374,93685,45597,48088,7619,3814,3805,28441,14476,13965,8587,4071,4516
0.5 Scen,2034,181,Grayson County,138918,68274,70644,93273,45415,47858,7625,3817,3808,29271,14892,14379,8749,4150,4599
0.5 Scen,2035,181,Grayson County,139493,68600,70893,92838,45227,47611,7632,3825,3807,30107,15312,14795,8916,4236,4680
0.5 Scen,2036,181,Grayson County,140038,68906,71132,92387,45030,47357,7636,3832,3804,30941,15730,15211,9074,4314,4760
0.5 Scen,2037,181,Grayson County,140577,69212,71365,91923,44831,47092,7631,3832,3799,31777,16153,15624,9246,4396,4850
0.5 Scen,2038,181,Grayson County,141122,69530,71592,91453,44637,46816,7626,3832,3794,32637,16582,16055,9406,4479,4927
0.5 Scen,2039,181,Grayson County,141618,69820,71798,90936,44418,46518,7619,3831,3788,33496,17010,16486,9567,4561,5006
0.5 Scen,2040,181,Grayson County,142117,70104,72013,90417,44192,46225,7608,3829,3779,34372,17445,16927,9720,4638,5082
0.5 Scen,2041,181,Grayson County,142601,70399,72202,89871,43961,45910,7597,3828,3769,35256,17892,17364,9877,4718,5159
0.5 Scen,2042,181,Grayson County,143059,70670,72389,89302,43719,45583,7578,3824,3754,36145,18333,17812,10034,4794,5240
0.5 Scen,2043,181,Grayson County,143544,70962,72582,88729,43473,45256,7561,3818,3743,37060,18798,18262,10194,4873,5321
0.5 Scen,2044,181,Grayson County,144036,71272,72764,88155,43234,44921,7545,3815,3730,37984,19268,18716,10352,4955,5397
0.5 Scen,2045,181,Grayson County,144534,71567,72967,87567,42982,44585,7530,3813,3717,38929,19742,19187,10508,5030,5478
0.5 Scen,2046,181,Grayson County,145033,71869,73164,86976,42731,44245,7509,3804,3705,39890,20229,19661,10658,5105,5553
0.5 Scen,2047,181,Grayson County,145560,72191,73369,86389,42487,43902,7497,3803,3694,40864,20724,20140,10810,5177,5633
0.5 Scen,2048,181,Grayson County,146097,72525,73572,85813,42252,43561,7482,3798,3684,41849,21224,20625,10953,5251,5702
0.5 Scen,2049,181,Grayson County,146677,72870,73807,85249,42017,43232,7463,3795,3668,42864,21733,21131,11101,5325,5776
0.5 Scen,2050,181,Grayson County,147280,73228,74052,84687,41788,42899,7451,3793,3658,43891,22249,21642,11251,5398,5853
0.5 Scen,2010,183,Gregg County,121730,59468,62262,74005,35622,38383,24068,11321,12747,20018,10735,9283,3639,1790,1849
0.5 Scen,2011,183,Gregg County,122773,60058,62715,73994,35659,38335,24253,11414,12839,20778,11138,9640,3748,1847,1901
0.5 Scen,2012,183,Gregg County,123883,60691,63192,74021,35722,38299,24437,11514,12923,21564,11550,10014,3861,1905,1956
0.5 Scen,2013,183,Gregg County,125023,61331,63692,74036,35773,38263,24633,11616,13017,22374,11976,10398,3980,1966,2014
0.5 Scen,2014,183,Gregg County,126187,61993,64194,74071,35839,38232,24813,11719,13094,23194,12402,10792,4109,2033,2076
0.5 Scen,2015,183,Gregg County,127327,62631,64696,74056,35877,38179,24993,11813,13180,24046,12842,11204,4232,2099,2133
0.5 Scen,2016,183,Gregg County,128457,63263,65194,74008,35903,38105,25173,11908,13265,24921,13291,11630,4355,2161,2194
0.5 Scen,2017,183,Gregg County,129547,63879,65668,73914,35905,38009,25347,12000,13347,25804,13749,12055,4482,2225,2257
0.5 Scen,2018,183,Gregg County,130658,64499,66159,73797,35895,37902,25532,12087,13445,26712,14218,12494,4617,2299,2318
0.5 Scen,2019,183,Gregg County,131774,65108,66666,73680,35875,37805,25697,12170,13527,27643,14692,12951,4754,2371,2383
0.5 Scen,2020,183,Gregg County,132907,65745,67162,73543,35851,37692,25856,12256,13600,28608,15189,13419,4900,2449,2451
0.5 Scen,2021,183,Gregg County,134052,66375,67677,73377,35807,37570,26015,12337,13678,29600,15701,13899,5060,2530,2530
0.5 Scen,2022,183,Gregg County,135197,67012,68185,73207,35763,37444,26162,12408,13754,30616,16229,14387,5212,2612,2600
0.5 Scen,2023,183,Gregg County,136393,67682,68711,73019,35710,37309,26311,12490,13821,31675,16777,14898,5388,2705,2683
0.5 Scen,2024,183,Gregg County,137593,68337,69256,72805,35641,37164,26439,12543,13896,32780,17351,15429,5569,2802,2767
0.5 Scen,2025,183,Gregg County,138802,69002,69800,72570,35559,37011,26581,12617,13964,33905,17932,15973,5746,2894,2852
0.5 Scen,2026,183,Gregg County,140037,69699,70338,72320,35476,36844,26701,12687,14014,35081,18538,16543,5935,2998,2937
0.5 Scen,2027,183,Gregg County,141260,70383,70877,72041,35375,36666,26809,12743,14066,36278,19164,17114,6132,3101,3031
0.5 Scen,2028,183,Gregg County,142496,71079,71417,71732,35255,36477,26901,12800,14101,37534,19818,17716,6329,3206,3123
0.5 Scen,2029,183,Gregg County,143738,71768,71970,71408,35138,36270,26998,12845,14153,38810,20475,18335,6522,3310,3212
0.5 Scen,2030,183,Gregg County,144994,72460,72534,71069,35010,36059,27078,12891,14187,40104,21140,18964,6743,3419,3324
0.5 Scen,2031,183,Gregg County,146251,73152,73099,70720,34870,35850,27132,12924,14208,41441,21827,19614,6958,3531,3427
0.5 Scen,2032,183,Gregg County,147537,73859,73678,70369,34736,35633,27202,12958,14244,42798,22523,20275,7168,3642,3526
0.5 Scen,2033,183,Gregg County,148828,74568,74260,70006,34597,35409,27256,12992,14264,44170,23225,20945,7396,3754,3642
0.5 Scen,2034,183,Gregg County,150146,75285,74861,69636,34453,35183,27294,13018,14276,45593,23943,21650,7623,3871,3752
0.5 Scen,2035,183,Gregg County,151497,76023,75474,69264,34306,34958,27345,13043,14302,47039,24685,22354,7849,3989,3860
0.5 Scen,2036,183,Gregg County,152814,76751,76063,68866,34143,34723,27364,13063,14301,48507,25438,23069,8077,4107,3970
0.5 Scen,2037,183,Gregg County,154190,77498,76692,68487,33998,34489,27403,13087,14316,49998,26191,23807,8302,4222,4080
0.5 Scen,2038,183,Gregg County,155561,78252,77309,68089,33841,34248,27423,13102,14321,51520,26968,24552,8529,4341,4188
0.5 Scen,2039,183,Gregg County,156946,79012,77934,67685,33680,34005,27441,13119,14322,53058,27751,25307,8762,4462,4300
0.5 Scen,2040,183,Gregg County,158334,79785,78549,67281,33517,33764,27464,13141,14323,54601,28542,26059,8988,4585,4403
0.5 Scen,2041,183,Gregg County,159730,80550,79180,66857,33346,33511,27473,13154,14319,56168,29342,26826,9232,4708,4524
0.5 Scen,2042,183,Gregg County,161114,81323,79791,66434,33177,33257,27475,13169,14306,57752,30152,27600,9453,4825,4628
0.5 Scen,2043,183,Gregg County,162550,82114,80436,66002,33000,33002,27468,13174,14294,59371,30979,28392,9709,4961,4748
0.5 Scen,2044,183,Gregg County,163985,82917,81068,65551,32817,32734,27472,13190,14282,61014,31822,29192,9948,5088,4860
0.5 Scen,2045,183,Gregg County,165432,83718,81714,65090,32625,32465,27462,13197,14265,62687,32679,30008,10193,5217,4976
0.5 Scen,2046,183,Gregg County,166958,84568,82390,64632,32438,32194,27477,13218,14259,64399,33559,30840,10450,5353,5097
0.5 Scen,2047,183,Gregg County,168463,85405,83058,64165,32250,31915,27466,13226,14240,66135,34444,31691,10697,5485,5212
0.5 Scen,2048,183,Gregg County,170014,86262,83752,63705,32060,31645,27440,13229,14211,67905,35348,32557,10964,5625,5339
0.5 Scen,2049,183,Gregg County,171600,87140,84460,63247,31875,31372,27434,13234,14200,69697,36268,33429,11222,5763,5459
0.5 Scen,2050,183,Gregg County,173213,88041,85172,62789,31687,31102,27400,13238,14162,71525,37206,34319,11499,5910,5589
0.5 Scen,2010,185,Grimes County,26604,14487,12117,16133,8521,7612,4348,2547,1801,5652,3186,2466,471,233,238
0.5 Scen,2011,185,Grimes County,26881,14663,12218,16226,8591,7635,4383,2574,1809,5798,3263,2535,474,235,239
0.5 Scen,2012,185,Grimes County,27143,14829,12314,16290,8650,7640,4416,2593,1823,5958,3348,2610,479,238,241
0.5 Scen,2013,185,Grimes County,27404,14994,12410,16363,8714,7649,4447,2615,1832,6108,3424,2684,486,241,245
0.5 Scen,2014,185,Grimes County,27666,15156,12510,16437,8772,7665,4472,2630,1842,6265,3508,2757,492,246,246
0.5 Scen,2015,185,Grimes County,27942,15332,12610,16512,8835,7677,4503,2652,1851,6432,3596,2836,495,249,246
0.5 Scen,2016,185,Grimes County,28207,15500,12707,16573,8892,7681,4526,2670,1856,6604,3685,2919,504,253,251
0.5 Scen,2017,185,Grimes County,28489,15661,12828,16647,8947,7700,4546,2678,1868,6787,3780,3007,509,256,253
0.5 Scen,2018,185,Grimes County,28771,15834,12937,16713,9004,7709,4573,2696,1877,6967,3873,3094,518,261,257
0.5 Scen,2019,185,Grimes County,29058,16004,13054,16777,9055,7722,4599,2713,1886,7157,3972,3185,525,264,261
0.5 Scen,2020,185,Grimes County,29320,16163,13157,16820,9100,7720,4617,2723,1894,7351,4073,3278,532,267,265
0.5 Scen,2021,185,Grimes County,29609,16339,13270,16887,9158,7729,4633,2732,1901,7549,4177,3372,540,272,268
0.5 Scen,2022,185,Grimes County,29869,16496,13373,16935,9201,7734,4645,2741,1904,7742,4278,3464,547,276,271
0.5 Scen,2023,185,Grimes County,30148,16664,13484,16991,9250,7741,4658,2750,1908,7946,4384,3562,553,280,273
0.5 Scen,2024,185,Grimes County,30433,16827,13606,17050,9298,7752,4671,2755,1916,8150,4488,3662,562,286,276
0.5 Scen,2025,185,Grimes County,30689,16977,13712,17082,9331,7751,4670,2758,1912,8369,4599,3770,568,289,279
0.5 Scen,2026,185,Grimes County,30952,17138,13814,17113,9370,7743,4680,2768,1912,8586,4710,3876,573,290,283
0.5 Scen,2027,185,Grimes County,31193,17276,13917,17132,9394,7738,4683,2770,1913,8799,4817,3982,579,295,284
0.5 Scen,2028,185,Grimes County,31423,17415,14008,17142,9416,7726,4685,2771,1914,9013,4929,4084,583,299,284
0.5 Scen,2029,185,Grimes County,31659,17561,14098,17150,9441,7709,4682,2775,1907,9236,5041,4195,591,304,287
0.5 Scen,2030,185,Grimes County,31885,17703,14182,17145,9457,7688,4681,2783,1898,9457,5154,4303,602,309,293
0.5 Scen,2031,185,Grimes County,32086,17827,14259,17131,9465,7666,4676,2785,1891,9675,5266,4409,604,311,293
0.5 Scen,2032,185,Grimes County,32300,17963,14337,17128,9483,7645,4671,2785,1886,9893,5380,4513,608,315,293
0.5 Scen,2033,185,Grimes County,32495,18085,14410,17099,9484,7615,4667,2789,1878,10117,5496,4621,612,316,296
0.5 Scen,2034,185,Grimes County,32697,18210,14487,17075,9492,7583,4663,2792,1871,10342,5606,4736,617,320,297
0.5 Scen,2035,185,Grimes County,32889,18332,14557,17048,9493,7555,4659,2794,1865,10565,5725,4840,617,320,297
0.5 Scen,2036,185,Grimes County,33082,18461,14621,17011,9496,7515,4656,2797,1859,10794,5846,4948,621,322,299
0.5 Scen,2037,185,Grimes County,33277,18573,14704,16970,9485,7485,4655,2794,1861,11026,5969,5057,626,325,301
0.5 Scen,2038,185,Grimes County,33464,18686,14778,16922,9472,7450,4652,2796,1856,11266,6096,5170,624,322,302
0.5 Scen,2039,185,Grimes County,33649,18798,14851,16875,9457,7418,4637,2791,1846,11512,6228,5284,625,322,303
0.5 Scen,2040,185,Grimes County,33839,18915,14924,16819,9440,7379,4635,2788,1847,11756,6364,5392,629,323,306
0.5 Scen,2041,185,Grimes County,34021,19020,15001,16773,9426,7347,4622,2781,1841,11994,6487,5507,632,326,306
0.5 Scen,2042,185,Grimes County,34213,19144,15069,16717,9411,7306,4612,2781,1831,12249,6622,5627,635,330,305
0.5 Scen,2043,185,Grimes County,34419,19268,15151,16660,9394,7266,4605,2778,1827,12512,6762,5750,642,334,308
0.5 Scen,2044,185,Grimes County,34628,19398,15230,16607,9379,7228,4598,2775,1823,12782,6909,5873,641,335,306
0.5 Scen,2045,185,Grimes County,34844,19528,15316,16553,9364,7189,4589,2772,1817,13056,7056,6000,646,336,310
0.5 Scen,2046,185,Grimes County,35054,19654,15400,16494,9342,7152,4583,2770,1813,13328,7204,6124,649,338,311
0.5 Scen,2047,185,Grimes County,35259,19784,15475,16439,9325,7114,4577,2765,1812,13595,7356,6239,648,338,310
0.5 Scen,2048,185,Grimes County,35499,19917,15582,16395,9312,7083,4567,2759,1808,13885,7505,6380,652,341,311
0.5 Scen,2049,185,Grimes County,35743,20056,15687,16350,9297,7053,4566,2761,1805,14172,7657,6515,655,341,314
0.5 Scen,2050,185,Grimes County,35969,20178,15791,16309,9282,7027,4552,2750,1802,14454,7805,6649,654,341,313
0.5 Scen,2010,187,Guadalupe County,131533,64762,66771,72086,35547,36539,7963,4005,3958,46889,23204,23685,4595,2006,2589
0.5 Scen,2011,187,Guadalupe County,134143,65953,68190,73048,35921,37127,8135,4083,4052,48207,23869,24338,4753,2080,2673
0.5 Scen,2012,187,Guadalupe County,136775,67153,69622,74012,36294,37718,8291,4156,4135,49546,24542,25004,4926,2161,2765
0.5 Scen,2013,187,Guadalupe County,139448,68375,71073,74963,36650,38313,8452,4238,4214,50929,25244,25685,5104,2243,2861
0.5 Scen,2014,187,Guadalupe County,142137,69606,72531,75902,37004,38898,8612,4320,4292,52344,25953,26391,5279,2329,2950
0.5 Scen,2015,187,Guadalupe County,144847,70858,73989,76819,37346,39473,8773,4402,4371,53798,26691,27107,5457,2419,3038
0.5 Scen,2016,187,Guadalupe County,147554,72084,75470,77733,37672,40061,8939,4485,4454,55246,27420,27826,5636,2507,3129
0.5 Scen,2017,187,Guadalupe County,150296,73340,76956,78614,37991,40623,9108,4573,4535,56755,28178,28577,5819,2598,3221
0.5 Scen,2018,187,Guadalupe County,153082,74608,78474,79494,38295,41199,9280,4661,4619,58297,28956,29341,6011,2696,3315
0.5 Scen,2019,187,Guadalupe County,155902,75901,80001,80378,38611,41767,9461,4754,4707,59862,29751,30111,6201,2785,3416
0.5 Scen,2020,187,Guadalupe County,158712,77208,81504,81235,38919,42316,9633,4847,4786,61444,30558,30886,6400,2884,3516
0.5 Scen,2021,187,Guadalupe County,161623,78542,83081,82131,39241,42890,9816,4938,4878,63080,31388,31692,6596,2975,3621
0.5 Scen,2022,187,Guadalupe County,164608,79923,84685,83043,39569,43474,10007,5035,4972,64747,32235,32512,6811,3084,3727
0.5 Scen,2023,187,Guadalupe County,167610,81315,86295,83931,39887,44044,10202,5133,5069,66458,33100,33358,7019,3195,3824
0.5 Scen,2024,187,Guadalupe County,170631,82702,87929,84823,40198,44625,10381,5218,5163,68181,33974,34207,7246,3312,3934
0.5 Scen,2025,187,Guadalupe County,173662,84089,89573,85691,40500,45191,10562,5301,5261,69937,34860,35077,7472,3428,4044
0.5 Scen,2026,187,Guadalupe County,176724,85518,91206,86574,40809,45765,10741,5390,5351,71708,35770,35938,7701,3549,4152
0.5 Scen,2027,187,Guadalupe County,179823,86937,92886,87432,41112,46320,10932,5477,5455,73534,36679,36855,7925,3669,4256
0.5 Scen,2028,187,Guadalupe County,182926,88377,94549,88276,41410,46866,11114,5560,5554,75379,37618,37761,8157,3789,4368
0.5 Scen,2029,187,Guadalupe County,186002,89824,96178,89134,41713,47421,11281,5643,5638,77213,38550,38663,8374,3918,4456
0.5 Scen,2030,187,Guadalupe County,189140,91263,97877,89984,42012,47972,11457,5724,5733,79066,39478,39588,8633,4049,4584
0.5 Scen,2031,187,Guadalupe County,192284,92735,99549,90828,42317,48511,11624,5808,5816,80961,40432,40529,8871,4178,4693
0.5 Scen,2032,187,Guadalupe County,195432,94213,101219,91651,42611,49040,11802,5896,5906,82853,41388,41465,9126,4318,4808
0.5 Scen,2033,187,Guadalupe County,198561,95688,102873,92452,42896,49556,11972,5981,5991,84763,42357,42406,9374,4454,4920
0.5 Scen,2034,187,Guadalupe County,201665,97149,104516,93237,43176,50061,12126,6055,6071,86672,43324,43348,9630,4594,5036
0.5 Scen,2035,187,Guadalupe County,204763,98614,106149,93999,43450,50549,12269,6115,6154,88608,44314,44294,9887,4735,5152
0.5 Scen,2036,187,Guadalupe County,207856,100084,107772,94734,43710,51024,12419,6191,6228,90557,45301,45256,10146,4882,5264
0.5 Scen,2037,187,Guadalupe County,210929,101526,109403,95449,43953,51496,12567,6265,6302,92514,46294,46220,10399,5014,5385
0.5 Scen,2038,187,Guadalupe County,214018,102988,111030,96150,44195,51955,12708,6331,6377,94486,47300,47186,10674,5162,5512
0.5 Scen,2039,187,Guadalupe County,217079,104442,112637,96834,44430,52404,12837,6391,6446,96467,48311,48156,10941,5310,5631
0.5 Scen,2040,187,Guadalupe County,220138,105905,114233,97491,44659,52832,12986,6462,6524,98448,49325,49123,11213,5459,5754
0.5 Scen,2041,187,Guadalupe County,223163,107353,115810,98120,44869,53251,13110,6522,6588,100459,50353,50106,11474,5609,5865
0.5 Scen,2042,187,Guadalupe County,226185,108808,117377,98729,45074,53655,13232,6575,6657,102474,51395,51079,11750,5764,5986
0.5 Scen,2043,187,Guadalupe County,229183,110249,118934,99318,45268,54050,13347,6635,6712,104485,52424,52061,12033,5922,6111
0.5 Scen,2044,187,Guadalupe County,232164,111688,120476,99883,45453,54430,13464,6686,6778,106507,53468,53039,12310,6081,6229
0.5 Scen,2045,187,Guadalupe County,235155,113143,122012,100427,45624,54803,13585,6749,6836,108557,54529,54028,12586,6241,6345
0.5 Scen,2046,187,Guadalupe County,238099,114575,123524,100941,45782,55159,13681,6796,6885,110608,55594,55014,12869,6403,6466
0.5 Scen,2047,187,Guadalupe County,241053,116022,125031,101449,45944,55505,13782,6855,6927,112664,56657,56007,13158,6566,6592
0.5 Scen,2048,187,Guadalupe County,243999,117475,126524,101956,46115,55841,13884,6907,6977,114720,57724,56996,13439,6729,6710
0.5 Scen,2049,187,Guadalupe County,247003,118965,128038,102448,46279,56169,14009,6977,7032,116811,58818,57993,13735,6891,6844
0.5 Scen,2050,187,Guadalupe County,249990,120441,129549,102934,46436,56498,14105,7031,7074,118924,59918,59006,14027,7056,6971
0.5 Scen,2010,189,Hale County,36273,18737,17536,13647,6880,6767,1803,1142,661,20269,10436,9833,554,279,275
0.5 Scen,2011,189,Hale County,36591,18910,17681,13589,6861,6728,1816,1150,666,20621,10614,10007,565,285,280
0.5 Scen,2012,189,Hale County,36921,19090,17831,13516,6834,6682,1834,1161,673,20994,10804,10190,577,291,286
0.5 Scen,2013,189,Hale County,37221,19255,17966,13430,6805,6625,1854,1169,685,21349,10984,10365,588,297,291
0.5 Scen,2014,189,Hale County,37554,19437,18117,13368,6786,6582,1870,1177,693,21718,11173,10545,598,301,297
0.5 Scen,2015,189,Hale County,37895,19621,18274,13313,6764,6549,1885,1185,700,22088,11365,10723,609,307,302
0.5 Scen,2016,189,Hale County,38229,19804,18425,13244,6739,6505,1900,1193,707,22462,11559,10903,623,313,310
0.5 Scen,2017,189,Hale County,38578,19997,18581,13181,6716,6465,1918,1201,717,22842,11759,11083,637,321,316
0.5 Scen,2018,189,Hale County,38908,20176,18732,13114,6692,6422,1935,1208,727,23213,11951,11262,646,325,321
0.5 Scen,2019,189,Hale County,39266,20381,18885,13055,6674,6381,1949,1216,733,23605,12160,11445,657,331,326
0.5 Scen,2020,189,Hale County,39596,20569,19027,12990,6653,6337,1955,1219,736,23986,12361,11625,665,336,329
0.5 Scen,2021,189,Hale County,39944,20765,19179,12923,6628,6295,1967,1225,742,24377,12570,11807,677,342,335
0.5 Scen,2022,189,Hale County,40296,20957,19339,12858,6606,6252,1977,1226,751,24767,12772,11995,694,353,341
0.5 Scen,2023,189,Hale County,40627,21139,19488,12794,6583,6211,1982,1225,757,25139,12970,12169,712,361,351
0.5 Scen,2024,189,Hale County,40978,21336,19642,12726,6558,6168,1986,1228,758,25545,13183,12362,721,367,354
0.5 Scen,2025,189,Hale County,41320,21521,19799,12660,6532,6128,1990,1229,761,25933,13383,12550,737,377,360
0.5 Scen,2026,189,Hale County,41665,21710,19955,12593,6505,6088,1996,1234,762,26328,13587,12741,748,384,364
0.5 Scen,2027,189,Hale County,42000,21893,20107,12527,6484,6043,1991,1231,760,26721,13787,12934,761,391,370
0.5 Scen,2028,189,Hale County,42324,22075,20249,12450,6452,5998,1994,1235,759,27113,13994,13119,767,394,373
0.5 Scen,2029,189,Hale County,42644,22253,20391,12360,6420,5940,2002,1237,765,27503,14197,13306,779,399,380
0.5 Scen,2030,189,Hale County,42963,22422,20541,12282,6384,5898,2005,1238,767,27881,14393,13488,795,407,388
0.5 Scen,2031,189,Hale County,43276,22592,20684,12205,6352,5853,2005,1234,771,28258,14589,13669,808,417,391
0.5 Scen,2032,189,Hale County,43566,22748,20818,12123,6314,5809,2006,1235,771,28623,14780,13843,814,419,395
0.5 Scen,2033,189,Hale County,43871,22918,20953,12040,6282,5758,2006,1235,771,29002,14978,14024,823,423,400
0.5 Scen,2034,189,Hale County,44160,23076,21084,11956,6247,5709,2005,1237,768,29369,15164,14205,830,428,402
0.5 Scen,2035,189,Hale County,44473,23240,21233,11877,6212,5665,2006,1234,772,29750,15361,14389,840,433,407
0.5 Scen,2036,189,Hale County,44756,23395,21361,11795,6178,5617,2001,1232,769,30105,15544,14561,855,441,414
0.5 Scen,2037,189,Hale County,45040,23546,21494,11714,6141,5573,1998,1229,769,30463,15731,14732,865,445,420
0.5 Scen,2038,189,Hale County,45331,23713,21618,11628,6106,5522,2000,1229,771,30829,15929,14900,874,449,425
0.5 Scen,2039,189,Hale County,45629,23877,21752,11555,6073,5482,2000,1230,770,31190,16119,15071,884,455,429
0.5 Scen,2040,189,Hale County,45912,24031,21881,11474,6040,5434,1991,1226,765,31552,16305,15247,895,460,435
0.5 Scen,2041,189,Hale County,46200,24187,22013,11389,5997,5392,1987,1224,763,31918,16499,15419,906,467,439
0.5 Scen,2042,189,Hale County,46489,24350,22139,11316,5968,5348,1983,1221,762,32272,16687,15585,918,474,444
0.5 Scen,2043,189,Hale County,46761,24509,22252,11230,5931,5299,1975,1218,757,32624,16877,15747,932,483,449
0.5 Scen,2044,189,Hale County,47041,24663,22378,11148,5895,5253,1968,1216,752,32979,17065,15914,946,487,459
0.5 Scen,2045,189,Hale County,47333,24821,22512,11074,5860,5214,1964,1214,750,33339,17254,16085,956,493,463
0.5 Scen,2046,189,Hale County,47589,24958,22631,10979,5816,5163,1959,1208,751,33684,17434,16250,967,500,467
0.5 Scen,2047,189,Hale County,47869,25112,22757,10901,5782,5119,1957,1208,749,34034,17618,16416,977,504,473
0.5 Scen,2048,189,Hale County,48129,25250,22879,10820,5743,5077,1949,1200,749,34374,17799,16575,986,508,478
0.5 Scen,2049,189,Hale County,48411,25400,23011,10741,5710,5031,1949,1199,750,34721,17976,16745,1000,515,485
0.5 Scen,2050,189,Hale County,48700,25558,23142,10672,5678,4994,1941,1193,748,35075,18166,16909,1012,521,491
0.5 Scen,2010,191,Hall County,3353,1657,1696,1998,958,1040,235,130,105,1087,558,529,33,11,22
0.5 Scen,2011,191,Hall County,3355,1658,1697,1980,948,1032,237,131,106,1104,567,537,34,12,22
0.5 Scen,2012,191,Hall County,3355,1656,1699,1961,937,1024,237,131,106,1122,576,546,35,12,23
0.5 Scen,2013,191,Hall County,3356,1657,1699,1942,927,1015,238,131,107,1140,586,554,36,13,23
0.5 Scen,2014,191,Hall County,3359,1659,1700,1926,920,1006,239,131,108,1158,596,562,36,12,24
0.5 Scen,2015,191,Hall County,3362,1664,1698,1906,913,993,241,132,109,1178,606,572,37,13,24
0.5 Scen,2016,191,Hall County,3364,1666,1698,1886,905,981,242,132,110,1198,616,582,38,13,25
0.5 Scen,2017,191,Hall County,3370,1672,1698,1866,896,970,245,133,112,1220,629,591,39,14,25
0.5 Scen,2018,191,Hall County,3374,1677,1697,1847,891,956,247,134,113,1242,638,604,38,14,24
0.5 Scen,2019,191,Hall County,3386,1689,1697,1831,886,945,251,137,114,1265,651,614,39,15,24
0.5 Scen,2020,191,Hall County,3392,1692,1700,1815,877,938,253,139,114,1285,661,624,39,15,24
0.5 Scen,2021,191,Hall County,3404,1698,1706,1800,868,932,255,140,115,1310,675,635,39,15,24
0.5 Scen,2022,191,Hall County,3409,1706,1703,1777,861,916,258,142,116,1335,688,647,39,15,24
0.5 Scen,2023,191,Hall County,3415,1711,1704,1758,852,906,259,143,116,1359,701,658,39,15,24
0.5 Scen,2024,191,Hall County,3422,1719,1703,1740,845,895,262,145,117,1381,714,667,39,15,24
0.5 Scen,2025,191,Hall County,3430,1728,1702,1724,842,882,262,144,118,1405,727,678,39,15,24
0.5 Scen,2026,191,Hall County,3442,1736,1706,1711,839,872,263,143,120,1429,739,690,39,15,24
0.5 Scen,2027,191,Hall County,3448,1740,1708,1691,830,861,265,144,121,1453,751,702,39,15,24
0.5 Scen,2028,191,Hall County,3462,1751,1711,1677,826,851,265,144,121,1481,766,715,39,15,24
0.5 Scen,2029,191,Hall County,3471,1761,1710,1659,821,838,267,146,121,1506,779,727,39,15,24
0.5 Scen,2030,191,Hall County,3479,1768,1711,1642,815,827,267,145,122,1531,793,738,39,15,24
0.5 Scen,2031,191,Hall County,3488,1777,1711,1627,810,817,268,146,122,1554,806,748,39,15,24
0.5 Scen,2032,191,Hall County,3497,1784,1713,1613,804,809,269,146,123,1577,819,758,38,15,23
0.5 Scen,2033,191,Hall County,3504,1790,1714,1601,799,802,268,147,121,1598,830,768,37,14,23
0.5 Scen,2034,191,Hall County,3511,1795,1716,1586,793,793,268,147,121,1620,841,779,37,14,23
0.5 Scen,2035,191,Hall County,3521,1802,1719,1573,787,786,268,147,121,1643,854,789,37,14,23
0.5 Scen,2036,191,Hall County,3522,1804,1718,1559,782,777,268,147,121,1658,861,797,37,14,23
0.5 Scen,2037,191,Hall County,3521,1807,1714,1546,778,768,267,146,121,1671,869,802,37,14,23
0.5 Scen,2038,191,Hall County,3521,1811,1710,1532,773,759,266,145,121,1686,879,807,37,14,23
0.5 Scen,2039,191,Hall County,3519,1810,1709,1516,767,749,266,145,121,1700,884,816,37,14,23
0.5 Scen,2040,191,Hall County,3506,1801,1705,1491,753,738,266,145,121,1712,889,823,37,14,23
0.5 Scen,2041,191,Hall County,3489,1793,1696,1466,741,725,265,144,121,1721,894,827,37,14,23
0.5 Scen,2042,191,Hall County,3479,1785,1694,1446,730,716,264,143,121,1732,898,834,37,14,23
0.5 Scen,2043,191,Hall County,3471,1782,1689,1426,719,707,264,143,121,1745,906,839,36,14,22
0.5 Scen,2044,191,Hall County,3463,1781,1682,1403,710,693,264,143,121,1760,914,846,36,14,22
0.5 Scen,2045,191,Hall County,3459,1785,1674,1387,704,683,263,142,121,1773,925,848,36,14,22
0.5 Scen,2046,191,Hall County,3460,1784,1676,1375,698,677,261,141,120,1788,931,857,36,14,22
0.5 Scen,2047,191,Hall County,3455,1783,1672,1356,689,667,259,140,119,1804,940,864,36,14,22
0.5 Scen,2048,191,Hall County,3456,1785,1671,1342,683,659,257,139,118,1821,949,872,36,14,22
0.5 Scen,2049,191,Hall County,3462,1785,1677,1332,676,656,255,137,118,1840,959,881,35,13,22
0.5 Scen,2050,191,Hall County,3461,1786,1675,1319,672,647,253,135,118,1854,966,888,35,13,22
0.5 Scen,2010,193,Hamilton County,8517,4195,4322,7495,3651,3844,38,25,13,863,457,406,121,62,59
0.5 Scen,2011,193,Hamilton County,8520,4206,4314,7480,3651,3829,39,26,13,879,466,413,122,63,59
0.5 Scen,2012,193,Hamilton County,8517,4216,4301,7458,3652,3806,40,26,14,897,475,422,122,63,59
0.5 Scen,2013,193,Hamilton County,8511,4222,4289,7433,3647,3786,40,26,14,915,485,430,123,64,59
0.5 Scen,2014,193,Hamilton County,8513,4232,4281,7414,3646,3768,40,26,14,935,496,439,124,64,60
0.5 Scen,2015,193,Hamilton County,8506,4241,4265,7385,3642,3743,41,27,14,955,507,448,125,65,60
0.5 Scen,2016,193,Hamilton County,8503,4245,4258,7358,3635,3723,41,27,14,977,518,459,127,65,62
0.5 Scen,2017,193,Hamilton County,8512,4251,4261,7346,3629,3717,41,27,14,997,529,468,128,66,62
0.5 Scen,2018,193,Hamilton County,8520,4261,4259,7330,3625,3705,41,27,14,1020,543,477,129,66,63
0.5 Scen,2019,193,Hamilton County,8516,4262,4254,7302,3613,3689,41,27,14,1043,555,488,130,67,63
0.5 Scen,2020,193,Hamilton County,8528,4271,4257,7288,3610,3678,41,27,14,1068,567,501,131,67,64
0.5 Scen,2021,193,Hamilton County,8530,4274,4256,7266,3601,3665,41,27,14,1090,578,512,133,68,65
0.5 Scen,2022,193,Hamilton County,8543,4288,4255,7254,3601,3653,41,27,14,1113,591,522,135,69,66
0.5 Scen,2023,193,Hamilton County,8558,4298,4260,7245,3598,3647,41,27,14,1135,603,532,137,70,67
0.5 Scen,2024,193,Hamilton County,8578,4316,4262,7239,3601,3638,41,27,14,1159,617,542,139,71,68
0.5 Scen,2025,193,Hamilton County,8579,4320,4259,7219,3593,3626,41,27,14,1180,629,551,139,71,68
0.5 Scen,2026,193,Hamilton County,8596,4335,4261,7212,3595,3617,41,27,14,1202,641,561,141,72,69
0.5 Scen,2027,193,Hamilton County,8597,4343,4254,7191,3592,3599,41,27,14,1222,651,571,143,73,70
0.5 Scen,2028,193,Hamilton County,8602,4355,4247,7173,3593,3580,41,27,14,1243,661,582,145,74,71
0.5 Scen,2029,193,Hamilton County,8607,4369,4238,7157,3596,3561,41,27,14,1263,672,591,146,74,72
0.5 Scen,2030,193,Hamilton County,8616,4379,4237,7144,3594,3550,41,27,14,1283,683,600,148,75,73
0.5 Scen,2031,193,Hamilton County,8627,4396,4231,7130,3598,3532,41,27,14,1306,695,611,150,76,74
0.5 Scen,2032,193,Hamilton County,8632,4410,4222,7113,3599,3514,41,27,14,1326,707,619,152,77,75
0.5 Scen,2033,193,Hamilton County,8642,4423,4219,7099,3598,3501,41,27,14,1348,719,629,154,79,75
0.5 Scen,2034,193,Hamilton County,8643,4431,4212,7080,3597,3483,40,26,14,1368,729,639,155,79,76
0.5 Scen,2035,193,Hamilton County,8642,4438,4204,7063,3593,3470,40,26,14,1385,739,646,154,80,74
0.5 Scen,2036,193,Hamilton County,8639,4441,4198,7042,3588,3454,40,26,14,1403,748,655,154,79,75
0.5 Scen,2037,193,Hamilton County,8631,4442,4189,7015,3580,3435,40,26,14,1423,757,666,153,79,74
0.5 Scen,2038,193,Hamilton County,8613,4438,4175,6980,3566,3414,40,26,14,1441,768,673,152,78,74
0.5 Scen,2039,193,Hamilton County,8608,4443,4165,6962,3566,3396,40,26,14,1456,775,681,150,76,74
0.5 Scen,2040,193,Hamilton County,8593,4440,4153,6937,3558,3379,40,26,14,1467,781,686,149,75,74
0.5 Scen,2041,193,Hamilton County,8576,4441,4135,6907,3551,3356,40,26,14,1480,788,692,149,76,73
0.5 Scen,2042,193,Hamilton County,8576,4451,4125,6897,3557,3340,40,26,14,1491,793,698,148,75,73
0.5 Scen,2043,193,Hamilton County,8561,4449,4112,6873,3550,3323,41,27,14,1500,797,703,147,75,72
0.5 Scen,2044,193,Hamilton County,8559,4451,4108,6856,3546,3310,41,27,14,1516,804,712,146,74,72
0.5 Scen,2045,193,Hamilton County,8537,4446,4091,6826,3538,3288,41,27,14,1525,806,719,145,75,70
0.5 Scen,2046,193,Hamilton County,8532,4448,4084,6809,3532,3277,41,27,14,1536,813,723,146,76,70
0.5 Scen,2047,193,Hamilton County,8508,4442,4066,6784,3524,3260,40,26,14,1542,817,725,142,75,67
0.5 Scen,2048,193,Hamilton County,8512,4448,4064,6773,3523,3250,39,25,14,1559,826,733,141,74,67
0.5 Scen,2049,193,Hamilton County,8509,4447,4062,6757,3517,3240,38,24,14,1574,832,742,140,74,66
0.5 Scen,2050,193,Hamilton County,8503,4444,4059,6739,3509,3230,37,23,14,1590,840,750,137,72,65
0.5 Scen,2010,195,Hansford County,5613,2803,2810,3088,1487,1601,31,17,14,2430,1270,1160,64,29,35
0.5 Scen,2011,195,Hansford County,5662,2833,2829,3093,1493,1600,31,17,14,2473,1293,1180,65,30,35
0.5 Scen,2012,195,Hansford County,5719,2869,2850,3100,1503,1597,31,17,14,2522,1319,1203,66,30,36
0.5 Scen,2013,195,Hansford County,5766,2897,2869,3097,1503,1594,31,17,14,2572,1346,1226,66,31,35
0.5 Scen,2014,195,Hansford County,5826,2930,2896,3103,1507,1596,31,17,14,2625,1375,1250,67,31,36
0.5 Scen,2015,195,Hansford County,5886,2959,2927,3106,1507,1599,31,17,14,2682,1404,1278,67,31,36
0.5 Scen,2016,195,Hansford County,5934,2991,2943,3105,1510,1595,31,17,14,2730,1433,1297,68,31,37
0.5 Scen,2017,195,Hansford County,5981,3016,2965,3110,1513,1597,31,17,14,2771,1454,1317,69,32,37
0.5 Scen,2018,195,Hansford County,6029,3044,2985,3106,1514,1592,31,17,14,2821,1481,1340,71,32,39
0.5 Scen,2019,195,Hansford County,6091,3081,3010,3109,1518,1591,31,17,14,2878,1513,1365,73,33,40
0.5 Scen,2020,195,Hansford County,6146,3114,3032,3108,1521,1587,31,17,14,2932,1542,1390,75,34,41
0.5 Scen,2021,195,Hansford County,6210,3150,3060,3108,1523,1585,31,17,14,2995,1575,1420,76,35,41
0.5 Scen,2022,195,Hansford County,6274,3182,3092,3107,1523,1584,31,17,14,3059,1607,1452,77,35,42
0.5 Scen,2023,195,Hansford County,6349,3225,3124,3115,1528,1587,31,17,14,3125,1644,1481,78,36,42
0.5 Scen,2024,195,Hansford County,6415,3262,3153,3114,1532,1582,31,17,14,3191,1677,1514,79,36,43
0.5 Scen,2025,195,Hansford County,6488,3302,3186,3118,1537,1581,31,17,14,3258,1710,1548,81,38,43
0.5 Scen,2026,195,Hansford County,6549,3335,3214,3115,1539,1576,30,16,14,3322,1742,1580,82,38,44
0.5 Scen,2027,195,Hansford County,6622,3375,3247,3118,1542,1576,30,16,14,3392,1778,1614,82,39,43
0.5 Scen,2028,195,Hansford County,6696,3414,3282,3124,1546,1578,29,16,13,3460,1813,1647,83,39,44
0.5 Scen,2029,195,Hansford County,6760,3450,3310,3122,1546,1576,30,17,13,3524,1847,1677,84,40,44
0.5 Scen,2030,195,Hansford County,6825,3484,3341,3123,1549,1574,30,16,14,3587,1879,1708,85,40,45
0.5 Scen,2031,195,Hansford County,6876,3515,3361,3117,1545,1572,29,16,13,3644,1913,1731,86,41,45
0.5 Scen,2032,195,Hansford County,6940,3547,3393,3122,1548,1574,29,16,13,3705,1944,1761,84,39,45
0.5 Scen,2033,195,Hansford County,7011,3585,3426,3127,1552,1575,29,16,13,3771,1978,1793,84,39,45
0.5 Scen,2034,195,Hansford County,7075,3625,3450,3125,1554,1571,29,16,13,3837,2016,1821,84,39,45
0.5 Scen,2035,195,Hansford County,7135,3658,3477,3119,1550,1569,29,16,13,3902,2052,1850,85,40,45
0.5 Scen,2036,195,Hansford County,7192,3689,3503,3115,1549,1566,29,16,13,3963,2084,1879,85,40,45
0.5 Scen,2037,195,Hansford County,7245,3724,3521,3114,1552,1562,29,16,13,4018,2116,1902,84,40,44
0.5 Scen,2038,195,Hansford County,7306,3759,3547,3116,1556,1560,29,16,13,4077,2147,1930,84,40,44
0.5 Scen,2039,195,Hansford County,7358,3786,3572,3111,1557,1554,29,16,13,4133,2172,1961,85,41,44
0.5 Scen,2040,195,Hansford County,7398,3810,3588,3110,1562,1548,29,16,13,4174,2191,1983,85,41,44
0.5 Scen,2041,195,Hansford County,7447,3841,3606,3110,1565,1545,29,16,13,4222,2218,2004,86,42,44
0.5 Scen,2042,195,Hansford County,7500,3873,3627,3114,1570,1544,29,16,13,4270,2245,2025,87,42,45
0.5 Scen,2043,195,Hansford County,7548,3904,3644,3115,1576,1539,29,16,13,4317,2269,2048,87,43,44
0.5 Scen,2044,195,Hansford County,7597,3930,3667,3114,1578,1536,29,16,13,4366,2293,2073,88,43,45
0.5 Scen,2045,195,Hansford County,7648,3966,3682,3116,1584,1532,29,16,13,4414,2322,2092,89,44,45
0.5 Scen,2046,195,Hansford County,7701,3994,3707,3116,1584,1532,29,16,13,4466,2350,2116,90,44,46
0.5 Scen,2047,195,Hansford County,7752,4026,3726,3125,1592,1533,28,15,13,4509,2375,2134,90,44,46
0.5 Scen,2048,195,Hansford County,7802,4056,3746,3131,1600,1531,27,15,12,4553,2397,2156,91,44,47
0.5 Scen,2049,195,Hansford County,7853,4092,3761,3134,1607,1527,27,15,12,4601,2425,2176,91,45,46
0.5 Scen,2050,195,Hansford County,7911,4125,3786,3142,1611,1531,27,15,12,4650,2454,2196,92,45,47
0.5 Scen,2010,197,Hardeman County,4139,2051,2088,2938,1419,1519,217,116,101,889,460,429,95,56,39
0.5 Scen,2011,197,Hardeman County,4154,2062,2092,2933,1417,1516,217,117,100,908,471,437,96,57,39
0.5 Scen,2012,197,Hardeman County,4167,2072,2095,2929,1418,1511,217,118,99,924,479,445,97,57,40
0.5 Scen,2013,197,Hardeman County,4182,2081,2101,2923,1415,1508,218,119,99,944,490,454,97,57,40
0.5 Scen,2014,197,Hardeman County,4195,2089,2106,2910,1409,1501,220,119,101,967,504,463,98,57,41
0.5 Scen,2015,197,Hardeman County,4208,2099,2109,2904,1405,1499,222,121,101,984,515,469,98,58,40
0.5 Scen,2016,197,Hardeman County,4219,2105,2114,2889,1399,1490,224,122,102,1007,526,481,99,58,41
0.5 Scen,2017,197,Hardeman County,4229,2116,2113,2874,1396,1478,226,124,102,1029,537,492,100,59,41
0.5 Scen,2018,197,Hardeman County,4230,2118,2112,2855,1388,1467,227,124,103,1047,547,500,101,59,42
0.5 Scen,2019,197,Hardeman County,4239,2124,2115,2842,1382,1460,228,125,103,1067,557,510,102,60,42
0.5 Scen,2020,197,Hardeman County,4248,2129,2119,2827,1374,1453,230,126,104,1088,569,519,103,60,43
0.5 Scen,2021,197,Hardeman County,4262,2144,2118,2811,1370,1441,232,127,105,1113,585,528,106,62,44
0.5 Scen,2022,197,Hardeman County,4279,2155,2124,2807,1370,1437,232,127,105,1133,596,537,107,62,45
0.5 Scen,2023,197,Hardeman County,4292,2164,2128,2798,1367,1431,233,128,105,1153,606,547,108,63,45
0.5 Scen,2024,197,Hardeman County,4302,2177,2125,2787,1369,1418,232,127,105,1175,619,556,108,62,46
0.5 Scen,2025,197,Hardeman County,4310,2182,2128,2773,1361,1412,231,127,104,1197,631,566,109,63,46
0.5 Scen,2026,197,Hardeman County,4316,2187,2129,2756,1353,1403,230,126,104,1220,645,575,110,63,47
0.5 Scen,2027,197,Hardeman County,4327,2195,2132,2745,1348,1397,229,126,103,1242,656,586,111,65,46
0.5 Scen,2028,197,Hardeman County,4335,2201,2134,2732,1343,1389,227,125,102,1264,668,596,112,65,47
0.5 Scen,2029,197,Hardeman County,4351,2212,2139,2717,1335,1382,227,126,101,1294,685,609,113,66,47
0.5 Scen,2030,197,Hardeman County,4357,2219,2138,2698,1328,1370,226,125,101,1319,700,619,114,66,48
0.5 Scen,2031,197,Hardeman County,4371,2236,2135,2685,1326,1359,226,126,100,1345,717,628,115,67,48
0.5 Scen,2032,197,Hardeman County,4374,2239,2135,2665,1315,1350,225,125,100,1368,732,636,116,67,49
0.5 Scen,2033,197,Hardeman County,4374,2242,2132,2640,1305,1335,226,125,101,1392,745,647,116,67,49
0.5 Scen,2034,197,Hardeman County,4377,2248,2129,2620,1298,1322,224,124,100,1416,759,657,117,67,50
0.5 Scen,2035,197,Hardeman County,4389,2258,2131,2608,1293,1315,224,124,100,1440,773,667,117,68,49
0.5 Scen,2036,197,Hardeman County,4393,2258,2135,2590,1284,1306,224,124,100,1461,782,679,118,68,50
0.5 Scen,2037,197,Hardeman County,4399,2264,2135,2575,1279,1296,224,124,100,1481,792,689,119,69,50
0.5 Scen,2038,197,Hardeman County,4402,2272,2130,2555,1274,1281,224,124,100,1504,806,698,119,68,51
0.5 Scen,2039,197,Hardeman County,4407,2273,2134,2538,1265,1273,224,124,100,1526,816,710,119,68,51
0.5 Scen,2040,197,Hardeman County,4404,2277,2127,2515,1259,1256,224,124,100,1546,827,719,119,67,52
0.5 Scen,2041,197,Hardeman County,4405,2279,2126,2495,1250,1245,223,123,100,1568,839,729,119,67,52
0.5 Scen,2042,197,Hardeman County,4405,2280,2125,2473,1239,1234,224,123,101,1589,851,738,119,67,52
0.5 Scen,2043,197,Hardeman County,4396,2283,2113,2447,1232,1215,222,122,100,1607,861,746,120,68,52
0.5 Scen,2044,197,Hardeman County,4409,2292,2117,2436,1230,1206,222,122,100,1631,873,758,120,67,53
0.5 Scen,2045,197,Hardeman County,4417,2306,2111,2422,1228,1194,221,122,99,1654,889,765,120,67,53
0.5 Scen,2046,197,Hardeman County,4433,2318,2115,2417,1229,1188,220,121,99,1676,902,774,120,66,54
0.5 Scen,2047,197,Hardeman County,4438,2328,2110,2401,1224,1177,219,121,98,1699,917,782,119,66,53
0.5 Scen,2048,197,Hardeman County,4450,2336,2114,2391,1221,1170,217,119,98,1724,931,793,118,65,53
0.5 Scen,2049,197,Hardeman County,4457,2347,2110,2374,1215,1159,215,118,97,1750,949,801,118,65,53
0.5 Scen,2050,197,Hardeman County,4472,2357,2115,2362,1213,1149,213,116,97,1779,965,814,118,63,55
0.5 Scen,2010,199,Hardin County,54635,26942,27693,48088,23701,24387,3181,1497,1684,2384,1254,1130,982,490,492
0.5 Scen,2011,199,Hardin County,55121,27177,27944,48442,23872,24570,3220,1513,1707,2461,1295,1166,998,497,501
0.5 Scen,2012,199,Hardin County,55626,27417,28209,48812,24048,24764,3259,1529,1730,2538,1334,1204,1017,506,511
0.5 Scen,2013,199,Hardin County,56138,27663,28475,49184,24226,24958,3297,1546,1751,2620,1375,1245,1037,516,521
0.5 Scen,2014,199,Hardin County,56603,27887,28716,49513,24383,25130,3331,1562,1769,2702,1415,1287,1057,527,530
0.5 Scen,2015,199,Hardin County,57083,28119,28964,49861,24546,25315,3358,1575,1783,2789,1459,1330,1075,539,536
0.5 Scen,2016,199,Hardin County,57545,28339,29206,50199,24705,25494,3384,1587,1797,2873,1500,1373,1089,547,542
0.5 Scen,2017,199,Hardin County,57997,28560,29437,50517,24853,25664,3412,1603,1809,2958,1542,1416,1110,562,548
0.5 Scen,2018,199,Hardin County,58444,28767,29677,50828,24995,25833,3443,1615,1828,3050,1587,1463,1123,570,553
0.5 Scen,2019,199,Hardin County,58898,28975,29923,51136,25138,25998,3478,1625,1853,3144,1634,1510,1140,578,562
0.5 Scen,2020,199,Hardin County,59349,29183,30166,51439,25274,26165,3509,1637,1872,3247,1686,1561,1154,586,568
0.5 Scen,2021,199,Hardin County,59825,29421,30404,51763,25434,26329,3538,1651,1887,3355,1740,1615,1169,596,573
0.5 Scen,2022,199,Hardin County,60290,29646,30644,52074,25585,26489,3564,1660,1904,3467,1794,1673,1185,607,578
0.5 Scen,2023,199,Hardin County,60744,29865,30879,52383,25731,26652,3586,1668,1918,3578,1851,1727,1197,615,582
0.5 Scen,2024,199,Hardin County,61190,30085,31105,52673,25870,26803,3609,1680,1929,3697,1912,1785,1211,623,588
0.5 Scen,2025,199,Hardin County,61630,30295,31335,52963,26008,26955,3626,1683,1943,3816,1973,1843,1225,631,594
0.5 Scen,2026,199,Hardin County,62069,30505,31564,53239,26134,27105,3645,1691,1954,3947,2040,1907,1238,640,598
0.5 Scen,2027,199,Hardin County,62491,30712,31779,53479,26247,27232,3674,1705,1969,4081,2109,1972,1257,651,606
0.5 Scen,2028,199,Hardin County,62905,30908,31997,53716,26354,27362,3688,1712,1976,4222,2177,2045,1279,665,614
0.5 Scen,2029,199,Hardin County,63305,31102,32203,53951,26464,27487,3699,1716,1983,4361,2250,2111,1294,672,622
0.5 Scen,2030,199,Hardin County,63687,31287,32400,54166,26566,27600,3707,1719,1988,4496,2317,2179,1318,685,633
0.5 Scen,2031,199,Hardin County,64045,31473,32572,54363,26664,27699,3720,1729,1991,4628,2387,2241,1334,693,641
0.5 Scen,2032,199,Hardin County,64406,31652,32754,54551,26749,27802,3730,1737,1993,4768,2461,2307,1357,705,652
0.5 Scen,2033,199,Hardin County,64778,31840,32938,54731,26840,27891,3748,1743,2005,4911,2533,2378,1388,724,664
0.5 Scen,2034,199,Hardin County,65088,31995,33093,54873,26910,27963,3746,1741,2005,5054,2606,2448,1415,738,677
0.5 Scen,2035,199,Hardin County,65408,32151,33257,54998,26968,28030,3762,1749,2013,5204,2679,2525,1444,755,689
0.5 Scen,2036,199,Hardin County,65705,32296,33409,55108,27018,28090,3773,1757,2016,5352,2752,2600,1472,769,703
0.5 Scen,2037,199,Hardin County,65964,32423,33541,55189,27065,28124,3784,1759,2025,5490,2817,2673,1501,782,719
0.5 Scen,2038,199,Hardin County,66238,32567,33671,55273,27111,28162,3790,1764,2026,5646,2893,2753,1529,799,730
0.5 Scen,2039,199,Hardin County,66501,32712,33789,55340,27146,28194,3801,1774,2027,5803,2972,2831,1557,820,737
0.5 Scen,2040,199,Hardin County,66742,32851,33891,55387,27177,28210,3806,1781,2025,5963,3056,2907,1586,837,749
0.5 Scen,2041,199,Hardin County,66980,32984,33996,55424,27203,28221,3816,1788,2028,6119,3135,2984,1621,858,763
0.5 Scen,2042,199,Hardin County,67206,33116,34090,55451,27226,28225,3818,1797,2021,6284,3217,3067,1653,876,777
0.5 Scen,2043,199,Hardin County,67414,33230,34184,55453,27233,28220,3842,1809,2033,6444,3298,3146,1675,890,785
0.5 Scen,2044,199,Hardin County,67622,33346,34276,55465,27249,28216,3858,1816,2042,6597,3379,3218,1702,902,800
0.5 Scen,2045,199,Hardin County,67834,33466,34368,55475,27264,28211,3873,1824,2049,6758,3464,3294,1728,914,814
0.5 Scen,2046,199,Hardin County,68030,33580,34450,55473,27271,28202,3886,1834,2052,6917,3548,3369,1754,927,827
0.5 Scen,2047,199,Hardin County,68226,33697,34529,55463,27277,28186,3893,1839,2054,7090,3635,3455,1780,946,834
0.5 Scen,2048,199,Hardin County,68441,33816,34625,55463,27281,28182,3910,1854,2056,7266,3724,3542,1802,957,845
0.5 Scen,2049,199,Hardin County,68665,33952,34713,55465,27290,28175,3917,1864,2053,7455,3822,3633,1828,976,852
0.5 Scen,2050,199,Hardin County,68888,34082,34806,55466,27302,28164,3928,1870,2058,7637,3918,3719,1857,992,865
0.5 Scen,2010,201,Harris County,4092459,2037405,2055054,1349646,669458,680188,754258,352748,401510,1671540,858840,812700,317015,156359,160656
0.5 Scen,2011,201,Harris County,4150225,2067531,2082694,1347058,668892,678166,762705,357025,405680,1715298,881316,833982,325164,160298,164866
0.5 Scen,2012,201,Harris County,4209016,2097951,2111065,1344481,668071,676410,771352,361331,410021,1759636,904079,855557,333547,164470,169077
0.5 Scen,2013,201,Harris County,4268189,2128857,2139332,1341845,667342,674503,779539,365559,413980,1804683,927274,877409,342122,168682,173440
0.5 Scen,2014,201,Harris County,4328510,2159948,2168562,1339454,666762,672692,787986,369684,418302,1850208,950625,899583,350862,172877,177985
0.5 Scen,2015,201,Harris County,4387851,2190954,2196897,1336082,665635,670447,795890,373863,422027,1896331,974228,922103,359548,177228,182320
0.5 Scen,2016,201,Harris County,4447567,2221694,2225873,1332691,664448,668243,803851,377725,426126,1942619,997945,944674,368406,181576,186830
0.5 Scen,2017,201,Harris County,4507499,2252731,2254768,1328900,663159,665741,811481,381643,429838,1989668,1021997,967671,377450,185932,191518
0.5 Scen,2018,201,Harris County,4566527,2283339,2283188,1324383,661483,662900,818721,385280,433441,2037128,1046342,990786,386295,190234,196061
0.5 Scen,2019,201,Harris County,4624668,2313870,2310798,1319320,659330,659990,825498,388908,436590,2084720,1070830,1013890,395130,194802,200328
0.5 Scen,2020,201,Harris County,4683874,2344081,2339793,1314007,657095,656912,832559,392289,440270,2133401,1095695,1037706,403907,199002,204905
0.5 Scen,2021,201,Harris County,4742981,2374768,2368213,1308128,654617,653511,839023,395796,443227,2183076,1121011,1062065,412754,203344,209410
0.5 Scen,2022,201,Harris County,4802006,2405319,2396687,1301866,651952,649914,845435,399066,446369,2233230,1146717,1086513,421475,207584,213891
0.5 Scen,2023,201,Harris County,4860457,2435341,2425116,1294860,648771,646089,851901,402202,449699,2283523,1172469,1111054,430173,211899,218274
0.5 Scen,2024,201,Harris County,4919249,2465582,2453667,1287600,645474,642126,857909,405384,452525,2334846,1198669,1136177,438894,216055,222839
0.5 Scen,2025,201,Harris County,4977435,2495749,2481686,1279800,641930,637870,862844,408123,454721,2386923,1225274,1161649,447868,220422,227446
0.5 Scen,2026,201,Harris County,5035526,2525774,2509752,1271565,638233,633332,868585,410901,457684,2439264,1252030,1187234,456112,224610,231502
0.5 Scen,2027,201,Harris County,5092540,2555205,2537335,1262672,634019,628653,873223,413458,459765,2491896,1278818,1213078,464749,228910,235839
0.5 Scen,2028,201,Harris County,5150155,2584820,2565335,1253333,629673,623660,878039,415897,462142,2545362,1306236,1239126,473421,233014,240407
0.5 Scen,2029,201,Harris County,5206167,2613828,2592339,1243459,625033,618426,882189,418323,463866,2598948,1333589,1265359,481571,236883,244688
0.5 Scen,2030,201,Harris County,5262009,2642811,2619198,1233563,620424,613139,886051,420479,465572,2652431,1360699,1291732,489964,241209,248755
0.5 Scen,2031,201,Harris County,5318560,2671939,2646621,1223335,615660,607675,890002,422488,467514,2706901,1388690,1318211,498322,245101,253221
0.5 Scen,2032,201,Harris County,5373141,2700461,2672680,1212626,610638,601988,892917,424266,468651,2760941,1416165,1344776,506657,249392,257265
0.5 Scen,2033,201,Harris County,5427822,2728720,2699102,1201480,605371,596109,896219,426147,470072,2815277,1443878,1371399,514846,253324,261522
0.5 Scen,2034,201,Harris County,5482435,2757115,2725320,1190298,600132,590166,898741,427654,471087,2869978,1471910,1398068,523418,257419,265999
0.5 Scen,2035,201,Harris County,5536397,2785162,2751235,1178805,594726,584079,901419,429289,472130,2924196,1499442,1424754,531977,261705,270272
0.5 Scen,2036,201,Harris County,5589624,2813182,2776442,1167386,589408,577978,903538,430673,472865,2978507,1527332,1451175,540193,265769,274424
0.5 Scen,2037,201,Harris County,5642833,2840642,2802191,1155602,583883,571719,905437,431926,473511,3033136,1555035,1478101,548658,269798,278860
0.5 Scen,2038,201,Harris County,5695205,2868124,2827081,1143626,578247,565379,906790,432834,473956,3087443,1582861,1504582,557346,274182,283164
0.5 Scen,2039,201,Harris County,5747600,2895759,2851841,1131681,572662,559019,908476,434096,474380,3141771,1610637,1531134,565672,278364,287308
0.5 Scen,2040,201,Harris County,5799833,2923172,2876661,1119523,566969,552554,909475,435020,474455,3196491,1638619,1557872,574344,282564,291780
0.5 Scen,2041,201,Harris County,5851343,2950162,2901181,1107431,561358,546073,910314,435675,474639,3250746,1666367,1584379,582852,286762,296090
0.5 Scen,2042,201,Harris County,5902424,2976921,2925503,1095249,555648,539601,911071,436249,474822,3304929,1694099,1610830,591175,290925,300250
0.5 Scen,2043,201,Harris County,5953147,3003956,2949191,1083061,549983,533078,911427,437043,474384,3358898,1721832,1637066,599761,295098,304663
0.5 Scen,2044,201,Harris County,6004216,3030967,2973249,1070852,544303,526549,911962,437797,474165,3413196,1749584,1663612,608206,299283,308923
0.5 Scen,2045,201,Harris County,6054593,3057660,2996933,1058631,538641,519990,912243,438277,473966,3467151,1777328,1689823,616568,303414,313154
0.5 Scen,2046,201,Harris County,6104411,3084093,3020318,1046463,533006,513457,912138,438680,473458,3521224,1804937,1716287,624586,307470,317116
0.5 Scen,2047,201,Harris County,6154628,3110768,3043860,1034463,527462,507001,911853,438996,472857,3575272,1832790,1742482,633040,311520,321520
0.5 Scen,2048,201,Harris County,6204329,3137314,3067015,1022561,521948,500613,910944,439049,471895,3629511,1860662,1768849,641313,315655,325658
0.5 Scen,2049,201,Harris County,6254356,3164272,3090084,1010807,516511,494296,910562,439399,471163,3683871,1888696,1795175,649116,319666,329450
0.5 Scen,2050,201,Harris County,6304828,3191103,3113725,999083,511063,488020,910002,439498,470504,3738552,1916900,1821652,657191,323642,333549
0.5 Scen,2010,203,Harrison County,65631,32224,33407,42654,20968,21686,14303,6655,7648,7254,3891,3363,1420,710,710
0.5 Scen,2011,203,Harrison County,66113,32515,33598,42737,21037,21700,14365,6700,7665,7547,4044,3503,1464,734,730
0.5 Scen,2012,203,Harrison County,66614,32803,33811,42833,21097,21736,14429,6748,7681,7844,4201,3643,1508,757,751
0.5 Scen,2013,203,Harrison County,67098,33086,34012,42906,21153,21753,14482,6791,7691,8159,4362,3797,1551,780,771
0.5 Scen,2014,203,Harrison County,67599,33377,34222,42963,21200,21763,14542,6836,7706,8493,4535,3958,1601,806,795
0.5 Scen,2015,203,Harrison County,68083,33659,34424,43020,21249,21771,14590,6870,7720,8824,4707,4117,1649,833,816
0.5 Scen,2016,203,Harrison County,68577,33947,34630,43072,21294,21778,14636,6904,7732,9171,4891,4280,1698,858,840
0.5 Scen,2017,203,Harrison County,69053,34237,34816,43098,21327,21771,14672,6944,7728,9542,5084,4458,1741,882,859
0.5 Scen,2018,203,Harrison County,69535,34517,35018,43113,21354,21759,14702,6971,7731,9936,5289,4647,1784,903,881
0.5 Scen,2019,203,Harrison County,70031,34812,35219,43125,21382,21743,14736,6997,7739,10342,5504,4838,1828,929,899
0.5 Scen,2020,203,Harrison County,70528,35098,35430,43132,21403,21729,14751,7022,7729,10768,5718,5050,1877,955,922
0.5 Scen,2021,203,Harrison County,71049,35401,35648,43140,21428,21712,14770,7041,7729,11213,5951,5262,1926,981,945
0.5 Scen,2022,203,Harrison County,71585,35713,35872,43149,21453,21696,14781,7059,7722,11679,6196,5483,1976,1005,971
0.5 Scen,2023,203,Harrison County,72153,36037,36116,43155,21477,21678,14801,7078,7723,12168,6448,5720,2029,1034,995
0.5 Scen,2024,203,Harrison County,72681,36337,36344,43145,21485,21660,14794,7089,7705,12661,6701,5960,2081,1062,1019
0.5 Scen,2025,203,Harrison County,73241,36640,36601,43111,21483,21628,14798,7092,7706,13189,6971,6218,2143,1094,1049
0.5 Scen,2026,203,Harrison County,73796,36952,36844,43070,21478,21592,14796,7097,7699,13730,7249,6481,2200,1128,1072
0.5 Scen,2027,203,Harrison County,74363,37277,37086,43032,21477,21555,14779,7099,7680,14284,7539,6745,2268,1162,1106
0.5 Scen,2028,203,Harrison County,74936,37603,37333,42970,21461,21509,14767,7105,7662,14863,7835,7028,2336,1202,1134
0.5 Scen,2029,203,Harrison County,75473,37896,37577,42885,21431,21454,14742,7095,7647,15447,8132,7315,2399,1238,1161
0.5 Scen,2030,203,Harrison County,76023,38206,37817,42797,21404,21393,14718,7095,7623,16043,8434,7609,2465,1273,1192
0.5 Scen,2031,203,Harrison County,76554,38511,38043,42692,21379,21313,14684,7085,7599,16645,8736,7909,2533,1311,1222
0.5 Scen,2032,203,Harrison County,77088,38816,38272,42569,21337,21232,14641,7073,7568,17270,9054,8216,2608,1352,1256
0.5 Scen,2033,203,Harrison County,77581,39096,38485,42406,21271,21135,14591,7063,7528,17903,9370,8533,2681,1392,1289
0.5 Scen,2034,203,Harrison County,78077,39381,38696,42228,21199,21029,14541,7048,7493,18545,9695,8850,2763,1439,1324
0.5 Scen,2035,203,Harrison County,78600,39660,38940,42047,21128,20919,14485,7020,7465,19219,10032,9187,2849,1480,1369
0.5 Scen,2036,203,Harrison County,79107,39950,39157,41845,21043,20802,14424,7009,7415,19906,10376,9530,2932,1522,1410
0.5 Scen,2037,203,Harrison County,79617,40242,39375,41629,20954,20675,14356,6987,7369,20607,10729,9878,3025,1572,1453
0.5 Scen,2038,203,Harrison County,80147,40541,39606,41413,20868,20545,14289,6961,7328,21328,11092,10236,3117,1620,1497
0.5 Scen,2039,203,Harrison County,80664,40836,39828,41170,20768,20402,14220,6936,7284,22066,11467,10599,3208,1665,1543
0.5 Scen,2040,203,Harrison County,81190,41135,40055,40915,20663,20252,14141,6899,7242,22830,11857,10973,3304,1716,1588
0.5 Scen,2041,203,Harrison County,81748,41462,40286,40657,20559,20098,14065,6870,7195,23620,12262,11358,3406,1771,1635
0.5 Scen,2042,203,Harrison County,82333,41796,40537,40396,20447,19949,13988,6843,7145,24438,12680,11758,3511,1826,1685
0.5 Scen,2043,203,Harrison County,82940,42144,40796,40127,20335,19792,13903,6813,7090,25289,13111,12178,3621,1885,1736
0.5 Scen,2044,203,Harrison County,83580,42512,41068,39854,20220,19634,13826,6785,7041,26170,13561,12609,3730,1946,1784
0.5 Scen,2045,203,Harrison County,84247,42884,41363,39564,20093,19471,13747,6757,6990,27075,14019,13056,3861,2015,1846
0.5 Scen,2046,203,Harrison County,84949,43282,41667,39283,19973,19310,13669,6731,6938,28013,14497,13516,3984,2081,1903
0.5 Scen,2047,203,Harrison County,85715,43707,42008,39007,19851,19156,13590,6703,6887,28998,14999,13999,4120,2154,1966
0.5 Scen,2048,203,Harrison County,86500,44144,42356,38733,19740,18993,13507,6670,6837,30012,15514,14498,4248,2220,2028
0.5 Scen,2049,203,Harrison County,87318,44607,42711,38459,19625,18834,13422,6645,6777,31047,16042,15005,4390,2295,2095
0.5 Scen,2050,203,Harrison County,88192,45093,43099,38201,19522,18679,13343,6616,6727,32118,16589,15529,4530,2366,2164
0.5 Scen,2010,205,Hartley County,6062,3700,2362,4111,2242,1869,416,410,6,1448,1006,442,87,42,45
0.5 Scen,2011,205,Hartley County,6082,3711,2371,4111,2242,1869,416,410,6,1466,1016,450,89,43,46
0.5 Scen,2012,205,Hartley County,6101,3726,2375,4113,2247,1866,416,410,6,1481,1025,456,91,44,47
0.5 Scen,2013,205,Hartley County,6110,3734,2376,4103,2245,1858,416,410,6,1498,1034,464,93,45,48
0.5 Scen,2014,205,Hartley County,6121,3746,2375,4094,2245,1849,417,411,6,1515,1044,471,95,46,49
0.5 Scen,2015,205,Hartley County,6143,3761,2382,4095,2249,1846,417,411,6,1535,1054,481,96,47,49
0.5 Scen,2016,205,Hartley County,6166,3775,2391,4098,2253,1845,418,412,6,1553,1063,490,97,47,50
0.5 Scen,2017,205,Hartley County,6192,3797,2395,4100,2260,1840,418,412,6,1575,1077,498,99,48,51
0.5 Scen,2018,205,Hartley County,6213,3812,2401,4099,2263,1836,419,413,6,1594,1087,507,101,49,52
0.5 Scen,2019,205,Hartley County,6230,3827,2403,4095,2265,1830,419,413,6,1613,1099,514,103,50,53
0.5 Scen,2020,205,Hartley County,6256,3840,2416,4099,2268,1831,419,413,6,1632,1108,524,106,51,55
0.5 Scen,2021,205,Hartley County,6287,3858,2429,4105,2272,1833,419,413,6,1655,1121,534,108,52,56
0.5 Scen,2022,205,Hartley County,6323,3879,2444,4118,2281,1837,418,412,6,1677,1133,544,110,53,57
0.5 Scen,2023,205,Hartley County,6360,3895,2465,4131,2286,1845,416,410,6,1701,1145,556,112,54,58
0.5 Scen,2024,205,Hartley County,6400,3916,2484,4146,2294,1852,416,410,6,1724,1157,567,114,55,59
0.5 Scen,2025,205,Hartley County,6431,3934,2497,4153,2301,1852,413,407,6,1749,1170,579,116,56,60
0.5 Scen,2026,205,Hartley County,6461,3949,2512,4158,2306,1852,410,404,6,1775,1182,593,118,57,61
0.5 Scen,2027,205,Hartley County,6497,3968,2529,4163,2307,1856,412,406,6,1801,1196,605,121,59,62
0.5 Scen,2028,205,Hartley County,6537,3987,2550,4178,2314,1864,410,404,6,1826,1209,617,123,60,63
0.5 Scen,2029,205,Hartley County,6578,4007,2571,4191,2321,1870,409,403,6,1853,1222,631,125,61,64
0.5 Scen,2030,205,Hartley County,6605,4020,2585,4190,2320,1870,409,403,6,1879,1235,644,127,62,65
0.5 Scen,2031,205,Hartley County,6635,4034,2601,4199,2326,1873,406,400,6,1902,1245,657,128,63,65
0.5 Scen,2032,205,Hartley County,6657,4045,2612,4197,2325,1872,404,398,6,1927,1259,668,129,63,66
0.5 Scen,2033,205,Hartley County,6666,4050,2616,4186,2324,1862,399,393,6,1951,1270,681,130,63,67
0.5 Scen,2034,205,Hartley County,6694,4068,2626,4194,2333,1861,398,392,6,1972,1280,692,130,63,67
0.5 Scen,2035,205,Hartley County,6699,4069,2630,4178,2325,1853,394,388,6,1996,1292,704,131,64,67
0.5 Scen,2036,205,Hartley County,6702,4071,2631,4165,2319,1846,394,388,6,2011,1300,711,132,64,68
0.5 Scen,2037,205,Hartley County,6716,4085,2631,4160,2323,1837,392,386,6,2031,1311,720,133,65,68
0.5 Scen,2038,205,Hartley County,6713,4081,2632,4144,2316,1828,385,379,6,2049,1320,729,135,66,69
0.5 Scen,2039,205,Hartley County,6712,4083,2629,4128,2309,1819,383,377,6,2064,1330,734,137,67,70
0.5 Scen,2040,205,Hartley County,6717,4084,2633,4120,2305,1815,378,372,6,2081,1339,742,138,68,70
0.5 Scen,2041,205,Hartley County,6728,4095,2633,4113,2304,1809,379,373,6,2096,1349,747,140,69,71
0.5 Scen,2042,205,Hartley County,6734,4096,2638,4101,2300,1801,376,370,6,2116,1357,759,141,69,72
0.5 Scen,2043,205,Hartley County,6734,4096,2638,4089,2296,1793,370,365,5,2132,1365,767,143,70,73
0.5 Scen,2044,205,Hartley County,6739,4097,2642,4078,2292,1786,366,361,5,2151,1374,777,144,70,74
0.5 Scen,2045,205,Hartley County,6737,4088,2649,4070,2284,1786,362,357,5,2159,1376,783,146,71,75
0.5 Scen,2046,205,Hartley County,6740,4088,2652,4057,2277,1780,358,353,5,2178,1386,792,147,72,75
0.5 Scen,2047,205,Hartley County,6740,4091,2649,4048,2276,1772,354,349,5,2189,1393,796,149,73,76
0.5 Scen,2048,205,Hartley County,6747,4097,2650,4039,2274,1765,353,348,5,2204,1401,803,151,74,77
0.5 Scen,2049,205,Hartley County,6765,4103,2662,4037,2272,1765,349,344,5,2227,1412,815,152,75,77
0.5 Scen,2050,205,Hartley County,6780,4114,2666,4038,2277,1761,345,340,5,2245,1421,824,152,76,76
0.5 Scen,2010,207,Haskell County,5899,3104,2795,4148,2142,2006,203,129,74,1414,750,664,134,83,51
0.5 Scen,2011,207,Haskell County,5896,3108,2788,4120,2129,1991,203,130,73,1438,765,673,135,84,51
0.5 Scen,2012,207,Haskell County,5895,3113,2782,4095,2120,1975,204,130,74,1461,779,682,135,84,51
0.5 Scen,2013,207,Haskell County,5885,3111,2774,4062,2105,1957,205,131,74,1483,791,692,135,84,51
0.5 Scen,2014,207,Haskell County,5879,3112,2767,4031,2092,1939,205,131,74,1507,805,702,136,84,52
0.5 Scen,2015,207,Haskell County,5874,3111,2763,3996,2075,1921,206,132,74,1534,819,715,138,85,53
0.5 Scen,2016,207,Haskell County,5874,3112,2762,3966,2060,1906,207,132,75,1561,834,727,140,86,54
0.5 Scen,2017,207,Haskell County,5866,3114,2752,3931,2047,1884,207,133,74,1587,847,740,141,87,54
0.5 Scen,2018,207,Haskell County,5871,3118,2753,3900,2034,1866,209,133,76,1618,863,755,144,88,56
0.5 Scen,2019,207,Haskell County,5875,3125,2750,3865,2019,1846,210,134,76,1653,882,771,147,90,57
0.5 Scen,2020,207,Haskell County,5879,3134,2745,3834,2008,1826,212,135,77,1684,900,784,149,91,58
0.5 Scen,2021,207,Haskell County,5882,3136,2746,3801,1991,1810,212,134,78,1718,919,799,151,92,59
0.5 Scen,2022,207,Haskell County,5887,3144,2743,3765,1975,1790,215,136,79,1754,940,814,153,93,60
0.5 Scen,2023,207,Haskell County,5900,3150,2750,3741,1961,1780,217,137,80,1787,958,829,155,94,61
0.5 Scen,2024,207,Haskell County,5902,3149,2753,3708,1941,1767,218,137,81,1819,976,843,157,95,62
0.5 Scen,2025,207,Haskell County,5913,3157,2756,3683,1930,1753,220,138,82,1852,994,858,158,95,63
0.5 Scen,2026,207,Haskell County,5929,3167,2762,3661,1918,1743,222,139,83,1886,1014,872,160,96,64
0.5 Scen,2027,207,Haskell County,5938,3181,2757,3631,1908,1723,223,140,83,1923,1036,887,161,97,64
0.5 Scen,2028,207,Haskell County,5955,3192,2763,3606,1894,1712,224,141,83,1962,1059,903,163,98,65
0.5 Scen,2029,207,Haskell County,5951,3194,2757,3566,1877,1689,224,141,83,1996,1077,919,165,99,66
0.5 Scen,2030,207,Haskell County,5959,3200,2759,3535,1863,1672,223,140,83,2034,1097,937,167,100,67
0.5 Scen,2031,207,Haskell County,5960,3204,2756,3497,1846,1651,222,140,82,2072,1117,955,169,101,68
0.5 Scen,2032,207,Haskell County,5972,3213,2759,3468,1833,1635,222,140,82,2111,1138,973,171,102,69
0.5 Scen,2033,207,Haskell County,5985,3223,2762,3444,1822,1622,221,140,81,2147,1158,989,173,103,70
0.5 Scen,2034,207,Haskell County,5989,3226,2763,3417,1811,1606,220,139,81,2178,1173,1005,174,103,71
0.5 Scen,2035,207,Haskell County,5969,3215,2754,3380,1792,1588,219,139,80,2196,1181,1015,174,103,71
0.5 Scen,2036,207,Haskell County,5966,3212,2754,3352,1777,1575,217,137,80,2224,1196,1028,173,102,71
0.5 Scen,2037,207,Haskell County,5963,3217,2746,3320,1764,1556,216,137,79,2254,1213,1041,173,103,70
0.5 Scen,2038,207,Haskell County,5958,3219,2739,3293,1753,1540,216,136,80,2276,1228,1048,173,102,71
0.5 Scen,2039,207,Haskell County,5950,3218,2732,3263,1741,1522,216,136,80,2299,1239,1060,172,102,70
0.5 Scen,2040,207,Haskell County,5949,3220,2729,3237,1732,1505,215,135,80,2325,1252,1073,172,101,71
0.5 Scen,2041,207,Haskell County,5942,3221,2721,3210,1722,1488,214,135,79,2346,1262,1084,172,102,70
0.5 Scen,2042,207,Haskell County,5941,3221,2720,3183,1709,1474,213,134,79,2374,1277,1097,171,101,70
0.5 Scen,2043,207,Haskell County,5949,3221,2728,3163,1697,1466,212,133,79,2404,1290,1114,170,101,69
0.5 Scen,2044,207,Haskell County,5960,3226,2734,3144,1688,1456,211,131,80,2436,1307,1129,169,100,69
0.5 Scen,2045,207,Haskell County,5956,3232,2724,3112,1677,1435,209,131,78,2467,1324,1143,168,100,68
0.5 Scen,2046,207,Haskell County,5961,3236,2725,3085,1665,1420,208,130,78,2500,1342,1158,168,99,69
0.5 Scen,2047,207,Haskell County,5969,3244,2725,3063,1658,1405,206,129,77,2533,1359,1174,167,98,69
0.5 Scen,2048,207,Haskell County,5974,3243,2731,3034,1641,1393,203,126,77,2571,1378,1193,166,98,68
0.5 Scen,2049,207,Haskell County,5987,3249,2738,3010,1629,1381,201,125,76,2609,1397,1212,167,98,69
0.5 Scen,2050,207,Haskell County,5993,3257,2736,2988,1619,1369,199,123,76,2640,1418,1222,166,97,69
0.5 Scen,2010,209,Hays County,157107,78255,78852,92062,45705,46357,4970,2708,2262,55401,27596,27805,4674,2246,2428
0.5 Scen,2011,209,Hays County,162118,80674,81444,94508,46864,47644,5100,2777,2323,57632,28686,28946,4878,2347,2531
0.5 Scen,2012,209,Hays County,167275,83135,84140,96967,48006,48961,5241,2843,2398,59963,29828,30135,5104,2458,2646
0.5 Scen,2013,209,Hays County,172414,85593,86821,99355,49123,50232,5387,2910,2477,62336,30995,31341,5336,2565,2771
0.5 Scen,2014,209,Hays County,177607,88080,89527,101734,50224,51510,5526,2984,2542,64786,32195,32591,5561,2677,2884
0.5 Scen,2015,209,Hays County,182893,90597,92296,104098,51307,52791,5666,3060,2606,67327,33435,33892,5802,2795,3007
0.5 Scen,2016,209,Hays County,188341,93185,95156,106523,52416,54107,5792,3118,2674,69985,34738,35247,6041,2913,3128
0.5 Scen,2017,209,Hays County,194014,95899,98115,109025,53580,55445,5941,3192,2749,72745,36086,36659,6303,3041,3262
0.5 Scen,2018,209,Hays County,199799,98650,101149,111570,54747,56823,6084,3256,2828,75587,37481,38106,6558,3166,3392
0.5 Scen,2019,209,Hays County,205779,101505,104274,114194,55974,58220,6212,3313,2899,78548,38922,39626,6825,3296,3529
0.5 Scen,2020,209,Hays County,211934,104458,107476,116871,57215,59656,6363,3386,2977,81593,40417,41176,7107,3440,3667
0.5 Scen,2021,209,Hays County,217477,107110,110367,119111,58252,60859,6463,3431,3032,84531,41856,42675,7372,3571,3801
0.5 Scen,2022,209,Hays County,223143,109813,113330,121385,59295,62090,6563,3474,3089,87552,43341,44211,7643,3703,3940
0.5 Scen,2023,209,Hays County,228944,112593,116351,123676,60357,63319,6647,3514,3133,90690,44872,45818,7931,3850,4081
0.5 Scen,2024,209,Hays County,234903,115447,119456,126021,61440,64581,6747,3563,3184,93926,46453,47473,8209,3991,4218
0.5 Scen,2025,209,Hays County,240993,118357,122636,128369,62514,65855,6849,3616,3233,97262,48087,49175,8513,4140,4373
0.5 Scen,2026,209,Hays County,247222,121344,125878,130768,63618,67150,6941,3662,3279,100689,49767,50922,8824,4297,4527
0.5 Scen,2027,209,Hays County,253634,124394,129240,133178,64729,68449,7041,3710,3331,104277,51499,52778,9138,4456,4682
0.5 Scen,2028,209,Hays County,260100,127480,132620,135570,65819,69751,7137,3757,3380,107942,53287,54655,9451,4617,4834
0.5 Scen,2029,209,Hays County,266634,130610,136024,137922,66899,71023,7231,3807,3424,111709,55128,56581,9772,4776,4996
0.5 Scen,2030,209,Hays County,273247,133752,139495,140218,67944,72274,7325,3857,3468,115609,57007,58602,10095,4944,5151
0.5 Scen,2031,209,Hays County,280007,136988,143019,142516,68995,73521,7420,3907,3513,119623,58961,60662,10448,5125,5323
0.5 Scen,2032,209,Hays County,286846,140250,146596,144781,70029,74752,7514,3959,3555,123760,60960,62800,10791,5302,5489
0.5 Scen,2033,209,Hays County,293826,143599,150227,147058,71066,75992,7619,4021,3598,127990,63015,64975,11159,5497,5662
0.5 Scen,2034,209,Hays County,300887,146964,153923,149337,72098,77239,7720,4069,3651,132318,65110,67208,11512,5687,5825
0.5 Scen,2035,209,Hays County,308142,150445,157697,151669,73168,78501,7822,4122,3700,136748,67273,69475,11903,5882,6021
0.5 Scen,2036,209,Hays County,315537,153985,161552,154027,74241,79786,7931,4178,3753,141279,69470,71809,12300,6096,6204
0.5 Scen,2037,209,Hays County,323063,157605,165458,156403,75335,81068,8036,4234,3802,145917,71729,74188,12707,6307,6400
0.5 Scen,2038,209,Hays County,330787,161297,169490,158820,76452,82368,8138,4281,3857,150709,74044,76665,13120,6520,6600
0.5 Scen,2039,209,Hays County,338662,165085,173577,161280,77597,83683,8256,4341,3915,155577,76409,79168,13549,6738,6811
0.5 Scen,2040,209,Hays County,346625,168929,177696,163764,78766,84998,8356,4397,3959,160525,78806,81719,13980,6960,7020
0.5 Scen,2041,209,Hays County,354861,172907,181954,166309,79966,86343,8466,4450,4016,165664,81300,84364,14422,7191,7231
0.5 Scen,2042,209,Hays County,363241,176952,186289,168899,81187,87712,8578,4505,4073,170885,83829,87056,14879,7431,7448
0.5 Scen,2043,209,Hays County,371845,181128,190717,171568,82458,89110,8687,4564,4123,176224,86420,89804,15366,7686,7680
0.5 Scen,2044,209,Hays County,380642,185383,195259,174312,83767,90545,8789,4605,4184,181700,89079,92621,15841,7932,7909
0.5 Scen,2045,209,Hays County,389689,189782,199907,177138,85117,92021,8902,4664,4238,187316,91810,95506,16333,8191,8142
0.5 Scen,2046,209,Hays County,398951,194276,204675,180046,86513,93533,9022,4720,4302,193045,94592,98453,16838,8451,8387
0.5 Scen,2047,209,Hays County,408462,198908,209554,183036,87954,95082,9141,4774,4367,198922,97450,101472,17363,8730,8633
0.5 Scen,2048,209,Hays County,418196,203659,214537,186122,89444,96678,9248,4825,4423,204933,100380,104553,17893,9010,8883
0.5 Scen,2049,209,Hays County,428185,208515,219670,189295,90972,98323,9363,4876,4487,211079,103366,107713,18448,9301,9147
0.5 Scen,2050,209,Hays County,438425,213506,224919,192543,92538,100005,9474,4927,4547,217391,106439,110952,19017,9602,9415
0.5 Scen,2010,211,Hemphill County,3807,1928,1879,2656,1314,1342,4,2,2,1086,587,499,61,25,36
0.5 Scen,2011,211,Hemphill County,3848,1950,1898,2673,1322,1351,4,2,2,1109,600,509,62,26,36
0.5 Scen,2012,211,Hemphill County,3893,1975,1918,2695,1334,1361,4,2,2,1131,613,518,63,26,37
0.5 Scen,2013,211,Hemphill County,3933,1994,1939,2707,1339,1368,4,2,2,1158,626,532,64,27,37
0.5 Scen,2014,211,Hemphill County,3973,2011,1962,2723,1343,1380,4,2,2,1181,639,542,65,27,38
0.5 Scen,2015,211,Hemphill County,4011,2030,1981,2738,1350,1388,4,2,2,1203,650,553,66,28,38
0.5 Scen,2016,211,Hemphill County,4048,2050,1998,2749,1356,1393,4,2,2,1228,664,564,67,28,39
0.5 Scen,2017,211,Hemphill County,4087,2068,2019,2764,1361,1403,4,2,2,1253,677,576,66,28,38
0.5 Scen,2018,211,Hemphill County,4119,2086,2033,2771,1366,1405,4,2,2,1277,690,587,67,28,39
0.5 Scen,2019,211,Hemphill County,4152,2106,2046,2777,1369,1408,4,2,2,1303,706,597,68,29,39
0.5 Scen,2020,211,Hemphill County,4190,2125,2065,2788,1374,1414,4,2,2,1329,720,609,69,29,40
0.5 Scen,2021,211,Hemphill County,4222,2151,2071,2794,1383,1411,4,2,2,1354,736,618,70,30,40
0.5 Scen,2022,211,Hemphill County,4248,2165,2083,2792,1382,1410,4,2,2,1380,751,629,72,30,42
0.5 Scen,2023,211,Hemphill County,4294,2187,2107,2805,1387,1418,4,2,2,1412,767,645,73,31,42
0.5 Scen,2024,211,Hemphill County,4328,2206,2122,2806,1387,1419,4,2,2,1444,786,658,74,31,43
0.5 Scen,2025,211,Hemphill County,4362,2223,2139,2808,1388,1420,4,2,2,1475,801,674,75,32,43
0.5 Scen,2026,211,Hemphill County,4398,2241,2157,2810,1389,1421,4,2,2,1508,818,690,76,32,44
0.5 Scen,2027,211,Hemphill County,4440,2265,2175,2821,1394,1427,4,2,2,1538,835,703,77,34,43
0.5 Scen,2028,211,Hemphill County,4489,2290,2199,2834,1401,1433,4,2,2,1573,853,720,78,34,44
0.5 Scen,2029,211,Hemphill County,4531,2314,2217,2836,1403,1433,4,2,2,1612,874,738,79,35,44
0.5 Scen,2030,211,Hemphill County,4582,2339,2243,2850,1410,1440,4,2,2,1648,892,756,80,35,45
0.5 Scen,2031,211,Hemphill County,4619,2360,2259,2851,1410,1441,4,2,2,1683,912,771,81,36,45
0.5 Scen,2032,211,Hemphill County,4667,2387,2280,2861,1418,1443,4,2,2,1720,931,789,82,36,46
0.5 Scen,2033,211,Hemphill County,4701,2408,2293,2862,1420,1442,4,2,2,1752,949,803,83,37,46
0.5 Scen,2034,211,Hemphill County,4734,2425,2309,2863,1421,1442,4,2,2,1784,966,818,83,36,47
0.5 Scen,2035,211,Hemphill County,4765,2444,2321,2869,1426,1443,4,2,2,1808,979,829,84,37,47
0.5 Scen,2036,211,Hemphill County,4800,2458,2342,2872,1422,1450,4,2,2,1839,997,842,85,37,48
0.5 Scen,2037,211,Hemphill County,4827,2477,2350,2873,1427,1446,4,2,2,1864,1010,854,86,38,48
0.5 Scen,2038,211,Hemphill County,4860,2495,2365,2872,1429,1443,4,2,2,1897,1026,871,87,38,49
0.5 Scen,2039,211,Hemphill County,4888,2513,2375,2875,1433,1442,4,2,2,1921,1039,882,88,39,49
0.5 Scen,2040,211,Hemphill County,4922,2534,2388,2880,1438,1442,4,2,2,1950,1055,895,88,39,49
0.5 Scen,2041,211,Hemphill County,4959,2553,2406,2890,1444,1446,4,2,2,1976,1067,909,89,40,49
0.5 Scen,2042,211,Hemphill County,4987,2567,2420,2889,1442,1447,4,2,2,2004,1083,921,90,40,50
0.5 Scen,2043,211,Hemphill County,5025,2593,2432,2894,1448,1446,4,2,2,2036,1102,934,91,41,50
0.5 Scen,2044,211,Hemphill County,5069,2615,2454,2904,1453,1451,4,2,2,2070,1119,951,91,41,50
0.5 Scen,2045,211,Hemphill County,5112,2639,2473,2911,1457,1454,4,2,2,2105,1138,967,92,42,50
0.5 Scen,2046,211,Hemphill County,5144,2650,2494,2914,1455,1459,4,2,2,2135,1152,983,91,41,50
0.5 Scen,2047,211,Hemphill County,5180,2678,2502,2924,1467,1457,4,2,2,2161,1167,994,91,42,49
0.5 Scen,2048,211,Hemphill County,5223,2699,2524,2936,1473,1463,4,2,2,2192,1183,1009,91,41,50
0.5 Scen,2049,211,Hemphill County,5260,2719,2541,2942,1477,1465,4,2,2,2224,1199,1025,90,41,49
0.5 Scen,2050,211,Hemphill County,5300,2740,2560,2951,1483,1468,4,2,2,2256,1215,1041,89,40,49
0.5 Scen,2010,213,Henderson County,78532,38468,40064,63494,30830,32664,4813,2391,2422,8490,4390,4100,1735,857,878
0.5 Scen,2011,213,Henderson County,78858,38630,40228,63471,30816,32655,4835,2397,2438,8777,4538,4239,1775,879,896
0.5 Scen,2012,213,Henderson County,79213,38812,40401,63471,30817,32654,4865,2411,2454,9060,4683,4377,1817,901,916
0.5 Scen,2013,213,Henderson County,79589,38993,40596,63470,30808,32662,4894,2418,2476,9364,4843,4521,1861,924,937
0.5 Scen,2014,213,Henderson County,79988,39189,40799,63485,30811,32674,4920,2425,2495,9677,5005,4672,1906,948,958
0.5 Scen,2015,213,Henderson County,80359,39379,40980,63469,30806,32663,4938,2431,2507,10003,5173,4830,1949,969,980
0.5 Scen,2016,213,Henderson County,80708,39562,41146,63428,30790,32638,4955,2436,2519,10330,5344,4986,1995,992,1003
0.5 Scen,2017,213,Henderson County,81064,39744,41320,63386,30763,32623,4966,2440,2526,10674,5525,5149,2038,1016,1022
0.5 Scen,2018,213,Henderson County,81406,39911,41495,63321,30724,32597,4977,2442,2535,11032,5709,5323,2076,1036,1040
0.5 Scen,2019,213,Henderson County,81759,40092,41667,63259,30697,32562,4988,2443,2545,11388,5893,5495,2124,1059,1065
0.5 Scen,2020,213,Henderson County,82139,40285,41854,63197,30666,32531,5000,2450,2550,11765,6083,5682,2177,1086,1091
0.5 Scen,2021,213,Henderson County,82489,40463,42026,63127,30632,32495,5010,2452,2558,12134,6272,5862,2218,1107,1111
0.5 Scen,2022,213,Henderson County,82859,40648,42211,63040,30586,32454,5024,2456,2568,12532,6473,6059,2263,1133,1130
0.5 Scen,2023,213,Henderson County,83225,40834,42391,62945,30546,32399,5029,2453,2576,12933,6675,6258,2318,1160,1158
0.5 Scen,2024,213,Henderson County,83524,40988,42536,62809,30483,32326,5033,2453,2580,13320,6868,6452,2362,1184,1178
0.5 Scen,2025,213,Henderson County,83859,41165,42694,62659,30415,32244,5043,2458,2585,13736,7075,6661,2421,1217,1204
0.5 Scen,2026,213,Henderson County,84176,41339,42837,62486,30345,32141,5057,2464,2593,14149,7283,6866,2484,1247,1237
0.5 Scen,2027,213,Henderson County,84466,41501,42965,62291,30259,32032,5062,2466,2596,14570,7499,7071,2543,1277,1266
0.5 Scen,2028,213,Henderson County,84758,41673,43085,62067,30170,31897,5072,2469,2603,15008,7720,7288,2611,1314,1297
0.5 Scen,2029,213,Henderson County,85043,41827,43216,61835,30067,31768,5076,2468,2608,15450,7943,7507,2682,1349,1333
0.5 Scen,2030,213,Henderson County,85307,41977,43330,61571,29953,31618,5083,2465,2618,15904,8174,7730,2749,1385,1364
0.5 Scen,2031,213,Henderson County,85548,42120,43428,61297,29829,31468,5087,2466,2621,16343,8399,7944,2821,1426,1395
0.5 Scen,2032,213,Henderson County,85795,42275,43520,61020,29712,31308,5080,2460,2620,16791,8632,8159,2904,1471,1433
0.5 Scen,2033,213,Henderson County,86035,42428,43607,60720,29587,31133,5080,2460,2620,17261,8875,8386,2974,1506,1468
0.5 Scen,2034,213,Henderson County,86298,42602,43696,60435,29475,30960,5072,2455,2617,17728,9117,8611,3063,1555,1508
0.5 Scen,2035,213,Henderson County,86546,42757,43789,60129,29347,30782,5070,2448,2622,18203,9365,8838,3144,1597,1547
0.5 Scen,2036,213,Henderson County,86826,42945,43881,59826,29235,30591,5071,2447,2624,18691,9616,9075,3238,1647,1591
0.5 Scen,2037,213,Henderson County,87122,43131,43991,59531,29115,30416,5073,2445,2628,19186,9874,9312,3332,1697,1635
0.5 Scen,2038,213,Henderson County,87441,43331,44110,59225,28996,30229,5078,2443,2635,19696,10137,9559,3442,1755,1687
0.5 Scen,2039,213,Henderson County,87759,43529,44230,58927,28880,30047,5077,2439,2638,20217,10401,9816,3538,1809,1729
0.5 Scen,2040,213,Henderson County,88118,43755,44363,58636,28770,29866,5075,2437,2638,20760,10684,10076,3647,1864,1783
0.5 Scen,2041,213,Henderson County,88495,43987,44508,58339,28654,29685,5078,2439,2639,21319,10972,10347,3759,1922,1837
0.5 Scen,2042,213,Henderson County,88867,44220,44647,58046,28542,29504,5059,2431,2628,21889,11264,10625,3873,1983,1890
0.5 Scen,2043,213,Henderson County,89266,44461,44805,57762,28436,29326,5055,2426,2629,22459,11556,10903,3990,2043,1947
0.5 Scen,2044,213,Henderson County,89676,44709,44967,57474,28326,29148,5054,2423,2631,23038,11856,11182,4110,2104,2006
0.5 Scen,2045,213,Henderson County,90119,44979,45140,57182,28221,28961,5053,2425,2628,23646,12162,11484,4238,2171,2067
0.5 Scen,2046,213,Henderson County,90584,45265,45319,56908,28120,28788,5049,2426,2623,24256,12477,11779,4371,2242,2129
0.5 Scen,2047,213,Henderson County,91087,45566,45521,56636,28023,28613,5045,2423,2622,24896,12805,12091,4510,2315,2195
0.5 Scen,2048,213,Henderson County,91577,45863,45714,56368,27924,28444,5025,2413,2612,25537,13135,12402,4647,2391,2256
0.5 Scen,2049,213,Henderson County,92112,46178,45934,56109,27828,28281,5009,2401,2608,26201,13482,12719,4793,2467,2326
0.5 Scen,2050,213,Henderson County,92682,46512,46170,55871,27746,28125,4994,2391,2603,26867,13827,13040,4950,2548,2402
0.5 Scen,2010,215,Hidalgo County,774769,376944,397825,60553,30526,30027,2777,1868,909,702206,340118,362088,9233,4432,4801
0.5 Scen,2011,215,Hidalgo County,790719,384954,405765,60404,30408,29996,2816,1891,925,717969,348077,369892,9530,4578,4952
0.5 Scen,2012,215,Hidalgo County,807069,393210,413859,60351,30335,30016,2868,1916,952,734004,356228,377776,9846,4731,5115
0.5 Scen,2013,215,Hidalgo County,823594,401566,422028,60239,30238,30001,2914,1940,974,750298,364510,385788,10143,4878,5265
0.5 Scen,2014,215,Hidalgo County,840459,410001,430458,60105,30149,29956,2963,1964,999,766957,372859,394098,10434,5029,5405
0.5 Scen,2015,215,Hidalgo County,857513,418686,438827,59963,30035,29928,3002,1983,1019,783811,381494,402317,10737,5174,5563
0.5 Scen,2016,215,Hidalgo County,875041,427535,447506,59850,29959,29891,3056,2011,1045,801064,390228,410836,11071,5337,5734
0.5 Scen,2017,215,Hidalgo County,892943,436574,456369,59662,29841,29821,3093,2027,1066,818805,399207,419598,11383,5499,5884
0.5 Scen,2018,215,Hidalgo County,911090,445763,465327,59493,29737,29756,3138,2054,1084,836750,408318,428432,11709,5654,6055
0.5 Scen,2019,215,Hidalgo County,929670,455249,474421,59334,29644,29690,3184,2079,1105,855119,417706,437413,12033,5820,6213
0.5 Scen,2020,215,Hidalgo County,948305,464751,483554,59148,29537,29611,3227,2098,1129,873572,427139,446433,12358,5977,6381
0.5 Scen,2021,215,Hidalgo County,967192,474426,492766,58953,29429,29524,3268,2121,1147,892283,436732,455551,12688,6144,6544
0.5 Scen,2022,215,Hidalgo County,986516,484280,502236,58753,29330,29423,3310,2144,1166,911441,446505,464936,13012,6301,6711
0.5 Scen,2023,215,Hidalgo County,1005749,494148,511601,58527,29212,29315,3354,2165,1189,930510,456300,474210,13358,6471,6887
0.5 Scen,2024,215,Hidalgo County,1025445,504250,521195,58305,29116,29189,3388,2182,1206,950032,466297,483735,13720,6655,7065
0.5 Scen,2025,215,Hidalgo County,1045265,514386,530879,58046,28994,29052,3424,2199,1225,969726,476366,493360,14069,6827,7242
0.5 Scen,2026,215,Hidalgo County,1065196,524673,540523,57763,28874,28889,3459,2212,1247,989532,486569,502963,14442,7018,7424
0.5 Scen,2027,215,Hidalgo County,1085201,535133,550068,57480,28750,28730,3501,2228,1273,1009418,496962,512456,14802,7193,7609
0.5 Scen,2028,215,Hidalgo County,1105449,545526,559923,57158,28609,28549,3539,2243,1296,1029559,507271,522288,15193,7403,7790
0.5 Scen,2029,215,Hidalgo County,1125509,555917,569592,56839,28473,28366,3568,2250,1318,1049546,517593,531953,15556,7601,7955
0.5 Scen,2030,215,Hidalgo County,1145413,566139,579274,56526,28347,28179,3599,2260,1339,1069339,527761,541578,15949,7771,8178
0.5 Scen,2031,215,Hidalgo County,1165534,576733,588801,56219,28222,27997,3626,2270,1356,1089328,538247,551081,16361,7994,8367
0.5 Scen,2032,215,Hidalgo County,1185593,587046,598547,55912,28096,27816,3638,2271,1367,1109275,548487,560788,16768,8192,8576
0.5 Scen,2033,215,Hidalgo County,1205593,597457,608136,55581,27965,27616,3658,2273,1385,1129171,558813,570358,17183,8406,8777
0.5 Scen,2034,215,Hidalgo County,1225405,607848,617557,55233,27822,27411,3678,2274,1404,1148935,569144,579791,17559,8608,8951
0.5 Scen,2035,215,Hidalgo County,1245506,618288,627218,54875,27681,27194,3689,2274,1415,1168964,579523,589441,17978,8810,9168
0.5 Scen,2036,215,Hidalgo County,1265504,628774,636730,54521,27542,26979,3710,2274,1436,1188880,589940,598940,18393,9018,9375
0.5 Scen,2037,215,Hidalgo County,1285560,639341,646219,54160,27399,26761,3729,2278,1451,1208873,600436,608437,18798,9228,9570
0.5 Scen,2038,215,Hidalgo County,1305403,649768,655635,53795,27251,26544,3739,2276,1463,1228670,610804,617866,19199,9437,9762
0.5 Scen,2039,215,Hidalgo County,1325520,660340,665180,53434,27108,26326,3758,2282,1476,1248735,621310,627425,19593,9640,9953
0.5 Scen,2040,215,Hidalgo County,1345740,671061,674679,53076,26975,26101,3762,2283,1479,1268893,631947,636946,20009,9856,10153
0.5 Scen,2041,215,Hidalgo County,1365979,681759,684220,52736,26848,25888,3780,2289,1491,1289046,642555,646491,20417,10067,10350
0.5 Scen,2042,215,Hidalgo County,1386215,692433,693782,52405,26717,25688,3793,2294,1499,1309204,653147,656057,20813,10275,10538
0.5 Scen,2043,215,Hidalgo County,1406702,703322,703380,52076,26589,25487,3806,2297,1509,1329607,663952,665655,21213,10484,10729
0.5 Scen,2044,215,Hidalgo County,1427106,714148,712958,51744,26453,25291,3819,2296,1523,1349924,674707,675217,21619,10692,10927
0.5 Scen,2045,215,Hidalgo County,1447836,725165,722671,51422,26320,25102,3838,2303,1535,1370575,685645,684930,22001,10897,11104
0.5 Scen,2046,215,Hidalgo County,1468695,736206,732489,51107,26192,24915,3853,2306,1547,1391327,696606,694721,22408,11102,11306
0.5 Scen,2047,215,Hidalgo County,1489504,747257,742247,50803,26061,24742,3865,2306,1559,1412038,707586,704452,22798,11304,11494
0.5 Scen,2048,215,Hidalgo County,1510583,758463,752120,50520,25947,24573,3868,2297,1571,1432976,718694,714282,23219,11525,11694
0.5 Scen,2049,215,Hidalgo County,1531829,769810,762019,50246,25828,24418,3873,2294,1579,1454094,729951,724143,23616,11737,11879
0.5 Scen,2050,215,Hidalgo County,1553142,781187,771955,50015,25738,24277,3885,2297,1588,1475202,741196,734006,24040,11956,12084
0.5 Scen,2010,217,Hill County,35089,17208,17881,25836,12530,13306,2161,1000,1161,6427,3365,3062,665,313,352
0.5 Scen,2011,217,Hill County,35357,17354,18003,25898,12569,13329,2183,1013,1170,6603,3454,3149,673,318,355
0.5 Scen,2012,217,Hill County,35615,17506,18109,25938,12606,13332,2207,1027,1180,6787,3548,3239,683,325,358
0.5 Scen,2013,217,Hill County,35898,17654,18244,26008,12642,13366,2236,1043,1193,6962,3638,3324,692,331,361
0.5 Scen,2014,217,Hill County,36181,17802,18379,26068,12677,13391,2262,1059,1203,7151,3730,3421,700,336,364
0.5 Scen,2015,217,Hill County,36459,17949,18510,26119,12707,13412,2288,1073,1215,7343,3829,3514,709,340,369
0.5 Scen,2016,217,Hill County,36727,18096,18631,26151,12729,13422,2311,1085,1226,7543,3933,3610,722,349,373
0.5 Scen,2017,217,Hill County,36998,18248,18750,26191,12758,13433,2337,1101,1236,7741,4036,3705,729,353,376
0.5 Scen,2018,217,Hill County,37262,18388,18874,26230,12781,13449,2359,1113,1246,7938,4138,3800,735,356,379
0.5 Scen,2019,217,Hill County,37540,18543,18997,26269,12804,13465,2382,1129,1253,8147,4249,3898,742,361,381
0.5 Scen,2020,217,Hill County,37816,18695,19121,26305,12829,13476,2401,1142,1259,8358,4358,4000,752,366,386
0.5 Scen,2021,217,Hill County,38113,18852,19261,26354,12861,13493,2421,1152,1269,8579,4469,4110,759,370,389
0.5 Scen,2022,217,Hill County,38393,19006,19387,26388,12885,13503,2441,1168,1273,8800,4579,4221,764,374,390
0.5 Scen,2023,217,Hill County,38658,19147,19511,26421,12904,13517,2456,1179,1277,9008,4683,4325,773,381,392
0.5 Scen,2024,217,Hill County,38918,19278,19640,26441,12914,13527,2468,1190,1278,9231,4790,4441,778,384,394
0.5 Scen,2025,217,Hill County,39168,19404,19764,26439,12912,13527,2483,1201,1282,9459,4901,4558,787,390,397
0.5 Scen,2026,217,Hill County,39418,19538,19880,26432,12914,13518,2499,1209,1290,9692,5018,4674,795,397,398
0.5 Scen,2027,217,Hill County,39639,19650,19989,26420,12906,13514,2503,1217,1286,9912,5124,4788,804,403,401
0.5 Scen,2028,217,Hill County,39870,19770,20100,26402,12903,13499,2514,1224,1290,10143,5236,4907,811,407,404
0.5 Scen,2029,217,Hill County,40076,19885,20191,26367,12893,13474,2516,1227,1289,10376,5354,5022,817,411,406
0.5 Scen,2030,217,Hill County,40266,19992,20274,26321,12880,13441,2518,1234,1284,10605,5462,5143,822,416,406
0.5 Scen,2031,217,Hill County,40449,20098,20351,26264,12857,13407,2519,1236,1283,10840,5584,5256,826,421,405
0.5 Scen,2032,217,Hill County,40648,20201,20447,26210,12834,13376,2520,1237,1283,11084,5704,5380,834,426,408
0.5 Scen,2033,217,Hill County,40810,20295,20515,26141,12810,13331,2519,1238,1281,11309,5818,5491,841,429,412
0.5 Scen,2034,217,Hill County,40974,20385,20589,26058,12778,13280,2516,1240,1276,11555,5937,5618,845,430,415
0.5 Scen,2035,217,Hill County,41117,20475,20642,25975,12752,13223,2513,1241,1272,11783,6053,5730,846,429,417
0.5 Scen,2036,217,Hill County,41258,20560,20698,25879,12717,13162,2505,1237,1268,12026,6174,5852,848,432,416
0.5 Scen,2037,217,Hill County,41383,20644,20739,25772,12676,13096,2492,1233,1259,12268,6299,5969,851,436,415
0.5 Scen,2038,217,Hill County,41515,20732,20783,25671,12639,13032,2485,1230,1255,12513,6426,6087,846,437,409
0.5 Scen,2039,217,Hill County,41633,20815,20818,25558,12594,12964,2474,1229,1245,12755,6554,6201,846,438,408
0.5 Scen,2040,217,Hill County,41786,20910,20876,25456,12556,12900,2469,1228,1241,13012,6685,6327,849,441,408
0.5 Scen,2041,217,Hill County,41923,21008,20915,25332,12505,12827,2464,1230,1234,13270,6824,6446,857,449,408
0.5 Scen,2042,217,Hill County,42055,21095,20960,25208,12454,12754,2459,1231,1228,13526,6957,6569,862,453,409
0.5 Scen,2043,217,Hill County,42205,21188,21017,25092,12408,12684,2460,1231,1229,13787,7094,6693,866,455,411
0.5 Scen,2044,217,Hill County,42333,21281,21052,24970,12359,12611,2453,1232,1221,14040,7231,6809,870,459,411
0.5 Scen,2045,217,Hill County,42487,21378,21109,24847,12310,12537,2453,1236,1217,14312,7369,6943,875,463,412
0.5 Scen,2046,217,Hill County,42644,21479,21165,24729,12262,12467,2451,1235,1216,14584,7515,7069,880,467,413
0.5 Scen,2047,217,Hill County,42796,21583,21213,24613,12219,12394,2445,1238,1207,14849,7654,7195,889,472,417
0.5 Scen,2048,217,Hill County,42957,21690,21267,24495,12173,12322,2450,1243,1207,15121,7799,7322,891,475,416
0.5 Scen,2049,217,Hill County,43134,21808,21326,24394,12140,12254,2453,1248,1205,15392,7941,7451,895,479,416
0.5 Scen,2050,217,Hill County,43308,21924,21384,24293,12104,12189,2448,1251,1197,15668,8086,7582,899,483,416
0.5 Scen,2010,219,Hockley County,22935,11297,11638,11795,5770,6025,801,394,407,9993,4951,5042,346,182,164
0.5 Scen,2011,219,Hockley County,23153,11422,11731,11797,5776,6021,813,402,411,10191,5059,5132,352,185,167
0.5 Scen,2012,219,Hockley County,23365,11539,11826,11796,5778,6018,833,412,421,10379,5162,5217,357,187,170
0.5 Scen,2013,219,Hockley County,23584,11667,11917,11787,5786,6001,853,423,430,10582,5268,5314,362,190,172
0.5 Scen,2014,219,Hockley County,23808,11800,12008,11785,5797,5988,872,431,441,10785,5380,5405,366,192,174
0.5 Scen,2015,219,Hockley County,24042,11929,12113,11798,5806,5992,890,442,448,10982,5486,5496,372,195,177
0.5 Scen,2016,219,Hockley County,24247,12046,12201,11796,5810,5986,908,451,457,11164,5585,5579,379,200,179
0.5 Scen,2017,219,Hockley County,24443,12160,12283,11787,5816,5971,921,458,463,11347,5681,5666,388,205,183
0.5 Scen,2018,219,Hockley County,24625,12259,12366,11778,5816,5962,932,464,468,11523,5771,5752,392,208,184
0.5 Scen,2019,219,Hockley County,24810,12360,12450,11771,5817,5954,941,469,472,11697,5861,5836,401,213,188
0.5 Scen,2020,219,Hockley County,24968,12454,12514,11748,5813,5935,946,473,473,11869,5952,5917,405,216,189
0.5 Scen,2021,219,Hockley County,25141,12551,12590,11728,5809,5919,953,477,476,12050,6048,6002,410,217,193
0.5 Scen,2022,219,Hockley County,25305,12650,12655,11705,5807,5898,957,478,479,12227,6145,6082,416,220,196
0.5 Scen,2023,219,Hockley County,25468,12746,12722,11679,5797,5882,964,483,481,12405,6244,6161,420,222,198
0.5 Scen,2024,219,Hockley County,25634,12850,12784,11667,5799,5868,972,488,484,12569,6338,6231,426,225,201
0.5 Scen,2025,219,Hockley County,25801,12953,12848,11641,5791,5850,979,493,486,12751,6442,6309,430,227,203
0.5 Scen,2026,219,Hockley County,25981,13073,12908,11628,5797,5831,990,500,490,12927,6546,6381,436,230,206
0.5 Scen,2027,219,Hockley County,26141,13179,12962,11606,5797,5809,998,505,493,13095,6645,6450,442,232,210
0.5 Scen,2028,219,Hockley County,26290,13273,13017,11564,5781,5783,1003,507,496,13275,6749,6526,448,236,212
0.5 Scen,2029,219,Hockley County,26431,13362,13069,11520,5766,5754,1007,509,498,13453,6849,6604,451,238,213
0.5 Scen,2030,219,Hockley County,26580,13456,13124,11476,5752,5724,1012,510,502,13637,6955,6682,455,239,216
0.5 Scen,2031,219,Hockley County,26726,13545,13181,11435,5731,5704,1016,513,503,13816,7059,6757,459,242,217
0.5 Scen,2032,219,Hockley County,26859,13632,13227,11385,5715,5670,1023,516,507,13987,7157,6830,464,244,220
0.5 Scen,2033,219,Hockley County,26989,13718,13271,11329,5694,5635,1026,517,509,14168,7262,6906,466,245,221
0.5 Scen,2034,219,Hockley County,27105,13796,13309,11269,5669,5600,1028,516,512,14341,7365,6976,467,246,221
0.5 Scen,2035,219,Hockley County,27187,13850,13337,11205,5643,5562,1027,516,511,14489,7448,7041,466,243,223
0.5 Scen,2036,219,Hockley County,27298,13919,13379,11154,5620,5534,1029,516,513,14646,7537,7109,469,246,223
0.5 Scen,2037,219,Hockley County,27386,13989,13397,11087,5596,5491,1028,518,510,14799,7628,7171,472,247,225
0.5 Scen,2038,219,Hockley County,27463,14048,13415,11028,5574,5454,1022,515,507,14943,7713,7230,470,246,224
0.5 Scen,2039,219,Hockley County,27536,14101,13435,10956,5541,5415,1020,516,504,15089,7797,7292,471,247,224
0.5 Scen,2040,219,Hockley County,27614,14157,13457,10894,5516,5378,1017,516,501,15233,7876,7357,470,249,221
0.5 Scen,2041,219,Hockley County,27669,14201,13468,10816,5478,5338,1010,517,493,15370,7955,7415,473,251,222
0.5 Scen,2042,219,Hockley County,27728,14243,13485,10740,5441,5299,1007,518,489,15508,8033,7475,473,251,222
0.5 Scen,2043,219,Hockley County,27800,14297,13503,10676,5415,5261,1003,518,485,15643,8109,7534,478,255,223
0.5 Scen,2044,219,Hockley County,27865,14344,13521,10618,5388,5230,997,518,479,15771,8182,7589,479,256,223
0.5 Scen,2045,219,Hockley County,27928,14396,13532,10548,5360,5188,998,519,479,15903,8260,7643,479,257,222
0.5 Scen,2046,219,Hockley County,27978,14449,13529,10478,5337,5141,999,522,477,16022,8331,7691,479,259,220
0.5 Scen,2047,219,Hockley County,28040,14490,13550,10418,5309,5109,995,521,474,16146,8400,7746,481,260,221
0.5 Scen,2048,219,Hockley County,28101,14537,13564,10355,5282,5073,988,517,471,16276,8477,7799,482,261,221
0.5 Scen,2049,219,Hockley County,28156,14581,13575,10283,5250,5033,986,516,470,16402,8553,7849,485,262,223
0.5 Scen,2050,219,Hockley County,28205,14630,13575,10217,5225,4992,983,516,467,16522,8626,7896,483,263,220
0.5 Scen,2010,221,Hood County,51182,25181,26001,44588,21707,22881,225,143,82,5234,2799,2435,1135,532,603
0.5 Scen,2011,221,Hood County,51625,25409,26216,44854,21842,23012,227,144,83,5395,2885,2510,1149,538,611
0.5 Scen,2012,221,Hood County,52067,25618,26449,45115,21956,23159,228,144,84,5562,2974,2588,1162,544,618
0.5 Scen,2013,221,Hood County,52508,25836,26672,45376,22082,23294,229,145,84,5728,3060,2668,1175,549,626
0.5 Scen,2014,221,Hood County,52964,26046,26918,45645,22197,23448,231,145,86,5900,3149,2751,1188,555,633
0.5 Scen,2015,221,Hood County,53408,26255,27153,45892,22298,23594,234,147,87,6080,3247,2833,1202,563,639
0.5 Scen,2016,221,Hood County,53861,26469,27392,46134,22404,23730,237,148,89,6268,3345,2923,1222,572,650
0.5 Scen,2017,221,Hood County,54325,26698,27627,46387,22522,23865,240,150,90,6462,3447,3015,1236,579,657
0.5 Scen,2018,221,Hood County,54773,26916,27857,46612,22623,23989,244,152,92,6667,3555,3112,1250,586,664
0.5 Scen,2019,221,Hood County,55222,27130,28092,46832,22716,24116,249,156,93,6878,3664,3214,1263,594,669
0.5 Scen,2020,221,Hood County,55668,27343,28325,47041,22804,24237,252,158,94,7100,3778,3322,1275,603,672
0.5 Scen,2021,221,Hood County,56111,27558,28553,47245,22894,24351,254,160,94,7321,3891,3430,1291,613,678
0.5 Scen,2022,221,Hood County,56534,27765,28769,47427,22974,24453,257,162,95,7542,4004,3538,1308,625,683
0.5 Scen,2023,221,Hood County,56942,27963,28979,47595,23053,24542,260,163,97,7771,4118,3653,1316,629,687
0.5 Scen,2024,221,Hood County,57346,28153,29193,47747,23116,24631,263,165,98,8003,4233,3770,1333,639,694
0.5 Scen,2025,221,Hood County,57740,28339,29401,47879,23170,24709,266,167,99,8247,4354,3893,1348,648,700
0.5 Scen,2026,221,Hood County,58124,28522,29602,48000,23226,24774,267,166,101,8492,4473,4019,1365,657,708
0.5 Scen,2027,221,Hood County,58468,28694,29774,48083,23265,24818,269,167,102,8740,4596,4144,1376,666,710
0.5 Scen,2028,221,Hood County,58809,28862,29947,48168,23311,24857,271,167,104,8984,4716,4268,1386,668,718
0.5 Scen,2029,221,Hood County,59145,29025,30120,48221,23333,24888,273,168,105,9250,4847,4403,1401,677,724
0.5 Scen,2030,221,Hood County,59479,29204,30275,48273,23365,24908,275,169,106,9511,4980,4531,1420,690,730
0.5 Scen,2031,221,Hood County,59782,29368,30414,48301,23388,24913,276,169,107,9763,5105,4658,1442,706,736
0.5 Scen,2032,221,Hood County,60063,29516,30547,48296,23385,24911,275,168,107,10031,5244,4787,1461,719,742
0.5 Scen,2033,221,Hood County,60328,29659,30669,48271,23381,24890,272,165,107,10304,5381,4923,1481,732,749
0.5 Scen,2034,221,Hood County,60565,29788,30777,48227,23362,24865,272,165,107,10564,5515,5049,1502,746,756
0.5 Scen,2035,221,Hood County,60791,29923,30868,48158,23342,24816,272,165,107,10841,5660,5181,1520,756,764
0.5 Scen,2036,221,Hood County,60999,30040,30959,48068,23304,24764,271,165,106,11125,5804,5321,1535,767,768
0.5 Scen,2037,221,Hood County,61206,30177,31029,47982,23280,24702,271,165,106,11406,5954,5452,1547,778,769
0.5 Scen,2038,221,Hood County,61404,30302,31102,47864,23239,24625,271,165,106,11703,6110,5593,1566,788,778
0.5 Scen,2039,221,Hood County,61603,30417,31186,47747,23193,24554,270,164,106,11997,6261,5736,1589,799,790
0.5 Scen,2040,221,Hood County,61791,30536,31255,47628,23146,24482,270,164,106,12295,6416,5879,1598,810,788
0.5 Scen,2041,221,Hood County,61994,30657,31337,47498,23097,24401,269,163,106,12610,6577,6033,1617,820,797
0.5 Scen,2042,221,Hood County,62177,30771,31406,47358,23042,24316,268,162,106,12915,6734,6181,1636,833,803
0.5 Scen,2043,221,Hood County,62361,30884,31477,47212,22991,24221,266,160,106,13237,6895,6342,1646,838,808
0.5 Scen,2044,221,Hood County,62561,31018,31543,47077,22949,24128,264,159,105,13562,7061,6501,1658,849,809
0.5 Scen,2045,221,Hood County,62748,31138,31610,46923,22897,24026,262,158,104,13893,7229,6664,1670,854,816
0.5 Scen,2046,221,Hood County,62944,31263,31681,46772,22842,23930,261,157,104,14228,7399,6829,1683,865,818
0.5 Scen,2047,221,Hood County,63159,31392,31767,46641,22798,23843,260,156,104,14561,7565,6996,1697,873,824
0.5 Scen,2048,221,Hood County,63376,31529,31847,46506,22753,23753,259,155,104,14905,7738,7167,1706,883,823
0.5 Scen,2049,221,Hood County,63625,31680,31945,46392,22716,23676,257,154,103,15256,7918,7338,1720,892,828
0.5 Scen,2050,221,Hood County,63908,31850,32058,46292,22688,23604,256,153,103,15620,8103,7517,1740,906,834
0.5 Scen,2010,223,Hopkins County,35161,17421,17740,26501,12923,13578,2448,1190,1258,5368,2906,2462,844,402,442
0.5 Scen,2011,223,Hopkins County,35380,17540,17840,26521,12936,13585,2467,1202,1265,5523,2987,2536,869,415,454
0.5 Scen,2012,223,Hopkins County,35581,17659,17922,26508,12942,13566,2489,1215,1274,5691,3074,2617,893,428,465
0.5 Scen,2013,223,Hopkins County,35819,17779,18040,26533,12950,13583,2512,1228,1284,5854,3160,2694,920,441,479
0.5 Scen,2014,223,Hopkins County,36058,17906,18152,26533,12947,13586,2538,1243,1295,6034,3257,2777,953,459,494
0.5 Scen,2015,223,Hopkins County,36286,18020,18266,26535,12940,13595,2563,1257,1306,6206,3349,2857,982,474,508
0.5 Scen,2016,223,Hopkins County,36521,18158,18363,26522,12941,13581,2587,1272,1315,6396,3452,2944,1016,493,523
0.5 Scen,2017,223,Hopkins County,36786,18302,18484,26532,12950,13582,2607,1284,1323,6595,3559,3036,1052,509,543
0.5 Scen,2018,223,Hopkins County,37016,18424,18592,26524,12947,13577,2618,1288,1330,6789,3663,3126,1085,526,559
0.5 Scen,2019,223,Hopkins County,37266,18560,18706,26515,12943,13572,2631,1299,1332,6999,3773,3226,1121,545,576
0.5 Scen,2020,223,Hopkins County,37501,18694,18807,26496,12939,13557,2636,1303,1333,7213,3889,3324,1156,563,593
0.5 Scen,2021,223,Hopkins County,37745,18826,18919,26484,12938,13546,2641,1306,1335,7431,4004,3427,1189,578,611
0.5 Scen,2022,223,Hopkins County,37997,18969,19028,26470,12936,13534,2643,1311,1332,7651,4118,3533,1233,604,629
0.5 Scen,2023,223,Hopkins County,38251,19110,19141,26461,12938,13523,2643,1309,1334,7874,4239,3635,1273,624,649
0.5 Scen,2024,223,Hopkins County,38514,19258,19256,26449,12937,13512,2642,1311,1331,8106,4362,3744,1317,648,669
0.5 Scen,2025,223,Hopkins County,38755,19395,19360,26405,12920,13485,2634,1309,1325,8350,4491,3859,1366,675,691
0.5 Scen,2026,223,Hopkins County,39042,19552,19490,26396,12921,13475,2635,1311,1324,8594,4617,3977,1417,703,714
0.5 Scen,2027,223,Hopkins County,39294,19695,19599,26355,12913,13442,2634,1310,1324,8829,4737,4092,1476,735,741
0.5 Scen,2028,223,Hopkins County,39537,19825,19712,26298,12887,13411,2625,1307,1318,9071,4861,4210,1543,770,773
0.5 Scen,2029,223,Hopkins County,39798,19960,19838,26251,12866,13385,2619,1305,1314,9317,4983,4334,1611,806,805
0.5 Scen,2030,223,Hopkins County,40053,20099,19954,26177,12839,13338,2621,1309,1312,9575,5110,4465,1680,841,839
0.5 Scen,2031,223,Hopkins County,40298,20237,20061,26111,12813,13298,2612,1308,1304,9823,5237,4586,1752,879,873
0.5 Scen,2032,223,Hopkins County,40538,20372,20166,26023,12779,13244,2602,1304,1298,10088,5368,4720,1825,921,904
0.5 Scen,2033,223,Hopkins County,40788,20506,20282,25937,12742,13195,2596,1302,1294,10350,5497,4853,1905,965,940
0.5 Scen,2034,223,Hopkins County,41024,20637,20387,25847,12706,13141,2587,1300,1287,10600,5621,4979,1990,1010,980
0.5 Scen,2035,223,Hopkins County,41274,20769,20505,25756,12669,13087,2575,1293,1282,10859,5751,5108,2084,1056,1028
0.5 Scen,2036,223,Hopkins County,41521,20910,20611,25659,12634,13025,2561,1287,1274,11119,5883,5236,2182,1106,1076
0.5 Scen,2037,223,Hopkins County,41769,21050,20719,25551,12588,12963,2549,1284,1265,11383,6018,5365,2286,1160,1126
0.5 Scen,2038,223,Hopkins County,42025,21190,20835,25460,12549,12911,2540,1280,1260,11640,6149,5491,2385,1212,1173
0.5 Scen,2039,223,Hopkins County,42288,21340,20948,25358,12509,12849,2524,1275,1249,11905,6285,5620,2501,1271,1230
0.5 Scen,2040,223,Hopkins County,42564,21499,21065,25255,12469,12786,2519,1274,1245,12170,6422,5748,2620,1334,1286
0.5 Scen,2041,223,Hopkins County,42848,21657,21191,25145,12424,12721,2512,1271,1241,12445,6565,5880,2746,1397,1349
0.5 Scen,2042,223,Hopkins County,43138,21820,21318,25038,12381,12657,2505,1270,1235,12719,6704,6015,2876,1465,1411
0.5 Scen,2043,223,Hopkins County,43448,21993,21455,24938,12342,12596,2502,1270,1232,12995,6845,6150,3013,1536,1477
0.5 Scen,2044,223,Hopkins County,43751,22167,21584,24829,12298,12531,2494,1270,1224,13273,6987,6286,3155,1612,1543
0.5 Scen,2045,223,Hopkins County,44078,22351,21727,24724,12256,12468,2492,1273,1219,13556,7131,6425,3306,1691,1615
0.5 Scen,2046,223,Hopkins County,44427,22542,21885,24639,12221,12418,2488,1273,1215,13844,7278,6566,3456,1770,1686
0.5 Scen,2047,223,Hopkins County,44771,22728,22043,24535,12178,12357,2484,1272,1212,14137,7427,6710,3615,1851,1764
0.5 Scen,2048,223,Hopkins County,45123,22917,22206,24436,12140,12296,2474,1265,1209,14431,7574,6857,3782,1938,1844
0.5 Scen,2049,223,Hopkins County,45503,23124,22379,24345,12107,12238,2467,1262,1205,14732,7728,7004,3959,2027,1932
0.5 Scen,2050,223,Hopkins County,45890,23337,22553,24256,12074,12182,2458,1256,1202,15041,7888,7153,4135,2119,2016
0.5 Scen,2010,225,Houston County,23732,12769,10963,14811,7570,7241,6129,3460,2669,2364,1551,813,428,188,240
0.5 Scen,2011,225,Houston County,23805,12803,11002,14812,7568,7244,6151,3470,2681,2406,1573,833,436,192,244
0.5 Scen,2012,225,Houston County,23856,12831,11025,14784,7555,7229,6176,3483,2693,2450,1596,854,446,197,249
0.5 Scen,2013,225,Houston County,23903,12868,11035,14746,7544,7202,6201,3498,2703,2499,1623,876,457,203,254
0.5 Scen,2014,225,Houston County,23977,12906,11071,14735,7534,7201,6232,3517,2715,2545,1648,897,465,207,258
0.5 Scen,2015,225,Houston County,24042,12945,11097,14725,7528,7197,6253,3533,2720,2592,1673,919,472,211,261
0.5 Scen,2016,225,Houston County,24096,12980,11116,14715,7522,7193,6270,3549,2721,2630,1693,937,481,216,265
0.5 Scen,2017,225,Houston County,24154,13014,11140,14712,7518,7194,6279,3559,2720,2672,1716,956,491,221,270
0.5 Scen,2018,225,Houston County,24209,13049,11160,14704,7515,7189,6290,3567,2723,2717,1742,975,498,225,273
0.5 Scen,2019,225,Houston County,24255,13084,11171,14686,7511,7175,6295,3574,2721,2766,1769,997,508,230,278
0.5 Scen,2020,225,Houston County,24312,13116,11196,14675,7505,7170,6308,3582,2726,2815,1796,1019,514,233,281
0.5 Scen,2021,225,Houston County,24363,13134,11229,14657,7486,7171,6313,3584,2729,2868,1825,1043,525,239,286
0.5 Scen,2022,225,Houston County,24412,13159,11253,14643,7480,7163,6318,3585,2733,2920,1852,1068,531,242,289
0.5 Scen,2023,225,Houston County,24454,13184,11270,14623,7469,7154,6320,3589,2731,2968,1878,1090,543,248,295
0.5 Scen,2024,225,Houston County,24476,13193,11283,14588,7448,7140,6317,3588,2729,3022,1906,1116,549,251,298
0.5 Scen,2025,225,Houston County,24511,13219,11292,14555,7432,7123,6316,3594,2722,3077,1933,1144,563,260,303
0.5 Scen,2026,225,Houston County,24541,13236,11305,14518,7414,7104,6317,3594,2723,3131,1961,1170,575,267,308
0.5 Scen,2027,225,Houston County,24589,13269,11320,14482,7398,7084,6320,3598,2722,3193,1995,1198,594,278,316
0.5 Scen,2028,225,Houston County,24616,13288,11328,14431,7373,7058,6325,3603,2722,3253,2026,1227,607,286,321
0.5 Scen,2029,225,Houston County,24661,13313,11348,14388,7352,7036,6334,3609,2725,3315,2057,1258,624,295,329
0.5 Scen,2030,225,Houston County,24668,13321,11347,14324,7325,6999,6335,3607,2728,3372,2086,1286,637,303,334
0.5 Scen,2031,225,Houston County,24681,13330,11351,14264,7299,6965,6341,3611,2730,3424,2110,1314,652,310,342
0.5 Scen,2032,225,Houston County,24685,13344,11341,14193,7271,6922,6344,3611,2733,3482,2145,1337,666,317,349
0.5 Scen,2033,225,Houston County,24703,13367,11336,14125,7247,6878,6355,3619,2736,3540,2175,1365,683,326,357
0.5 Scen,2034,225,Houston County,24720,13380,11340,14069,7220,6849,6357,3620,2737,3600,2205,1395,694,335,359
0.5 Scen,2035,225,Houston County,24720,13399,11321,13993,7194,6799,6355,3623,2732,3666,2241,1425,706,341,365
0.5 Scen,2036,225,Houston County,24717,13415,11302,13922,7168,6754,6351,3626,2725,3723,2271,1452,721,350,371
0.5 Scen,2037,225,Houston County,24703,13418,11285,13850,7137,6713,6341,3624,2717,3780,2300,1480,732,357,375
0.5 Scen,2038,225,Houston County,24710,13436,11274,13787,7111,6676,6337,3628,2709,3837,2329,1508,749,368,381
0.5 Scen,2039,225,Houston County,24708,13450,11258,13712,7082,6630,6329,3629,2700,3900,2361,1539,767,378,389
0.5 Scen,2040,225,Houston County,24701,13456,11245,13641,7051,6590,6311,3623,2688,3963,2395,1568,786,387,399
0.5 Scen,2041,225,Houston County,24684,13455,11229,13567,7018,6549,6300,3619,2681,4015,2422,1593,802,396,406
0.5 Scen,2042,225,Houston County,24678,13462,11216,13499,6991,6508,6278,3609,2669,4076,2453,1623,825,409,416
0.5 Scen,2043,225,Houston County,24657,13464,11193,13419,6959,6460,6265,3608,2657,4132,2479,1653,841,418,423
0.5 Scen,2044,225,Houston County,24644,13477,11167,13357,6937,6420,6236,3602,2634,4194,2511,1683,857,427,430
0.5 Scen,2045,225,Houston County,24606,13470,11136,13277,6905,6372,6214,3594,2620,4247,2537,1710,868,434,434
0.5 Scen,2046,225,Houston County,24604,13479,11125,13212,6877,6335,6197,3592,2605,4312,2568,1744,883,442,441
0.5 Scen,2047,225,Houston County,24588,13487,11101,13145,6855,6290,6167,3579,2588,4380,2604,1776,896,449,447
0.5 Scen,2048,225,Houston County,24582,13486,11096,13082,6825,6257,6142,3566,2576,4446,2638,1808,912,457,455
0.5 Scen,2049,225,Houston County,24564,13489,11075,13024,6801,6223,6106,3550,2556,4507,2673,1834,927,465,462
0.5 Scen,2050,225,Houston County,24560,13505,11055,12967,6782,6185,6078,3540,2538,4575,2710,1865,940,473,467
0.5 Scen,2010,227,Howard County,35012,19720,15292,18801,10033,8768,2079,1509,570,13255,7661,5594,877,517,360
0.5 Scen,2011,227,Howard County,35239,19848,15391,18827,10056,8771,2086,1514,572,13439,7756,5683,887,522,365
0.5 Scen,2012,227,Howard County,35425,19957,15468,18827,10070,8757,2098,1523,575,13604,7838,5766,896,526,370
0.5 Scen,2013,227,Howard County,35636,20076,15560,18840,10090,8750,2111,1530,581,13778,7924,5854,907,532,375
0.5 Scen,2014,227,Howard County,35863,20199,15664,18886,10122,8764,2120,1537,583,13936,7999,5937,921,541,380
0.5 Scen,2015,227,Howard County,36061,20307,15754,18905,10142,8763,2130,1544,586,14101,8079,6022,925,542,383
0.5 Scen,2016,227,Howard County,36293,20430,15863,18941,10166,8775,2142,1552,590,14271,8162,6109,939,550,389
0.5 Scen,2017,227,Howard County,36485,20533,15952,18945,10176,8769,2151,1556,595,14442,8247,6195,947,554,393
0.5 Scen,2018,227,Howard County,36672,20642,16030,18949,10189,8760,2161,1564,597,14606,8330,6276,956,559,397
0.5 Scen,2019,227,Howard County,36864,20764,16100,18940,10204,8736,2174,1573,601,14788,8426,6362,962,561,401
0.5 Scen,2020,227,Howard County,37034,20870,16164,18928,10213,8715,2188,1585,603,14945,8503,6442,973,569,404
0.5 Scen,2021,227,Howard County,37236,20992,16244,18932,10228,8704,2192,1589,603,15131,8601,6530,981,574,407
0.5 Scen,2022,227,Howard County,37437,21108,16329,18928,10236,8692,2199,1593,606,15324,8704,6620,986,575,411
0.5 Scen,2023,227,Howard County,37617,21214,16403,18919,10241,8678,2203,1597,606,15504,8798,6706,991,578,413
0.5 Scen,2024,227,Howard County,37789,21313,16476,18894,10232,8662,2212,1603,609,15680,8891,6789,1003,587,416
0.5 Scen,2025,227,Howard County,37969,21413,16556,18871,10226,8645,2215,1604,611,15872,8993,6879,1011,590,421
0.5 Scen,2026,227,Howard County,38141,21519,16622,18828,10213,8615,2227,1614,613,16061,9092,6969,1025,600,425
0.5 Scen,2027,227,Howard County,38304,21627,16677,18798,10210,8588,2233,1620,613,16235,9185,7050,1038,612,426
0.5 Scen,2028,227,Howard County,38486,21729,16757,18763,10202,8561,2245,1626,619,16430,9285,7145,1048,616,432
0.5 Scen,2029,227,Howard County,38649,21829,16820,18730,10201,8529,2244,1626,618,16618,9382,7236,1057,620,437
0.5 Scen,2030,227,Howard County,38805,21927,16878,18684,10185,8499,2248,1627,621,16807,9491,7316,1066,624,442
0.5 Scen,2031,227,Howard County,38955,22015,16940,18636,10166,8470,2248,1632,616,16992,9585,7407,1079,632,447
0.5 Scen,2032,227,Howard County,39092,22098,16994,18596,10156,8440,2249,1633,616,17158,9672,7486,1089,637,452
0.5 Scen,2033,227,Howard County,39229,22181,17048,18550,10144,8406,2247,1628,619,17331,9765,7566,1101,644,457
0.5 Scen,2034,227,Howard County,39323,22236,17087,18499,10121,8378,2234,1623,611,17483,9844,7639,1107,648,459
0.5 Scen,2035,227,Howard County,39451,22318,17133,18464,10111,8353,2225,1617,608,17641,9933,7708,1121,657,464
0.5 Scen,2036,227,Howard County,39549,22374,17175,18420,10093,8327,2221,1616,605,17785,10006,7779,1123,659,464
0.5 Scen,2037,227,Howard County,39646,22428,17218,18364,10066,8298,2213,1612,601,17936,10089,7847,1133,661,472
0.5 Scen,2038,227,Howard County,39737,22485,17252,18314,10049,8265,2206,1610,596,18074,10159,7915,1143,667,476
0.5 Scen,2039,227,Howard County,39822,22522,17300,18257,10019,8238,2197,1597,600,18213,10231,7982,1155,675,480
0.5 Scen,2040,227,Howard County,39868,22538,17330,18181,9976,8205,2186,1593,593,18340,10291,8049,1161,678,483
0.5 Scen,2041,227,Howard County,39917,22560,17357,18110,9942,8168,2164,1578,586,18474,10359,8115,1169,681,488
0.5 Scen,2042,227,Howard County,39948,22556,17392,18027,9893,8134,2151,1568,583,18600,10416,8184,1170,679,491
0.5 Scen,2043,227,Howard County,40005,22588,17417,17957,9859,8098,2135,1558,577,18739,10490,8249,1174,681,493
0.5 Scen,2044,227,Howard County,40041,22602,17439,17889,9824,8065,2123,1551,572,18852,10546,8306,1177,681,496
0.5 Scen,2045,227,Howard County,40076,22610,17466,17824,9792,8032,2101,1536,565,18972,10601,8371,1179,681,498
0.5 Scen,2046,227,Howard County,40094,22627,17467,17736,9749,7987,2083,1528,555,19093,10664,8429,1182,686,496
0.5 Scen,2047,227,Howard County,40087,22604,17483,17645,9699,7946,2060,1509,551,19201,10709,8492,1181,687,494
0.5 Scen,2048,227,Howard County,40116,22608,17508,17570,9661,7909,2046,1502,544,19318,10761,8557,1182,684,498
0.5 Scen,2049,227,Howard County,40155,22630,17525,17507,9638,7869,2029,1487,542,19431,10819,8612,1188,686,502
0.5 Scen,2050,227,Howard County,40183,22640,17543,17436,9601,7835,2020,1480,540,19541,10873,8668,1186,686,500
0.5 Scen,2010,229,Hudspeth County,3476,1750,1726,628,337,291,30,22,8,2768,1370,1398,50,21,29
0.5 Scen,2011,229,Hudspeth County,3514,1769,1745,630,339,291,30,22,8,2804,1387,1417,50,21,29
0.5 Scen,2012,229,Hudspeth County,3559,1789,1770,634,341,293,30,22,8,2845,1405,1440,50,21,29
0.5 Scen,2013,229,Hudspeth County,3599,1809,1790,637,344,293,30,22,8,2882,1422,1460,50,21,29
0.5 Scen,2014,229,Hudspeth County,3650,1837,1813,639,345,294,30,22,8,2931,1449,1482,50,21,29
0.5 Scen,2015,229,Hudspeth County,3696,1859,1837,641,346,295,30,22,8,2974,1469,1505,51,22,29
0.5 Scen,2016,229,Hudspeth County,3743,1884,1859,642,347,295,30,22,8,3019,1493,1526,52,22,30
0.5 Scen,2017,229,Hudspeth County,3784,1903,1881,644,348,296,30,22,8,3057,1510,1547,53,23,30
0.5 Scen,2018,229,Hudspeth County,3825,1924,1901,643,349,294,30,22,8,3098,1530,1568,54,23,31
0.5 Scen,2019,229,Hudspeth County,3874,1951,1923,646,352,294,30,22,8,3144,1554,1590,54,23,31
0.5 Scen,2020,229,Hudspeth County,3923,1971,1952,647,351,296,30,22,8,3191,1575,1616,55,23,32
0.5 Scen,2021,229,Hudspeth County,3975,1999,1976,648,351,297,30,22,8,3241,1602,1639,56,24,32
0.5 Scen,2022,229,Hudspeth County,4019,2019,2000,648,350,298,30,22,8,3284,1623,1661,57,24,33
0.5 Scen,2023,229,Hudspeth County,4067,2040,2027,648,349,299,30,22,8,3331,1644,1687,58,25,33
0.5 Scen,2024,229,Hudspeth County,4115,2063,2052,649,349,300,30,22,8,3377,1667,1710,59,25,34
0.5 Scen,2025,229,Hudspeth County,4158,2083,2075,650,350,300,30,22,8,3418,1685,1733,60,26,34
0.5 Scen,2026,229,Hudspeth County,4206,2104,2102,651,350,301,30,22,8,3464,1706,1758,61,26,35
0.5 Scen,2027,229,Hudspeth County,4244,2123,2121,650,349,301,29,21,8,3502,1725,1777,63,28,35
0.5 Scen,2028,229,Hudspeth County,4278,2138,2140,644,346,298,29,21,8,3541,1743,1798,64,28,36
0.5 Scen,2029,229,Hudspeth County,4313,2157,2156,641,343,298,29,21,8,3578,1764,1814,65,29,36
0.5 Scen,2030,229,Hudspeth County,4343,2171,2172,637,340,297,29,21,8,3611,1781,1830,66,29,37
0.5 Scen,2031,229,Hudspeth County,4360,2181,2179,635,337,298,29,21,8,3629,1793,1836,67,30,37
0.5 Scen,2032,229,Hudspeth County,4378,2190,2188,627,333,294,29,21,8,3654,1806,1848,68,30,38
0.5 Scen,2033,229,Hudspeth County,4394,2200,2194,621,329,292,29,21,8,3675,1819,1856,69,31,38
0.5 Scen,2034,229,Hudspeth County,4408,2208,2200,611,324,287,29,21,8,3698,1832,1866,70,31,39
0.5 Scen,2035,229,Hudspeth County,4418,2219,2199,604,320,284,28,20,8,3716,1847,1869,70,32,38
0.5 Scen,2036,229,Hudspeth County,4424,2222,2202,591,313,278,28,20,8,3735,1857,1878,70,32,38
0.5 Scen,2037,229,Hudspeth County,4432,2229,2203,579,308,271,28,20,8,3756,1870,1886,69,31,38
0.5 Scen,2038,229,Hudspeth County,4438,2236,2202,567,302,265,28,20,8,3774,1883,1891,69,31,38
0.5 Scen,2039,229,Hudspeth County,4447,2242,2205,558,296,262,28,20,8,3792,1895,1897,69,31,38
0.5 Scen,2040,229,Hudspeth County,4458,2249,2209,547,289,258,28,20,8,3814,1909,1905,69,31,38
0.5 Scen,2041,229,Hudspeth County,4475,2260,2215,543,287,256,28,20,8,3835,1922,1913,69,31,38
0.5 Scen,2042,229,Hudspeth County,4487,2271,2216,535,284,251,28,20,8,3855,1936,1919,69,31,38
0.5 Scen,2043,229,Hudspeth County,4494,2276,2218,524,279,245,28,20,8,3874,1946,1928,68,31,37
0.5 Scen,2044,229,Hudspeth County,4505,2287,2218,517,276,241,28,20,8,3892,1960,1932,68,31,37
0.5 Scen,2045,229,Hudspeth County,4518,2298,2220,512,273,239,27,20,7,3910,1973,1937,69,32,37
0.5 Scen,2046,229,Hudspeth County,4529,2305,2224,505,269,236,27,20,7,3928,1984,1944,69,32,37
0.5 Scen,2047,229,Hudspeth County,4542,2313,2229,499,264,235,27,20,7,3948,1997,1951,68,32,36
0.5 Scen,2048,229,Hudspeth County,4557,2321,2236,495,262,233,27,20,7,3967,2007,1960,68,32,36
0.5 Scen,2049,229,Hudspeth County,4572,2332,2240,491,260,231,27,20,7,3987,2020,1967,67,32,35
0.5 Scen,2050,229,Hudspeth County,4590,2341,2249,489,259,230,26,19,7,4008,2031,1977,67,32,35
0.5 Scen,2010,231,Hunt County,86129,42700,43429,64393,31631,32762,6976,3372,3604,11751,6234,5517,3009,1463,1546
0.5 Scen,2011,231,Hunt County,86987,43089,43898,64645,31712,32933,7092,3427,3665,12154,6443,5711,3096,1507,1589
0.5 Scen,2012,231,Hunt County,87874,43474,44400,64915,31789,33126,7204,3475,3729,12563,6654,5909,3192,1556,1636
0.5 Scen,2013,231,Hunt County,88802,43892,44910,65180,31879,33301,7328,3534,3794,13006,6877,6129,3288,1602,1686
0.5 Scen,2014,231,Hunt County,89744,44313,45431,65444,31970,33474,7452,3583,3869,13464,7113,6351,3384,1647,1737
0.5 Scen,2015,231,Hunt County,90674,44715,45959,65686,32034,33652,7573,3640,3933,13942,7350,6592,3473,1691,1782
0.5 Scen,2016,231,Hunt County,91674,45157,46517,65931,32104,33827,7718,3708,4010,14449,7603,6846,3576,1742,1834
0.5 Scen,2017,231,Hunt County,92690,45616,47074,66199,32188,34011,7856,3776,4080,14953,7858,7095,3682,1794,1888
0.5 Scen,2018,231,Hunt County,93767,46099,47668,66478,32276,34202,8006,3847,4159,15491,8125,7366,3792,1851,1941
0.5 Scen,2019,231,Hunt County,94899,46598,48301,66765,32365,34400,8145,3911,4234,16062,8403,7659,3927,1919,2008
0.5 Scen,2020,231,Hunt County,96046,47099,48947,67061,32453,34608,8287,3984,4303,16646,8683,7963,4052,1979,2073
0.5 Scen,2021,231,Hunt County,97117,47579,49538,67284,32522,34762,8418,4048,4370,17236,8968,8268,4179,2041,2138
0.5 Scen,2022,231,Hunt County,98228,48071,50157,67518,32589,34929,8541,4109,4432,17851,9267,8584,4318,2106,2212
0.5 Scen,2023,231,Hunt County,99347,48574,50773,67725,32645,35080,8662,4172,4490,18493,9579,8914,4467,2178,2289
0.5 Scen,2024,231,Hunt County,100488,49095,51393,67923,32700,35223,8795,4240,4555,19142,9899,9243,4628,2256,2372
0.5 Scen,2025,231,Hunt County,101656,49629,52027,68105,32748,35357,8938,4310,4628,19826,10238,9588,4787,2333,2454
0.5 Scen,2026,231,Hunt County,102818,50157,52661,68272,32793,35479,9076,4378,4698,20521,10578,9943,4949,2408,2541
0.5 Scen,2027,231,Hunt County,104002,50709,53293,68416,32830,35586,9221,4452,4769,21250,10942,10308,5115,2485,2630
0.5 Scen,2028,231,Hunt County,105195,51269,53926,68552,32867,35685,9357,4516,4841,21999,11313,10686,5287,2573,2714
0.5 Scen,2029,231,Hunt County,106374,51826,54548,68661,32886,35775,9495,4584,4911,22772,11698,11074,5446,2658,2788
0.5 Scen,2030,231,Hunt County,107574,52383,55191,68748,32896,35852,9639,4650,4989,23562,12092,11470,5625,2745,2880
0.5 Scen,2031,231,Hunt County,108802,52956,55846,68817,32900,35917,9785,4715,5070,24387,12501,11886,5813,2840,2973
0.5 Scen,2032,231,Hunt County,109980,53502,56478,68849,32887,35962,9916,4775,5141,25216,12910,12306,5999,2930,3069
0.5 Scen,2033,231,Hunt County,111194,54071,57123,68872,32867,36005,10057,4842,5215,26065,13325,12740,6200,3037,3163
0.5 Scen,2034,231,Hunt County,112416,54639,57777,68872,32834,36038,10191,4908,5283,26946,13751,13195,6407,3146,3261
0.5 Scen,2035,231,Hunt County,113608,55196,58412,68851,32795,36056,10328,4979,5349,27820,14168,13652,6609,3254,3355
0.5 Scen,2036,231,Hunt County,114825,55767,59058,68825,32757,36068,10466,5048,5418,28718,14599,14119,6816,3363,3453
0.5 Scen,2037,231,Hunt County,116076,56359,59717,68789,32717,36072,10612,5116,5496,29639,15043,14596,7036,3483,3553
0.5 Scen,2038,231,Hunt County,117338,56949,60389,68744,32673,36071,10751,5187,5564,30574,15481,15093,7269,3608,3661
0.5 Scen,2039,231,Hunt County,118586,57541,61045,68681,32623,36058,10891,5255,5636,31517,15934,15583,7497,3729,3768
0.5 Scen,2040,231,Hunt County,119853,58128,61725,68619,32571,36048,11029,5322,5707,32475,16389,16086,7730,3846,3884
0.5 Scen,2041,231,Hunt County,121122,58736,62386,68547,32517,36030,11165,5387,5778,33452,16862,16590,7958,3970,3988
0.5 Scen,2042,231,Hunt County,122422,59345,63077,68460,32461,35999,11304,5456,5848,34452,17329,17123,8206,4099,4107
0.5 Scen,2043,231,Hunt County,123747,59989,63758,68373,32408,35965,11442,5528,5914,35474,17821,17653,8458,4232,4226
0.5 Scen,2044,231,Hunt County,125103,60637,64466,68284,32356,35928,11583,5600,5983,36524,18314,18210,8712,4367,4345
0.5 Scen,2045,231,Hunt County,126494,61312,65182,68192,32301,35891,11724,5673,6051,37593,18820,18773,8985,4518,4467
0.5 Scen,2046,231,Hunt County,127922,61996,65926,68111,32250,35861,11862,5747,6115,38689,19334,19355,9260,4665,4595
0.5 Scen,2047,231,Hunt County,129394,62713,66681,68041,32208,35833,12000,5822,6178,39807,19865,19942,9546,4818,4728
0.5 Scen,2048,231,Hunt County,130911,63453,67458,67980,32176,35804,12140,5891,6249,40957,20411,20546,9834,4975,4859
0.5 Scen,2049,231,Hunt County,132464,64209,68255,67927,32141,35786,12283,5966,6317,42125,20965,21160,10129,5137,4992
0.5 Scen,2050,231,Hunt County,134056,64991,69065,67892,32124,35768,12420,6041,6379,43317,21534,21783,10427,5292,5135
0.5 Scen,2010,233,Hutchinson County,22150,11077,11073,16482,8171,8311,512,283,229,4386,2245,2141,770,378,392
0.5 Scen,2011,233,Hutchinson County,22250,11133,11117,16490,8176,8314,515,286,229,4466,2288,2178,779,383,396
0.5 Scen,2012,233,Hutchinson County,22316,11170,11146,16458,8165,8293,518,288,230,4549,2328,2221,791,389,402
0.5 Scen,2013,233,Hutchinson County,22374,11204,11170,16425,8150,8275,522,291,231,4627,2369,2258,800,394,406
0.5 Scen,2014,233,Hutchinson County,22451,11242,11209,16411,8137,8274,524,293,231,4708,2413,2295,808,399,409
0.5 Scen,2015,233,Hutchinson County,22545,11297,11248,16410,8141,8269,530,296,234,4792,2457,2335,813,403,410
0.5 Scen,2016,233,Hutchinson County,22626,11346,11280,16389,8137,8252,534,298,236,4881,2504,2377,822,407,415
0.5 Scen,2017,233,Hutchinson County,22727,11399,11328,16386,8137,8249,539,300,239,4970,2549,2421,832,413,419
0.5 Scen,2018,233,Hutchinson County,22815,11454,11361,16371,8137,8234,543,302,241,5060,2597,2463,841,418,423
0.5 Scen,2019,233,Hutchinson County,22899,11504,11395,16353,8135,8218,547,304,243,5149,2643,2506,850,422,428
0.5 Scen,2020,233,Hutchinson County,22998,11563,11435,16351,8139,8212,551,307,244,5236,2690,2546,860,427,433
0.5 Scen,2021,233,Hutchinson County,23074,11609,11465,16341,8140,8201,554,308,246,5312,2730,2582,867,431,436
0.5 Scen,2022,233,Hutchinson County,23170,11669,11501,16332,8142,8190,561,312,249,5403,2779,2624,874,436,438
0.5 Scen,2023,233,Hutchinson County,23274,11730,11544,16323,8143,8180,568,316,252,5496,2826,2670,887,445,442
0.5 Scen,2024,233,Hutchinson County,23369,11788,11581,16305,8140,8165,572,318,254,5597,2880,2717,895,450,445
0.5 Scen,2025,233,Hutchinson County,23451,11840,11611,16274,8132,8142,576,321,255,5696,2930,2766,905,457,448
0.5 Scen,2026,233,Hutchinson County,23534,11883,11651,16244,8122,8122,579,322,257,5799,2979,2820,912,460,452
0.5 Scen,2027,233,Hutchinson County,23609,11924,11685,16210,8109,8101,580,322,258,5894,3025,2869,925,468,457
0.5 Scen,2028,233,Hutchinson County,23661,11948,11713,16163,8086,8077,583,324,259,5985,3071,2914,930,467,463
0.5 Scen,2029,233,Hutchinson County,23720,11983,11737,16126,8071,8055,587,327,260,6072,3115,2957,935,470,465
0.5 Scen,2030,233,Hutchinson County,23783,12024,11759,16077,8049,8028,591,330,261,6169,3168,3001,946,477,469
0.5 Scen,2031,233,Hutchinson County,23836,12049,11787,16025,8021,8004,594,332,262,6265,3216,3049,952,480,472
0.5 Scen,2032,233,Hutchinson County,23889,12082,11807,15977,8002,7975,595,332,263,6354,3262,3092,963,486,477
0.5 Scen,2033,233,Hutchinson County,23923,12099,11824,15923,7975,7948,592,329,263,6437,3304,3133,971,491,480
0.5 Scen,2034,233,Hutchinson County,23935,12104,11831,15859,7944,7915,591,327,264,6509,3341,3168,976,492,484
0.5 Scen,2035,233,Hutchinson County,23954,12117,11837,15794,7915,7879,590,326,264,6584,3380,3204,986,496,490
0.5 Scen,2036,233,Hutchinson County,23974,12127,11847,15727,7881,7846,588,325,263,6662,3419,3243,997,502,495
0.5 Scen,2037,233,Hutchinson County,23987,12137,11850,15660,7848,7812,586,323,263,6736,3458,3278,1005,508,497
0.5 Scen,2038,233,Hutchinson County,23984,12147,11837,15585,7818,7767,584,321,263,6804,3493,3311,1011,515,496
0.5 Scen,2039,233,Hutchinson County,23977,12147,11830,15513,7781,7732,579,319,260,6866,3528,3338,1019,519,500
0.5 Scen,2040,233,Hutchinson County,23968,12148,11820,15442,7750,7692,573,315,258,6930,3561,3369,1023,522,501
0.5 Scen,2041,233,Hutchinson County,23965,12152,11813,15373,7718,7655,565,310,255,7000,3596,3404,1027,528,499
0.5 Scen,2042,233,Hutchinson County,23950,12141,11809,15298,7684,7614,561,307,254,7064,3624,3440,1027,526,501
0.5 Scen,2043,233,Hutchinson County,23940,12151,11789,15224,7661,7563,554,302,252,7128,3659,3469,1034,529,505
0.5 Scen,2044,233,Hutchinson County,23925,12148,11777,15148,7623,7525,546,300,246,7191,3692,3499,1040,533,507
0.5 Scen,2045,233,Hutchinson County,23909,12150,11759,15077,7596,7481,540,296,244,7250,3724,3526,1042,534,508
0.5 Scen,2046,233,Hutchinson County,23899,12154,11745,15015,7572,7443,537,294,243,7302,3751,3551,1045,537,508
0.5 Scen,2047,233,Hutchinson County,23891,12153,11738,14946,7541,7405,536,293,243,7364,3781,3583,1045,538,507
0.5 Scen,2048,233,Hutchinson County,23877,12150,11727,14884,7516,7368,529,287,242,7417,3808,3609,1047,539,508
0.5 Scen,2049,233,Hutchinson County,23880,12154,11726,14827,7493,7334,527,286,241,7475,3836,3639,1051,539,512
0.5 Scen,2050,233,Hutchinson County,23871,12163,11708,14775,7477,7298,520,282,238,7527,3862,3665,1049,542,507
0.5 Scen,2010,235,Irion County,1599,807,792,1153,579,574,11,6,5,407,207,200,28,15,13
0.5 Scen,2011,235,Irion County,1612,815,797,1157,582,575,11,6,5,416,212,204,28,15,13
0.5 Scen,2012,235,Irion County,1625,822,803,1162,584,578,11,6,5,424,217,207,28,15,13
0.5 Scen,2013,235,Irion County,1643,834,809,1171,591,580,11,6,5,433,222,211,28,15,13
0.5 Scen,2014,235,Irion County,1655,839,816,1175,592,583,11,6,5,441,226,215,28,15,13
0.5 Scen,2015,235,Irion County,1671,848,823,1182,596,586,11,6,5,450,231,219,28,15,13
0.5 Scen,2016,235,Irion County,1686,857,829,1187,600,587,11,6,5,460,236,224,28,15,13
0.5 Scen,2017,235,Irion County,1698,864,834,1190,601,589,11,6,5,469,242,227,28,15,13
0.5 Scen,2018,235,Irion County,1706,868,838,1190,600,590,11,6,5,477,247,230,28,15,13
0.5 Scen,2019,235,Irion County,1718,876,842,1194,603,591,11,6,5,485,252,233,28,15,13
0.5 Scen,2020,235,Irion County,1731,882,849,1200,605,595,11,6,5,493,257,236,27,14,13
0.5 Scen,2021,235,Irion County,1742,889,853,1202,607,595,11,6,5,502,262,240,27,14,13
0.5 Scen,2022,235,Irion County,1754,895,859,1204,607,597,11,6,5,512,268,244,27,14,13
0.5 Scen,2023,235,Irion County,1769,904,865,1210,611,599,11,6,5,521,273,248,27,14,13
0.5 Scen,2024,235,Irion County,1773,910,863,1205,612,593,11,6,5,530,278,252,27,14,13
0.5 Scen,2025,235,Irion County,1783,913,870,1206,610,596,11,6,5,539,283,256,27,14,13
0.5 Scen,2026,235,Irion County,1787,918,869,1201,610,591,11,6,5,548,288,260,27,14,13
0.5 Scen,2027,235,Irion County,1792,922,870,1197,609,588,11,6,5,557,293,264,27,14,13
0.5 Scen,2028,235,Irion County,1794,926,868,1190,608,582,11,6,5,566,298,268,27,14,13
0.5 Scen,2029,235,Irion County,1799,930,869,1186,607,579,11,6,5,575,303,272,27,14,13
0.5 Scen,2030,235,Irion County,1804,936,868,1182,608,574,11,6,5,584,308,276,27,14,13
0.5 Scen,2031,235,Irion County,1805,939,866,1175,606,569,11,6,5,593,313,280,26,14,12
0.5 Scen,2032,235,Irion County,1806,942,864,1168,605,563,11,6,5,601,317,284,26,14,12
0.5 Scen,2033,235,Irion County,1812,946,866,1165,604,561,11,6,5,610,322,288,26,14,12
0.5 Scen,2034,235,Irion County,1816,949,867,1161,603,558,11,6,5,618,326,292,26,14,12
0.5 Scen,2035,235,Irion County,1821,951,870,1159,601,558,11,6,5,625,330,295,26,14,12
0.5 Scen,2036,235,Irion County,1824,951,873,1154,597,557,11,6,5,633,334,299,26,14,12
0.5 Scen,2037,235,Irion County,1825,951,874,1148,594,554,11,6,5,641,338,303,25,13,12
0.5 Scen,2038,235,Irion County,1823,951,872,1138,590,548,11,6,5,649,342,307,25,13,12
0.5 Scen,2039,235,Irion County,1821,949,872,1129,585,544,11,6,5,656,345,311,25,13,12
0.5 Scen,2040,235,Irion County,1816,947,869,1116,580,536,11,6,5,664,348,316,25,13,12
0.5 Scen,2041,235,Irion County,1808,946,862,1103,576,527,11,6,5,669,351,318,25,13,12
0.5 Scen,2042,235,Irion County,1803,944,859,1091,569,522,11,6,5,676,356,320,25,13,12
0.5 Scen,2043,235,Irion County,1800,941,859,1079,561,518,11,6,5,685,361,324,25,13,12
0.5 Scen,2044,235,Irion County,1796,940,856,1067,555,512,11,6,5,693,366,327,25,13,12
0.5 Scen,2045,235,Irion County,1789,937,852,1052,547,505,11,6,5,701,371,330,25,13,12
0.5 Scen,2046,235,Irion County,1785,934,851,1040,540,500,10,6,4,710,375,335,25,13,12
0.5 Scen,2047,235,Irion County,1785,935,850,1030,535,495,10,6,4,720,381,339,25,13,12
0.5 Scen,2048,235,Irion County,1786,936,850,1021,531,490,10,6,4,731,387,344,24,12,12
0.5 Scen,2049,235,Irion County,1787,937,850,1015,528,487,10,6,4,740,392,348,22,11,11
0.5 Scen,2050,235,Irion County,1790,941,849,1008,527,481,10,6,4,750,397,353,22,11,11
0.5 Scen,2010,237,Jack County,9044,5030,4014,7289,3879,3410,340,304,36,1283,781,502,132,66,66
0.5 Scen,2011,237,Jack County,9087,5055,4032,7307,3890,3417,340,304,36,1307,794,513,133,67,66
0.5 Scen,2012,237,Jack County,9114,5070,4044,7312,3896,3416,339,303,36,1329,804,525,134,67,67
0.5 Scen,2013,237,Jack County,9135,5086,4049,7311,3899,3412,338,302,36,1351,817,534,135,68,67
0.5 Scen,2014,237,Jack County,9160,5101,4059,7311,3901,3410,337,301,36,1377,831,546,135,68,67
0.5 Scen,2015,237,Jack County,9171,5112,4059,7296,3898,3398,337,302,35,1402,843,559,136,69,67
0.5 Scen,2016,237,Jack County,9207,5127,4080,7305,3899,3406,337,302,35,1427,857,570,138,69,69
0.5 Scen,2017,237,Jack County,9235,5142,4093,7307,3901,3406,336,301,35,1453,870,583,139,70,69
0.5 Scen,2018,237,Jack County,9264,5161,4103,7307,3906,3401,334,299,35,1483,886,597,140,70,70
0.5 Scen,2019,237,Jack County,9307,5183,4124,7323,3913,3410,334,299,35,1508,900,608,142,71,71
0.5 Scen,2020,237,Jack County,9353,5207,4146,7338,3921,3417,336,300,36,1535,914,621,144,72,72
0.5 Scen,2021,237,Jack County,9392,5224,4168,7348,3923,3425,335,299,36,1564,930,634,145,72,73
0.5 Scen,2022,237,Jack County,9436,5248,4188,7358,3929,3429,336,299,37,1594,946,648,148,74,74
0.5 Scen,2023,237,Jack County,9480,5271,4209,7374,3938,3436,335,298,37,1621,960,661,150,75,75
0.5 Scen,2024,237,Jack County,9514,5284,4230,7379,3936,3443,334,296,38,1649,976,673,152,76,76
0.5 Scen,2025,237,Jack County,9547,5305,4242,7376,3939,3437,336,298,38,1682,992,690,153,76,77
0.5 Scen,2026,237,Jack County,9578,5317,4261,7378,3939,3439,334,295,39,1712,1006,706,154,77,77
0.5 Scen,2027,237,Jack County,9612,5344,4268,7376,3945,3431,338,298,40,1742,1023,719,156,78,78
0.5 Scen,2028,237,Jack County,9636,5358,4278,7370,3947,3423,335,294,41,1773,1038,735,158,79,79
0.5 Scen,2029,237,Jack County,9671,5379,4292,7369,3949,3420,337,296,41,1805,1054,751,160,80,80
0.5 Scen,2030,237,Jack County,9693,5397,4296,7359,3950,3409,336,294,42,1836,1072,764,162,81,81
0.5 Scen,2031,237,Jack County,9711,5410,4301,7345,3946,3399,336,294,42,1868,1088,780,162,82,80
0.5 Scen,2032,237,Jack County,9730,5426,4304,7333,3946,3387,338,295,43,1897,1103,794,162,82,80
0.5 Scen,2033,237,Jack County,9747,5436,4311,7320,3941,3379,335,293,42,1928,1119,809,164,83,81
0.5 Scen,2034,237,Jack County,9760,5449,4311,7297,3933,3364,336,294,42,1962,1139,823,165,83,82
0.5 Scen,2035,237,Jack County,9769,5451,4318,7275,3919,3356,333,292,41,1996,1157,839,165,83,82
0.5 Scen,2036,237,Jack County,9767,5449,4318,7251,3906,3345,332,291,41,2019,1169,850,165,83,82
0.5 Scen,2037,237,Jack County,9764,5455,4309,7222,3895,3327,330,290,40,2049,1187,862,163,83,80
0.5 Scen,2038,237,Jack County,9752,5447,4305,7190,3877,3313,326,287,39,2076,1202,874,160,81,79
0.5 Scen,2039,237,Jack County,9753,5443,4310,7164,3860,3304,323,285,38,2108,1218,890,158,80,78
0.5 Scen,2040,237,Jack County,9742,5437,4305,7135,3848,3287,320,283,37,2129,1227,902,158,79,79
0.5 Scen,2041,237,Jack County,9733,5437,4296,7106,3836,3270,315,279,36,2156,1243,913,156,79,77
0.5 Scen,2042,237,Jack County,9735,5439,4296,7080,3825,3255,313,277,36,2186,1258,928,156,79,77
0.5 Scen,2043,237,Jack County,9734,5436,4298,7055,3813,3242,310,275,35,2213,1269,944,156,79,77
0.5 Scen,2044,237,Jack County,9731,5436,4295,7030,3802,3228,307,273,34,2240,1283,957,154,78,76
0.5 Scen,2045,237,Jack County,9743,5447,4296,7010,3795,3215,306,272,34,2274,1302,972,153,78,75
0.5 Scen,2046,237,Jack County,9745,5447,4298,6985,3783,3202,303,270,33,2305,1317,988,152,77,75
0.5 Scen,2047,237,Jack County,9743,5442,4301,6960,3768,3192,300,268,32,2332,1330,1002,151,76,75
0.5 Scen,2048,237,Jack County,9758,5451,4307,6949,3763,3186,299,267,32,2360,1345,1015,150,76,74
0.5 Scen,2049,237,Jack County,9759,5452,4307,6930,3752,3178,294,263,31,2385,1361,1024,150,76,74
0.5 Scen,2050,237,Jack County,9765,5455,4310,6918,3750,3168,290,259,31,2408,1371,1037,149,75,74
0.5 Scen,2010,239,Jackson County,14075,6947,7128,8855,4332,4523,942,439,503,4079,2077,2002,199,99,100
0.5 Scen,2011,239,Jackson County,14143,6986,7157,8846,4329,4517,947,443,504,4149,2113,2036,201,101,100
0.5 Scen,2012,239,Jackson County,14207,7027,7180,8830,4328,4502,952,446,506,4223,2151,2072,202,102,100
0.5 Scen,2013,239,Jackson County,14266,7063,7203,8807,4318,4489,958,452,506,4297,2190,2107,204,103,101
0.5 Scen,2014,239,Jackson County,14302,7096,7206,8763,4307,4456,965,456,509,4368,2229,2139,206,104,102
0.5 Scen,2015,239,Jackson County,14361,7129,7232,8741,4297,4444,969,459,510,4443,2267,2176,208,106,102
0.5 Scen,2016,239,Jackson County,14416,7158,7258,8712,4284,4428,979,463,516,4514,2304,2210,211,107,104
0.5 Scen,2017,239,Jackson County,14472,7193,7279,8684,4272,4412,987,468,519,4586,2343,2243,215,110,105
0.5 Scen,2018,239,Jackson County,14541,7237,7304,8667,4268,4399,994,475,519,4660,2383,2277,220,111,109
0.5 Scen,2019,239,Jackson County,14599,7274,7325,8645,4263,4382,1001,479,522,4731,2419,2312,222,113,109
0.5 Scen,2020,239,Jackson County,14663,7312,7351,8629,4258,4371,1007,483,524,4802,2457,2345,225,114,111
0.5 Scen,2021,239,Jackson County,14707,7345,7362,8607,4252,4355,1016,490,526,4856,2487,2369,228,116,112
0.5 Scen,2022,239,Jackson County,14766,7382,7384,8582,4246,4336,1022,494,528,4931,2525,2406,231,117,114
0.5 Scen,2023,239,Jackson County,14826,7426,7400,8565,4246,4319,1030,500,530,4998,2561,2437,233,119,114
0.5 Scen,2024,239,Jackson County,14888,7465,7423,8541,4240,4301,1037,504,533,5074,2601,2473,236,120,116
0.5 Scen,2025,239,Jackson County,14949,7495,7454,8524,4232,4292,1041,506,535,5147,2636,2511,237,121,116
0.5 Scen,2026,239,Jackson County,15008,7528,7480,8498,4221,4277,1047,511,536,5224,2674,2550,239,122,117
0.5 Scen,2027,239,Jackson County,15065,7560,7505,8479,4214,4265,1052,514,538,5294,2708,2586,240,124,116
0.5 Scen,2028,239,Jackson County,15117,7590,7527,8448,4205,4243,1058,517,541,5368,2742,2626,243,126,117
0.5 Scen,2029,239,Jackson County,15154,7613,7541,8420,4194,4226,1058,518,540,5430,2773,2657,246,128,118
0.5 Scen,2030,239,Jackson County,15200,7642,7558,8395,4189,4206,1053,514,539,5503,2809,2694,249,130,119
0.5 Scen,2031,239,Jackson County,15241,7672,7569,8357,4181,4176,1055,515,540,5577,2845,2732,252,131,121
0.5 Scen,2032,239,Jackson County,15271,7693,7578,8323,4172,4151,1049,511,538,5645,2879,2766,254,131,123
0.5 Scen,2033,239,Jackson County,15293,7714,7579,8284,4161,4123,1047,509,538,5706,2911,2795,256,133,123
0.5 Scen,2034,239,Jackson County,15326,7728,7598,8260,4149,4111,1039,505,534,5770,2941,2829,257,133,124
0.5 Scen,2035,239,Jackson County,15350,7746,7604,8233,4137,4096,1033,503,530,5826,2972,2854,258,134,124
0.5 Scen,2036,239,Jackson County,15357,7754,7603,8195,4121,4074,1025,500,525,5876,2997,2879,261,136,125
0.5 Scen,2037,239,Jackson County,15376,7773,7603,8161,4108,4053,1018,500,518,5934,3028,2906,263,137,126
0.5 Scen,2038,239,Jackson County,15400,7791,7609,8134,4098,4036,1011,499,512,5993,3058,2935,262,136,126
0.5 Scen,2039,239,Jackson County,15414,7810,7604,8102,4091,4011,1005,499,506,6044,3084,2960,263,136,127
0.5 Scen,2040,239,Jackson County,15441,7832,7609,8074,4081,3993,999,497,502,6104,3118,2986,264,136,128
0.5 Scen,2041,239,Jackson County,15455,7852,7603,8042,4074,3968,988,495,493,6160,3146,3014,265,137,128
0.5 Scen,2042,239,Jackson County,15475,7874,7601,8014,4065,3949,983,494,489,6211,3177,3034,267,138,129
0.5 Scen,2043,239,Jackson County,15488,7888,7600,7983,4057,3926,971,490,481,6265,3202,3063,269,139,130
0.5 Scen,2044,239,Jackson County,15512,7906,7606,7964,4053,3911,961,488,473,6317,3226,3091,270,139,131
0.5 Scen,2045,239,Jackson County,15541,7924,7617,7932,4039,3893,955,487,468,6382,3258,3124,272,140,132
0.5 Scen,2046,239,Jackson County,15562,7938,7624,7909,4028,3881,948,485,463,6432,3284,3148,273,141,132
0.5 Scen,2047,239,Jackson County,15578,7955,7623,7876,4016,3860,940,484,456,6489,3314,3175,273,141,132
0.5 Scen,2048,239,Jackson County,15598,7978,7620,7852,4013,3839,933,484,449,6540,3340,3200,273,141,132
0.5 Scen,2049,239,Jackson County,15621,8000,7621,7828,4005,3823,932,485,447,6587,3368,3219,274,142,132
0.5 Scen,2050,239,Jackson County,15649,8019,7630,7809,3997,3812,926,482,444,6639,3397,3242,275,143,132
0.5 Scen,2010,241,Jasper County,35710,17543,18167,26939,13148,13791,5931,2869,3062,2017,1143,874,823,383,440
0.5 Scen,2011,241,Jasper County,35846,17616,18230,26991,13179,13812,5966,2888,3078,2055,1161,894,834,388,446
0.5 Scen,2012,241,Jasper County,35978,17697,18281,27035,13214,13821,6006,2910,3096,2089,1178,911,848,395,453
0.5 Scen,2013,241,Jasper County,36116,17765,18351,27089,13238,13851,6040,2930,3110,2126,1198,928,861,399,462
0.5 Scen,2014,241,Jasper County,36244,17840,18404,27133,13268,13865,6076,2950,3126,2157,1215,942,878,407,471
0.5 Scen,2015,241,Jasper County,36375,17919,18456,27177,13297,13880,6107,2972,3135,2194,1235,959,897,415,482
0.5 Scen,2016,241,Jasper County,36497,17988,18509,27220,13325,13895,6135,2992,3143,2231,1251,980,911,420,491
0.5 Scen,2017,241,Jasper County,36618,18055,18563,27250,13348,13902,6166,3006,3160,2270,1270,1000,932,431,501
0.5 Scen,2018,241,Jasper County,36751,18128,18623,27286,13372,13914,6200,3025,3175,2312,1291,1021,953,440,513
0.5 Scen,2019,241,Jasper County,36854,18187,18667,27305,13387,13918,6230,3040,3190,2352,1312,1040,967,448,519
0.5 Scen,2020,241,Jasper County,36967,18251,18716,27323,13395,13928,6266,3065,3201,2392,1334,1058,986,457,529
0.5 Scen,2021,241,Jasper County,37088,18333,18755,27349,13419,13930,6295,3088,3207,2441,1359,1082,1003,467,536
0.5 Scen,2022,241,Jasper County,37198,18400,18798,27364,13435,13929,6322,3103,3219,2488,1383,1105,1024,479,545
0.5 Scen,2023,241,Jasper County,37299,18462,18837,27371,13442,13929,6342,3119,3223,2540,1410,1130,1046,491,555
0.5 Scen,2024,241,Jasper County,37404,18523,18881,27378,13449,13929,6368,3135,3233,2591,1437,1154,1067,502,565
0.5 Scen,2025,241,Jasper County,37501,18587,18914,27368,13453,13915,6396,3153,3243,2642,1463,1179,1095,518,577
0.5 Scen,2026,241,Jasper County,37591,18642,18949,27341,13448,13893,6434,3176,3258,2697,1488,1209,1119,530,589
0.5 Scen,2027,241,Jasper County,37682,18708,18974,27320,13446,13874,6461,3198,3263,2755,1520,1235,1146,544,602
0.5 Scen,2028,241,Jasper County,37771,18770,19001,27292,13444,13848,6491,3219,3272,2814,1549,1265,1174,558,616
0.5 Scen,2029,241,Jasper County,37840,18825,19015,27244,13430,13814,6521,3241,3280,2871,1582,1289,1204,572,632
0.5 Scen,2030,241,Jasper County,37919,18882,19037,27195,13417,13778,6560,3266,3294,2924,1608,1316,1240,591,649
0.5 Scen,2031,241,Jasper County,37987,18918,19069,27140,13391,13749,6592,3283,3309,2977,1634,1343,1278,610,668
0.5 Scen,2032,241,Jasper County,38058,18974,19084,27092,13380,13712,6623,3305,3318,3026,1658,1368,1317,631,686
0.5 Scen,2033,241,Jasper County,38114,19019,19095,27030,13360,13670,6650,3323,3327,3077,1684,1393,1357,652,705
0.5 Scen,2034,241,Jasper County,38171,19063,19108,26965,13340,13625,6674,3338,3336,3134,1713,1421,1398,672,726
0.5 Scen,2035,241,Jasper County,38199,19095,19104,26887,13316,13571,6698,3355,3343,3182,1736,1446,1432,688,744
0.5 Scen,2036,241,Jasper County,38213,19123,19090,26802,13287,13515,6708,3367,3341,3238,1764,1474,1465,705,760
0.5 Scen,2037,241,Jasper County,38253,19157,19096,26717,13257,13460,6736,3384,3352,3296,1792,1504,1504,724,780
0.5 Scen,2038,241,Jasper County,38276,19176,19100,26630,13224,13406,6756,3396,3360,3349,1813,1536,1541,743,798
0.5 Scen,2039,241,Jasper County,38274,19194,19080,26525,13185,13340,6767,3406,3361,3404,1843,1561,1578,760,818
0.5 Scen,2040,241,Jasper County,38274,19218,19056,26433,13150,13283,6774,3421,3353,3460,1872,1588,1607,775,832
0.5 Scen,2041,241,Jasper County,38285,19238,19047,26342,13113,13229,6790,3432,3358,3516,1902,1614,1637,791,846
0.5 Scen,2042,241,Jasper County,38264,19249,19015,26216,13063,13153,6805,3444,3361,3566,1931,1635,1677,811,866
0.5 Scen,2043,241,Jasper County,38247,19254,18993,26111,13018,13093,6811,3451,3360,3613,1956,1657,1712,829,883
0.5 Scen,2044,241,Jasper County,38231,19262,18969,26000,12979,13021,6818,3456,3362,3662,1979,1683,1751,848,903
0.5 Scen,2045,241,Jasper County,38217,19275,18942,25889,12935,12954,6821,3469,3352,3713,2001,1712,1794,870,924
0.5 Scen,2046,241,Jasper County,38209,19288,18921,25788,12894,12894,6821,3477,3344,3770,2030,1740,1830,887,943
0.5 Scen,2047,241,Jasper County,38204,19310,18894,25673,12853,12820,6835,3492,3343,3825,2056,1769,1871,909,962
0.5 Scen,2048,241,Jasper County,38189,19317,18872,25560,12809,12751,6843,3499,3344,3874,2080,1794,1912,929,983
0.5 Scen,2049,241,Jasper County,38185,19333,18852,25457,12773,12684,6845,3504,3341,3931,2106,1825,1952,950,1002
0.5 Scen,2050,241,Jasper County,38194,19360,18834,25361,12738,12623,6859,3519,3340,3987,2133,1854,1987,970,1017
0.5 Scen,2010,243,Jeff Davis County,2342,1187,1155,1490,754,736,10,7,3,790,398,392,52,28,24
0.5 Scen,2011,243,Jeff Davis County,2353,1191,1162,1492,753,739,10,7,3,799,403,396,52,28,24
0.5 Scen,2012,243,Jeff Davis County,2365,1196,1169,1497,754,743,10,7,3,806,407,399,52,28,24
0.5 Scen,2013,243,Jeff Davis County,2377,1199,1178,1500,752,748,10,7,3,815,412,403,52,28,24
0.5 Scen,2014,243,Jeff Davis County,2395,1206,1189,1506,754,752,10,7,3,826,417,409,53,28,25
0.5 Scen,2015,243,Jeff Davis County,2415,1214,1201,1515,755,760,10,7,3,836,423,413,54,29,25
0.5 Scen,2016,243,Jeff Davis County,2430,1219,1211,1519,754,765,10,7,3,847,429,418,54,29,25
0.5 Scen,2017,243,Jeff Davis County,2440,1227,1213,1518,754,764,10,7,3,857,436,421,55,30,25
0.5 Scen,2018,243,Jeff Davis County,2445,1231,1214,1512,752,760,10,7,3,867,442,425,56,30,26
0.5 Scen,2019,243,Jeff Davis County,2453,1237,1216,1509,751,758,10,7,3,877,448,429,57,31,26
0.5 Scen,2020,243,Jeff Davis County,2455,1237,1218,1500,745,755,10,7,3,887,454,433,58,31,27
0.5 Scen,2021,243,Jeff Davis County,2461,1242,1219,1496,743,753,10,7,3,896,460,436,59,32,27
0.5 Scen,2022,243,Jeff Davis County,2466,1241,1225,1491,737,754,10,7,3,905,465,440,60,32,28
0.5 Scen,2023,243,Jeff Davis County,2469,1244,1225,1485,733,752,10,7,3,913,471,442,61,33,28
0.5 Scen,2024,243,Jeff Davis County,2470,1242,1228,1475,728,747,10,7,3,922,474,448,63,33,30
0.5 Scen,2025,243,Jeff Davis County,2467,1242,1225,1463,722,741,10,7,3,930,479,451,64,34,30
0.5 Scen,2026,243,Jeff Davis County,2465,1239,1226,1455,717,738,10,7,3,937,483,454,63,32,31
0.5 Scen,2027,243,Jeff Davis County,2457,1238,1219,1440,712,728,10,7,3,943,486,457,64,33,31
0.5 Scen,2028,243,Jeff Davis County,2450,1235,1215,1425,706,719,10,7,3,949,488,461,66,34,32
0.5 Scen,2029,243,Jeff Davis County,2434,1229,1205,1402,697,705,10,7,3,956,491,465,66,34,32
0.5 Scen,2030,243,Jeff Davis County,2421,1225,1196,1382,689,693,10,7,3,964,496,468,65,33,32
0.5 Scen,2031,243,Jeff Davis County,2416,1224,1192,1367,683,684,10,7,3,974,501,473,65,33,32
0.5 Scen,2032,243,Jeff Davis County,2405,1220,1185,1350,676,674,10,7,3,980,504,476,65,33,32
0.5 Scen,2033,243,Jeff Davis County,2396,1218,1178,1335,670,665,10,7,3,986,508,478,65,33,32
0.5 Scen,2034,243,Jeff Davis County,2390,1217,1173,1323,665,658,10,7,3,992,512,480,65,33,32
0.5 Scen,2035,243,Jeff Davis County,2383,1215,1168,1309,659,650,10,7,3,1000,517,483,64,32,32
0.5 Scen,2036,243,Jeff Davis County,2372,1212,1160,1292,652,640,10,7,3,1006,521,485,64,32,32
0.5 Scen,2037,243,Jeff Davis County,2365,1211,1154,1279,647,632,10,7,3,1013,525,488,63,32,31
0.5 Scen,2038,243,Jeff Davis County,2350,1208,1142,1264,642,622,10,7,3,1014,528,486,62,31,31
0.5 Scen,2039,243,Jeff Davis County,2341,1206,1135,1255,638,617,10,7,3,1018,532,486,58,29,29
0.5 Scen,2040,243,Jeff Davis County,2337,1205,1132,1247,635,612,10,7,3,1023,535,488,57,28,29
0.5 Scen,2041,243,Jeff Davis County,2329,1202,1127,1234,628,606,10,7,3,1027,538,489,58,29,29
0.5 Scen,2042,243,Jeff Davis County,2326,1197,1129,1226,622,604,10,7,3,1033,541,492,57,27,30
0.5 Scen,2043,243,Jeff Davis County,2322,1203,1119,1217,623,594,10,7,3,1036,544,492,59,29,30
0.5 Scen,2044,243,Jeff Davis County,2317,1202,1115,1209,621,588,10,7,3,1040,546,494,58,28,30
0.5 Scen,2045,243,Jeff Davis County,2314,1203,1111,1206,620,586,10,7,3,1041,547,494,57,29,28
0.5 Scen,2046,243,Jeff Davis County,2319,1209,1110,1208,624,584,10,7,3,1044,550,494,57,28,29
0.5 Scen,2047,243,Jeff Davis County,2321,1209,1112,1208,623,585,10,7,3,1047,553,494,56,26,30
0.5 Scen,2048,243,Jeff Davis County,2328,1215,1113,1211,627,584,10,7,3,1050,555,495,57,26,31
0.5 Scen,2049,243,Jeff Davis County,2333,1222,1111,1214,632,582,9,6,3,1053,557,496,57,27,30
0.5 Scen,2050,243,Jeff Davis County,2336,1229,1107,1218,637,581,9,6,3,1050,557,493,59,29,30
0.5 Scen,2010,245,Jefferson County,252273,128946,123327,112503,56360,56143,84500,41709,42791,42899,24388,18511,12371,6489,5882
0.5 Scen,2011,245,Jefferson County,253965,129902,124063,112028,56188,55840,85056,41997,43059,44183,25059,19124,12698,6658,6040
0.5 Scen,2012,245,Jefferson County,255272,130695,124577,111331,55907,55424,85482,42241,43241,45457,25731,19726,13002,6816,6186
0.5 Scen,2013,245,Jefferson County,256651,131495,125156,110635,55644,54991,85964,42475,43489,46754,26413,20341,13298,6963,6335
0.5 Scen,2014,245,Jefferson County,258028,132332,125696,109931,55374,54557,86383,42707,43676,48103,27125,20978,13611,7126,6485
0.5 Scen,2015,245,Jefferson County,259475,133147,126328,109232,55079,54153,86854,42949,43905,49468,27843,21625,13921,7276,6645
0.5 Scen,2016,245,Jefferson County,260928,134037,126891,108532,54805,53727,87297,43223,44074,50854,28569,22285,14245,7440,6805
0.5 Scen,2017,245,Jefferson County,262500,134904,127596,107813,54507,53306,87807,43462,44345,52294,29322,22972,14586,7613,6973
0.5 Scen,2018,245,Jefferson County,264051,135803,128248,107092,54213,52879,88265,43713,44552,53758,30091,23667,14936,7786,7150
0.5 Scen,2019,245,Jefferson County,265602,136708,128894,106408,53939,52469,88673,43950,44723,55260,30869,24391,15261,7950,7311
0.5 Scen,2020,245,Jefferson County,267188,137590,129598,105720,53643,52077,89067,44161,44906,56790,31670,25120,15611,8116,7495
0.5 Scen,2021,245,Jefferson County,268834,138496,130338,105025,53355,51670,89477,44356,45121,58369,32491,25878,15963,8294,7669
0.5 Scen,2022,245,Jefferson County,270449,139422,131027,104324,53064,51260,89797,44549,45248,59993,33329,26664,16335,8480,7855
0.5 Scen,2023,245,Jefferson County,272095,140337,131758,103616,52752,50864,90120,44734,45386,61655,34186,27469,16704,8665,8039
0.5 Scen,2024,245,Jefferson County,273722,141264,132458,102881,52429,50452,90425,44920,45505,63343,35062,28281,17073,8853,8220
0.5 Scen,2025,245,Jefferson County,275415,142184,133231,102144,52119,50025,90751,45069,45682,65076,35959,29117,17444,9037,8407
0.5 Scen,2026,245,Jefferson County,277103,143110,133993,101390,51783,49607,91036,45231,45805,66842,36869,29973,17835,9227,8608
0.5 Scen,2027,245,Jefferson County,278790,144060,134730,100624,51441,49183,91285,45371,45914,68666,37823,30843,18215,9425,8790
0.5 Scen,2028,245,Jefferson County,280427,144985,135442,99825,51085,48740,91471,45497,45974,70518,38785,31733,18613,9618,8995
0.5 Scen,2029,245,Jefferson County,282104,145908,136196,99027,50724,48303,91695,45609,46086,72407,39765,32642,18975,9810,9165
0.5 Scen,2030,245,Jefferson County,283813,146843,136970,98201,50352,47849,91874,45713,46161,74349,40771,33578,19389,10007,9382
0.5 Scen,2031,245,Jefferson County,285518,147782,137736,97356,49960,47396,92070,45820,46250,76320,41795,34525,19772,10207,9565
0.5 Scen,2032,245,Jefferson County,287254,148738,138516,96513,49575,46938,92225,45929,46296,78333,42834,35499,20183,10400,9783
0.5 Scen,2033,245,Jefferson County,288864,149618,139246,95647,49175,46472,92274,45962,46312,80371,43885,36486,20572,10596,9976
0.5 Scen,2034,245,Jefferson County,290568,150581,139987,94765,48761,46004,92391,46077,46314,82438,44952,37486,20974,10791,10183
0.5 Scen,2035,245,Jefferson County,292256,151519,140737,93884,48352,45532,92477,46141,46336,84541,46042,38499,21354,10984,10370
0.5 Scen,2036,245,Jefferson County,293918,152422,141496,92991,47931,45060,92487,46166,46321,86684,47151,39533,21756,11174,10582
0.5 Scen,2037,245,Jefferson County,295566,153342,142224,92104,47514,44590,92455,46180,46275,88845,48268,40577,22162,11380,10782
0.5 Scen,2038,245,Jefferson County,297280,154307,142973,91206,47090,44116,92455,46226,46229,91050,49409,41641,22569,11582,10987
0.5 Scen,2039,245,Jefferson County,298927,155202,143725,90316,46668,43648,92364,46186,46178,93280,50561,42719,22967,11787,11180
0.5 Scen,2040,245,Jefferson County,300728,156213,144515,89411,46240,43171,92404,46266,46138,95526,51717,43809,23387,11990,11397
0.5 Scen,2041,245,Jefferson County,302478,157196,145282,88518,45826,42692,92338,46270,46068,97825,52902,44923,23797,12198,11599
0.5 Scen,2042,245,Jefferson County,304205,158161,146044,87633,45416,42217,92193,46237,45956,100158,54104,46054,24221,12404,11817
0.5 Scen,2043,245,Jefferson County,306065,159179,146886,86745,45001,41744,92183,46262,45921,102510,55313,47197,24627,12603,12024
0.5 Scen,2044,245,Jefferson County,307859,160204,147655,85851,44582,41269,92087,46272,45815,104905,56544,48361,25016,12806,12210
0.5 Scen,2045,245,Jefferson County,309686,161203,148483,84963,44167,40796,91961,46240,45721,107321,57784,49537,25441,13012,12429
0.5 Scen,2046,245,Jefferson County,311608,162257,149351,84092,43761,40331,91854,46227,45627,109790,59055,50735,25872,13214,12658
0.5 Scen,2047,245,Jefferson County,313578,163341,150237,83238,43365,39873,91757,46214,45543,112292,60340,51952,26291,13422,12869
0.5 Scen,2048,245,Jefferson County,315627,164475,151152,82409,42975,39434,91685,46228,45457,114836,61653,53183,26697,13619,13078
0.5 Scen,2049,245,Jefferson County,317766,165634,152132,81608,42599,39009,91608,46240,45368,117434,62988,54446,27116,13807,13309
0.5 Scen,2050,245,Jefferson County,319868,166799,153069,80825,42235,38590,91409,46188,45221,120075,64348,55727,27559,14028,13531
0.5 Scen,2010,247,Jim Hogg County,5300,2616,2684,334,174,160,18,16,2,4907,2407,2500,41,19,22
0.5 Scen,2011,247,Jim Hogg County,5353,2644,2709,336,175,161,18,16,2,4958,2434,2524,41,19,22
0.5 Scen,2012,247,Jim Hogg County,5408,2674,2734,338,177,161,18,16,2,5011,2462,2549,41,19,22
0.5 Scen,2013,247,Jim Hogg County,5471,2709,2762,342,180,162,18,16,2,5070,2494,2576,41,19,22
0.5 Scen,2014,247,Jim Hogg County,5521,2735,2786,346,181,165,18,16,2,5116,2519,2597,41,19,22
0.5 Scen,2015,247,Jim Hogg County,5573,2762,2811,349,183,166,18,16,2,5165,2544,2621,41,19,22
0.5 Scen,2016,247,Jim Hogg County,5620,2785,2835,350,183,167,18,16,2,5211,2567,2644,41,19,22
0.5 Scen,2017,247,Jim Hogg County,5673,2812,2861,349,182,167,18,16,2,5265,2595,2670,41,19,22
0.5 Scen,2018,247,Jim Hogg County,5729,2841,2888,349,182,167,18,16,2,5321,2624,2697,41,19,22
0.5 Scen,2019,247,Jim Hogg County,5777,2867,2910,349,182,167,18,16,2,5369,2650,2719,41,19,22
0.5 Scen,2020,247,Jim Hogg County,5826,2893,2933,349,182,167,18,16,2,5418,2676,2742,41,19,22
0.5 Scen,2021,247,Jim Hogg County,5866,2918,2948,348,182,166,18,16,2,5459,2701,2758,41,19,22
0.5 Scen,2022,247,Jim Hogg County,5912,2946,2966,348,182,166,18,16,2,5505,2729,2776,41,19,22
0.5 Scen,2023,247,Jim Hogg County,5962,2975,2987,345,180,165,18,16,2,5558,2760,2798,41,19,22
0.5 Scen,2024,247,Jim Hogg County,6015,3004,3011,345,180,165,18,16,2,5611,2789,2822,41,19,22
0.5 Scen,2025,247,Jim Hogg County,6064,3031,3033,342,179,163,18,16,2,5663,2817,2846,41,19,22
0.5 Scen,2026,247,Jim Hogg County,6112,3056,3056,339,176,163,18,16,2,5715,2846,2869,40,18,22
0.5 Scen,2027,247,Jim Hogg County,6156,3082,3074,336,174,162,18,16,2,5762,2874,2888,40,18,22
0.5 Scen,2028,247,Jim Hogg County,6203,3109,3094,331,173,158,18,16,2,5814,2902,2912,40,18,22
0.5 Scen,2029,247,Jim Hogg County,6239,3130,3109,330,172,158,18,16,2,5851,2924,2927,40,18,22
0.5 Scen,2030,247,Jim Hogg County,6288,3156,3132,328,170,158,18,16,2,5903,2952,2951,39,18,21
0.5 Scen,2031,247,Jim Hogg County,6337,3181,3156,330,172,158,17,15,2,5951,2976,2975,39,18,21
0.5 Scen,2032,247,Jim Hogg County,6381,3204,3177,329,170,159,17,15,2,5996,3001,2995,39,18,21
0.5 Scen,2033,247,Jim Hogg County,6422,3230,3192,328,170,158,17,15,2,6038,3027,3011,39,18,21
0.5 Scen,2034,247,Jim Hogg County,6463,3251,3212,326,169,157,17,15,2,6081,3049,3032,39,18,21
0.5 Scen,2035,247,Jim Hogg County,6495,3269,3226,323,167,156,17,15,2,6116,3069,3047,39,18,21
0.5 Scen,2036,247,Jim Hogg County,6536,3291,3245,323,167,156,17,15,2,6156,3091,3065,40,18,22
0.5 Scen,2037,247,Jim Hogg County,6569,3310,3259,321,167,154,17,15,2,6191,3110,3081,40,18,22
0.5 Scen,2038,247,Jim Hogg County,6613,3336,3277,319,165,154,17,15,2,6239,3138,3101,38,18,20
0.5 Scen,2039,247,Jim Hogg County,6651,3361,3290,316,164,152,17,15,2,6280,3164,3116,38,18,20
0.5 Scen,2040,247,Jim Hogg County,6697,3387,3310,314,164,150,17,15,2,6328,3190,3138,38,18,20
0.5 Scen,2041,247,Jim Hogg County,6737,3412,3325,309,161,148,17,15,2,6373,3218,3155,38,18,20
0.5 Scen,2042,247,Jim Hogg County,6782,3439,3343,306,160,146,17,15,2,6421,3246,3175,38,18,20
0.5 Scen,2043,247,Jim Hogg County,6826,3465,3361,303,159,144,17,15,2,6468,3273,3195,38,18,20
0.5 Scen,2044,247,Jim Hogg County,6861,3484,3377,299,157,142,17,15,2,6507,3294,3213,38,18,20
0.5 Scen,2045,247,Jim Hogg County,6903,3509,3394,296,155,141,17,15,2,6552,3321,3231,38,18,20
0.5 Scen,2046,247,Jim Hogg County,6942,3533,3409,292,153,139,16,14,2,6596,3348,3248,38,18,20
0.5 Scen,2047,247,Jim Hogg County,6986,3555,3431,289,151,138,16,14,2,6645,3373,3272,36,17,19
0.5 Scen,2048,247,Jim Hogg County,7032,3582,3450,287,150,137,16,14,2,6693,3401,3292,36,17,19
0.5 Scen,2049,247,Jim Hogg County,7071,3606,3465,282,149,133,16,14,2,6737,3426,3311,36,17,19
0.5 Scen,2050,247,Jim Hogg County,7114,3636,3478,275,147,128,16,14,2,6787,3458,3329,36,17,19
0.5 Scen,2010,249,Jim Wells County,40838,20107,20731,8062,3988,4074,156,93,63,32254,15849,16405,366,177,189
0.5 Scen,2011,249,Jim Wells County,41298,20350,20948,8045,3978,4067,157,94,63,32724,16097,16627,372,181,191
0.5 Scen,2012,249,Jim Wells County,41768,20599,21169,8023,3965,4058,158,94,64,33207,16355,16852,380,185,195
0.5 Scen,2013,249,Jim Wells County,42219,20841,21378,7988,3950,4038,159,95,64,33682,16606,17076,390,190,200
0.5 Scen,2014,249,Jim Wells County,42659,21092,21567,7951,3938,4013,161,96,65,34148,16863,17285,399,195,204
0.5 Scen,2015,249,Jim Wells County,43086,21328,21758,7912,3926,3986,163,97,66,34604,17106,17498,407,199,208
0.5 Scen,2016,249,Jim Wells County,43560,21592,21968,7884,3916,3968,165,98,67,35091,17370,17721,420,208,212
0.5 Scen,2017,249,Jim Wells County,44029,21840,22189,7860,3907,3953,167,99,68,35576,17623,17953,426,211,215
0.5 Scen,2018,249,Jim Wells County,44498,22095,22403,7842,3903,3939,168,98,70,36055,17880,18175,433,214,219
0.5 Scen,2019,249,Jim Wells County,44972,22350,22622,7831,3897,3934,169,98,71,36532,18136,18396,440,219,221
0.5 Scen,2020,249,Jim Wells County,45436,22602,22834,7815,3891,3924,171,99,72,37003,18390,18613,447,222,225
0.5 Scen,2021,249,Jim Wells County,45891,22851,23040,7802,3885,3917,172,99,73,37462,18640,18822,455,227,228
0.5 Scen,2022,249,Jim Wells County,46340,23090,23250,7789,3876,3913,175,101,74,37914,18882,19032,462,231,231
0.5 Scen,2023,249,Jim Wells County,46780,23328,23452,7780,3871,3909,177,102,75,38355,19121,19234,468,234,234
0.5 Scen,2024,249,Jim Wells County,47197,23558,23639,7760,3862,3898,179,103,76,38782,19354,19428,476,239,237
0.5 Scen,2025,249,Jim Wells County,47601,23778,23823,7731,3849,3882,178,103,75,39212,19585,19627,480,241,239
0.5 Scen,2026,249,Jim Wells County,48024,24001,24023,7718,3843,3875,179,103,76,39645,19813,19832,482,242,240
0.5 Scen,2027,249,Jim Wells County,48428,24225,24203,7699,3836,3863,181,103,78,40062,20042,20020,486,244,242
0.5 Scen,2028,249,Jim Wells County,48834,24445,24389,7675,3826,3849,183,104,79,40485,20268,20217,491,247,244
0.5 Scen,2029,249,Jim Wells County,49228,24668,24560,7650,3815,3835,184,104,80,40898,20499,20399,496,250,246
0.5 Scen,2030,249,Jim Wells County,49604,24875,24729,7622,3805,3817,185,105,80,41299,20713,20586,498,252,246
0.5 Scen,2031,249,Jim Wells County,49984,25084,24900,7594,3792,3802,186,106,80,41706,20934,20772,498,252,246
0.5 Scen,2032,249,Jim Wells County,50365,25295,25070,7569,3784,3785,188,107,81,42108,21151,20957,500,253,247
0.5 Scen,2033,249,Jim Wells County,50739,25502,25237,7536,3769,3767,189,107,82,42515,21374,21141,499,252,247
0.5 Scen,2034,249,Jim Wells County,51126,25716,25410,7499,3751,3748,189,107,82,42936,21605,21331,502,253,249
0.5 Scen,2035,249,Jim Wells County,51509,25927,25582,7463,3733,3730,189,107,82,43353,21834,21519,504,253,251
0.5 Scen,2036,249,Jim Wells County,51894,26144,25750,7423,3718,3705,190,107,83,43776,22063,21713,505,256,249
0.5 Scen,2037,249,Jim Wells County,52284,26367,25917,7385,3702,3683,190,107,83,44204,22302,21902,505,256,249
0.5 Scen,2038,249,Jim Wells County,52662,26569,26093,7340,3683,3657,190,106,84,44629,22524,22105,503,256,247
0.5 Scen,2039,249,Jim Wells County,53064,26797,26267,7300,3667,3633,189,106,83,45070,22766,22304,505,258,247
0.5 Scen,2040,249,Jim Wells County,53465,27019,26446,7268,3649,3619,186,103,83,45507,23009,22498,504,258,246
0.5 Scen,2041,249,Jim Wells County,53853,27248,26605,7223,3633,3590,186,104,82,45939,23252,22687,505,259,246
0.5 Scen,2042,249,Jim Wells County,54265,27479,26786,7186,3614,3572,185,103,82,46383,23499,22884,511,263,248
0.5 Scen,2043,249,Jim Wells County,54682,27710,26972,7152,3599,3553,183,103,80,46834,23742,23092,513,266,247
0.5 Scen,2044,249,Jim Wells County,55075,27929,27146,7111,3581,3530,182,102,80,47265,23978,23287,517,268,249
0.5 Scen,2045,249,Jim Wells County,55477,28164,27313,7072,3566,3506,182,102,80,47701,24224,23477,522,272,250
0.5 Scen,2046,249,Jim Wells County,55890,28406,27484,7037,3557,3480,179,99,80,48151,24475,23676,523,275,248
0.5 Scen,2047,249,Jim Wells County,56299,28636,27663,7007,3541,3466,179,99,80,48589,24721,23868,524,275,249
0.5 Scen,2048,249,Jim Wells County,56705,28874,27831,6980,3534,3446,177,98,79,49017,24964,24053,531,278,253
0.5 Scen,2049,249,Jim Wells County,57121,29115,28006,6954,3525,3429,176,98,78,49457,25213,24244,534,279,255
0.5 Scen,2050,249,Jim Wells County,57519,29351,28168,6920,3519,3401,174,97,77,49889,25455,24434,536,280,256
0.5 Scen,2010,251,Johnson County,150934,75519,75415,115545,56890,58655,3797,2104,1693,27319,14401,12918,4273,2124,2149
0.5 Scen,2011,251,Johnson County,153012,76513,76499,116411,57279,59132,3893,2155,1738,28299,14889,13410,4409,2190,2219
0.5 Scen,2012,251,Johnson County,155135,77547,77588,117265,57674,59591,3998,2209,1789,29317,15401,13916,4555,2263,2292
0.5 Scen,2013,251,Johnson County,157274,78578,78696,118104,58055,60049,4096,2258,1838,30366,15925,14441,4708,2340,2368
0.5 Scen,2014,251,Johnson County,159407,79628,79779,118887,58416,60471,4196,2312,1884,31457,16477,14980,4867,2423,2444
0.5 Scen,2015,251,Johnson County,161634,80708,80926,119720,58793,60927,4298,2364,1934,32597,17052,15545,5019,2499,2520
0.5 Scen,2016,251,Johnson County,163839,81782,82057,120479,59139,61340,4398,2411,1987,33784,17651,16133,5178,2581,2597
0.5 Scen,2017,251,Johnson County,166041,82848,83193,121202,59461,61741,4496,2462,2034,35011,18267,16744,5332,2658,2674
0.5 Scen,2018,251,Johnson County,168379,83996,84383,121954,59808,62146,4613,2519,2094,36301,18915,17386,5511,2754,2757
0.5 Scen,2019,251,Johnson County,170732,85147,85585,122672,60133,62539,4726,2574,2152,37638,19590,18048,5696,2850,2846
0.5 Scen,2020,251,Johnson County,173103,86299,86804,123365,60440,62925,4836,2628,2208,39017,20284,18733,5885,2947,2938
0.5 Scen,2021,251,Johnson County,175553,87497,88056,124077,60763,63314,4940,2673,2267,40450,21006,19444,6086,3055,3031
0.5 Scen,2022,251,Johnson County,178027,88709,89318,124755,61070,63685,5047,2727,2320,41935,21747,20188,6290,3165,3125
0.5 Scen,2023,251,Johnson County,180524,89937,90587,125423,61378,64045,5147,2775,2372,43471,22515,20956,6483,3269,3214
0.5 Scen,2024,251,Johnson County,183062,91175,91887,126048,61661,64387,5252,2826,2426,45062,23305,21757,6700,3383,3317
0.5 Scen,2025,251,Johnson County,185635,92430,93205,126664,61942,64722,5346,2873,2473,46703,24124,22579,6922,3491,3431
0.5 Scen,2026,251,Johnson County,188260,93710,94550,127262,62207,65055,5446,2926,2520,48393,24963,23430,7159,3614,3545
0.5 Scen,2027,251,Johnson County,190870,94981,95889,127804,62447,65357,5558,2983,2575,50121,25819,24302,7387,3732,3655
0.5 Scen,2028,251,Johnson County,193487,96263,97224,128313,62678,65635,5662,3033,2629,51899,26701,25198,7613,3851,3762
0.5 Scen,2029,251,Johnson County,196107,97557,98550,128777,62893,65884,5768,3092,2676,53711,27589,26122,7851,3983,3868
0.5 Scen,2030,251,Johnson County,198761,98851,99910,129201,63078,66123,5880,3148,2732,55569,28510,27059,8111,4115,3996
0.5 Scen,2031,251,Johnson County,201393,100155,101238,129592,63261,66331,5989,3202,2787,57451,29444,28007,8361,4248,4113
0.5 Scen,2032,251,Johnson County,204028,101462,102566,129938,63421,66517,6099,3259,2840,59391,30404,28987,8600,4378,4222
0.5 Scen,2033,251,Johnson County,206676,102767,103909,130246,63566,66680,6209,3313,2896,61369,31374,29995,8852,4514,4338
0.5 Scen,2034,251,Johnson County,209273,104061,105212,130500,63684,66816,6313,3369,2944,63372,32358,31014,9088,4650,4438
0.5 Scen,2035,251,Johnson County,211925,105374,106551,130746,63800,66946,6423,3425,2998,65413,33365,32048,9343,4784,4559
0.5 Scen,2036,251,Johnson County,214556,106693,107863,130939,63895,67044,6539,3489,3050,67490,34390,33100,9588,4919,4669
0.5 Scen,2037,251,Johnson County,217205,108016,109189,131105,63976,67129,6660,3555,3105,69608,35434,34174,9832,5051,4781
0.5 Scen,2038,251,Johnson County,219866,109337,110529,131245,64041,67204,6783,3623,3160,71759,36490,35269,10079,5183,4896
0.5 Scen,2039,251,Johnson County,222544,110664,111880,131356,64092,67264,6896,3678,3218,73962,37573,36389,10330,5321,5009
0.5 Scen,2040,251,Johnson County,225251,112002,113249,131440,64131,67309,7015,3735,3280,76206,38681,37525,10590,5455,5135
0.5 Scen,2041,251,Johnson County,227965,113345,114620,131509,64163,67346,7126,3791,3335,78498,39804,38694,10832,5587,5245
0.5 Scen,2042,251,Johnson County,230681,114692,115989,131544,64183,67361,7224,3840,3384,80833,40951,39882,11080,5718,5362
0.5 Scen,2043,251,Johnson County,233461,116083,117378,131550,64192,67358,7332,3892,3440,83234,42133,41101,11345,5866,5479
0.5 Scen,2044,251,Johnson County,236256,117481,118775,131538,64193,67345,7439,3943,3496,85676,43338,42338,11603,6007,5596
0.5 Scen,2045,251,Johnson County,239104,118904,120200,131508,64184,67324,7547,3999,3548,88191,44571,43620,11858,6150,5708
0.5 Scen,2046,251,Johnson County,241999,120347,121652,131459,64170,67289,7664,4055,3609,90758,45835,44923,12118,6287,5831
0.5 Scen,2047,251,Johnson County,244928,121816,123112,131402,64158,67244,7767,4105,3662,93384,47124,46260,12375,6429,5946
0.5 Scen,2048,251,Johnson County,247934,123322,124612,131345,64148,67197,7882,4160,3722,96072,48442,47630,12635,6572,6063
0.5 Scen,2049,251,Johnson County,251008,124871,126137,131293,64140,67153,7976,4204,3772,98840,49811,49029,12899,6716,6183
0.5 Scen,2050,251,Johnson County,254140,126458,127682,131234,64130,67104,8093,4266,3827,101654,51199,50455,13159,6863,6296
0.5 Scen,2010,253,Jones County,20202,12383,7819,12549,6809,5740,2292,1997,295,5009,3399,1610,352,178,174
0.5 Scen,2011,253,Jones County,20353,12484,7869,12602,6834,5768,2302,2004,298,5095,3467,1628,354,179,175
0.5 Scen,2012,253,Jones County,20481,12573,7908,12630,6848,5782,2313,2010,303,5182,3534,1648,356,181,175
0.5 Scen,2013,253,Jones County,20615,12681,7934,12657,6876,5781,2323,2016,307,5274,3605,1669,361,184,177
0.5 Scen,2014,253,Jones County,20729,12756,7973,12683,6886,5797,2327,2016,311,5358,3670,1688,361,184,177
0.5 Scen,2015,253,Jones County,20878,12859,8019,12735,6914,5821,2332,2018,314,5446,3740,1706,365,187,178
0.5 Scen,2016,253,Jones County,21022,12960,8062,12790,6945,5845,2334,2017,317,5532,3809,1723,366,189,177
0.5 Scen,2017,253,Jones County,21155,13057,8098,12840,6974,5866,2335,2014,321,5614,3878,1736,366,191,175
0.5 Scen,2018,253,Jones County,21287,13149,8138,12878,6992,5886,2344,2017,327,5697,3948,1749,368,192,176
0.5 Scen,2019,253,Jones County,21429,13249,8180,12919,7013,5906,2348,2018,330,5790,4023,1767,372,195,177
0.5 Scen,2020,253,Jones County,21570,13344,8226,12960,7033,5927,2352,2018,334,5884,4097,1787,374,196,178
0.5 Scen,2021,253,Jones County,21712,13453,8259,12990,7054,5936,2360,2022,338,5985,4179,1806,377,198,179
0.5 Scen,2022,253,Jones County,21860,13556,8304,13031,7074,5957,2361,2019,342,6087,4261,1826,381,202,179
0.5 Scen,2023,253,Jones County,22013,13656,8357,13075,7090,5985,2370,2021,349,6185,4341,1844,383,204,179
0.5 Scen,2024,253,Jones County,22160,13754,8406,13120,7113,6007,2376,2021,355,6278,4415,1863,386,205,181
0.5 Scen,2025,253,Jones County,22305,13857,8448,13155,7133,6022,2381,2020,361,6377,4497,1880,392,207,185
0.5 Scen,2026,253,Jones County,22455,13963,8492,13190,7149,6041,2385,2021,364,6484,4584,1900,396,209,187
0.5 Scen,2027,253,Jones County,22604,14073,8531,13222,7167,6055,2389,2020,369,6593,4673,1920,400,213,187
0.5 Scen,2028,253,Jones County,22729,14163,8566,13240,7173,6067,2386,2014,372,6699,4761,1938,404,215,189
0.5 Scen,2029,253,Jones County,22839,14252,8587,13249,7181,6068,2386,2014,372,6797,4840,1957,407,217,190
0.5 Scen,2030,253,Jones County,22958,14341,8617,13271,7190,6081,2386,2011,375,6890,4921,1969,411,219,192
0.5 Scen,2031,253,Jones County,23075,14440,8635,13284,7199,6085,2388,2010,378,6988,5009,1979,415,222,193
0.5 Scen,2032,253,Jones County,23174,14515,8659,13293,7200,6093,2378,1999,379,7086,5094,1992,417,222,195
0.5 Scen,2033,253,Jones County,23276,14606,8670,13298,7204,6094,2375,1997,378,7181,5181,2000,422,224,198
0.5 Scen,2034,253,Jones County,23368,14692,8676,13299,7211,6088,2373,1992,381,7272,5265,2007,424,224,200
0.5 Scen,2035,253,Jones County,23456,14766,8690,13299,7206,6093,2371,1987,384,7361,5349,2012,425,224,201
0.5 Scen,2036,253,Jones County,23548,14849,8699,13300,7206,6094,2372,1984,388,7447,5433,2014,429,226,203
0.5 Scen,2037,253,Jones County,23629,14929,8700,13293,7204,6089,2368,1977,391,7532,5516,2016,436,232,204
0.5 Scen,2038,253,Jones County,23704,14999,8705,13291,7204,6087,2364,1971,393,7615,5594,2021,434,230,204
0.5 Scen,2039,253,Jones County,23788,15069,8719,13284,7195,6089,2362,1965,397,7707,5678,2029,435,231,204
0.5 Scen,2040,253,Jones County,23868,15144,8724,13272,7187,6085,2357,1958,399,7804,5767,2037,435,232,203
0.5 Scen,2041,253,Jones County,23947,15222,8725,13260,7183,6077,2357,1955,402,7894,5851,2043,436,233,203
0.5 Scen,2042,253,Jones County,24023,15295,8728,13254,7179,6075,2350,1947,403,7982,5936,2046,437,233,204
0.5 Scen,2043,253,Jones County,24082,15361,8721,13242,7176,6066,2344,1939,405,8062,6015,2047,434,231,203
0.5 Scen,2044,253,Jones County,24157,15434,8723,13225,7166,6059,2338,1931,407,8160,6104,2056,434,233,201
0.5 Scen,2045,253,Jones County,24233,15514,8719,13215,7164,6051,2328,1922,406,8257,6195,2062,433,233,200
0.5 Scen,2046,253,Jones County,24296,15586,8710,13194,7155,6039,2326,1917,409,8344,6281,2063,432,233,199
0.5 Scen,2047,253,Jones County,24388,15675,8713,13192,7155,6037,2324,1913,411,8444,6375,2069,428,232,196
0.5 Scen,2048,253,Jones County,24479,15762,8717,13186,7154,6032,2323,1910,413,8540,6463,2077,430,235,195
0.5 Scen,2049,253,Jones County,24564,15843,8721,13186,7157,6029,2317,1902,415,8631,6550,2081,430,234,196
0.5 Scen,2050,253,Jones County,24631,15920,8711,13175,7158,6017,2316,1899,417,8713,6629,2084,427,234,193
0.5 Scen,2010,255,Karnes County,14824,8842,5982,5956,3214,2742,1351,1255,96,7376,4301,3075,141,72,69
0.5 Scen,2011,255,Karnes County,14922,8900,6022,5967,3222,2745,1356,1258,98,7456,4347,3109,143,73,70
0.5 Scen,2012,255,Karnes County,15013,8950,6063,5970,3225,2745,1360,1260,100,7539,4392,3147,144,73,71
0.5 Scen,2013,255,Karnes County,15090,9000,6090,5961,3224,2737,1363,1262,101,7620,4440,3180,146,74,72
0.5 Scen,2014,255,Karnes County,15155,9038,6117,5947,3217,2730,1365,1263,102,7696,4484,3212,147,74,73
0.5 Scen,2015,255,Karnes County,15228,9083,6145,5938,3217,2721,1366,1263,103,7775,4528,3247,149,75,74
0.5 Scen,2016,255,Karnes County,15294,9123,6171,5921,3215,2706,1365,1261,104,7858,4572,3286,150,75,75
0.5 Scen,2017,255,Karnes County,15370,9166,6204,5916,3218,2698,1367,1260,107,7935,4612,3323,152,76,76
0.5 Scen,2018,255,Karnes County,15428,9206,6222,5898,3219,2679,1366,1258,108,8010,4652,3358,154,77,77
0.5 Scen,2019,255,Karnes County,15507,9249,6258,5895,3223,2672,1363,1254,109,8093,4694,3399,156,78,78
0.5 Scen,2020,255,Karnes County,15575,9292,6283,5888,3222,2666,1364,1254,110,8166,4738,3428,157,78,79
0.5 Scen,2021,255,Karnes County,15640,9329,6311,5881,3218,2663,1364,1253,111,8236,4779,3457,159,79,80
0.5 Scen,2022,255,Karnes County,15683,9356,6327,5867,3212,2655,1364,1253,111,8291,4811,3480,161,80,81
0.5 Scen,2023,255,Karnes County,15735,9383,6352,5855,3205,2650,1357,1246,111,8360,4851,3509,163,81,82
0.5 Scen,2024,255,Karnes County,15794,9413,6381,5840,3199,2641,1357,1244,113,8432,4888,3544,165,82,83
0.5 Scen,2025,255,Karnes County,15852,9443,6409,5826,3189,2637,1357,1244,113,8503,4927,3576,166,83,83
0.5 Scen,2026,255,Karnes County,15906,9467,6439,5809,3175,2634,1353,1239,114,8576,4969,3607,168,84,84
0.5 Scen,2027,255,Karnes County,15958,9500,6458,5797,3171,2626,1349,1234,115,8642,5010,3632,170,85,85
0.5 Scen,2028,255,Karnes County,16011,9526,6485,5784,3163,2621,1345,1229,116,8709,5047,3662,173,87,86
0.5 Scen,2029,255,Karnes County,16051,9556,6495,5758,3152,2606,1345,1229,116,8773,5087,3686,175,88,87
0.5 Scen,2030,255,Karnes County,16095,9582,6513,5733,3141,2592,1340,1224,116,8845,5128,3717,177,89,88
0.5 Scen,2031,255,Karnes County,16147,9622,6525,5704,3135,2569,1345,1227,118,8918,5169,3749,180,91,89
0.5 Scen,2032,255,Karnes County,16198,9653,6545,5680,3125,2555,1344,1225,119,8991,5211,3780,183,92,91
0.5 Scen,2033,255,Karnes County,16223,9671,6552,5640,3109,2531,1342,1222,120,9056,5247,3809,185,93,92
0.5 Scen,2034,255,Karnes County,16247,9694,6553,5606,3099,2507,1342,1221,121,9111,5279,3832,188,95,93
0.5 Scen,2035,255,Karnes County,16275,9715,6560,5559,3077,2482,1347,1225,122,9179,5317,3862,190,96,94
0.5 Scen,2036,255,Karnes County,16289,9726,6563,5514,3057,2457,1342,1219,123,9241,5354,3887,192,96,96
0.5 Scen,2037,255,Karnes County,16304,9737,6567,5465,3034,2431,1340,1215,125,9304,5389,3915,195,99,96
0.5 Scen,2038,255,Karnes County,16302,9737,6565,5414,3010,2404,1335,1208,127,9357,5419,3938,196,100,96
0.5 Scen,2039,255,Karnes County,16304,9738,6566,5365,2985,2380,1332,1204,128,9409,5448,3961,198,101,97
0.5 Scen,2040,255,Karnes County,16294,9735,6559,5305,2956,2349,1324,1196,128,9464,5481,3983,201,102,99
0.5 Scen,2041,255,Karnes County,16285,9738,6547,5245,2927,2318,1321,1192,129,9517,5515,4002,202,104,98
0.5 Scen,2042,255,Karnes County,16274,9736,6538,5191,2905,2286,1319,1189,130,9559,5538,4021,205,104,101
0.5 Scen,2043,255,Karnes County,16264,9732,6532,5130,2875,2255,1319,1188,131,9608,5564,4044,207,105,102
0.5 Scen,2044,255,Karnes County,16260,9730,6530,5077,2849,2228,1311,1179,132,9664,5596,4068,208,106,102
0.5 Scen,2045,255,Karnes County,16245,9717,6528,5019,2820,2199,1308,1175,133,9709,5616,4093,209,106,103
0.5 Scen,2046,255,Karnes County,16238,9711,6527,4968,2792,2176,1302,1169,133,9759,5644,4115,209,106,103
0.5 Scen,2047,255,Karnes County,16220,9701,6519,4909,2761,2148,1297,1164,133,9805,5670,4135,209,106,103
0.5 Scen,2048,255,Karnes County,16214,9705,6509,4862,2741,2121,1295,1162,133,9847,5696,4151,210,106,104
0.5 Scen,2049,255,Karnes County,16212,9701,6511,4813,2716,2097,1289,1156,133,9899,5723,4176,211,106,105
0.5 Scen,2050,255,Karnes County,16202,9693,6509,4762,2690,2072,1277,1144,133,9952,5753,4199,211,106,105
0.5 Scen,2010,257,Kaufman County,103350,50811,52539,72328,35429,36899,10571,5036,5535,17548,8975,8573,2903,1371,1532
0.5 Scen,2011,257,Kaufman County,105644,51889,53755,73479,35945,37534,10821,5157,5664,18354,9379,8975,2990,1408,1582
0.5 Scen,2012,257,Kaufman County,107987,52993,54994,74629,36460,38169,11068,5276,5792,19208,9808,9400,3082,1449,1633
0.5 Scen,2013,257,Kaufman County,110330,54079,56251,75757,36953,38804,11324,5400,5924,20073,10238,9835,3176,1488,1688
0.5 Scen,2014,257,Kaufman County,112731,55196,57535,76880,37448,39432,11596,5532,6064,20981,10685,10296,3274,1531,1743
0.5 Scen,2015,257,Kaufman County,115199,56340,58859,78024,37946,40078,11883,5670,6213,21917,11144,10773,3375,1580,1795
0.5 Scen,2016,257,Kaufman County,117695,57500,60195,79126,38420,40706,12178,5815,6363,22906,11632,11274,3485,1633,1852
0.5 Scen,2017,257,Kaufman County,120228,58663,61565,80244,38899,41345,12469,5956,6513,23924,12129,11795,3591,1679,1912
0.5 Scen,2018,257,Kaufman County,122826,59868,62958,81360,39381,41979,12777,6102,6675,24991,12654,12337,3698,1731,1967
0.5 Scen,2019,257,Kaufman County,125447,61084,64363,82462,39857,42605,13080,6252,6828,26094,13199,12895,3811,1776,2035
0.5 Scen,2020,257,Kaufman County,128122,62331,65791,83555,40324,43231,13381,6403,6978,27257,13774,13483,3929,1830,2099
0.5 Scen,2021,257,Kaufman County,130920,63617,67303,84692,40810,43882,13699,6548,7151,28470,14374,14096,4059,1885,2174
0.5 Scen,2022,257,Kaufman County,133766,64936,68830,85818,41291,44527,14019,6698,7321,29730,15000,14730,4199,1947,2252
0.5 Scen,2023,257,Kaufman County,136705,66297,70408,86973,41780,45193,14341,6848,7493,31045,15651,15394,4346,2018,2328
0.5 Scen,2024,257,Kaufman County,139710,67701,72009,88110,42262,45848,14669,7000,7669,32431,16347,16084,4500,2092,2408
0.5 Scen,2025,257,Kaufman County,142759,69136,73623,89247,42748,46499,14989,7156,7833,33869,17070,16799,4654,2162,2492
0.5 Scen,2026,257,Kaufman County,145859,70601,75258,90370,43234,47136,15309,7312,7997,35362,17815,17547,4818,2240,2578
0.5 Scen,2027,257,Kaufman County,149044,72101,76943,91487,43722,47765,15638,7466,8172,36933,18594,18339,4986,2319,2667
0.5 Scen,2028,257,Kaufman County,152280,73639,78641,92619,44212,48407,15960,7626,8334,38533,19392,19141,5168,2409,2759
0.5 Scen,2029,257,Kaufman County,155591,75201,80390,93749,44703,49046,16297,7788,8509,40199,20213,19986,5346,2497,2849
0.5 Scen,2030,257,Kaufman County,158947,76794,82153,94889,45203,49686,16628,7950,8678,41897,21054,20843,5533,2587,2946
0.5 Scen,2031,257,Kaufman County,162345,78395,83950,95994,45677,50317,16965,8110,8855,43666,21926,21740,5720,2682,3038
0.5 Scen,2032,257,Kaufman County,165769,80025,85744,97089,46153,50936,17302,8274,9028,45468,22820,22648,5910,2778,3132
0.5 Scen,2033,257,Kaufman County,169215,81656,87559,98158,46619,51539,17626,8427,9199,47330,23740,23590,6101,2870,3231
0.5 Scen,2034,257,Kaufman County,172650,83309,89341,99200,47078,52122,17938,8580,9358,49226,24683,24543,6286,2968,3318
0.5 Scen,2035,257,Kaufman County,176118,84952,91166,100210,47514,52696,18257,8739,9518,51163,25633,25530,6488,3066,3422
0.5 Scen,2036,257,Kaufman County,179646,86619,93027,101211,47952,53259,18569,8886,9683,53172,26617,26555,6694,3164,3530
0.5 Scen,2037,257,Kaufman County,183189,88294,94895,102176,48365,53811,18899,9038,9861,55222,27630,27592,6892,3261,3631
0.5 Scen,2038,257,Kaufman County,186756,89996,96760,103118,48770,54348,19211,9187,10024,57330,28669,28661,7097,3370,3727
0.5 Scen,2039,257,Kaufman County,190358,91712,98646,104046,49173,54873,19500,9322,10178,59501,29742,29759,7311,3475,3836
0.5 Scen,2040,257,Kaufman County,194001,93460,100541,104939,49563,55376,19826,9487,10339,61724,30836,30888,7512,3574,3938
0.5 Scen,2041,257,Kaufman County,197679,95205,102474,105804,49928,55876,20147,9638,10509,64008,31960,32048,7720,3679,4041
0.5 Scen,2042,257,Kaufman County,201405,96988,104417,106660,50296,56364,20456,9790,10666,66363,33121,33242,7926,3781,4145
0.5 Scen,2043,257,Kaufman County,205170,98806,106364,107486,50657,56829,20756,9941,10815,68793,34321,34472,8135,3887,4248
0.5 Scen,2044,257,Kaufman County,209011,100648,108363,108298,51003,57295,21087,10105,10982,71290,35548,35742,8336,3992,4344
0.5 Scen,2045,257,Kaufman County,212904,102533,110371,109089,51353,57736,21401,10263,11138,73863,36817,37046,8551,4100,4451
0.5 Scen,2046,257,Kaufman County,216863,104444,112419,109870,51694,58176,21722,10426,11296,76517,38120,38397,8754,4204,4550
0.5 Scen,2047,257,Kaufman County,220889,106391,114498,110640,52027,58613,22033,10588,11445,79250,39464,39786,8966,4312,4654
0.5 Scen,2048,257,Kaufman County,224975,108368,116607,111401,52360,59041,22349,10743,11606,82052,40844,41208,9173,4421,4752
0.5 Scen,2049,257,Kaufman County,229202,110439,118763,112184,52714,59470,22667,10912,11755,84964,42282,42682,9387,4531,4856
0.5 Scen,2050,257,Kaufman County,233532,112541,120991,112976,53066,59910,22984,11063,11921,87956,43768,44188,9616,4644,4972
0.5 Scen,2010,259,Kendall County,33410,16299,17111,25746,12404,13342,138,79,59,6829,3480,3349,697,336,361
0.5 Scen,2011,259,Kendall County,33945,16545,17400,26055,12531,13524,139,80,59,7046,3594,3452,705,340,365
0.5 Scen,2012,259,Kendall County,34482,16788,17694,26356,12651,13705,140,80,60,7271,3713,3558,715,344,371
0.5 Scen,2013,259,Kendall County,35012,17030,17982,26659,12772,13887,140,81,59,7490,3828,3662,723,349,374
0.5 Scen,2014,259,Kendall County,35551,17272,18279,26953,12884,14069,141,81,60,7723,3955,3768,734,352,382
0.5 Scen,2015,259,Kendall County,36090,17516,18574,27243,12993,14250,142,82,60,7965,4085,3880,740,356,384
0.5 Scen,2016,259,Kendall County,36640,17769,18871,27533,13107,14426,143,82,61,8213,4219,3994,751,361,390
0.5 Scen,2017,259,Kendall County,37195,18007,19188,27827,13215,14612,145,83,62,8462,4345,4117,761,364,397
0.5 Scen,2018,259,Kendall County,37743,18247,19496,28108,13318,14790,146,83,63,8719,4477,4242,770,369,401
0.5 Scen,2019,259,Kendall County,38290,18488,19802,28381,13416,14965,148,84,64,8981,4613,4368,780,375,405
0.5 Scen,2020,259,Kendall County,38847,18725,20122,28667,13513,15154,150,85,65,9244,4749,4495,786,378,408
0.5 Scen,2021,259,Kendall County,39414,18968,20446,28948,13619,15329,152,86,66,9521,4882,4639,793,381,412
0.5 Scen,2022,259,Kendall County,40002,19223,20779,29237,13723,15514,154,87,67,9805,5025,4780,806,388,418
0.5 Scen,2023,259,Kendall County,40549,19457,21092,29512,13820,15692,156,88,68,10065,5155,4910,816,394,422
0.5 Scen,2024,259,Kendall County,41130,19708,21422,29792,13919,15873,158,89,69,10353,5301,5052,827,399,428
0.5 Scen,2025,259,Kendall County,41733,19981,21752,30089,14035,16054,160,90,70,10645,5449,5196,839,407,432
0.5 Scen,2026,259,Kendall County,42338,20248,22090,30392,14150,16242,161,91,70,10936,5593,5343,849,414,435
0.5 Scen,2027,259,Kendall County,42931,20510,22421,30686,14262,16424,163,92,71,11223,5737,5486,859,419,440
0.5 Scen,2028,259,Kendall County,43534,20785,22749,30980,14374,16606,165,93,72,11521,5893,5628,868,425,443
0.5 Scen,2029,259,Kendall County,44129,21059,23070,31256,14478,16778,167,94,73,11830,6057,5773,876,430,446
0.5 Scen,2030,259,Kendall County,44741,21335,23406,31548,14587,16961,169,95,74,12136,6215,5921,888,438,450
0.5 Scen,2031,259,Kendall County,45343,21617,23726,31822,14691,17131,170,96,74,12456,6389,6067,895,441,454
0.5 Scen,2032,259,Kendall County,45951,21893,24058,32090,14789,17301,169,95,74,12786,6562,6224,906,447,459
0.5 Scen,2033,259,Kendall County,46525,22148,24377,32346,14886,17460,169,95,74,13099,6719,6380,911,448,463
0.5 Scen,2034,259,Kendall County,47092,22416,24676,32583,14976,17607,166,92,74,13424,6895,6529,919,453,466
0.5 Scen,2035,259,Kendall County,47658,22677,24981,32798,15055,17743,166,93,73,13765,7071,6694,929,458,471
0.5 Scen,2036,259,Kendall County,48212,22924,25288,33011,15129,17882,163,90,73,14103,7244,6859,935,461,474
0.5 Scen,2037,259,Kendall County,48769,23181,25588,33222,15199,18023,162,90,72,14443,7426,7017,942,466,476
0.5 Scen,2038,259,Kendall County,49298,23420,25878,33396,15255,18141,160,88,72,14795,7606,7189,947,471,476
0.5 Scen,2039,259,Kendall County,49827,23663,26164,33568,15311,18257,158,87,71,15145,7790,7355,956,475,481
0.5 Scen,2040,259,Kendall County,50357,23906,26451,33725,15366,18359,158,86,72,15510,7976,7534,964,478,486
0.5 Scen,2041,259,Kendall County,50866,24145,26721,33871,15412,18459,157,86,71,15866,8161,7705,972,486,486
0.5 Scen,2042,259,Kendall County,51398,24395,27003,34023,15461,18562,155,85,70,16241,8361,7880,979,488,491
0.5 Scen,2043,259,Kendall County,51898,24630,27268,34143,15500,18643,154,85,69,16613,8552,8061,988,493,495
0.5 Scen,2044,259,Kendall County,52382,24869,27513,34253,15538,18715,153,84,69,16985,8751,8234,991,496,495
0.5 Scen,2045,259,Kendall County,52882,25113,27769,34366,15579,18787,152,84,68,17371,8954,8417,993,496,497
0.5 Scen,2046,259,Kendall County,53358,25352,28006,34469,15616,18853,151,83,68,17747,9153,8594,991,500,491
0.5 Scen,2047,259,Kendall County,53860,25602,28258,34575,15658,18917,150,83,67,18140,9358,8782,995,503,492
0.5 Scen,2048,259,Kendall County,54362,25846,28516,34682,15705,18977,149,82,67,18535,9554,8981,996,505,491
0.5 Scen,2049,259,Kendall County,54871,26093,28778,34794,15748,19046,148,82,66,18928,9756,9172,1001,507,494
0.5 Scen,2050,259,Kendall County,55395,26354,29041,34913,15798,19115,146,80,66,19333,9967,9366,1003,509,494
0.5 Scen,2010,261,Kenedy County,416,212,204,86,40,46,1,0,1,319,167,152,10,5,5
0.5 Scen,2011,261,Kenedy County,421,215,206,87,41,46,1,0,1,323,169,154,10,5,5
0.5 Scen,2012,261,Kenedy County,425,217,208,87,41,46,1,0,1,327,171,156,10,5,5
0.5 Scen,2013,261,Kenedy County,429,220,209,88,42,46,1,0,1,330,173,157,10,5,5
0.5 Scen,2014,261,Kenedy County,431,220,211,89,42,47,1,0,1,331,173,158,10,5,5
0.5 Scen,2015,261,Kenedy County,433,222,211,90,43,47,1,0,1,332,174,158,10,5,5
0.5 Scen,2016,261,Kenedy County,437,224,213,91,43,48,1,0,1,335,176,159,10,5,5
0.5 Scen,2017,261,Kenedy County,440,226,214,91,43,48,1,0,1,338,178,160,10,5,5
0.5 Scen,2018,261,Kenedy County,444,228,216,92,43,49,1,0,1,341,180,161,10,5,5
0.5 Scen,2019,261,Kenedy County,449,231,218,93,44,49,1,0,1,345,182,163,10,5,5
0.5 Scen,2020,261,Kenedy County,452,232,220,94,44,50,1,0,1,347,183,164,10,5,5
0.5 Scen,2021,261,Kenedy County,455,235,220,94,45,49,1,0,1,350,185,165,10,5,5
0.5 Scen,2022,261,Kenedy County,459,237,222,95,45,50,1,0,1,353,187,166,10,5,5
0.5 Scen,2023,261,Kenedy County,461,238,223,95,45,50,1,0,1,355,188,167,10,5,5
0.5 Scen,2024,261,Kenedy County,464,239,225,95,44,51,1,0,1,358,190,168,10,5,5
0.5 Scen,2025,261,Kenedy County,468,242,226,97,46,51,1,0,1,360,191,169,10,5,5
0.5 Scen,2026,261,Kenedy County,470,243,227,97,46,51,1,0,1,362,192,170,10,5,5
0.5 Scen,2027,261,Kenedy County,472,245,227,98,47,51,1,0,1,363,193,170,10,5,5
0.5 Scen,2028,261,Kenedy County,474,246,228,99,47,52,1,0,1,364,194,170,10,5,5
0.5 Scen,2029,261,Kenedy County,476,248,228,100,48,52,1,0,1,365,195,170,10,5,5
0.5 Scen,2030,261,Kenedy County,477,248,229,100,47,53,1,0,1,366,196,170,10,5,5
0.5 Scen,2031,261,Kenedy County,479,250,229,101,48,53,1,0,1,367,197,170,10,5,5
0.5 Scen,2032,261,Kenedy County,479,251,228,101,48,53,1,0,1,367,198,169,10,5,5
0.5 Scen,2033,261,Kenedy County,479,252,227,101,48,53,1,0,1,367,199,168,10,5,5
0.5 Scen,2034,261,Kenedy County,480,253,227,102,48,54,1,0,1,367,200,167,10,5,5
0.5 Scen,2035,261,Kenedy County,478,253,225,101,48,53,1,0,1,366,200,166,10,5,5
0.5 Scen,2036,261,Kenedy County,477,252,225,100,47,53,1,0,1,366,200,166,10,5,5
0.5 Scen,2037,261,Kenedy County,478,253,225,100,47,53,1,0,1,367,201,166,10,5,5
0.5 Scen,2038,261,Kenedy County,478,253,225,99,46,53,1,0,1,368,202,166,10,5,5
0.5 Scen,2039,261,Kenedy County,476,253,223,99,47,52,1,0,1,366,201,165,10,5,5
0.5 Scen,2040,261,Kenedy County,474,252,222,98,46,52,1,0,1,365,201,164,10,5,5
0.5 Scen,2041,261,Kenedy County,473,251,222,98,46,52,1,0,1,364,200,164,10,5,5
0.5 Scen,2042,261,Kenedy County,473,251,222,98,46,52,1,0,1,364,200,164,10,5,5
0.5 Scen,2043,261,Kenedy County,470,251,219,97,46,51,1,0,1,363,200,163,9,5,4
0.5 Scen,2044,261,Kenedy County,468,250,218,97,46,51,1,0,1,361,199,162,9,5,4
0.5 Scen,2045,261,Kenedy County,467,251,216,97,47,50,1,0,1,360,199,161,9,5,4
0.5 Scen,2046,261,Kenedy County,465,250,215,96,46,50,1,0,1,359,199,160,9,5,4
0.5 Scen,2047,261,Kenedy County,464,250,214,96,46,50,1,0,1,358,199,159,9,5,4
0.5 Scen,2048,261,Kenedy County,463,249,214,97,46,51,1,0,1,356,198,158,9,5,4
0.5 Scen,2049,261,Kenedy County,461,249,212,97,47,50,1,0,1,354,197,157,9,5,4
0.5 Scen,2050,261,Kenedy County,458,247,211,95,46,49,1,0,1,353,196,157,9,5,4
0.5 Scen,2010,263,Kent County,808,392,416,669,320,349,6,2,4,120,64,56,13,6,7
0.5 Scen,2011,263,Kent County,806,393,413,666,320,346,6,2,4,121,65,56,13,6,7
0.5 Scen,2012,263,Kent County,807,394,413,666,321,345,6,2,4,122,65,57,13,6,7
0.5 Scen,2013,263,Kent County,808,397,411,666,323,343,6,2,4,123,66,57,13,6,7
0.5 Scen,2014,263,Kent County,804,395,409,661,321,340,6,2,4,124,66,58,13,6,7
0.5 Scen,2015,263,Kent County,803,398,405,660,323,337,6,2,4,124,67,57,13,6,7
0.5 Scen,2016,263,Kent County,805,400,405,660,324,336,6,2,4,126,68,58,13,6,7
0.5 Scen,2017,263,Kent County,809,403,406,662,326,336,6,2,4,128,69,59,13,6,7
0.5 Scen,2018,263,Kent County,810,404,406,661,326,335,6,2,4,130,70,60,13,6,7
0.5 Scen,2019,263,Kent County,812,406,406,661,327,334,6,2,4,132,71,61,13,6,7
0.5 Scen,2020,263,Kent County,814,408,406,661,328,333,6,2,4,134,72,62,13,6,7
0.5 Scen,2021,263,Kent County,820,413,407,664,331,333,6,2,4,137,74,63,13,6,7
0.5 Scen,2022,263,Kent County,827,419,408,668,335,333,6,2,4,140,76,64,13,6,7
0.5 Scen,2023,263,Kent County,833,423,410,671,337,334,6,2,4,143,78,65,13,6,7
0.5 Scen,2024,263,Kent County,838,427,411,673,339,334,6,2,4,146,80,66,13,6,7
0.5 Scen,2025,263,Kent County,842,432,410,675,342,333,6,2,4,149,82,67,12,6,6
0.5 Scen,2026,263,Kent County,847,437,410,677,345,332,6,2,4,152,84,68,12,6,6
0.5 Scen,2027,263,Kent County,848,438,410,676,345,331,6,2,4,154,85,69,12,6,6
0.5 Scen,2028,263,Kent County,846,436,410,672,342,330,6,2,4,156,86,70,12,6,6
0.5 Scen,2029,263,Kent County,844,435,409,667,339,328,6,2,4,159,88,71,12,6,6
0.5 Scen,2030,263,Kent County,843,434,409,662,336,326,6,2,4,163,90,73,12,6,6
0.5 Scen,2031,263,Kent County,838,430,408,654,330,324,6,2,4,166,92,74,12,6,6
0.5 Scen,2032,263,Kent County,829,426,403,643,326,317,6,2,4,168,92,76,12,6,6
0.5 Scen,2033,263,Kent County,826,426,400,639,325,314,6,2,4,169,93,76,12,6,6
0.5 Scen,2034,263,Kent County,819,422,397,631,321,310,6,2,4,170,93,77,12,6,6
0.5 Scen,2035,263,Kent County,814,421,393,626,320,306,6,2,4,170,93,77,12,6,6
0.5 Scen,2036,263,Kent County,810,422,388,621,320,301,6,2,4,171,94,77,12,6,6
0.5 Scen,2037,263,Kent County,806,422,384,615,319,296,6,2,4,173,95,78,12,6,6
0.5 Scen,2038,263,Kent County,798,421,377,606,317,289,6,2,4,174,96,78,12,6,6
0.5 Scen,2039,263,Kent County,799,422,377,605,317,288,6,2,4,176,97,79,12,6,6
0.5 Scen,2040,263,Kent County,795,420,375,599,314,285,6,2,4,178,98,80,12,6,6
0.5 Scen,2041,263,Kent County,795,420,375,597,313,284,6,2,4,180,99,81,12,6,6
0.5 Scen,2042,263,Kent County,793,419,374,594,312,282,6,2,4,181,99,82,12,6,6
0.5 Scen,2043,263,Kent County,784,417,367,585,310,275,6,2,4,181,99,82,12,6,6
0.5 Scen,2044,263,Kent County,780,416,364,580,309,271,6,2,4,182,99,83,12,6,6
0.5 Scen,2045,263,Kent County,773,413,360,572,306,266,6,2,4,183,99,84,12,6,6
0.5 Scen,2046,263,Kent County,768,409,359,567,302,265,6,2,4,183,99,84,12,6,6
0.5 Scen,2047,263,Kent County,764,406,358,562,299,263,6,2,4,184,99,85,12,6,6
0.5 Scen,2048,263,Kent County,760,402,358,557,295,262,6,2,4,185,99,86,12,6,6
0.5 Scen,2049,263,Kent County,757,404,353,552,296,256,6,2,4,187,100,87,12,6,6
0.5 Scen,2050,263,Kent County,755,403,352,549,295,254,6,2,4,189,101,88,11,5,6
0.5 Scen,2010,265,Kerr County,49625,24068,25557,35851,17086,18765,739,437,302,11895,5999,5896,1140,546,594
0.5 Scen,2011,265,Kerr County,49886,24191,25695,35827,17069,18758,745,441,304,12163,6132,6031,1151,549,602
0.5 Scen,2012,265,Kerr County,50158,24314,25844,35825,17055,18770,753,445,308,12418,6260,6158,1162,554,608
0.5 Scen,2013,265,Kerr County,50445,24454,25991,35832,17058,18774,759,449,310,12681,6389,6292,1173,558,615
0.5 Scen,2014,265,Kerr County,50748,24599,26149,35838,17054,18784,766,453,313,12960,6528,6432,1184,564,620
0.5 Scen,2015,265,Kerr County,51049,24747,26302,35839,17048,18791,772,456,316,13244,6672,6572,1194,571,623
0.5 Scen,2016,265,Kerr County,51346,24894,26452,35841,17051,18790,779,460,319,13519,6807,6712,1207,576,631
0.5 Scen,2017,265,Kerr County,51630,25040,26590,35839,17053,18786,789,465,324,13787,6938,6849,1215,584,631
0.5 Scen,2018,265,Kerr County,51907,25185,26722,35827,17052,18775,792,467,325,14070,7081,6989,1218,585,633
0.5 Scen,2019,265,Kerr County,52189,25334,26855,35811,17048,18763,799,472,327,14352,7223,7129,1227,591,636
0.5 Scen,2020,265,Kerr County,52458,25481,26977,35774,17037,18737,805,475,330,14644,7372,7272,1235,597,638
0.5 Scen,2021,265,Kerr County,52758,25644,27114,35763,17039,18724,811,478,333,14943,7524,7419,1241,603,638
0.5 Scen,2022,265,Kerr County,53054,25797,27257,35737,17027,18710,820,484,336,15246,7679,7567,1251,607,644
0.5 Scen,2023,265,Kerr County,53344,25952,27392,35693,17006,18687,826,487,339,15559,7845,7714,1266,614,652
0.5 Scen,2024,265,Kerr County,53596,26092,27504,35638,16986,18652,828,488,340,15857,8001,7856,1273,617,656
0.5 Scen,2025,265,Kerr County,53866,26240,27626,35578,16963,18615,830,488,342,16181,8169,8012,1277,620,657
0.5 Scen,2026,265,Kerr County,54130,26395,27735,35498,16932,18566,834,491,343,16508,8342,8166,1290,630,660
0.5 Scen,2027,265,Kerr County,54399,26548,27851,35422,16903,18519,840,495,345,16831,8514,8317,1306,636,670
0.5 Scen,2028,265,Kerr County,54626,26679,27947,35311,16858,18453,842,495,347,17160,8684,8476,1313,642,671
0.5 Scen,2029,265,Kerr County,54836,26798,28038,35183,16807,18376,842,494,348,17495,8852,8643,1316,645,671
0.5 Scen,2030,265,Kerr County,55039,26926,28113,35042,16750,18292,845,495,350,17829,9028,8801,1323,653,670
0.5 Scen,2031,265,Kerr County,55203,27030,28173,34879,16680,18199,846,495,351,18151,9200,8951,1327,655,672
0.5 Scen,2032,265,Kerr County,55376,27137,28239,34709,16609,18100,847,495,352,18488,9375,9113,1332,658,674
0.5 Scen,2033,265,Kerr County,55523,27225,28298,34536,16536,18000,846,492,354,18802,9535,9267,1339,662,677
0.5 Scen,2034,265,Kerr County,55649,27314,28335,34340,16456,17884,843,489,354,19118,9703,9415,1348,666,682
0.5 Scen,2035,265,Kerr County,55785,27394,28391,34150,16372,17778,840,485,355,19439,9866,9573,1356,671,685
0.5 Scen,2036,265,Kerr County,55893,27468,28425,33944,16282,17662,836,482,354,19760,10034,9726,1353,670,683
0.5 Scen,2037,265,Kerr County,56015,27545,28470,33746,16201,17545,831,477,354,20083,10197,9886,1355,670,685
0.5 Scen,2038,265,Kerr County,56125,27630,28495,33543,16116,17427,829,475,354,20398,10368,10030,1355,671,684
0.5 Scen,2039,265,Kerr County,56232,27707,28525,33331,16027,17304,822,469,353,20724,10539,10185,1355,672,683
0.5 Scen,2040,265,Kerr County,56355,27795,28560,33136,15951,17185,818,464,354,21044,10707,10337,1357,673,684
0.5 Scen,2041,265,Kerr County,56456,27870,28586,32933,15870,17063,816,461,355,21352,10867,10485,1355,672,683
0.5 Scen,2042,265,Kerr County,56555,27948,28607,32732,15793,16939,807,454,353,21663,11031,10632,1353,670,683
0.5 Scen,2043,265,Kerr County,56643,28024,28619,32523,15712,16811,799,451,348,21969,11191,10778,1352,670,682
0.5 Scen,2044,265,Kerr County,56728,28112,28616,32313,15631,16682,781,445,336,22285,11366,10919,1349,670,679
0.5 Scen,2045,265,Kerr County,56857,28204,28653,32130,15566,16564,774,440,334,22609,11531,11078,1344,667,677
0.5 Scen,2046,265,Kerr County,56945,28293,28652,31935,15496,16439,762,433,329,22912,11698,11214,1336,666,670
0.5 Scen,2047,265,Kerr County,57086,28396,28690,31768,15434,16334,757,429,328,23231,11868,11363,1330,665,665
0.5 Scen,2048,265,Kerr County,57220,28506,28714,31603,15382,16221,748,426,322,23546,12034,11512,1323,664,659
0.5 Scen,2049,265,Kerr County,57377,28626,28751,31455,15333,16122,744,424,320,23863,12207,11656,1315,662,653
0.5 Scen,2050,265,Kerr County,57544,28747,28797,31314,15289,16025,740,422,318,24184,12376,11808,1306,660,646
0.5 Scen,2010,267,Kimble County,4607,2281,2326,3450,1686,1764,16,12,4,1077,550,527,64,33,31
0.5 Scen,2011,267,Kimble County,4627,2291,2336,3457,1688,1769,16,12,4,1090,558,532,64,33,31
0.5 Scen,2012,267,Kimble County,4643,2300,2343,3456,1687,1769,16,12,4,1107,568,539,64,33,31
0.5 Scen,2013,267,Kimble County,4654,2301,2353,3449,1679,1770,16,12,4,1124,576,548,65,34,31
0.5 Scen,2014,267,Kimble County,4651,2302,2349,3432,1671,1761,16,12,4,1138,585,553,65,34,31
0.5 Scen,2015,267,Kimble County,4665,2311,2354,3424,1669,1755,16,12,4,1159,595,564,66,35,31
0.5 Scen,2016,267,Kimble County,4669,2317,2352,3410,1666,1744,16,12,4,1177,604,573,66,35,31
0.5 Scen,2017,267,Kimble County,4666,2317,2349,3391,1657,1734,16,12,4,1194,614,580,65,34,31
0.5 Scen,2018,267,Kimble County,4672,2320,2352,3377,1648,1729,16,12,4,1215,626,589,64,34,30
0.5 Scen,2019,267,Kimble County,4684,2329,2355,3369,1646,1723,16,12,4,1235,637,598,64,34,30
0.5 Scen,2020,267,Kimble County,4686,2336,2350,3352,1642,1710,16,12,4,1254,648,606,64,34,30
0.5 Scen,2021,267,Kimble County,4697,2346,2351,3341,1640,1701,16,12,4,1275,659,616,65,35,30
0.5 Scen,2022,267,Kimble County,4718,2358,2360,3338,1638,1700,16,12,4,1299,673,626,65,35,30
0.5 Scen,2023,267,Kimble County,4726,2367,2359,3324,1633,1691,16,12,4,1321,687,634,65,35,30
0.5 Scen,2024,267,Kimble County,4738,2372,2366,3311,1624,1687,16,12,4,1346,701,645,65,35,30
0.5 Scen,2025,267,Kimble County,4743,2377,2366,3296,1620,1676,16,12,4,1369,712,657,62,33,29
0.5 Scen,2026,267,Kimble County,4746,2380,2366,3280,1612,1668,16,12,4,1388,723,665,62,33,29
0.5 Scen,2027,267,Kimble County,4744,2379,2365,3262,1603,1659,16,12,4,1405,732,673,61,32,29
0.5 Scen,2028,267,Kimble County,4740,2376,2364,3240,1590,1650,16,12,4,1423,742,681,61,32,29
0.5 Scen,2029,267,Kimble County,4735,2379,2356,3216,1581,1635,16,12,4,1442,754,688,61,32,29
0.5 Scen,2030,267,Kimble County,4723,2376,2347,3183,1568,1615,16,12,4,1464,765,699,60,31,29
0.5 Scen,2031,267,Kimble County,4715,2375,2340,3157,1558,1599,16,12,4,1482,774,708,60,31,29
0.5 Scen,2032,267,Kimble County,4703,2372,2331,3128,1545,1583,16,12,4,1498,784,714,61,31,30
0.5 Scen,2033,267,Kimble County,4689,2372,2317,3098,1536,1562,16,12,4,1515,794,721,60,30,30
0.5 Scen,2034,267,Kimble County,4665,2366,2299,3055,1519,1536,16,12,4,1535,806,729,59,29,30
0.5 Scen,2035,267,Kimble County,4645,2360,2285,3022,1506,1516,16,12,4,1547,812,735,60,30,30
0.5 Scen,2036,267,Kimble County,4629,2359,2270,2989,1495,1494,16,12,4,1564,822,742,60,30,30
0.5 Scen,2037,267,Kimble County,4611,2358,2253,2958,1486,1472,16,12,4,1579,830,749,58,30,28
0.5 Scen,2038,267,Kimble County,4595,2361,2234,2933,1484,1449,16,12,4,1588,836,752,58,29,29
0.5 Scen,2039,267,Kimble County,4570,2355,2215,2905,1474,1431,16,12,4,1596,843,753,53,26,27
0.5 Scen,2040,267,Kimble County,4551,2353,2198,2874,1465,1409,16,12,4,1607,850,757,54,26,28
0.5 Scen,2041,267,Kimble County,4517,2345,2172,2836,1453,1383,16,12,4,1614,854,760,51,26,25
0.5 Scen,2042,267,Kimble County,4493,2336,2157,2801,1440,1361,16,12,4,1624,858,766,52,26,26
0.5 Scen,2043,267,Kimble County,4463,2328,2135,2768,1429,1339,16,12,4,1629,862,767,50,25,25
0.5 Scen,2044,267,Kimble County,4448,2329,2119,2743,1425,1318,16,12,4,1640,867,773,49,25,24
0.5 Scen,2045,267,Kimble County,4431,2324,2107,2715,1414,1301,16,12,4,1652,873,779,48,25,23
0.5 Scen,2046,267,Kimble County,4414,2319,2095,2689,1404,1285,15,11,4,1662,879,783,48,25,23
0.5 Scen,2047,267,Kimble County,4389,2311,2078,2658,1390,1268,15,11,4,1671,885,786,45,25,20
0.5 Scen,2048,267,Kimble County,4379,2313,2066,2634,1383,1251,15,11,4,1687,895,792,43,24,19
0.5 Scen,2049,267,Kimble County,4353,2306,2047,2601,1371,1230,15,11,4,1694,900,794,43,24,19
0.5 Scen,2050,267,Kimble County,4337,2301,2036,2571,1358,1213,15,11,4,1709,908,801,42,24,18
0.5 Scen,2010,269,King County,286,141,145,242,115,127,0,0,0,39,24,15,5,2,3
0.5 Scen,2011,269,King County,286,142,144,242,116,126,0,0,0,39,24,15,5,2,3
0.5 Scen,2012,269,King County,288,143,145,244,117,127,0,0,0,39,24,15,5,2,3
0.5 Scen,2013,269,King County,290,143,147,246,117,129,0,0,0,39,24,15,5,2,3
0.5 Scen,2014,269,King County,292,144,148,248,118,130,0,0,0,39,24,15,5,2,3
0.5 Scen,2015,269,King County,293,145,148,249,119,130,0,0,0,39,24,15,5,2,3
0.5 Scen,2016,269,King County,295,146,149,251,120,131,0,0,0,39,24,15,5,2,3
0.5 Scen,2017,269,King County,295,145,150,251,119,132,0,0,0,39,24,15,5,2,3
0.5 Scen,2018,269,King County,299,146,153,254,120,134,0,0,0,40,24,16,5,2,3
0.5 Scen,2019,269,King County,298,145,153,252,118,134,0,0,0,41,25,16,5,2,3
0.5 Scen,2020,269,King County,300,146,154,253,119,134,0,0,0,42,25,17,5,2,3
0.5 Scen,2021,269,King County,300,148,152,252,120,132,0,0,0,43,26,17,5,2,3
0.5 Scen,2022,269,King County,303,150,153,254,122,132,0,0,0,44,26,18,5,2,3
0.5 Scen,2023,269,King County,305,153,152,255,124,131,0,0,0,45,27,18,5,2,3
0.5 Scen,2024,269,King County,306,153,153,256,124,132,0,0,0,45,27,18,5,2,3
0.5 Scen,2025,269,King County,308,154,154,258,125,133,0,0,0,45,27,18,5,2,3
0.5 Scen,2026,269,King County,310,154,156,260,125,135,0,0,0,45,27,18,5,2,3
0.5 Scen,2027,269,King County,312,156,156,262,127,135,0,0,0,45,27,18,5,2,3
0.5 Scen,2028,269,King County,313,156,157,263,127,136,0,0,0,45,27,18,5,2,3
0.5 Scen,2029,269,King County,314,157,157,264,128,136,0,0,0,45,27,18,5,2,3
0.5 Scen,2030,269,King County,315,157,158,265,128,137,0,0,0,45,27,18,5,2,3
0.5 Scen,2031,269,King County,316,158,158,266,129,137,0,0,0,45,27,18,5,2,3
0.5 Scen,2032,269,King County,316,157,159,266,128,138,0,0,0,45,27,18,5,2,3
0.5 Scen,2033,269,King County,314,156,158,265,127,138,0,0,0,44,27,17,5,2,3
0.5 Scen,2034,269,King County,314,156,158,265,127,138,0,0,0,44,27,17,5,2,3
0.5 Scen,2035,269,King County,314,156,158,265,127,138,0,0,0,44,27,17,5,2,3
0.5 Scen,2036,269,King County,312,155,157,263,126,137,0,0,0,44,27,17,5,2,3
0.5 Scen,2037,269,King County,312,155,157,263,126,137,0,0,0,44,27,17,5,2,3
0.5 Scen,2038,269,King County,311,154,157,262,125,137,0,0,0,44,27,17,5,2,3
0.5 Scen,2039,269,King County,310,153,157,261,124,137,0,0,0,44,27,17,5,2,3
0.5 Scen,2040,269,King County,306,151,155,257,122,135,0,0,0,44,27,17,5,2,3
0.5 Scen,2041,269,King County,303,149,154,255,121,134,0,0,0,43,26,17,5,2,3
0.5 Scen,2042,269,King County,300,147,153,252,119,133,0,0,0,43,26,17,5,2,3
0.5 Scen,2043,269,King County,294,145,149,246,117,129,0,0,0,43,26,17,5,2,3
0.5 Scen,2044,269,King County,291,142,149,243,114,129,0,0,0,43,26,17,5,2,3
0.5 Scen,2045,269,King County,288,141,147,240,113,127,0,0,0,43,26,17,5,2,3
0.5 Scen,2046,269,King County,283,140,143,235,112,123,0,0,0,43,26,17,5,2,3
0.5 Scen,2047,269,King County,280,139,141,232,111,121,0,0,0,43,26,17,5,2,3
0.5 Scen,2048,269,King County,278,138,140,230,110,120,0,0,0,43,26,17,5,2,3
0.5 Scen,2049,269,King County,275,136,139,228,109,119,0,0,0,42,25,17,5,2,3
0.5 Scen,2050,269,King County,271,134,137,225,108,117,0,0,0,41,24,17,5,2,3
0.5 Scen,2010,271,Kinney County,3598,1955,1643,1496,749,747,39,21,18,2004,1153,851,59,32,27
0.5 Scen,2011,271,Kinney County,3611,1959,1652,1484,739,745,39,21,18,2029,1167,862,59,32,27
0.5 Scen,2012,271,Kinney County,3623,1964,1659,1470,729,741,39,21,18,2055,1182,873,59,32,27
0.5 Scen,2013,271,Kinney County,3636,1968,1668,1458,718,740,39,21,18,2080,1197,883,59,32,27
0.5 Scen,2014,271,Kinney County,3652,1975,1677,1445,708,737,39,21,18,2109,1214,895,59,32,27
0.5 Scen,2015,271,Kinney County,3665,1980,1685,1431,698,733,39,21,18,2137,1230,907,58,31,27
0.5 Scen,2016,271,Kinney County,3672,1984,1688,1407,684,723,39,21,18,2168,1248,920,58,31,27
0.5 Scen,2017,271,Kinney County,3686,1992,1694,1390,674,716,39,21,18,2199,1266,933,58,31,27
0.5 Scen,2018,271,Kinney County,3697,2002,1695,1371,664,707,39,21,18,2229,1286,943,58,31,27
0.5 Scen,2019,271,Kinney County,3704,2007,1697,1353,652,701,39,21,18,2255,1303,952,57,31,26
0.5 Scen,2020,271,Kinney County,3718,2015,1703,1335,639,696,39,21,18,2287,1324,963,57,31,26
0.5 Scen,2021,271,Kinney County,3721,2022,1699,1310,628,682,39,21,18,2315,1342,973,57,31,26
0.5 Scen,2022,271,Kinney County,3725,2029,1696,1286,617,669,39,21,18,2343,1360,983,57,31,26
0.5 Scen,2023,271,Kinney County,3736,2040,1696,1268,609,659,38,21,17,2373,1379,994,57,31,26
0.5 Scen,2024,271,Kinney County,3741,2047,1694,1248,602,646,37,20,17,2398,1394,1004,58,31,27
0.5 Scen,2025,271,Kinney County,3745,2052,1693,1229,592,637,36,19,17,2423,1411,1012,57,30,27
0.5 Scen,2026,271,Kinney County,3752,2058,1694,1214,585,629,36,19,17,2447,1424,1023,55,30,25
0.5 Scen,2027,271,Kinney County,3754,2068,1686,1194,578,616,36,19,17,2469,1441,1028,55,30,25
0.5 Scen,2028,271,Kinney County,3757,2077,1680,1174,572,602,36,19,17,2492,1456,1036,55,30,25
0.5 Scen,2029,271,Kinney County,3752,2079,1673,1149,560,589,36,19,17,2512,1470,1042,55,30,25
0.5 Scen,2030,271,Kinney County,3756,2083,1673,1128,551,577,36,19,17,2535,1483,1052,57,30,27
0.5 Scen,2031,271,Kinney County,3756,2088,1668,1107,545,562,36,19,17,2556,1494,1062,57,30,27
0.5 Scen,2032,271,Kinney County,3762,2089,1673,1092,536,556,35,18,17,2578,1505,1073,57,30,27
0.5 Scen,2033,271,Kinney County,3761,2091,1670,1074,528,546,34,18,16,2598,1516,1082,55,29,26
0.5 Scen,2034,271,Kinney County,3760,2094,1666,1057,522,535,33,18,15,2618,1526,1092,52,28,24
0.5 Scen,2035,271,Kinney County,3761,2093,1668,1046,518,528,32,18,14,2630,1529,1101,53,28,25
0.5 Scen,2036,271,Kinney County,3755,2093,1662,1032,515,517,31,17,14,2639,1533,1106,53,28,25
0.5 Scen,2037,271,Kinney County,3752,2098,1654,1020,510,510,30,16,14,2652,1545,1107,50,27,23
0.5 Scen,2038,271,Kinney County,3739,2098,1641,1004,506,498,30,16,14,2656,1550,1106,49,26,23
0.5 Scen,2039,271,Kinney County,3742,2103,1639,991,502,489,28,15,13,2675,1561,1114,48,25,23
0.5 Scen,2040,271,Kinney County,3740,2105,1635,976,496,480,27,15,12,2690,1569,1121,47,25,22
0.5 Scen,2041,271,Kinney County,3737,2104,1633,963,491,472,26,14,12,2702,1574,1128,46,25,21
0.5 Scen,2042,271,Kinney County,3739,2105,1634,951,485,466,24,13,11,2720,1583,1137,44,24,20
0.5 Scen,2043,271,Kinney County,3742,2108,1634,940,479,461,24,13,11,2736,1593,1143,42,23,19
0.5 Scen,2044,271,Kinney County,3750,2112,1638,930,474,456,24,13,11,2755,1603,1152,41,22,19
0.5 Scen,2045,271,Kinney County,3751,2111,1640,916,468,448,23,12,11,2771,1609,1162,41,22,19
0.5 Scen,2046,271,Kinney County,3752,2112,1640,905,463,442,23,12,11,2783,1615,1168,41,22,19
0.5 Scen,2047,271,Kinney County,3749,2113,1636,895,460,435,22,12,10,2791,1619,1172,41,22,19
0.5 Scen,2048,271,Kinney County,3753,2116,1637,886,458,428,22,12,10,2804,1624,1180,41,22,19
0.5 Scen,2049,271,Kinney County,3764,2121,1643,882,456,426,21,11,10,2820,1633,1187,41,21,20
0.5 Scen,2050,271,Kinney County,3771,2124,1647,874,453,421,21,11,10,2835,1639,1196,41,21,20
0.5 Scen,2010,273,Kleberg County,32061,16337,15724,7479,3961,3518,1070,621,449,22495,11183,11312,1017,572,445
0.5 Scen,2011,273,Kleberg County,32458,16550,15908,7512,3980,3532,1085,630,455,22819,11352,11467,1042,588,454
0.5 Scen,2012,273,Kleberg County,32801,16725,16076,7526,3986,3540,1098,637,461,23114,11502,11612,1063,600,463
0.5 Scen,2013,273,Kleberg County,33129,16891,16238,7529,3987,3542,1116,645,471,23399,11646,11753,1085,613,472
0.5 Scen,2014,273,Kleberg County,33437,17057,16380,7520,3985,3535,1129,651,478,23684,11796,11888,1104,625,479
0.5 Scen,2015,273,Kleberg County,33733,17219,16514,7497,3978,3519,1147,661,486,23969,11945,12024,1120,635,485
0.5 Scen,2016,273,Kleberg County,34097,17421,16676,7495,3976,3519,1166,673,493,24298,12124,12174,1138,648,490
0.5 Scen,2017,273,Kleberg County,34440,17601,16839,7481,3969,3512,1182,681,501,24622,12294,12328,1155,657,498
0.5 Scen,2018,273,Kleberg County,34834,17798,17036,7486,3961,3525,1197,690,507,24971,12474,12497,1180,673,507
0.5 Scen,2019,273,Kleberg County,35203,17999,17204,7493,3969,3524,1214,698,516,25294,12644,12650,1202,688,514
0.5 Scen,2020,273,Kleberg County,35597,18208,17389,7504,3974,3530,1234,709,525,25637,12825,12812,1222,700,522
0.5 Scen,2021,273,Kleberg County,35939,18396,17543,7496,3970,3526,1248,714,534,25946,12994,12952,1249,718,531
0.5 Scen,2022,273,Kleberg County,36291,18578,17713,7493,3966,3527,1262,720,542,26268,13162,13106,1268,730,538
0.5 Scen,2023,273,Kleberg County,36634,18768,17866,7485,3960,3525,1271,725,546,26587,13335,13252,1291,748,543
0.5 Scen,2024,273,Kleberg County,36976,18951,18025,7477,3955,3522,1284,730,554,26903,13504,13399,1312,762,550
0.5 Scen,2025,273,Kleberg County,37329,19147,18182,7467,3952,3515,1292,732,560,27238,13686,13552,1332,777,555
0.5 Scen,2026,273,Kleberg County,37662,19325,18337,7453,3945,3508,1303,737,566,27549,13850,13699,1357,793,564
0.5 Scen,2027,273,Kleberg County,38001,19508,18493,7446,3940,3506,1307,737,570,27875,14027,13848,1373,804,569
0.5 Scen,2028,273,Kleberg County,38347,19699,18648,7440,3939,3501,1314,745,569,28199,14197,14002,1394,818,576
0.5 Scen,2029,273,Kleberg County,38679,19883,18796,7423,3932,3491,1320,749,571,28522,14368,14154,1414,834,580
0.5 Scen,2030,273,Kleberg County,39018,20062,18956,7416,3930,3486,1330,753,577,28847,14538,14309,1425,841,584
0.5 Scen,2031,273,Kleberg County,39350,20247,19103,7402,3925,3477,1339,759,580,29168,14709,14459,1441,854,587
0.5 Scen,2032,273,Kleberg County,39689,20434,19255,7392,3921,3471,1349,765,584,29489,14882,14607,1459,866,593
0.5 Scen,2033,273,Kleberg County,40009,20614,19395,7384,3918,3466,1361,772,589,29792,15048,14744,1472,876,596
0.5 Scen,2034,273,Kleberg County,40330,20785,19545,7376,3917,3459,1376,778,598,30101,15210,14891,1477,880,597
0.5 Scen,2035,273,Kleberg County,40654,20964,19690,7366,3913,3453,1388,784,604,30409,15376,15033,1491,891,600
0.5 Scen,2036,273,Kleberg County,40973,21143,19830,7362,3914,3448,1395,789,606,30718,15544,15174,1498,896,602
0.5 Scen,2037,273,Kleberg County,41288,21314,19974,7357,3910,3447,1410,796,614,31011,15702,15309,1510,906,604
0.5 Scen,2038,273,Kleberg County,41602,21482,20120,7347,3903,3444,1425,802,623,31308,15863,15445,1522,914,608
0.5 Scen,2039,273,Kleberg County,41925,21653,20272,7352,3909,3443,1431,802,629,31598,16016,15582,1544,926,618
0.5 Scen,2040,273,Kleberg County,42231,21823,20408,7351,3912,3439,1441,807,634,31882,16167,15715,1557,937,620
0.5 Scen,2041,273,Kleberg County,42539,21989,20550,7345,3908,3437,1451,812,639,32165,16316,15849,1578,953,625
0.5 Scen,2042,273,Kleberg County,42862,22169,20693,7353,3914,3439,1464,819,645,32448,16469,15979,1597,967,630
0.5 Scen,2043,273,Kleberg County,43166,22332,20834,7353,3914,3439,1473,824,649,32725,16616,16109,1615,978,637
0.5 Scen,2044,273,Kleberg County,43452,22497,20955,7342,3911,3431,1474,828,646,33005,16767,16238,1631,991,640
0.5 Scen,2045,273,Kleberg County,43760,22666,21094,7341,3912,3429,1483,832,651,33284,16916,16368,1652,1006,646
0.5 Scen,2046,273,Kleberg County,44066,22837,21229,7344,3921,3423,1489,835,654,33567,17066,16501,1666,1015,651
0.5 Scen,2047,273,Kleberg County,44360,23000,21360,7341,3919,3422,1495,838,657,33843,17215,16628,1681,1028,653
0.5 Scen,2048,273,Kleberg County,44651,23162,21489,7338,3921,3417,1501,840,661,34115,17362,16753,1697,1039,658
0.5 Scen,2049,273,Kleberg County,44953,23335,21618,7340,3927,3413,1513,846,667,34390,17511,16879,1710,1051,659
0.5 Scen,2050,273,Kleberg County,45268,23516,21752,7347,3936,3411,1523,854,669,34670,17658,17012,1728,1068,660
0.5 Scen,2010,275,Knox County,3719,1835,1884,2347,1142,1205,209,98,111,1101,559,542,62,36,26
0.5 Scen,2011,275,Knox County,3730,1844,1886,2337,1140,1197,211,99,112,1120,569,551,62,36,26
0.5 Scen,2012,275,Knox County,3737,1853,1884,2325,1139,1186,211,99,112,1139,579,560,62,36,26
0.5 Scen,2013,275,Knox County,3753,1864,1889,2316,1137,1179,214,101,113,1161,590,571,62,36,26
0.5 Scen,2014,275,Knox County,3761,1871,1890,2301,1133,1168,218,102,116,1181,601,580,61,35,26
0.5 Scen,2015,275,Knox County,3778,1882,1896,2293,1131,1162,222,105,117,1202,611,591,61,35,26
0.5 Scen,2016,275,Knox County,3786,1893,1893,2277,1128,1149,225,107,118,1223,623,600,61,35,26
0.5 Scen,2017,275,Knox County,3802,1903,1899,2267,1124,1143,227,109,118,1247,635,612,61,35,26
0.5 Scen,2018,275,Knox County,3815,1913,1902,2254,1119,1135,230,111,119,1270,648,622,61,35,26
0.5 Scen,2019,275,Knox County,3833,1921,1912,2245,1115,1130,233,112,121,1294,659,635,61,35,26
0.5 Scen,2020,275,Knox County,3854,1933,1921,2240,1113,1127,234,113,121,1319,672,647,61,35,26
0.5 Scen,2021,275,Knox County,3861,1941,1920,2225,1106,1119,235,115,120,1339,684,655,62,36,26
0.5 Scen,2022,275,Knox County,3883,1951,1932,2220,1103,1117,238,117,121,1362,695,667,63,36,27
0.5 Scen,2023,275,Knox County,3900,1963,1937,2212,1102,1110,243,119,124,1381,705,676,64,37,27
0.5 Scen,2024,275,Knox County,3915,1977,1938,2197,1099,1098,248,122,126,1405,719,686,65,37,28
0.5 Scen,2025,275,Knox County,3934,1993,1941,2187,1097,1090,252,125,127,1428,733,695,67,38,29
0.5 Scen,2026,275,Knox County,3956,2007,1949,2179,1096,1083,256,127,129,1452,745,707,69,39,30
0.5 Scen,2027,275,Knox County,3979,2023,1956,2174,1097,1077,259,129,130,1476,757,719,70,40,30
0.5 Scen,2028,275,Knox County,3999,2032,1967,2165,1092,1073,261,129,132,1502,771,731,71,40,31
0.5 Scen,2029,275,Knox County,4019,2043,1976,2159,1088,1071,262,129,133,1526,785,741,72,41,31
0.5 Scen,2030,275,Knox County,4038,2056,1982,2155,1088,1067,262,129,133,1550,800,750,71,39,32
0.5 Scen,2031,275,Knox County,4059,2070,1989,2152,1088,1064,262,129,133,1573,813,760,72,40,32
0.5 Scen,2032,275,Knox County,4076,2082,1994,2145,1086,1059,261,129,132,1597,827,770,73,40,33
0.5 Scen,2033,275,Knox County,4101,2094,2007,2144,1083,1061,262,130,132,1621,840,781,74,41,33
0.5 Scen,2034,275,Knox County,4121,2101,2020,2137,1076,1061,262,130,132,1647,854,793,75,41,34
0.5 Scen,2035,275,Knox County,4135,2107,2028,2125,1069,1056,262,130,132,1672,866,806,76,42,34
0.5 Scen,2036,275,Knox County,4146,2110,2036,2118,1064,1054,262,130,132,1689,874,815,77,42,35
0.5 Scen,2037,275,Knox County,4155,2121,2034,2110,1062,1048,263,131,132,1704,884,820,78,44,34
0.5 Scen,2038,275,Knox County,4160,2121,2039,2098,1055,1043,263,131,132,1720,891,829,79,44,35
0.5 Scen,2039,275,Knox County,4175,2129,2046,2095,1053,1042,263,131,132,1737,900,837,80,45,35
0.5 Scen,2040,275,Knox County,4176,2127,2049,2082,1046,1036,263,130,133,1750,906,844,81,45,36
0.5 Scen,2041,275,Knox County,4182,2135,2047,2075,1045,1030,263,131,132,1762,913,849,82,46,36
0.5 Scen,2042,275,Knox County,4197,2142,2055,2074,1046,1028,263,130,133,1777,920,857,83,46,37
0.5 Scen,2043,275,Knox County,4208,2148,2060,2072,1046,1026,262,130,132,1790,925,865,84,47,37
0.5 Scen,2044,275,Knox County,4221,2155,2066,2065,1043,1022,264,132,132,1809,934,875,83,46,37
0.5 Scen,2045,275,Knox County,4239,2169,2070,2061,1043,1018,265,134,131,1830,946,884,83,46,37
0.5 Scen,2046,275,Knox County,4258,2178,2080,2061,1044,1017,268,136,132,1847,952,895,82,46,36
0.5 Scen,2047,275,Knox County,4282,2196,2086,2063,1047,1016,269,138,131,1868,965,903,82,46,36
0.5 Scen,2048,275,Knox County,4294,2203,2091,2057,1045,1012,269,138,131,1887,975,912,81,45,36
0.5 Scen,2049,275,Knox County,4315,2213,2102,2059,1044,1015,268,138,130,1907,986,921,81,45,36
0.5 Scen,2050,275,Knox County,4328,2215,2113,2054,1041,1013,267,136,131,1926,993,933,81,45,36
0.5 Scen,2010,277,Lamar County,49793,24044,25749,37891,18362,19529,6628,3061,3567,3223,1661,1562,2051,960,1091
0.5 Scen,2011,277,Lamar County,50010,24182,25828,37884,18384,19500,6703,3102,3601,3328,1715,1613,2095,981,1114
0.5 Scen,2012,277,Lamar County,50281,24327,25954,37927,18415,19512,6773,3140,3633,3436,1768,1668,2145,1004,1141
0.5 Scen,2013,277,Lamar County,50526,24476,26050,37954,18447,19507,6834,3177,3657,3549,1824,1725,2189,1028,1161
0.5 Scen,2014,277,Lamar County,50757,24624,26133,37969,18480,19489,6891,3209,3682,3662,1884,1778,2235,1051,1184
0.5 Scen,2015,277,Lamar County,51030,24783,26247,38011,18519,19492,6948,3244,3704,3784,1944,1840,2287,1076,1211
0.5 Scen,2016,277,Lamar County,51270,24930,26340,38026,18549,19477,7004,3276,3728,3906,2005,1901,2334,1100,1234
0.5 Scen,2017,277,Lamar County,51506,25072,26434,38036,18579,19457,7053,3302,3751,4032,2067,1965,2385,1124,1261
0.5 Scen,2018,277,Lamar County,51763,25227,26536,38042,18599,19443,7109,3333,3776,4171,2140,2031,2441,1155,1286
0.5 Scen,2019,277,Lamar County,52011,25382,26629,38039,18615,19424,7160,3369,3791,4317,2217,2100,2495,1181,1314
0.5 Scen,2020,277,Lamar County,52249,25519,26730,38035,18623,19412,7210,3403,3807,4459,2289,2170,2545,1204,1341
0.5 Scen,2021,277,Lamar County,52494,25675,26819,38043,18646,19397,7247,3430,3817,4603,2365,2238,2601,1234,1367
0.5 Scen,2022,277,Lamar County,52732,25804,26928,38021,18646,19375,7293,3452,3841,4761,2445,2316,2657,1261,1396
0.5 Scen,2023,277,Lamar County,52982,25948,27034,38007,18649,19358,7335,3478,3857,4925,2533,2392,2715,1288,1427
0.5 Scen,2024,277,Lamar County,53228,26097,27131,37976,18650,19326,7380,3506,3874,5099,2623,2476,2773,1318,1455
0.5 Scen,2025,277,Lamar County,53455,26242,27213,37918,18639,19279,7426,3540,3886,5280,2718,2562,2831,1345,1486
0.5 Scen,2026,277,Lamar County,53684,26374,27310,37847,18616,19231,7472,3564,3908,5470,2814,2656,2895,1380,1515
0.5 Scen,2027,277,Lamar County,53903,26504,27399,37755,18585,19170,7520,3593,3927,5671,2915,2756,2957,1411,1546
0.5 Scen,2028,277,Lamar County,54103,26627,27476,37651,18547,19104,7560,3619,3941,5864,3013,2851,3028,1448,1580
0.5 Scen,2029,277,Lamar County,54317,26762,27555,37530,18503,19027,7603,3646,3957,6083,3127,2956,3101,1486,1615
0.5 Scen,2030,277,Lamar County,54505,26883,27622,37389,18448,18941,7645,3670,3975,6299,3238,3061,3172,1527,1645
0.5 Scen,2031,277,Lamar County,54704,27016,27688,37268,18409,18859,7677,3693,3984,6516,3350,3166,3243,1564,1679
0.5 Scen,2032,277,Lamar County,54878,27135,27743,37116,18352,18764,7719,3723,3996,6729,3459,3270,3314,1601,1713
0.5 Scen,2033,277,Lamar County,55070,27258,27812,36969,18292,18677,7751,3746,4005,6955,3576,3379,3395,1644,1751
0.5 Scen,2034,277,Lamar County,55239,27373,27866,36810,18231,18579,7783,3767,4016,7180,3690,3490,3466,1685,1781
0.5 Scen,2035,277,Lamar County,55403,27486,27917,36645,18162,18483,7819,3796,4023,7397,3801,3596,3542,1727,1815
0.5 Scen,2036,277,Lamar County,55569,27593,27976,36475,18094,18381,7854,3821,4033,7616,3908,3708,3624,1770,1854
0.5 Scen,2037,277,Lamar County,55733,27710,28023,36309,18032,18277,7881,3840,4041,7848,4025,3823,3695,1813,1882
0.5 Scen,2038,277,Lamar County,55905,27831,28074,36145,17967,18178,7910,3865,4045,8083,4145,3938,3767,1854,1913
0.5 Scen,2039,277,Lamar County,56078,27951,28127,35977,17905,18072,7930,3885,4045,8329,4268,4061,3842,1893,1949
0.5 Scen,2040,277,Lamar County,56265,28071,28194,35807,17832,17975,7954,3909,4045,8574,4395,4179,3930,1935,1995
0.5 Scen,2041,277,Lamar County,56449,28194,28255,35628,17766,17862,7972,3925,4047,8827,4521,4306,4022,1982,2040
0.5 Scen,2042,277,Lamar County,56632,28321,28311,35452,17692,17760,7988,3943,4045,9082,4655,4427,4110,2031,2079
0.5 Scen,2043,277,Lamar County,56807,28435,28372,35262,17616,17646,7995,3958,4037,9347,4783,4564,4203,2078,2125
0.5 Scen,2044,277,Lamar County,56976,28553,28423,35075,17540,17535,8003,3971,4032,9607,4916,4691,4291,2126,2165
0.5 Scen,2045,277,Lamar County,57151,28682,28469,34892,17474,17418,8010,3981,4029,9871,5052,4819,4378,2175,2203
0.5 Scen,2046,277,Lamar County,57317,28810,28507,34696,17396,17300,8007,3990,4017,10144,5195,4949,4470,2229,2241
0.5 Scen,2047,277,Lamar County,57511,28936,28575,34504,17318,17186,8010,3997,4013,10426,5339,5087,4571,2282,2289
0.5 Scen,2048,277,Lamar County,57725,29071,28654,34320,17249,17071,8011,4003,4008,10719,5485,5234,4675,2334,2341
0.5 Scen,2049,277,Lamar County,57908,29187,28721,34125,17171,16954,7996,4002,3994,11013,5631,5382,4774,2383,2391
0.5 Scen,2050,277,Lamar County,58118,29327,28791,33924,17088,16836,7991,4010,3981,11326,5787,5539,4877,2442,2435
0.5 Scen,2010,279,Lamb County,13977,6964,7013,6020,2925,3095,555,281,274,7231,3689,3542,171,69,102
0.5 Scen,2011,279,Lamb County,14081,7020,7061,5981,2909,3072,558,283,275,7369,3758,3611,173,70,103
0.5 Scen,2012,279,Lamb County,14173,7071,7102,5933,2890,3043,562,284,278,7505,3827,3678,173,70,103
0.5 Scen,2013,279,Lamb County,14266,7122,7144,5887,2868,3019,568,288,280,7636,3895,3741,175,71,104
0.5 Scen,2014,279,Lamb County,14350,7168,7182,5833,2843,2990,572,290,282,7768,3964,3804,177,71,106
0.5 Scen,2015,279,Lamb County,14433,7222,7211,5772,2819,2953,576,292,284,7906,4038,3868,179,73,106
0.5 Scen,2016,279,Lamb County,14527,7271,7256,5724,2796,2928,579,294,285,8039,4105,3934,185,76,109
0.5 Scen,2017,279,Lamb County,14606,7317,7289,5671,2777,2894,582,296,286,8165,4166,3999,188,78,110
0.5 Scen,2018,279,Lamb County,14691,7369,7322,5627,2763,2864,587,299,288,8286,4228,4058,191,79,112
0.5 Scen,2019,279,Lamb County,14775,7417,7358,5574,2739,2835,588,299,289,8419,4298,4121,194,81,113
0.5 Scen,2020,279,Lamb County,14879,7472,7407,5541,2726,2815,593,301,292,8548,4363,4185,197,82,115
0.5 Scen,2021,279,Lamb County,14989,7529,7460,5507,2712,2795,598,303,295,8684,4430,4254,200,84,116
0.5 Scen,2022,279,Lamb County,15105,7594,7511,5478,2702,2776,606,308,298,8818,4498,4320,203,86,117
0.5 Scen,2023,279,Lamb County,15196,7645,7551,5444,2689,2755,610,311,299,8936,4557,4379,206,88,118
0.5 Scen,2024,279,Lamb County,15298,7707,7591,5411,2679,2732,614,313,301,9063,4625,4438,210,90,120
0.5 Scen,2025,279,Lamb County,15415,7770,7645,5387,2672,2715,620,317,303,9195,4690,4505,213,91,122
0.5 Scen,2026,279,Lamb County,15529,7833,7696,5356,2659,2697,624,320,304,9332,4761,4571,217,93,124
0.5 Scen,2027,279,Lamb County,15627,7885,7742,5322,2648,2674,625,320,305,9459,4822,4637,221,95,126
0.5 Scen,2028,279,Lamb County,15731,7945,7786,5285,2633,2652,632,324,308,9589,4890,4699,225,98,127
0.5 Scen,2029,279,Lamb County,15836,8006,7830,5258,2624,2634,637,327,310,9712,4954,4758,229,101,128
0.5 Scen,2030,279,Lamb County,15949,8069,7880,5230,2614,2616,640,328,312,9845,5023,4822,234,104,130
0.5 Scen,2031,279,Lamb County,16046,8125,7921,5201,2603,2598,643,330,313,9965,5086,4879,237,106,131
0.5 Scen,2032,279,Lamb County,16149,8187,7962,5177,2597,2580,646,332,314,10086,5150,4936,240,108,132
0.5 Scen,2033,279,Lamb County,16268,8255,8013,5158,2590,2568,650,336,314,10216,5218,4998,244,111,133
0.5 Scen,2034,279,Lamb County,16361,8309,8052,5130,2579,2551,651,337,314,10333,5280,5053,247,113,134
0.5 Scen,2035,279,Lamb County,16463,8370,8093,5104,2571,2533,652,337,315,10457,5347,5110,250,115,135
0.5 Scen,2036,279,Lamb County,16557,8427,8130,5077,2563,2514,651,335,316,10577,5412,5165,252,117,135
0.5 Scen,2037,279,Lamb County,16651,8482,8169,5049,2552,2497,649,334,315,10700,5478,5222,253,118,135
0.5 Scen,2038,279,Lamb County,16744,8540,8204,5022,2543,2479,645,331,314,10821,5547,5274,256,119,137
0.5 Scen,2039,279,Lamb County,16836,8594,8242,4983,2529,2454,643,329,314,10952,5615,5337,258,121,137
0.5 Scen,2040,279,Lamb County,16935,8649,8286,4957,2519,2438,643,328,315,11076,5680,5396,259,122,137
0.5 Scen,2041,279,Lamb County,17023,8701,8322,4920,2501,2419,641,327,314,11201,5750,5451,261,123,138
0.5 Scen,2042,279,Lamb County,17114,8756,8358,4893,2491,2402,636,323,313,11322,5818,5504,263,124,139
0.5 Scen,2043,279,Lamb County,17215,8814,8401,4867,2486,2381,633,320,313,11450,5883,5567,265,125,140
0.5 Scen,2044,279,Lamb County,17320,8879,8441,4846,2479,2367,628,319,309,11578,5954,5624,268,127,141
0.5 Scen,2045,279,Lamb County,17423,8932,8491,4821,2469,2352,624,316,308,11706,6018,5688,272,129,143
0.5 Scen,2046,279,Lamb County,17520,8985,8535,4795,2455,2340,621,313,308,11830,6087,5743,274,130,144
0.5 Scen,2047,279,Lamb County,17612,9039,8573,4766,2446,2320,615,311,304,11955,6151,5804,276,131,145
0.5 Scen,2048,279,Lamb County,17696,9093,8603,4741,2438,2303,608,306,302,12074,6220,5854,273,129,144
0.5 Scen,2049,279,Lamb County,17799,9150,8649,4718,2429,2289,603,303,300,12203,6289,5914,275,129,146
0.5 Scen,2050,279,Lamb County,17912,9216,8696,4709,2428,2281,600,303,297,12327,6355,5972,276,130,146
0.5 Scen,2010,281,Lampasas County,19677,9705,9972,14836,7290,7546,581,298,283,3443,1759,1684,817,358,459
0.5 Scen,2011,281,Lampasas County,19890,9812,10078,14944,7342,7602,585,301,284,3535,1806,1729,826,363,463
0.5 Scen,2012,281,Lampasas County,20068,9910,10158,15013,7383,7630,591,305,286,3628,1854,1774,836,368,468
0.5 Scen,2013,281,Lampasas County,20260,10013,10247,15083,7420,7663,596,308,288,3733,1909,1824,848,376,472
0.5 Scen,2014,281,Lampasas County,20469,10120,10349,15176,7464,7712,602,312,290,3833,1962,1871,858,382,476
0.5 Scen,2015,281,Lampasas County,20678,10224,10454,15263,7510,7753,612,317,295,3936,2011,1925,867,386,481
0.5 Scen,2016,281,Lampasas County,20895,10342,10553,15352,7564,7788,620,321,299,4045,2066,1979,878,391,487
0.5 Scen,2017,281,Lampasas County,21136,10460,10676,15454,7608,7846,633,328,305,4163,2128,2035,886,396,490
0.5 Scen,2018,281,Lampasas County,21375,10585,10790,15553,7655,7898,642,332,310,4285,2194,2091,895,404,491
0.5 Scen,2019,281,Lampasas County,21605,10709,10896,15645,7702,7943,653,338,315,4404,2259,2145,903,410,493
0.5 Scen,2020,281,Lampasas County,21837,10832,11005,15735,7748,7987,664,343,321,4523,2323,2200,915,418,497
0.5 Scen,2021,281,Lampasas County,22071,10951,11120,15831,7793,8038,674,348,326,4642,2387,2255,924,423,501
0.5 Scen,2022,281,Lampasas County,22310,11078,11232,15922,7838,8084,683,353,330,4772,2456,2316,933,431,502
0.5 Scen,2023,281,Lampasas County,22549,11206,11343,16006,7884,8122,691,357,334,4906,2527,2379,946,438,508
0.5 Scen,2024,281,Lampasas County,22807,11335,11472,16101,7929,8172,697,359,338,5049,2602,2447,960,445,515
0.5 Scen,2025,281,Lampasas County,23043,11463,11580,16173,7969,8204,702,361,341,5197,2679,2518,971,454,517
0.5 Scen,2026,281,Lampasas County,23284,11591,11693,16251,8014,8237,708,363,345,5342,2752,2590,983,462,521
0.5 Scen,2027,281,Lampasas County,23521,11718,11803,16319,8051,8268,713,366,347,5486,2827,2659,1003,474,529
0.5 Scen,2028,281,Lampasas County,23751,11839,11912,16385,8088,8297,715,369,346,5637,2903,2734,1014,479,535
0.5 Scen,2029,281,Lampasas County,23958,11944,12014,16443,8118,8325,719,370,349,5773,2972,2801,1023,484,539
0.5 Scen,2030,281,Lampasas County,24174,12058,12116,16500,8148,8352,724,373,351,5914,3045,2869,1036,492,544
0.5 Scen,2031,281,Lampasas County,24398,12172,12226,16563,8184,8379,726,373,353,6060,3115,2945,1049,500,549
0.5 Scen,2032,281,Lampasas County,24609,12281,12328,16613,8209,8404,727,372,355,6212,3193,3019,1057,507,550
0.5 Scen,2033,281,Lampasas County,24813,12392,12421,16656,8237,8419,725,370,355,6367,3273,3094,1065,512,553
0.5 Scen,2034,281,Lampasas County,24991,12485,12506,16684,8255,8429,722,368,354,6510,3344,3166,1075,518,557
0.5 Scen,2035,281,Lampasas County,25185,12588,12597,16715,8273,8442,718,367,351,6664,3421,3243,1088,527,561
0.5 Scen,2036,281,Lampasas County,25366,12681,12685,16744,8290,8454,713,364,349,6813,3495,3318,1096,532,564
0.5 Scen,2037,281,Lampasas County,25541,12765,12776,16764,8295,8469,708,361,347,6964,3570,3394,1105,539,566
0.5 Scen,2038,281,Lampasas County,25733,12871,12862,16793,8313,8480,703,359,344,7127,3657,3470,1110,542,568
0.5 Scen,2039,281,Lampasas County,25915,12973,12942,16800,8327,8473,699,357,342,7293,3741,3552,1123,548,575
0.5 Scen,2040,281,Lampasas County,26112,13079,13033,16829,8344,8485,695,358,337,7463,3827,3636,1125,550,575
0.5 Scen,2041,281,Lampasas County,26305,13186,13119,16855,8364,8491,683,349,334,7634,3916,3718,1133,557,576
0.5 Scen,2042,281,Lampasas County,26489,13289,13200,16872,8381,8491,675,344,331,7804,4004,3800,1138,560,578
0.5 Scen,2043,281,Lampasas County,26671,13377,13294,16887,8386,8501,665,336,329,7977,4093,3884,1142,562,580
0.5 Scen,2044,281,Lampasas County,26859,13480,13379,16891,8390,8501,658,332,326,8161,4189,3972,1149,569,580
0.5 Scen,2045,281,Lampasas County,27062,13586,13476,16913,8404,8509,652,328,324,8345,4284,4061,1152,570,582
0.5 Scen,2046,281,Lampasas County,27237,13688,13549,16910,8411,8499,643,323,320,8530,4379,4151,1154,575,579
0.5 Scen,2047,281,Lampasas County,27448,13807,13641,16918,8419,8499,637,319,318,8734,4489,4245,1159,580,579
0.5 Scen,2048,281,Lampasas County,27656,13923,13733,16923,8423,8500,630,316,314,8936,4598,4338,1167,586,581
0.5 Scen,2049,281,Lampasas County,27861,14039,13822,16924,8427,8497,626,315,311,9135,4705,4430,1176,592,584
0.5 Scen,2050,281,Lampasas County,28076,14160,13916,16931,8439,8492,623,313,310,9339,4811,4528,1183,597,586
0.5 Scen,2010,283,La Salle County,6886,4089,2797,894,465,429,18,17,1,5920,3575,2345,54,32,22
0.5 Scen,2011,283,La Salle County,6989,4152,2837,899,468,431,18,17,1,6018,3635,2383,54,32,22
0.5 Scen,2012,283,La Salle County,7097,4213,2884,905,471,434,18,17,1,6120,3693,2427,54,32,22
0.5 Scen,2013,283,La Salle County,7200,4275,2925,910,475,435,18,17,1,6218,3751,2467,54,32,22
0.5 Scen,2014,283,La Salle County,7289,4324,2965,915,479,436,18,17,1,6302,3796,2506,54,32,22
0.5 Scen,2015,283,La Salle County,7390,4379,3011,919,481,438,18,17,1,6399,3849,2550,54,32,22
0.5 Scen,2016,283,La Salle County,7475,4425,3050,919,480,439,18,17,1,6483,3895,2588,55,33,22
0.5 Scen,2017,283,La Salle County,7571,4473,3098,921,480,441,18,17,1,6578,3944,2634,54,32,22
0.5 Scen,2018,283,La Salle County,7662,4523,3139,923,480,443,18,17,1,6667,3993,2674,54,33,21
0.5 Scen,2019,283,La Salle County,7752,4573,3179,922,480,442,18,17,1,6759,4044,2715,53,32,21
0.5 Scen,2020,283,La Salle County,7853,4634,3219,924,482,442,18,17,1,6857,4102,2755,54,33,21
0.5 Scen,2021,283,La Salle County,7934,4683,3251,921,482,439,18,17,1,6941,4151,2790,54,33,21
0.5 Scen,2022,283,La Salle County,8011,4727,3284,916,480,436,18,17,1,7023,4197,2826,54,33,21
0.5 Scen,2023,283,La Salle County,8099,4772,3327,909,475,434,18,17,1,7118,4247,2871,54,33,21
0.5 Scen,2024,283,La Salle County,8190,4821,3369,905,473,432,18,17,1,7213,4298,2915,54,33,21
0.5 Scen,2025,283,La Salle County,8286,4872,3414,896,466,430,18,17,1,7317,4356,2961,55,33,22
0.5 Scen,2026,283,La Salle County,8365,4914,3451,886,459,427,18,17,1,7409,4406,3003,52,32,20
0.5 Scen,2027,283,La Salle County,8446,4964,3482,878,456,422,18,17,1,7498,4459,3039,52,32,20
0.5 Scen,2028,283,La Salle County,8524,5010,3514,868,450,418,18,17,1,7586,4511,3075,52,32,20
0.5 Scen,2029,283,La Salle County,8592,5053,3539,853,442,411,18,17,1,7669,4562,3107,52,32,20
0.5 Scen,2030,283,La Salle County,8658,5093,3565,840,435,405,18,17,1,7748,4609,3139,52,32,20
0.5 Scen,2031,283,La Salle County,8743,5141,3602,831,430,401,18,17,1,7842,4662,3180,52,32,20
0.5 Scen,2032,283,La Salle County,8820,5187,3633,821,426,395,17,16,1,7930,4713,3217,52,32,20
0.5 Scen,2033,283,La Salle County,8899,5229,3670,809,418,391,17,16,1,8021,4763,3258,52,32,20
0.5 Scen,2034,283,La Salle County,8976,5273,3703,803,417,386,17,16,1,8104,4808,3296,52,32,20
0.5 Scen,2035,283,La Salle County,9044,5308,3736,794,414,380,17,16,1,8181,4846,3335,52,32,20
0.5 Scen,2036,283,La Salle County,9119,5350,3769,781,410,371,17,16,1,8269,4892,3377,52,32,20
0.5 Scen,2037,283,La Salle County,9184,5384,3800,770,405,365,16,15,1,8348,4933,3415,50,31,19
0.5 Scen,2038,283,La Salle County,9264,5427,3837,760,401,359,16,15,1,8438,4980,3458,50,31,19
0.5 Scen,2039,283,La Salle County,9338,5467,3871,752,399,353,16,15,1,8521,5022,3499,49,31,18
0.5 Scen,2040,283,La Salle County,9410,5506,3904,738,392,346,15,14,1,8608,5069,3539,49,31,18
0.5 Scen,2041,283,La Salle County,9494,5560,3934,727,389,338,15,14,1,8703,5126,3577,49,31,18
0.5 Scen,2042,283,La Salle County,9577,5605,3972,717,386,331,15,14,1,8796,5174,3622,49,31,18
0.5 Scen,2043,283,La Salle County,9656,5653,4003,703,383,320,15,14,1,8889,5225,3664,49,31,18
0.5 Scen,2044,283,La Salle County,9732,5700,4032,683,378,305,15,14,1,8986,5277,3709,48,31,17
0.5 Scen,2045,283,La Salle County,9810,5747,4063,675,376,299,14,13,1,9075,5328,3747,46,30,16
0.5 Scen,2046,283,La Salle County,9911,5805,4106,666,372,294,13,12,1,9186,5391,3795,46,30,16
0.5 Scen,2047,283,La Salle County,10007,5859,4148,658,368,290,12,11,1,9291,5450,3841,46,30,16
0.5 Scen,2048,283,La Salle County,10120,5926,4194,652,366,286,12,11,1,9410,5519,3891,46,30,16
0.5 Scen,2049,283,La Salle County,10218,5978,4240,640,359,281,12,11,1,9520,5578,3942,46,30,16
0.5 Scen,2050,283,La Salle County,10323,6041,4282,634,359,275,12,11,1,9632,5642,3990,45,29,16
0.5 Scen,2010,285,Lavaca County,19263,9416,9847,14674,7109,7565,1255,612,643,3077,1567,1510,257,128,129
0.5 Scen,2011,285,Lavaca County,19275,9436,9839,14617,7090,7527,1259,617,642,3136,1598,1538,263,131,132
0.5 Scen,2012,285,Lavaca County,19256,9447,9809,14529,7063,7466,1262,620,642,3198,1631,1567,267,133,134
0.5 Scen,2013,285,Lavaca County,19235,9452,9783,14436,7031,7405,1270,625,645,3258,1661,1597,271,135,136
0.5 Scen,2014,285,Lavaca County,19245,9468,9777,14375,7007,7368,1277,629,648,3317,1694,1623,276,138,138
0.5 Scen,2015,285,Lavaca County,19250,9483,9767,14303,6981,7322,1282,633,649,3380,1727,1653,285,142,143
0.5 Scen,2016,285,Lavaca County,19261,9495,9766,14239,6955,7284,1291,637,654,3443,1760,1683,288,143,145
0.5 Scen,2017,285,Lavaca County,19272,9520,9752,14168,6931,7237,1300,644,656,3508,1797,1711,296,148,148
0.5 Scen,2018,285,Lavaca County,19274,9537,9737,14096,6904,7192,1307,649,658,3569,1831,1738,302,153,149
0.5 Scen,2019,285,Lavaca County,19277,9548,9729,14032,6877,7155,1310,651,659,3626,1863,1763,309,157,152
0.5 Scen,2020,285,Lavaca County,19304,9577,9727,13974,6859,7115,1316,657,659,3696,1900,1796,318,161,157
0.5 Scen,2021,285,Lavaca County,19324,9603,9721,13913,6839,7074,1321,660,661,3764,1938,1826,326,166,160
0.5 Scen,2022,285,Lavaca County,19346,9630,9716,13853,6819,7034,1329,666,663,3832,1975,1857,332,170,162
0.5 Scen,2023,285,Lavaca County,19376,9657,9719,13800,6800,7000,1334,671,663,3903,2013,1890,339,173,166
0.5 Scen,2024,285,Lavaca County,19416,9691,9725,13749,6783,6966,1340,676,664,3980,2056,1924,347,176,171
0.5 Scen,2025,285,Lavaca County,19433,9710,9723,13681,6755,6926,1341,676,665,4057,2099,1958,354,180,174
0.5 Scen,2026,285,Lavaca County,19460,9736,9724,13621,6733,6888,1344,679,665,4135,2140,1995,360,184,176
0.5 Scen,2027,285,Lavaca County,19488,9760,9728,13560,6711,6849,1342,678,664,4219,2182,2037,367,189,178
0.5 Scen,2028,285,Lavaca County,19516,9781,9735,13500,6687,6813,1344,679,665,4299,2222,2077,373,193,180
0.5 Scen,2029,285,Lavaca County,19526,9798,9728,13431,6661,6770,1344,680,664,4374,2261,2113,377,196,181
0.5 Scen,2030,285,Lavaca County,19519,9803,9716,13359,6631,6728,1337,676,661,4440,2297,2143,383,199,184
0.5 Scen,2031,285,Lavaca County,19524,9822,9702,13284,6603,6681,1333,676,657,4521,2341,2180,386,202,184
0.5 Scen,2032,285,Lavaca County,19526,9842,9684,13206,6577,6629,1328,678,650,4598,2381,2217,394,206,188
0.5 Scen,2033,285,Lavaca County,19521,9852,9669,13120,6544,6576,1325,677,648,4677,2423,2254,399,208,191
0.5 Scen,2034,285,Lavaca County,19506,9850,9656,13040,6507,6533,1319,676,643,4742,2457,2285,405,210,195
0.5 Scen,2035,285,Lavaca County,19478,9856,9622,12940,6466,6474,1312,676,636,4813,2498,2315,413,216,197
0.5 Scen,2036,285,Lavaca County,19454,9854,9600,12844,6425,6419,1310,677,633,4880,2532,2348,420,220,200
0.5 Scen,2037,285,Lavaca County,19430,9854,9576,12748,6382,6366,1305,676,629,4953,2574,2379,424,222,202
0.5 Scen,2038,285,Lavaca County,19394,9850,9544,12644,6337,6307,1299,675,624,5023,2613,2410,428,225,203
0.5 Scen,2039,285,Lavaca County,19354,9845,9509,12536,6288,6248,1293,676,617,5093,2654,2439,432,227,205
0.5 Scen,2040,285,Lavaca County,19313,9832,9481,12429,6237,6192,1290,677,613,5159,2690,2469,435,228,207
0.5 Scen,2041,285,Lavaca County,19266,9828,9438,12314,6190,6124,1284,675,609,5229,2731,2498,439,232,207
0.5 Scen,2042,285,Lavaca County,19230,9823,9407,12204,6137,6067,1276,677,599,5301,2771,2530,449,238,211
0.5 Scen,2043,285,Lavaca County,19183,9808,9375,12094,6087,6007,1271,676,595,5364,2804,2560,454,241,213
0.5 Scen,2044,285,Lavaca County,19141,9801,9340,11982,6041,5941,1263,677,586,5433,2837,2596,463,246,217
0.5 Scen,2045,285,Lavaca County,19107,9799,9308,11881,5997,5884,1259,676,583,5495,2875,2620,472,251,221
0.5 Scen,2046,285,Lavaca County,19079,9796,9283,11774,5949,5825,1258,676,582,5566,2915,2651,481,256,225
0.5 Scen,2047,285,Lavaca County,19050,9788,9262,11679,5907,5772,1250,673,577,5633,2949,2684,488,259,229
0.5 Scen,2048,285,Lavaca County,19018,9785,9233,11576,5863,5713,1243,668,575,5705,2991,2714,494,263,231
0.5 Scen,2049,285,Lavaca County,18993,9787,9206,11477,5822,5655,1237,665,572,5777,3033,2744,502,267,235
0.5 Scen,2050,285,Lavaca County,18979,9780,9199,11395,5781,5614,1230,661,569,5843,3066,2777,511,272,239
0.5 Scen,2010,287,Lee County,16612,8410,8202,10798,5343,5455,1772,940,832,3724,1966,1758,318,161,157
0.5 Scen,2011,287,Lee County,16746,8478,8268,10851,5367,5484,1778,944,834,3795,2004,1791,322,163,159
0.5 Scen,2012,287,Lee County,16893,8547,8346,10902,5389,5513,1790,950,840,3875,2043,1832,326,165,161
0.5 Scen,2013,287,Lee County,17009,8614,8395,10920,5406,5514,1802,957,845,3959,2085,1874,328,166,162
0.5 Scen,2014,287,Lee County,17142,8684,8458,10956,5423,5533,1812,964,848,4041,2128,1913,333,169,164
0.5 Scen,2015,287,Lee County,17275,8752,8523,10995,5441,5554,1819,969,850,4124,2171,1953,337,171,166
0.5 Scen,2016,287,Lee County,17428,8829,8599,11043,5462,5581,1827,974,853,4219,2221,1998,339,172,167
0.5 Scen,2017,287,Lee County,17573,8904,8669,11077,5473,5604,1838,982,856,4311,2271,2040,347,178,169
0.5 Scen,2018,287,Lee County,17734,8993,8741,11129,5500,5629,1843,987,856,4411,2326,2085,351,180,171
0.5 Scen,2019,287,Lee County,17893,9071,8822,11176,5522,5654,1855,994,861,4506,2372,2134,356,183,173
0.5 Scen,2020,287,Lee County,18032,9141,8891,11207,5530,5677,1863,1002,861,4599,2422,2177,363,187,176
0.5 Scen,2021,287,Lee County,18168,9208,8960,11240,5541,5699,1866,1007,859,4692,2469,2223,370,191,179
0.5 Scen,2022,287,Lee County,18332,9288,9044,11290,5561,5729,1869,1010,859,4794,2521,2273,379,196,183
0.5 Scen,2023,287,Lee County,18495,9371,9124,11336,5583,5753,1874,1014,860,4900,2575,2325,385,199,186
0.5 Scen,2024,287,Lee County,18658,9454,9204,11386,5608,5778,1876,1015,861,5004,2629,2375,392,202,190
0.5 Scen,2025,287,Lee County,18835,9548,9287,11442,5637,5805,1882,1019,863,5112,2686,2426,399,206,193
0.5 Scen,2026,287,Lee County,19006,9632,9374,11490,5660,5830,1880,1018,862,5226,2743,2483,410,211,199
0.5 Scen,2027,287,Lee County,19157,9714,9443,11531,5680,5851,1872,1016,856,5337,2803,2534,417,215,202
0.5 Scen,2028,287,Lee County,19303,9784,9519,11571,5697,5874,1866,1011,855,5444,2859,2585,422,217,205
0.5 Scen,2029,287,Lee County,19437,9852,9585,11608,5713,5895,1853,1005,848,5548,2913,2635,428,221,207
0.5 Scen,2030,287,Lee County,19562,9917,9645,11630,5725,5905,1842,1001,841,5657,2967,2690,433,224,209
0.5 Scen,2031,287,Lee County,19683,9976,9707,11654,5733,5921,1826,994,832,5765,3022,2743,438,227,211
0.5 Scen,2032,287,Lee County,19804,10031,9773,11675,5737,5938,1814,989,825,5872,3075,2797,443,230,213
0.5 Scen,2033,287,Lee County,19918,10089,9829,11693,5747,5946,1803,985,818,5974,3124,2850,448,233,215
0.5 Scen,2034,287,Lee County,20016,10131,9885,11703,5747,5956,1788,979,809,6073,3169,2904,452,236,216
0.5 Scen,2035,287,Lee County,20109,10180,9929,11710,5752,5958,1772,972,800,6171,3217,2954,456,239,217
0.5 Scen,2036,287,Lee County,20204,10229,9975,11711,5755,5956,1757,966,791,6276,3267,3009,460,241,219
0.5 Scen,2037,287,Lee County,20278,10265,10013,11706,5750,5956,1745,961,784,6364,3311,3053,463,243,220
0.5 Scen,2038,287,Lee County,20347,10294,10053,11690,5735,5955,1731,955,776,6460,3361,3099,466,243,223
0.5 Scen,2039,287,Lee County,20401,10323,10078,11665,5720,5945,1721,954,767,6549,3406,3143,466,243,223
0.5 Scen,2040,287,Lee County,20467,10358,10109,11646,5708,5938,1710,951,759,6644,3455,3189,467,244,223
0.5 Scen,2041,287,Lee County,20529,10394,10135,11626,5697,5929,1695,946,749,6736,3504,3232,472,247,225
0.5 Scen,2042,287,Lee County,20583,10426,10157,11590,5680,5910,1685,943,742,6833,3555,3278,475,248,227
0.5 Scen,2043,287,Lee County,20653,10465,10188,11562,5663,5899,1673,939,734,6937,3611,3326,481,252,229
0.5 Scen,2044,287,Lee County,20699,10501,10198,11526,5651,5875,1655,934,721,7036,3662,3374,482,254,228
0.5 Scen,2045,287,Lee County,20766,10543,10223,11498,5637,5861,1642,929,713,7139,3721,3418,487,256,231
0.5 Scen,2046,287,Lee County,20822,10577,10245,11464,5620,5844,1630,924,706,7238,3775,3463,490,258,232
0.5 Scen,2047,287,Lee County,20898,10626,10272,11443,5617,5826,1619,918,701,7344,3831,3513,492,260,232
0.5 Scen,2048,287,Lee County,20937,10651,10286,11401,5598,5803,1609,915,694,7434,3878,3556,493,260,233
0.5 Scen,2049,287,Lee County,21007,10694,10313,11376,5587,5789,1603,914,689,7530,3929,3601,498,264,234
0.5 Scen,2050,287,Lee County,21070,10738,10332,11342,5576,5766,1591,911,680,7636,3985,3651,501,266,235
0.5 Scen,2010,289,Leon County,16801,8385,8416,13078,6501,6577,1181,561,620,2260,1205,1055,282,118,164
0.5 Scen,2011,289,Leon County,16957,8468,8489,13166,6546,6620,1181,563,618,2324,1239,1085,286,120,166
0.5 Scen,2012,289,Leon County,17089,8540,8549,13224,6578,6646,1183,566,617,2389,1273,1116,293,123,170
0.5 Scen,2013,289,Leon County,17206,8611,8595,13267,6607,6660,1183,570,613,2459,1309,1150,297,125,172
0.5 Scen,2014,289,Leon County,17358,8692,8666,13335,6641,6694,1182,572,610,2537,1349,1188,304,130,174
0.5 Scen,2015,289,Leon County,17511,8767,8744,13398,6670,6728,1186,574,612,2616,1389,1227,311,134,177
0.5 Scen,2016,289,Leon County,17650,8837,8813,13453,6696,6757,1185,575,610,2695,1428,1267,317,138,179
0.5 Scen,2017,289,Leon County,17793,8912,8881,13513,6728,6785,1191,578,613,2763,1464,1299,326,142,184
0.5 Scen,2018,289,Leon County,17930,8988,8942,13571,6758,6813,1192,580,612,2834,1504,1330,333,146,187
0.5 Scen,2019,289,Leon County,18081,9071,9010,13631,6791,6840,1195,584,611,2914,1546,1368,341,150,191
0.5 Scen,2020,289,Leon County,18221,9143,9078,13684,6819,6865,1197,586,611,2992,1584,1408,348,154,194
0.5 Scen,2021,289,Leon County,18379,9228,9151,13747,6854,6893,1198,589,609,3080,1628,1452,354,157,197
0.5 Scen,2022,289,Leon County,18520,9314,9206,13792,6889,6903,1196,588,608,3171,1676,1495,361,161,200
0.5 Scen,2023,289,Leon County,18686,9403,9283,13853,6923,6930,1198,590,608,3268,1725,1543,367,165,202
0.5 Scen,2024,289,Leon County,18843,9486,9357,13904,6950,6954,1197,591,606,3368,1776,1592,374,169,205
0.5 Scen,2025,289,Leon County,18985,9561,9424,13937,6968,6969,1196,591,605,3470,1829,1641,382,173,209
0.5 Scen,2026,289,Leon County,19134,9649,9485,13975,6997,6978,1196,594,602,3572,1879,1693,391,179,212
0.5 Scen,2027,289,Leon County,19285,9733,9552,14013,7020,6993,1189,593,596,3686,1938,1748,397,182,215
0.5 Scen,2028,289,Leon County,19413,9801,9612,14031,7029,7002,1182,590,592,3798,1996,1802,402,186,216
0.5 Scen,2029,289,Leon County,19542,9867,9675,14046,7038,7008,1177,587,590,3913,2054,1859,406,188,218
0.5 Scen,2030,289,Leon County,19651,9933,9718,14052,7046,7006,1174,585,589,4015,2111,1904,410,191,219
0.5 Scen,2031,289,Leon County,19762,9996,9766,14055,7052,7003,1162,578,584,4132,2173,1959,413,193,220
0.5 Scen,2032,289,Leon County,19887,10058,9829,14073,7060,7013,1149,569,580,4246,2233,2013,419,196,223
0.5 Scen,2033,289,Leon County,20002,10121,9881,14078,7064,7014,1136,562,574,4362,2294,2068,426,201,225
0.5 Scen,2034,289,Leon County,20092,10181,9911,14056,7060,6996,1119,556,563,4487,2361,2126,430,204,226
0.5 Scen,2035,289,Leon County,20205,10243,9962,14047,7056,6991,1109,551,558,4614,2428,2186,435,208,227
0.5 Scen,2036,289,Leon County,20303,10297,10006,14042,7055,6987,1091,543,548,4731,2488,2243,439,211,228
0.5 Scen,2037,289,Leon County,20409,10355,10054,14040,7053,6987,1073,537,536,4852,2552,2300,444,213,231
0.5 Scen,2038,289,Leon County,20507,10414,10093,14038,7060,6978,1057,530,527,4965,2610,2355,447,214,233
0.5 Scen,2039,289,Leon County,20606,10462,10144,14025,7056,6969,1045,524,521,5084,2665,2419,452,217,235
0.5 Scen,2040,289,Leon County,20716,10522,10194,14020,7056,6964,1034,520,514,5205,2726,2479,457,220,237
0.5 Scen,2041,289,Leon County,20815,10571,10244,14008,7052,6956,1020,514,506,5327,2781,2546,460,224,236
0.5 Scen,2042,289,Leon County,20930,10643,10287,14003,7057,6946,1006,510,496,5454,2849,2605,467,227,240
0.5 Scen,2043,289,Leon County,21055,10714,10341,14007,7062,6945,996,506,490,5579,2915,2664,473,231,242
0.5 Scen,2044,289,Leon County,21168,10777,10391,14000,7060,6940,981,503,478,5708,2980,2728,479,234,245
0.5 Scen,2045,289,Leon County,21305,10855,10450,14002,7069,6933,971,499,472,5846,3049,2797,486,238,248
0.5 Scen,2046,289,Leon County,21438,10926,10512,14006,7076,6930,961,494,467,5979,3114,2865,492,242,250
0.5 Scen,2047,289,Leon County,21592,11011,10581,14015,7084,6931,952,491,461,6127,3190,2937,498,246,252
0.5 Scen,2048,289,Leon County,21750,11101,10649,14021,7091,6930,946,487,459,6279,3273,3006,504,250,254
0.5 Scen,2049,289,Leon County,21912,11197,10715,14032,7107,6925,938,484,454,6432,3353,3079,510,253,257
0.5 Scen,2050,289,Leon County,22089,11296,10793,14054,7122,6932,931,482,449,6590,3436,3154,514,256,258
0.5 Scen,2010,291,Liberty County,75643,37190,38453,52321,25549,26772,8074,3798,4276,13602,7066,6536,1646,777,869
0.5 Scen,2011,291,Liberty County,76639,37684,38955,52733,25760,26973,8163,3840,4323,14070,7298,6772,1673,786,887
0.5 Scen,2012,291,Liberty County,77623,38168,39455,53126,25954,27172,8245,3878,4367,14552,7540,7012,1700,796,904
0.5 Scen,2013,291,Liberty County,78653,38674,39979,53549,26164,27385,8321,3916,4405,15056,7788,7268,1727,806,921
0.5 Scen,2014,291,Liberty County,79637,39171,40466,53917,26352,27565,8398,3957,4441,15561,8041,7520,1761,821,940
0.5 Scen,2015,291,Liberty County,80664,39668,40996,54317,26550,27767,8473,3991,4482,16083,8295,7788,1791,832,959
0.5 Scen,2016,291,Liberty County,81699,40172,41527,54703,26744,27959,8550,4028,4522,16627,8560,8067,1819,840,979
0.5 Scen,2017,291,Liberty County,82750,40684,42066,55083,26935,28148,8625,4064,4561,17191,8829,8362,1851,856,995
0.5 Scen,2018,291,Liberty County,83769,41182,42587,55425,27102,28323,8706,4108,4598,17760,9106,8654,1878,866,1012
0.5 Scen,2019,291,Liberty County,84796,41673,43123,55780,27268,28512,8775,4151,4624,18336,9377,8959,1905,877,1028
0.5 Scen,2020,291,Liberty County,85828,42178,43650,56115,27433,28682,8846,4193,4653,18934,9664,9270,1933,888,1045
0.5 Scen,2021,291,Liberty County,86899,42692,44207,56461,27605,28856,8932,4233,4699,19552,9960,9592,1954,894,1060
0.5 Scen,2022,291,Liberty County,87953,43205,44748,56795,27772,29023,9012,4275,4737,20173,10255,9918,1973,903,1070
0.5 Scen,2023,291,Liberty County,89011,43718,45293,57098,27926,29172,9094,4314,4780,20814,10561,10253,2005,917,1088
0.5 Scen,2024,291,Liberty County,90084,44242,45842,57409,28083,29326,9172,4353,4819,21463,10875,10588,2040,931,1109
0.5 Scen,2025,291,Liberty County,91148,44770,46378,57673,28217,29456,9253,4398,4855,22140,11207,10933,2082,948,1134
0.5 Scen,2026,291,Liberty County,92201,45286,46915,57920,28342,29578,9338,4441,4897,22816,11534,11282,2127,969,1158
0.5 Scen,2027,291,Liberty County,93218,45787,47431,58120,28436,29684,9415,4486,4929,23523,11880,11643,2160,985,1175
0.5 Scen,2028,291,Liberty County,94248,46285,47963,58303,28527,29776,9497,4529,4968,24240,12228,12012,2208,1001,1207
0.5 Scen,2029,291,Liberty County,95292,46787,48505,58470,28605,29865,9574,4570,5004,24990,12593,12397,2258,1019,1239
0.5 Scen,2030,291,Liberty County,96315,47271,49044,58598,28664,29934,9640,4599,5041,25757,12966,12791,2320,1042,1278
0.5 Scen,2031,291,Liberty County,97342,47771,49571,58729,28736,29993,9708,4633,5075,26530,13341,13189,2375,1061,1314
0.5 Scen,2032,291,Liberty County,98342,48255,50087,58829,28792,30037,9757,4657,5100,27319,13720,13599,2437,1086,1351
0.5 Scen,2033,291,Liberty County,99357,48735,50622,58913,28834,30079,9814,4681,5133,28134,14108,14026,2496,1112,1384
0.5 Scen,2034,291,Liberty County,100355,49227,51128,58983,28881,30102,9870,4710,5160,28947,14496,14451,2555,1140,1415
0.5 Scen,2035,291,Liberty County,101325,49694,51631,59033,28918,30115,9921,4735,5186,29761,14879,14882,2610,1162,1448
0.5 Scen,2036,291,Liberty County,102301,50175,52126,59069,28947,30122,9966,4763,5203,30605,15279,15326,2661,1186,1475
0.5 Scen,2037,291,Liberty County,103262,50634,52628,59098,28972,30126,10011,4780,5231,31436,15674,15762,2717,1208,1509
0.5 Scen,2038,291,Liberty County,104241,51113,53128,59111,28993,30118,10057,4804,5253,32305,16089,16216,2768,1227,1541
0.5 Scen,2039,291,Liberty County,105215,51593,53622,59106,29009,30097,10101,4828,5273,33186,16505,16681,2822,1251,1571
0.5 Scen,2040,291,Liberty County,106191,52074,54117,59103,29022,30081,10137,4850,5287,34080,16928,17152,2871,1274,1597
0.5 Scen,2041,291,Liberty County,107162,52545,54617,59085,29029,30056,10170,4861,5309,34986,17357,17629,2921,1298,1623
0.5 Scen,2042,291,Liberty County,108150,53030,55120,59064,29036,30028,10213,4882,5331,35901,17791,18110,2972,1321,1651
0.5 Scen,2043,291,Liberty County,109134,53515,55619,59028,29034,29994,10247,4901,5346,36834,18236,18598,3025,1344,1681
0.5 Scen,2044,291,Liberty County,110123,54011,56112,58991,29032,29959,10277,4923,5354,37778,18690,19088,3077,1366,1711
0.5 Scen,2045,291,Liberty County,111098,54495,56603,58950,29035,29915,10287,4930,5357,38729,19140,19589,3132,1390,1742
0.5 Scen,2046,291,Liberty County,112102,54991,57111,58894,29031,29863,10315,4950,5365,39709,19601,20108,3184,1409,1775
0.5 Scen,2047,291,Liberty County,113140,55492,57648,58843,29021,29822,10348,4965,5383,40701,20069,20632,3248,1437,1811
0.5 Scen,2048,291,Liberty County,114164,55996,58168,58788,29018,29770,10369,4978,5391,41701,20542,21159,3306,1458,1848
0.5 Scen,2049,291,Liberty County,115194,56506,58688,58727,29016,29711,10384,4988,5396,42717,21023,21694,3366,1479,1887
0.5 Scen,2050,291,Liberty County,116253,57035,59218,58682,29016,29666,10402,5005,5397,43739,21511,22228,3430,1503,1927
0.5 Scen,2010,293,Limestone County,23384,12122,11262,14433,7321,7112,4041,2037,2004,4465,2544,1921,445,220,225
0.5 Scen,2011,293,Limestone County,23573,12233,11340,14481,7351,7130,4070,2055,2015,4570,2603,1967,452,224,228
0.5 Scen,2012,293,Limestone County,23736,12332,11404,14502,7369,7133,4097,2073,2024,4679,2662,2017,458,228,230
0.5 Scen,2013,293,Limestone County,23908,12436,11472,14521,7389,7132,4126,2092,2034,4797,2724,2073,464,231,233
0.5 Scen,2014,293,Limestone County,24084,12535,11549,14548,7407,7141,4154,2108,2046,4909,2784,2125,473,236,237
0.5 Scen,2015,293,Limestone County,24271,12639,11632,14585,7429,7156,4179,2122,2057,5029,2851,2178,478,237,241
0.5 Scen,2016,293,Limestone County,24450,12738,11712,14612,7445,7167,4198,2132,2066,5153,2918,2235,487,243,244
0.5 Scen,2017,293,Limestone County,24620,12836,11784,14636,7463,7173,4213,2141,2072,5278,2986,2292,493,246,247
0.5 Scen,2018,293,Limestone County,24794,12939,11855,14666,7484,7182,4222,2147,2075,5406,3058,2348,500,250,250
0.5 Scen,2019,293,Limestone County,24973,13041,11932,14683,7499,7184,4239,2156,2083,5539,3129,2410,512,257,255
0.5 Scen,2020,293,Limestone County,25137,13133,12004,14699,7512,7187,4249,2158,2091,5670,3202,2468,519,261,258
0.5 Scen,2021,293,Limestone County,25300,13236,12064,14707,7524,7183,4257,2168,2089,5806,3277,2529,530,267,263
0.5 Scen,2022,293,Limestone County,25455,13321,12134,14710,7528,7182,4274,2177,2097,5928,3342,2586,543,274,269
0.5 Scen,2023,293,Limestone County,25622,13415,12207,14709,7533,7176,4286,2185,2101,6072,3416,2656,555,281,274
0.5 Scen,2024,293,Limestone County,25794,13529,12265,14714,7550,7164,4294,2194,2100,6215,3494,2721,571,291,280
0.5 Scen,2025,293,Limestone County,25956,13617,12339,14712,7551,7161,4297,2197,2100,6366,3573,2793,581,296,285
0.5 Scen,2026,293,Limestone County,26101,13705,12396,14698,7554,7144,4300,2204,2096,6511,3645,2866,592,302,290
0.5 Scen,2027,293,Limestone County,26247,13784,12463,14675,7545,7130,4305,2206,2099,6660,3722,2938,607,311,296
0.5 Scen,2028,293,Limestone County,26356,13859,12497,14630,7533,7097,4307,2212,2095,6798,3795,3003,621,319,302
0.5 Scen,2029,293,Limestone County,26498,13936,12562,14593,7516,7077,4309,2214,2095,6960,3880,3080,636,326,310
0.5 Scen,2030,293,Limestone County,26638,14011,12627,14551,7497,7054,4310,2217,2093,7128,3964,3164,649,333,316
0.5 Scen,2031,293,Limestone County,26768,14091,12677,14516,7489,7027,4310,2220,2090,7281,4043,3238,661,339,322
0.5 Scen,2032,293,Limestone County,26888,14150,12738,14469,7467,7002,4309,2221,2088,7433,4115,3318,677,347,330
0.5 Scen,2033,293,Limestone County,26995,14213,12782,14419,7446,6973,4309,2225,2084,7580,4191,3389,687,351,336
0.5 Scen,2034,293,Limestone County,27100,14269,12831,14367,7424,6943,4301,2223,2078,7736,4268,3468,696,354,342
0.5 Scen,2035,293,Limestone County,27220,14335,12885,14320,7407,6913,4298,2220,2078,7894,4347,3547,708,361,347
0.5 Scen,2036,293,Limestone County,27334,14392,12942,14281,7391,6890,4288,2215,2073,8051,4421,3630,714,365,349
0.5 Scen,2037,293,Limestone County,27428,14451,12977,14223,7371,6852,4279,2212,2067,8198,4496,3702,728,372,356
0.5 Scen,2038,293,Limestone County,27564,14525,13039,14197,7363,6834,4269,2210,2059,8357,4575,3782,741,377,364
0.5 Scen,2039,293,Limestone County,27679,14592,13087,14151,7348,6803,4261,2206,2055,8515,4653,3862,752,385,367
0.5 Scen,2040,293,Limestone County,27792,14659,13133,14108,7335,6773,4251,2204,2047,8669,4729,3940,764,391,373
0.5 Scen,2041,293,Limestone County,27905,14728,13177,14066,7321,6745,4244,2204,2040,8820,4805,4015,775,398,377
0.5 Scen,2042,293,Limestone County,28024,14802,13222,14022,7309,6713,4238,2204,2034,8975,4884,4091,789,405,384
0.5 Scen,2043,293,Limestone County,28136,14862,13274,13973,7286,6687,4222,2199,2023,9143,4966,4177,798,411,387
0.5 Scen,2044,293,Limestone County,28258,14929,13329,13929,7272,6657,4207,2192,2015,9311,5046,4265,811,419,392
0.5 Scen,2045,293,Limestone County,28374,14998,13376,13896,7266,6630,4186,2181,2005,9477,5132,4345,815,419,396
0.5 Scen,2046,293,Limestone County,28508,15068,13440,13855,7248,6607,4177,2176,2001,9652,5218,4434,824,426,398
0.5 Scen,2047,293,Limestone County,28641,15143,13498,13820,7241,6579,4158,2162,1996,9826,5306,4520,837,434,403
0.5 Scen,2048,293,Limestone County,28761,15210,13551,13777,7224,6553,4130,2151,1979,10004,5396,4608,850,439,411
0.5 Scen,2049,293,Limestone County,28899,15294,13605,13742,7214,6528,4113,2146,1967,10181,5487,4694,863,447,416
0.5 Scen,2050,293,Limestone County,29032,15376,13656,13703,7202,6501,4097,2141,1956,10356,5579,4777,876,454,422
0.5 Scen,2010,295,Lipscomb County,3302,1662,1640,2213,1100,1113,7,2,5,1007,528,479,75,32,43
0.5 Scen,2011,295,Lipscomb County,3327,1677,1650,2216,1102,1114,7,2,5,1028,540,488,76,33,43
0.5 Scen,2012,295,Lipscomb County,3353,1693,1660,2218,1104,1114,7,2,5,1051,554,497,77,33,44
0.5 Scen,2013,295,Lipscomb County,3385,1710,1675,2229,1109,1120,7,2,5,1072,566,506,77,33,44
0.5 Scen,2014,295,Lipscomb County,3415,1728,1687,2236,1114,1122,7,2,5,1094,579,515,78,33,45
0.5 Scen,2015,295,Lipscomb County,3443,1744,1699,2242,1118,1124,7,2,5,1115,590,525,79,34,45
0.5 Scen,2016,295,Lipscomb County,3465,1759,1706,2238,1119,1119,7,2,5,1140,604,536,80,34,46
0.5 Scen,2017,295,Lipscomb County,3495,1776,1719,2241,1121,1120,7,2,5,1167,618,549,80,35,45
0.5 Scen,2018,295,Lipscomb County,3526,1792,1734,2246,1123,1123,7,2,5,1192,632,560,81,35,46
0.5 Scen,2019,295,Lipscomb County,3552,1810,1742,2245,1126,1119,7,2,5,1217,645,572,83,37,46
0.5 Scen,2020,295,Lipscomb County,3583,1827,1756,2244,1126,1118,7,2,5,1246,661,585,86,38,48
0.5 Scen,2021,295,Lipscomb County,3615,1847,1768,2247,1130,1117,7,2,5,1273,676,597,88,39,49
0.5 Scen,2022,295,Lipscomb County,3641,1866,1775,2246,1133,1113,7,2,5,1298,691,607,90,40,50
0.5 Scen,2023,295,Lipscomb County,3662,1880,1782,2240,1131,1109,7,2,5,1324,706,618,91,41,50
0.5 Scen,2024,295,Lipscomb County,3692,1898,1794,2241,1134,1107,7,2,5,1351,720,631,93,42,51
0.5 Scen,2025,295,Lipscomb County,3723,1913,1810,2241,1132,1109,7,2,5,1382,738,644,93,41,52
0.5 Scen,2026,295,Lipscomb County,3750,1930,1820,2235,1132,1103,7,2,5,1414,755,659,94,41,53
0.5 Scen,2027,295,Lipscomb County,3775,1947,1828,2232,1131,1101,7,2,5,1440,771,669,96,43,53
0.5 Scen,2028,295,Lipscomb County,3798,1958,1840,2223,1125,1098,7,2,5,1470,787,683,98,44,54
0.5 Scen,2029,295,Lipscomb County,3829,1976,1853,2223,1125,1098,7,2,5,1499,804,695,100,45,55
0.5 Scen,2030,295,Lipscomb County,3855,1994,1861,2221,1125,1096,7,2,5,1525,821,704,102,46,56
0.5 Scen,2031,295,Lipscomb County,3878,2008,1870,2212,1122,1090,7,2,5,1555,837,718,104,47,57
0.5 Scen,2032,295,Lipscomb County,3900,2021,1879,2202,1118,1084,7,2,5,1585,853,732,106,48,58
0.5 Scen,2033,295,Lipscomb County,3927,2037,1890,2197,1116,1081,7,2,5,1615,870,745,108,49,59
0.5 Scen,2034,295,Lipscomb County,3951,2052,1899,2189,1114,1075,7,2,5,1646,887,759,109,49,60
0.5 Scen,2035,295,Lipscomb County,3974,2064,1910,2180,1108,1072,7,2,5,1677,904,773,110,50,60
0.5 Scen,2036,295,Lipscomb County,3993,2072,1921,2171,1103,1068,7,2,5,1704,917,787,111,50,61
0.5 Scen,2037,295,Lipscomb County,4004,2079,1925,2158,1097,1061,7,2,5,1727,929,798,112,51,61
0.5 Scen,2038,295,Lipscomb County,4013,2087,1926,2145,1092,1053,7,2,5,1748,942,806,113,51,62
0.5 Scen,2039,295,Lipscomb County,4028,2098,1930,2136,1089,1047,7,2,5,1771,955,816,114,52,62
0.5 Scen,2040,295,Lipscomb County,4035,2106,1929,2122,1086,1036,7,2,5,1791,966,825,115,52,63
0.5 Scen,2041,295,Lipscomb County,4052,2116,1936,2115,1082,1033,7,2,5,1816,980,836,114,52,62
0.5 Scen,2042,295,Lipscomb County,4069,2126,1943,2109,1080,1029,7,2,5,1838,992,846,115,52,63
0.5 Scen,2043,295,Lipscomb County,4081,2134,1947,2096,1073,1023,7,2,5,1863,1006,857,115,53,62
0.5 Scen,2044,295,Lipscomb County,4091,2139,1952,2085,1071,1014,7,2,5,1884,1014,870,115,52,63
0.5 Scen,2045,295,Lipscomb County,4098,2147,1951,2072,1065,1007,7,2,5,1905,1028,877,114,52,62
0.5 Scen,2046,295,Lipscomb County,4110,2152,1958,2061,1058,1003,7,2,5,1929,1041,888,113,51,62
0.5 Scen,2047,295,Lipscomb County,4115,2160,1955,2045,1052,993,7,2,5,1950,1054,896,113,52,61
0.5 Scen,2048,295,Lipscomb County,4127,2167,1960,2038,1048,990,7,2,5,1968,1065,903,114,52,62
0.5 Scen,2049,295,Lipscomb County,4149,2181,1968,2038,1050,988,7,2,5,1989,1076,913,115,53,62
0.5 Scen,2050,295,Lipscomb County,4169,2190,1979,2035,1049,986,7,2,5,2012,1087,925,115,52,63
0.5 Scen,2010,297,Live Oak County,11531,6195,5336,6805,3491,3314,453,433,20,4060,2143,1917,213,128,85
0.5 Scen,2011,297,Live Oak County,11558,6210,5348,6780,3477,3303,454,434,20,4110,2170,1940,214,129,85
0.5 Scen,2012,297,Live Oak County,11587,6229,5358,6751,3465,3286,455,435,20,4166,2200,1966,215,129,86
0.5 Scen,2013,297,Live Oak County,11603,6236,5367,6709,3442,3267,457,437,20,4222,2227,1995,215,130,85
0.5 Scen,2014,297,Live Oak County,11632,6256,5376,6675,3429,3246,457,437,20,4284,2260,2024,216,130,86
0.5 Scen,2015,297,Live Oak County,11651,6270,5381,6634,3411,3223,457,437,20,4343,2291,2052,217,131,86
0.5 Scen,2016,297,Live Oak County,11676,6285,5391,6597,3395,3202,456,436,20,4404,2323,2081,219,131,88
0.5 Scen,2017,297,Live Oak County,11698,6296,5402,6562,3377,3185,456,436,20,4460,2351,2109,220,132,88
0.5 Scen,2018,297,Live Oak County,11712,6309,5403,6517,3357,3160,454,434,20,4518,2384,2134,223,134,89
0.5 Scen,2019,297,Live Oak County,11726,6316,5410,6480,3334,3146,455,435,20,4568,2414,2154,223,133,90
0.5 Scen,2020,297,Live Oak County,11736,6313,5423,6440,3309,3131,454,433,21,4618,2438,2180,224,133,91
0.5 Scen,2021,297,Live Oak County,11741,6316,5425,6399,3286,3113,453,432,21,4665,2466,2199,224,132,92
0.5 Scen,2022,297,Live Oak County,11759,6326,5433,6357,3262,3095,451,429,22,4724,2501,2223,227,134,93
0.5 Scen,2023,297,Live Oak County,11775,6334,5441,6317,3239,3078,452,430,22,4780,2532,2248,226,133,93
0.5 Scen,2024,297,Live Oak County,11785,6338,5447,6274,3218,3056,450,427,23,4832,2558,2274,229,135,94
0.5 Scen,2025,297,Live Oak County,11794,6355,5439,6232,3205,3027,447,425,22,4882,2587,2295,233,138,95
0.5 Scen,2026,297,Live Oak County,11789,6348,5441,6184,3178,3006,445,422,23,4926,2611,2315,234,137,97
0.5 Scen,2027,297,Live Oak County,11799,6362,5437,6144,3164,2980,445,422,23,4972,2636,2336,238,140,98
0.5 Scen,2028,297,Live Oak County,11794,6361,5433,6105,3147,2958,443,419,24,5009,2656,2353,237,139,98
0.5 Scen,2029,297,Live Oak County,11777,6360,5417,6059,3129,2930,442,418,24,5040,2675,2365,236,138,98
0.5 Scen,2030,297,Live Oak County,11745,6351,5394,6000,3102,2898,441,416,25,5069,2695,2374,235,138,97
0.5 Scen,2031,297,Live Oak County,11732,6348,5384,5949,3079,2870,439,414,25,5109,2718,2391,235,137,98
0.5 Scen,2032,297,Live Oak County,11721,6353,5368,5898,3057,2841,439,414,25,5147,2743,2404,237,139,98
0.5 Scen,2033,297,Live Oak County,11709,6349,5360,5856,3036,2820,436,411,25,5181,2764,2417,236,138,98
0.5 Scen,2034,297,Live Oak County,11687,6344,5343,5799,3009,2790,437,411,26,5214,2785,2429,237,139,98
0.5 Scen,2035,297,Live Oak County,11664,6332,5332,5738,2978,2760,435,409,26,5254,2806,2448,237,139,98
0.5 Scen,2036,297,Live Oak County,11647,6329,5318,5683,2954,2729,429,403,26,5296,2831,2465,239,141,98
0.5 Scen,2037,297,Live Oak County,11609,6318,5291,5620,2930,2690,428,402,26,5324,2847,2477,237,139,98
0.5 Scen,2038,297,Live Oak County,11583,6307,5276,5565,2904,2661,424,398,26,5358,2864,2494,236,141,95
0.5 Scen,2039,297,Live Oak County,11569,6311,5258,5512,2879,2633,424,398,26,5401,2895,2506,232,139,93
0.5 Scen,2040,297,Live Oak County,11531,6297,5234,5434,2840,2594,423,397,26,5440,2919,2521,234,141,93
0.5 Scen,2041,297,Live Oak County,11494,6285,5209,5365,2810,2555,418,392,26,5477,2942,2535,234,141,93
0.5 Scen,2042,297,Live Oak County,11465,6268,5197,5292,2771,2521,417,391,26,5523,2966,2557,233,140,93
0.5 Scen,2043,297,Live Oak County,11450,6273,5177,5237,2752,2485,414,388,26,5564,2992,2572,235,141,94
0.5 Scen,2044,297,Live Oak County,11424,6264,5160,5172,2722,2450,413,387,26,5606,3016,2590,233,139,94
0.5 Scen,2045,297,Live Oak County,11412,6264,5148,5104,2690,2414,411,385,26,5661,3048,2613,236,141,95
0.5 Scen,2046,297,Live Oak County,11408,6276,5132,5046,2668,2378,413,387,26,5712,3079,2633,237,142,95
0.5 Scen,2047,297,Live Oak County,11394,6272,5122,4987,2636,2351,409,383,26,5761,3110,2651,237,143,94
0.5 Scen,2048,297,Live Oak County,11374,6272,5102,4930,2612,2318,408,382,26,5802,3138,2664,234,140,94
0.5 Scen,2049,297,Live Oak County,11362,6272,5090,4872,2584,2288,409,383,26,5847,3165,2682,234,140,94
0.5 Scen,2050,297,Live Oak County,11345,6270,5075,4816,2559,2257,407,381,26,5889,3189,2700,233,141,92
0.5 Scen,2010,299,Llano County,19301,9329,9972,17303,8374,8929,102,60,42,1542,736,806,354,159,195
0.5 Scen,2011,299,Llano County,19347,9356,9991,17310,8380,8930,103,61,42,1575,753,822,359,162,197
0.5 Scen,2012,299,Llano County,19351,9365,9986,17274,8368,8906,104,61,43,1608,771,837,365,165,200
0.5 Scen,2013,299,Llano County,19372,9373,9999,17252,8354,8898,105,62,43,1641,787,854,374,170,204
0.5 Scen,2014,299,Llano County,19399,9381,10018,17240,8342,8898,105,61,44,1673,804,869,381,174,207
0.5 Scen,2015,299,Llano County,19409,9384,10025,17211,8324,8887,106,62,44,1705,821,884,387,177,210
0.5 Scen,2016,299,Llano County,19433,9396,10037,17194,8315,8879,106,62,44,1741,839,902,392,180,212
0.5 Scen,2017,299,Llano County,19434,9401,10033,17154,8297,8857,107,63,44,1775,857,918,398,184,214
0.5 Scen,2018,299,Llano County,19450,9415,10035,17126,8288,8838,108,63,45,1814,878,936,402,186,216
0.5 Scen,2019,299,Llano County,19465,9423,10042,17100,8271,8829,110,64,46,1849,898,951,406,190,216
0.5 Scen,2020,299,Llano County,19468,9425,10043,17058,8248,8810,113,66,47,1887,918,969,410,193,217
0.5 Scen,2021,299,Llano County,19477,9429,10048,17022,8228,8794,115,66,49,1925,938,987,415,197,218
0.5 Scen,2022,299,Llano County,19476,9434,10042,16974,8206,8768,116,66,50,1964,961,1003,422,201,221
0.5 Scen,2023,299,Llano County,19480,9439,10041,16932,8186,8746,117,66,51,2004,983,1021,427,204,223
0.5 Scen,2024,299,Llano County,19463,9429,10034,16872,8154,8718,118,66,52,2041,1002,1039,432,207,225
0.5 Scen,2025,299,Llano County,19441,9420,10021,16805,8120,8685,118,66,52,2081,1024,1057,437,210,227
0.5 Scen,2026,299,Llano County,19415,9415,10000,16730,8089,8641,119,66,53,2126,1048,1078,440,212,228
0.5 Scen,2027,299,Llano County,19385,9407,9978,16650,8052,8598,120,67,53,2172,1073,1099,443,215,228
0.5 Scen,2028,299,Llano County,19346,9399,9947,16560,8015,8545,121,67,54,2217,1098,1119,448,219,229
0.5 Scen,2029,299,Llano County,19310,9396,9914,16473,7981,8492,122,68,54,2264,1126,1138,451,221,230
0.5 Scen,2030,299,Llano County,19269,9385,9884,16382,7948,8434,122,67,55,2310,1148,1162,455,222,233
0.5 Scen,2031,299,Llano County,19214,9370,9844,16286,7912,8374,123,68,55,2350,1167,1183,455,223,232
0.5 Scen,2032,299,Llano County,19145,9347,9798,16178,7867,8311,123,68,55,2383,1184,1199,461,228,233
0.5 Scen,2033,299,Llano County,19071,9322,9749,16060,7815,8245,124,69,55,2419,1206,1213,468,232,236
0.5 Scen,2034,299,Llano County,19008,9308,9700,15953,7775,8178,124,68,56,2459,1230,1229,472,235,237
0.5 Scen,2035,299,Llano County,18948,9300,9648,15847,7738,8109,125,69,56,2499,1253,1246,477,240,237
0.5 Scen,2036,299,Llano County,18887,9286,9601,15738,7698,8040,126,69,57,2539,1275,1264,484,244,240
0.5 Scen,2037,299,Llano County,18823,9269,9554,15624,7653,7971,127,70,57,2582,1298,1284,490,248,242
0.5 Scen,2038,299,Llano County,18770,9254,9516,15527,7618,7909,127,70,57,2621,1316,1305,495,250,245
0.5 Scen,2039,299,Llano County,18705,9237,9468,15418,7578,7840,127,71,56,2663,1339,1324,497,249,248
0.5 Scen,2040,299,Llano County,18654,9220,9434,15316,7536,7780,128,71,57,2705,1360,1345,505,253,252
0.5 Scen,2041,299,Llano County,18610,9219,9391,15224,7508,7716,128,72,56,2748,1383,1365,510,256,254
0.5 Scen,2042,299,Llano County,18570,9214,9356,15136,7477,7659,128,71,57,2791,1407,1384,515,259,256
0.5 Scen,2043,299,Llano County,18530,9207,9323,15047,7444,7603,127,71,56,2834,1429,1405,522,263,259
0.5 Scen,2044,299,Llano County,18504,9210,9294,14969,7418,7551,126,70,56,2880,1455,1425,529,267,262
0.5 Scen,2045,299,Llano County,18489,9224,9265,14904,7404,7500,125,70,55,2925,1480,1445,535,270,265
0.5 Scen,2046,299,Llano County,18476,9232,9244,14848,7386,7462,124,69,55,2962,1503,1459,542,274,268
0.5 Scen,2047,299,Llano County,18465,9242,9223,14795,7371,7424,123,69,54,3000,1524,1476,547,278,269
0.5 Scen,2048,299,Llano County,18460,9253,9207,14745,7357,7388,122,68,54,3042,1548,1494,551,280,271
0.5 Scen,2049,299,Llano County,18473,9286,9187,14713,7359,7354,121,68,53,3084,1576,1508,555,283,272
0.5 Scen,2050,299,Llano County,18483,9293,9190,14678,7346,7332,120,66,54,3124,1595,1529,561,286,275
0.5 Scen,2010,301,Loving County,82,46,36,60,34,26,0,0,0,18,9,9,4,3,1
0.5 Scen,2011,301,Loving County,82,46,36,60,34,26,0,0,0,18,9,9,4,3,1
0.5 Scen,2012,301,Loving County,82,46,36,60,34,26,0,0,0,18,9,9,4,3,1
0.5 Scen,2013,301,Loving County,82,46,36,60,34,26,0,0,0,18,9,9,4,3,1
0.5 Scen,2014,301,Loving County,82,46,36,60,34,26,0,0,0,18,9,9,4,3,1
0.5 Scen,2015,301,Loving County,82,46,36,60,34,26,0,0,0,18,9,9,4,3,1
0.5 Scen,2016,301,Loving County,82,46,36,60,34,26,0,0,0,18,9,9,4,3,1
0.5 Scen,2017,301,Loving County,82,46,36,60,34,26,0,0,0,18,9,9,4,3,1
0.5 Scen,2018,301,Loving County,82,46,36,60,34,26,0,0,0,18,9,9,4,3,1
0.5 Scen,2019,301,Loving County,81,46,35,59,34,25,0,0,0,18,9,9,4,3,1
0.5 Scen,2020,301,Loving County,81,46,35,59,34,25,0,0,0,18,9,9,4,3,1
0.5 Scen,2021,301,Loving County,81,46,35,59,34,25,0,0,0,18,9,9,4,3,1
0.5 Scen,2022,301,Loving County,81,46,35,59,34,25,0,0,0,18,9,9,4,3,1
0.5 Scen,2023,301,Loving County,81,46,35,59,34,25,0,0,0,18,9,9,4,3,1
0.5 Scen,2024,301,Loving County,79,44,35,57,32,25,0,0,0,18,9,9,4,3,1
0.5 Scen,2025,301,Loving County,79,44,35,57,32,25,0,0,0,18,9,9,4,3,1
0.5 Scen,2026,301,Loving County,79,44,35,57,32,25,0,0,0,18,9,9,4,3,1
0.5 Scen,2027,301,Loving County,78,43,35,56,31,25,0,0,0,18,9,9,4,3,1
0.5 Scen,2028,301,Loving County,77,42,35,55,30,25,0,0,0,18,9,9,4,3,1
0.5 Scen,2029,301,Loving County,77,41,36,55,29,26,0,0,0,18,9,9,4,3,1
0.5 Scen,2030,301,Loving County,77,41,36,55,29,26,0,0,0,18,9,9,4,3,1
0.5 Scen,2031,301,Loving County,77,41,36,55,29,26,0,0,0,18,9,9,4,3,1
0.5 Scen,2032,301,Loving County,74,40,34,52,28,24,0,0,0,18,9,9,4,3,1
0.5 Scen,2033,301,Loving County,74,39,35,52,27,25,0,0,0,18,9,9,4,3,1
0.5 Scen,2034,301,Loving County,73,38,35,51,26,25,0,0,0,18,9,9,4,3,1
0.5 Scen,2035,301,Loving County,70,37,33,48,25,23,0,0,0,18,9,9,4,3,1
0.5 Scen,2036,301,Loving County,70,37,33,48,25,23,0,0,0,18,9,9,4,3,1
0.5 Scen,2037,301,Loving County,68,36,32,46,24,22,0,0,0,18,9,9,4,3,1
0.5 Scen,2038,301,Loving County,67,36,31,45,24,21,0,0,0,18,9,9,4,3,1
0.5 Scen,2039,301,Loving County,65,35,30,43,23,20,0,0,0,18,9,9,4,3,1
0.5 Scen,2040,301,Loving County,63,34,29,41,22,19,0,0,0,18,9,9,4,3,1
0.5 Scen,2041,301,Loving County,61,33,28,39,21,18,0,0,0,18,9,9,4,3,1
0.5 Scen,2042,301,Loving County,59,32,27,37,20,17,0,0,0,18,9,9,4,3,1
0.5 Scen,2043,301,Loving County,57,31,26,35,19,16,0,0,0,18,9,9,4,3,1
0.5 Scen,2044,301,Loving County,55,30,25,33,18,15,0,0,0,18,9,9,4,3,1
0.5 Scen,2045,301,Loving County,53,29,24,31,17,14,0,0,0,18,9,9,4,3,1
0.5 Scen,2046,301,Loving County,51,28,23,29,16,13,0,0,0,18,9,9,4,3,1
0.5 Scen,2047,301,Loving County,50,27,23,28,15,13,0,0,0,18,9,9,4,3,1
0.5 Scen,2048,301,Loving County,49,26,23,27,14,13,0,0,0,18,9,9,4,3,1
0.5 Scen,2049,301,Loving County,47,25,22,26,13,13,0,0,0,17,9,8,4,3,1
0.5 Scen,2050,301,Loving County,45,24,21,24,12,12,0,0,0,17,9,8,4,3,1
0.5 Scen,2010,303,Lubbock County,278831,137786,141045,159815,78165,81650,19957,9918,10039,88924,44536,44388,10135,5167,4968
0.5 Scen,2011,303,Lubbock County,281532,139242,142290,160001,78356,81645,20192,10040,10152,90890,45521,45369,10449,5325,5124
0.5 Scen,2012,303,Lubbock County,284190,140703,143487,160130,78533,81597,20408,10165,10243,92881,46513,46368,10771,5492,5279
0.5 Scen,2013,303,Lubbock County,286755,142099,144656,160172,78646,81526,20622,10280,10342,94880,47519,47361,11081,5654,5427
0.5 Scen,2014,303,Lubbock County,289348,143478,145870,160225,78748,81477,20838,10388,10450,96902,48533,48369,11383,5809,5574
0.5 Scen,2015,303,Lubbock County,291988,144868,147120,160287,78868,81419,21040,10493,10547,98967,49549,49418,11694,5958,5736
0.5 Scen,2016,303,Lubbock County,294935,146476,148459,160547,79105,81442,21276,10630,10646,101100,50623,50477,12012,6118,5894
0.5 Scen,2017,303,Lubbock County,297891,148067,149824,160806,79321,81485,21515,10759,10756,103227,51695,51532,12343,6292,6051
0.5 Scen,2018,303,Lubbock County,300930,149689,151241,161072,79546,81526,21742,10880,10862,105427,52799,52628,12689,6464,6225
0.5 Scen,2019,303,Lubbock County,303942,151308,152634,161301,79744,81557,21956,11002,10954,107653,53926,53727,13032,6636,6396
0.5 Scen,2020,303,Lubbock County,306938,152930,154008,161473,79942,81531,22184,11124,11060,109896,55050,54846,13385,6814,6571
0.5 Scen,2021,303,Lubbock County,309993,154580,155413,161648,80127,81521,22409,11248,11161,112187,56207,55980,13749,6998,6751
0.5 Scen,2022,303,Lubbock County,313029,156217,156812,161791,80287,81504,22630,11373,11257,114487,57373,57114,14121,7184,6937
0.5 Scen,2023,303,Lubbock County,316092,157862,158230,161918,80443,81475,22864,11497,11367,116829,58548,58281,14481,7374,7107
0.5 Scen,2024,303,Lubbock County,319118,159488,159630,161985,80564,81421,23078,11610,11468,119187,59751,59436,14868,7563,7305
0.5 Scen,2025,303,Lubbock County,322149,161102,161047,162046,80669,81377,23310,11737,11573,121561,60948,60613,15232,7748,7484
0.5 Scen,2026,303,Lubbock County,325171,162700,162471,162037,80738,81299,23536,11859,11677,123973,62164,61809,15625,7939,7686
0.5 Scen,2027,303,Lubbock County,328131,164289,163842,161991,80785,81206,23748,11976,11772,126379,63395,62984,16013,8133,7880
0.5 Scen,2028,303,Lubbock County,331102,165849,165253,161922,80821,81101,23965,12089,11876,128809,64611,64198,16406,8328,8078
0.5 Scen,2029,303,Lubbock County,333974,167406,166568,161802,80838,80964,24165,12195,11970,131235,65856,65379,16772,8517,8255
0.5 Scen,2030,303,Lubbock County,336835,168885,167950,161618,80808,80810,24363,12300,12063,133676,67082,66594,17178,8695,8483
0.5 Scen,2031,303,Lubbock County,339751,170445,169306,161448,80784,80664,24577,12422,12155,136137,68326,67811,17589,8913,8676
0.5 Scen,2032,303,Lubbock County,342595,171981,170614,161260,80761,80499,24762,12529,12233,138582,69582,69000,17991,9109,8882
0.5 Scen,2033,303,Lubbock County,345420,173487,171933,161033,80719,80314,24957,12641,12316,141020,70811,70209,18410,9316,9094
0.5 Scen,2034,303,Lubbock County,348230,174988,173242,160798,80665,80133,25134,12738,12396,143464,72057,71407,18834,9528,9306
0.5 Scen,2035,303,Lubbock County,350993,176483,174510,160562,80617,79945,25314,12843,12471,145865,73287,72578,19252,9736,9516
0.5 Scen,2036,303,Lubbock County,353762,177961,175801,160311,80569,79742,25471,12932,12539,148297,74515,73782,19683,9945,9738
0.5 Scen,2037,303,Lubbock County,356580,179484,177096,160083,80528,79555,25647,13028,12619,150720,75762,74958,20130,10166,9964
0.5 Scen,2038,303,Lubbock County,359388,181003,178385,159852,80492,79360,25798,13115,12683,153154,77002,76152,20584,10394,10190
0.5 Scen,2039,303,Lubbock County,362220,182533,179687,159631,80460,79171,25956,13208,12748,155584,78244,77340,21049,10621,10428
0.5 Scen,2040,303,Lubbock County,365090,184097,180993,159421,80438,78983,26103,13294,12809,158037,79501,78536,21529,10864,10665
0.5 Scen,2041,303,Lubbock County,367926,185635,182291,159230,80428,78802,26238,13370,12868,160469,80746,79723,21989,11091,10898
0.5 Scen,2042,303,Lubbock County,370786,187176,183610,159024,80409,78615,26369,13444,12925,162928,82003,80925,22465,11320,11145
0.5 Scen,2043,303,Lubbock County,373661,188747,184914,158824,80391,78433,26510,13533,12977,165387,83271,82116,22940,11552,11388
0.5 Scen,2044,303,Lubbock County,376551,190315,186236,158622,80374,78248,26635,13608,13027,167873,84551,83322,23421,11782,11639
0.5 Scen,2045,303,Lubbock County,379410,191872,187538,158408,80351,78057,26763,13676,13087,170350,85831,84519,23889,12014,11875
0.5 Scen,2046,303,Lubbock County,382304,193432,188872,158188,80326,77862,26892,13748,13144,172830,87108,85722,24394,12250,12144
0.5 Scen,2047,303,Lubbock County,385214,195019,190195,157969,80297,77672,27011,13824,13187,175340,88412,86928,24894,12486,12408
0.5 Scen,2048,303,Lubbock County,388121,196594,191527,157740,80265,77475,27145,13894,13251,177851,89710,88141,25385,12725,12660
0.5 Scen,2049,303,Lubbock County,391028,198181,192847,157518,80237,77281,27251,13956,13295,180365,91020,89345,25894,12968,12926
0.5 Scen,2050,303,Lubbock County,393999,199786,194213,157296,80206,77090,27385,14028,13357,182918,92341,90577,26400,13211,13189
0.5 Scen,2010,305,Lynn County,5915,2947,2968,2984,1437,1547,113,66,47,2743,1407,1336,75,37,38
0.5 Scen,2011,305,Lynn County,5959,2971,2988,2984,1437,1547,114,67,47,2785,1429,1356,76,38,38
0.5 Scen,2012,305,Lynn County,6011,2999,3012,2987,1440,1547,115,67,48,2832,1454,1378,77,38,39
0.5 Scen,2013,305,Lynn County,6065,3027,3038,2991,1442,1549,115,67,48,2881,1479,1402,78,39,39
0.5 Scen,2014,305,Lynn County,6112,3056,3056,2987,1445,1542,115,67,48,2931,1505,1426,79,39,40
0.5 Scen,2015,305,Lynn County,6155,3087,3068,2981,1448,1533,116,68,48,2979,1532,1447,79,39,40
0.5 Scen,2016,305,Lynn County,6201,3113,3088,2976,1449,1527,117,68,49,3028,1557,1471,80,39,41
0.5 Scen,2017,305,Lynn County,6242,3139,3103,2970,1450,1520,118,69,49,3073,1580,1493,81,40,41
0.5 Scen,2018,305,Lynn County,6279,3163,3116,2966,1451,1515,119,69,50,3111,1602,1509,83,41,42
0.5 Scen,2019,305,Lynn County,6320,3194,3126,2959,1453,1506,119,70,49,3158,1629,1529,84,42,42
0.5 Scen,2020,305,Lynn County,6364,3218,3146,2951,1448,1503,119,70,49,3209,1658,1551,85,42,43
0.5 Scen,2021,305,Lynn County,6410,3247,3163,2944,1448,1496,120,71,49,3262,1687,1575,84,41,43
0.5 Scen,2022,305,Lynn County,6468,3276,3192,2943,1447,1496,120,71,49,3318,1715,1603,87,43,44
0.5 Scen,2023,305,Lynn County,6520,3305,3215,2937,1446,1491,121,72,49,3374,1743,1631,88,44,44
0.5 Scen,2024,305,Lynn County,6571,3330,3241,2934,1444,1490,119,71,48,3429,1771,1658,89,44,45
0.5 Scen,2025,305,Lynn County,6622,3353,3269,2935,1442,1493,117,70,47,3480,1796,1684,90,45,45
0.5 Scen,2026,305,Lynn County,6669,3380,3289,2925,1441,1484,117,70,47,3536,1824,1712,91,45,46
0.5 Scen,2027,305,Lynn County,6711,3398,3313,2916,1435,1481,115,69,46,3588,1848,1740,92,46,46
0.5 Scen,2028,305,Lynn County,6760,3422,3338,2916,1435,1481,115,69,46,3636,1872,1764,93,46,47
0.5 Scen,2029,305,Lynn County,6806,3445,3361,2914,1435,1479,114,68,46,3684,1895,1789,94,47,47
0.5 Scen,2030,305,Lynn County,6830,3454,3376,2901,1430,1471,114,68,46,3720,1909,1811,95,47,48
0.5 Scen,2031,305,Lynn County,6856,3470,3386,2893,1429,1464,113,68,45,3755,1925,1830,95,48,47
0.5 Scen,2032,305,Lynn County,6887,3487,3400,2886,1425,1461,112,68,44,3793,1946,1847,96,48,48
0.5 Scen,2033,305,Lynn County,6917,3497,3420,2879,1419,1460,111,67,44,3830,1962,1868,97,49,48
0.5 Scen,2034,305,Lynn County,6942,3509,3433,2873,1417,1456,109,66,43,3864,1979,1885,96,47,49
0.5 Scen,2035,305,Lynn County,6964,3525,3439,2861,1415,1446,107,65,42,3899,1997,1902,97,48,49
0.5 Scen,2036,305,Lynn County,6987,3534,3453,2848,1407,1441,105,64,41,3936,2015,1921,98,48,50
0.5 Scen,2037,305,Lynn County,7008,3550,3458,2832,1403,1429,104,64,40,3973,2034,1939,99,49,50
0.5 Scen,2038,305,Lynn County,7032,3565,3467,2821,1401,1420,105,64,41,4007,2051,1956,99,49,50
0.5 Scen,2039,305,Lynn County,7058,3583,3475,2814,1399,1415,104,65,39,4040,2069,1971,100,50,50
0.5 Scen,2040,305,Lynn County,7068,3594,3474,2795,1394,1401,104,64,40,4067,2085,1982,102,51,51
0.5 Scen,2041,305,Lynn County,7084,3607,3477,2783,1390,1393,103,64,39,4095,2101,1994,103,52,51
0.5 Scen,2042,305,Lynn County,7099,3622,3477,2767,1388,1379,101,63,38,4127,2119,2008,104,52,52
0.5 Scen,2043,305,Lynn County,7121,3633,3488,2757,1385,1372,99,62,37,4160,2133,2027,105,53,52
0.5 Scen,2044,305,Lynn County,7148,3641,3507,2754,1381,1373,97,61,36,4191,2146,2045,106,53,53
0.5 Scen,2045,305,Lynn County,7176,3656,3520,2757,1383,1374,96,60,36,4216,2159,2057,107,54,53
0.5 Scen,2046,305,Lynn County,7205,3673,3532,2752,1385,1367,94,59,35,4252,2175,2077,107,54,53
0.5 Scen,2047,305,Lynn County,7237,3697,3540,2744,1385,1359,93,58,35,4292,2199,2093,108,55,53
0.5 Scen,2048,305,Lynn County,7266,3712,3554,2741,1384,1357,90,57,33,4327,2217,2110,108,54,54
0.5 Scen,2049,305,Lynn County,7309,3738,3571,2736,1383,1353,89,56,33,4375,2244,2131,109,55,54
0.5 Scen,2050,305,Lynn County,7350,3762,3588,2731,1384,1347,87,54,33,4422,2269,2153,110,55,55
0.5 Scen,2010,307,McCulloch County,8283,4057,4226,5568,2672,2896,133,67,66,2476,1263,1213,106,55,51
0.5 Scen,2011,307,McCulloch County,8324,4080,4244,5567,2672,2895,134,68,66,2516,1284,1232,107,56,51
0.5 Scen,2012,307,McCulloch County,8356,4100,4256,5558,2671,2887,134,68,66,2556,1305,1251,108,56,52
0.5 Scen,2013,307,McCulloch County,8384,4121,4263,5542,2666,2876,134,69,65,2599,1329,1270,109,57,52
0.5 Scen,2014,307,McCulloch County,8410,4143,4267,5523,2665,2858,135,69,66,2643,1352,1291,109,57,52
0.5 Scen,2015,307,McCulloch County,8441,4164,4277,5507,2660,2847,134,69,65,2690,1377,1313,110,58,52
0.5 Scen,2016,307,McCulloch County,8467,4184,4283,5497,2661,2836,135,69,66,2724,1396,1328,111,58,53
0.5 Scen,2017,307,McCulloch County,8501,4205,4296,5485,2658,2827,135,70,65,2769,1419,1350,112,58,54
0.5 Scen,2018,307,McCulloch County,8546,4231,4315,5482,2660,2822,138,70,68,2813,1443,1370,113,58,55
0.5 Scen,2019,307,McCulloch County,8579,4254,4325,5473,2660,2813,139,70,69,2853,1465,1388,114,59,55
0.5 Scen,2020,307,McCulloch County,8625,4276,4349,5473,2658,2815,141,71,70,2896,1488,1408,115,59,56
0.5 Scen,2021,307,McCulloch County,8672,4305,4367,5475,2657,2818,143,73,70,2937,1514,1423,117,61,56
0.5 Scen,2022,307,McCulloch County,8716,4329,4387,5470,2657,2813,144,74,70,2985,1537,1448,117,61,56
0.5 Scen,2023,307,McCulloch County,8768,4359,4409,5465,2655,2810,147,76,71,3038,1566,1472,118,62,56
0.5 Scen,2024,307,McCulloch County,8806,4375,4431,5452,2649,2803,149,77,72,3086,1587,1499,119,62,57
0.5 Scen,2025,307,McCulloch County,8840,4393,4447,5439,2643,2796,151,78,73,3131,1610,1521,119,62,57
0.5 Scen,2026,307,McCulloch County,8880,4414,4466,5432,2640,2792,152,79,73,3176,1633,1543,120,62,58
0.5 Scen,2027,307,McCulloch County,8905,4432,4473,5419,2635,2784,151,79,72,3214,1655,1559,121,63,58
0.5 Scen,2028,307,McCulloch County,8922,4441,4481,5397,2624,2773,150,78,72,3253,1676,1577,122,63,59
0.5 Scen,2029,307,McCulloch County,8939,4451,4488,5378,2614,2764,149,78,71,3291,1696,1595,121,63,58
0.5 Scen,2030,307,McCulloch County,8964,4461,4503,5364,2606,2758,149,77,72,3329,1715,1614,122,63,59
0.5 Scen,2031,307,McCulloch County,8971,4468,4503,5351,2603,2748,150,78,72,3348,1723,1625,122,64,58
0.5 Scen,2032,307,McCulloch County,8969,4475,4494,5320,2593,2727,151,78,73,3375,1740,1635,123,64,59
0.5 Scen,2033,307,McCulloch County,8976,4487,4489,5298,2586,2712,151,79,72,3404,1757,1647,123,65,58
0.5 Scen,2034,307,McCulloch County,8964,4484,4480,5263,2570,2693,150,78,72,3428,1771,1657,123,65,58
0.5 Scen,2035,307,McCulloch County,8964,4493,4471,5237,2561,2676,150,78,72,3454,1788,1666,123,66,57
0.5 Scen,2036,307,McCulloch County,8956,4494,4462,5199,2544,2655,148,76,72,3488,1810,1678,121,64,57
0.5 Scen,2037,307,McCulloch County,8959,4505,4454,5175,2536,2639,147,76,71,3516,1828,1688,121,65,56
0.5 Scen,2038,307,McCulloch County,8961,4517,4444,5148,2531,2617,146,75,71,3547,1848,1699,120,63,57
0.5 Scen,2039,307,McCulloch County,8954,4518,4436,5118,2517,2601,145,75,70,3572,1863,1709,119,63,56
0.5 Scen,2040,307,McCulloch County,8949,4527,4422,5087,2510,2577,143,74,69,3600,1880,1720,119,63,56
0.5 Scen,2041,307,McCulloch County,8944,4535,4409,5051,2498,2553,142,74,68,3633,1900,1733,118,63,55
0.5 Scen,2042,307,McCulloch County,8945,4542,4403,5019,2486,2533,140,72,68,3669,1922,1747,117,62,55
0.5 Scen,2043,307,McCulloch County,8961,4554,4407,5002,2482,2520,139,72,67,3704,1938,1766,116,62,54
0.5 Scen,2044,307,McCulloch County,8956,4564,4392,4968,2475,2493,138,71,67,3735,1957,1778,115,61,54
0.5 Scen,2045,307,McCulloch County,8948,4574,4374,4940,2468,2472,137,71,66,3757,1974,1783,114,61,53
0.5 Scen,2046,307,McCulloch County,8955,4586,4369,4925,2465,2460,136,70,66,3781,1991,1790,113,60,53
0.5 Scen,2047,307,McCulloch County,8966,4599,4367,4907,2461,2446,135,70,65,3813,2009,1804,111,59,52
0.5 Scen,2048,307,McCulloch County,8968,4608,4360,4881,2454,2427,134,69,65,3843,2027,1816,110,58,52
0.5 Scen,2049,307,McCulloch County,8983,4626,4357,4865,2453,2412,133,69,64,3875,2046,1829,110,58,52
0.5 Scen,2050,307,McCulloch County,8981,4640,4341,4837,2449,2388,132,68,64,3904,2066,1838,108,57,51
0.5 Scen,2010,309,McLennan County,234906,114169,120737,138295,66939,71356,33892,15776,18116,55471,28147,27324,7248,3307,3941
0.5 Scen,2011,309,McLennan County,236554,115093,121461,138065,66915,71150,34197,15943,18254,56902,28865,28037,7390,3370,4020
0.5 Scen,2012,309,McLennan County,238171,115992,122179,137778,66850,70928,34480,16101,18379,58368,29602,28766,7545,3439,4106
0.5 Scen,2013,309,McLennan County,239832,116922,122910,137455,66780,70675,34789,16265,18524,59875,30358,29517,7713,3519,4194
0.5 Scen,2014,309,McLennan County,241469,117844,123625,137093,66683,70410,35070,16430,18640,61431,31136,30295,7875,3595,4280
0.5 Scen,2015,309,McLennan County,243217,118774,124443,136839,66624,70215,35344,16572,18772,62992,31910,31082,8042,3668,4374
0.5 Scen,2016,309,McLennan County,244973,119749,125224,136524,66527,69997,35626,16744,18882,64607,32731,31876,8216,3747,4469
0.5 Scen,2017,309,McLennan County,246792,120722,126070,136240,66445,69795,35915,16899,19016,66238,33552,32686,8399,3826,4573
0.5 Scen,2018,309,McLennan County,248624,121719,126905,135959,66358,69601,36161,17043,19118,67908,34399,33509,8596,3919,4677
0.5 Scen,2019,309,McLennan County,250545,122750,127795,135724,66304,69420,36421,17189,19232,69610,35252,34358,8790,4005,4785
0.5 Scen,2020,309,McLennan County,252501,123823,128678,135498,66263,69235,36653,17322,19331,71348,36134,35214,9002,4104,4898
0.5 Scen,2021,309,McLennan County,254511,124906,129605,135288,66223,69065,36888,17456,19432,73121,37027,36094,9214,4200,5014
0.5 Scen,2022,309,McLennan County,256546,125993,130553,135062,66172,68890,37111,17579,19532,74929,37936,36993,9444,4306,5138
0.5 Scen,2023,309,McLennan County,258608,127096,131512,134832,66112,68720,37323,17703,19620,76784,38873,37911,9669,4408,5261
0.5 Scen,2024,309,McLennan County,260669,128188,132481,134582,66034,68548,37536,17825,19711,78661,39821,38840,9890,4508,5382
0.5 Scen,2025,309,McLennan County,262726,129280,133446,134321,65948,68373,37715,17931,19784,80554,40775,39779,10136,4626,5510
0.5 Scen,2026,309,McLennan County,264775,130364,134411,134017,65839,68178,37910,18043,19867,82473,41743,40730,10375,4739,5636
0.5 Scen,2027,309,McLennan County,266798,131453,135345,133679,65713,67966,38083,18154,19929,84421,42734,41687,10615,4852,5763
0.5 Scen,2028,309,McLennan County,268815,132528,136287,133305,65578,67727,38275,18264,20011,86384,43724,42660,10851,4962,5889
0.5 Scen,2029,309,McLennan County,270692,133536,137156,132848,65400,67448,38403,18347,20056,88345,44716,43629,11096,5073,6023
0.5 Scen,2030,309,McLennan County,272564,134547,138017,132344,65196,67148,38529,18430,20099,90353,45732,44621,11338,5189,6149
0.5 Scen,2031,309,McLennan County,274405,135538,138867,131816,64984,66832,38636,18502,20134,92369,46748,45621,11584,5304,6280
0.5 Scen,2032,309,McLennan County,276215,136518,139697,131249,64757,66492,38765,18575,20190,94373,47771,46602,11828,5415,6413
0.5 Scen,2033,309,McLennan County,277955,137451,140504,130643,64512,66131,38849,18628,20221,96392,48780,47612,12071,5531,6540
0.5 Scen,2034,309,McLennan County,279718,138426,141292,130015,64253,65762,38953,18710,20243,98428,49819,48609,12322,5644,6678
0.5 Scen,2035,309,McLennan County,281413,139348,142065,129369,63982,65387,39021,18763,20258,100453,50845,49608,12570,5758,6812
0.5 Scen,2036,309,McLennan County,283095,140285,142810,128709,63710,64999,39088,18824,20264,102491,51880,50611,12807,5871,6936
0.5 Scen,2037,309,McLennan County,284736,141187,143549,128032,63423,64609,39120,18868,20252,104534,52916,51618,13050,5980,7070
0.5 Scen,2038,309,McLennan County,286407,142095,144312,127363,63149,64214,39172,18916,20256,106585,53944,52641,13287,6086,7201
0.5 Scen,2039,309,McLennan County,288088,143022,145066,126687,62866,63821,39209,18967,20242,108661,54993,53668,13531,6196,7335
0.5 Scen,2040,309,McLennan County,289707,143906,145801,125994,62574,63420,39202,18982,20220,110740,56043,54697,13771,6307,7464
0.5 Scen,2041,309,McLennan County,291412,144862,146550,125320,62293,63027,39232,19034,20198,112851,57119,55732,14009,6416,7593
0.5 Scen,2042,309,McLennan County,293041,145773,147268,124627,62006,62621,39216,19058,20158,114954,58184,56770,14244,6525,7719
0.5 Scen,2043,309,McLennan County,294722,146712,148010,123937,61719,62218,39218,19091,20127,117084,59269,57815,14483,6633,7850
0.5 Scen,2044,309,McLennan County,296371,147634,148737,123240,61429,61811,39202,19110,20092,119223,60356,58867,14706,6739,7967
0.5 Scen,2045,309,McLennan County,298063,148578,149485,122529,61135,61394,39184,19132,20052,121393,61462,59931,14957,6849,8108
0.5 Scen,2046,309,McLennan County,299755,149534,150221,121825,60844,60981,39173,19163,20010,123578,62577,61001,15179,6950,8229
0.5 Scen,2047,309,McLennan County,301480,150496,150984,121145,60568,60577,39128,19171,19957,125786,63701,62085,15421,7056,8365
0.5 Scen,2048,309,McLennan County,303213,151458,151755,120456,60284,60172,39100,19184,19916,128005,64830,63175,15652,7160,8492
0.5 Scen,2049,309,McLennan County,305002,152470,152532,119799,60018,59781,39051,19196,19855,130266,65990,64276,15886,7266,8620
0.5 Scen,2050,309,McLennan County,306784,153454,153330,119137,59750,59387,38994,19188,19806,132526,67143,65383,16127,7373,8754
0.5 Scen,2010,311,McMullen County,707,367,340,432,219,213,8,5,3,261,142,119,6,1,5
0.5 Scen,2011,311,McMullen County,715,371,344,436,221,215,8,5,3,265,144,121,6,1,5
0.5 Scen,2012,311,McMullen County,724,375,349,441,223,218,8,5,3,269,146,123,6,1,5
0.5 Scen,2013,311,McMullen County,732,379,353,445,225,220,8,5,3,273,148,125,6,1,5
0.5 Scen,2014,311,McMullen County,741,383,358,450,227,223,8,5,3,277,150,127,6,1,5
0.5 Scen,2015,311,McMullen County,749,387,362,454,229,225,8,5,3,281,152,129,6,1,5
0.5 Scen,2016,311,McMullen County,755,390,365,457,230,227,8,5,3,284,154,130,6,1,5
0.5 Scen,2017,311,McMullen County,759,392,367,457,229,228,8,5,3,288,157,131,6,1,5
0.5 Scen,2018,311,McMullen County,761,393,368,456,229,227,8,5,3,291,158,133,6,1,5
0.5 Scen,2019,311,McMullen County,767,396,371,458,230,228,8,5,3,295,160,135,6,1,5
0.5 Scen,2020,311,McMullen County,769,395,374,455,227,228,8,5,3,300,162,138,6,1,5
0.5 Scen,2021,311,McMullen County,772,397,375,454,226,228,8,5,3,304,165,139,6,1,5
0.5 Scen,2022,311,McMullen County,776,400,376,453,226,227,8,5,3,309,168,141,6,1,5
0.5 Scen,2023,311,McMullen County,778,402,376,450,225,225,8,5,3,314,171,143,6,1,5
0.5 Scen,2024,311,McMullen County,779,403,376,448,224,224,8,5,3,317,173,144,6,1,5
0.5 Scen,2025,311,McMullen County,780,404,376,447,224,223,8,5,3,319,174,145,6,1,5
0.5 Scen,2026,311,McMullen County,781,406,375,445,224,221,8,5,3,322,176,146,6,1,5
0.5 Scen,2027,311,McMullen County,781,405,376,442,222,220,8,5,3,325,177,148,6,1,5
0.5 Scen,2028,311,McMullen County,786,409,377,442,223,219,8,5,3,330,180,150,6,1,5
0.5 Scen,2029,311,McMullen County,788,412,376,441,224,217,8,5,3,333,182,151,6,1,5
0.5 Scen,2030,311,McMullen County,788,413,375,438,223,215,8,5,3,336,184,152,6,1,5
0.5 Scen,2031,311,McMullen County,790,416,374,437,224,213,8,5,3,339,186,153,6,1,5
0.5 Scen,2032,311,McMullen County,790,417,373,434,223,211,8,5,3,342,188,154,6,1,5
0.5 Scen,2033,311,McMullen County,790,418,372,431,222,209,8,5,3,345,190,155,6,1,5
0.5 Scen,2034,311,McMullen County,790,418,372,428,220,208,8,5,3,348,192,156,6,1,5
0.5 Scen,2035,311,McMullen County,791,419,372,426,219,207,8,5,3,351,194,157,6,1,5
0.5 Scen,2036,311,McMullen County,789,419,370,421,217,204,8,5,3,354,196,158,6,1,5
0.5 Scen,2037,311,McMullen County,788,419,369,418,216,202,8,5,3,356,197,159,6,1,5
0.5 Scen,2038,311,McMullen County,785,418,367,412,213,199,8,5,3,359,199,160,6,1,5
0.5 Scen,2039,311,McMullen County,786,419,367,410,212,198,8,5,3,362,201,161,6,1,5
0.5 Scen,2040,311,McMullen County,785,419,366,406,210,196,8,5,3,365,203,162,6,1,5
0.5 Scen,2041,311,McMullen County,781,417,364,401,207,194,8,5,3,366,204,162,6,1,5
0.5 Scen,2042,311,McMullen County,781,418,363,399,207,192,8,5,3,368,205,163,6,1,5
0.5 Scen,2043,311,McMullen County,776,415,361,392,203,189,8,5,3,370,206,164,6,1,5
0.5 Scen,2044,311,McMullen County,775,414,361,390,202,188,8,5,3,371,206,165,6,1,5
0.5 Scen,2045,311,McMullen County,775,415,360,389,202,187,8,5,3,372,207,165,6,1,5
0.5 Scen,2046,311,McMullen County,771,413,358,383,199,184,8,5,3,374,208,166,6,1,5
0.5 Scen,2047,311,McMullen County,769,413,356,381,198,183,8,5,3,375,209,166,5,1,4
0.5 Scen,2048,311,McMullen County,770,415,355,381,199,182,8,5,3,376,210,166,5,1,4
0.5 Scen,2049,311,McMullen County,767,417,350,377,200,177,8,5,3,377,211,166,5,1,4
0.5 Scen,2050,311,McMullen County,766,417,349,375,200,175,8,5,3,378,211,167,5,1,4
0.5 Scen,2010,313,Madison County,13664,7873,5791,8030,4240,3790,2687,1750,937,2688,1752,936,259,131,128
0.5 Scen,2011,313,Madison County,13784,7941,5843,8081,4266,3815,2704,1764,940,2735,1777,958,264,134,130
0.5 Scen,2012,313,Madison County,13894,8001,5893,8114,4285,3829,2724,1776,948,2787,1804,983,269,136,133
0.5 Scen,2013,313,Madison County,14001,8058,5943,8150,4303,3847,2738,1786,952,2838,1830,1008,275,139,136
0.5 Scen,2014,313,Madison County,14121,8124,5997,8190,4325,3865,2756,1797,959,2893,1859,1034,282,143,139
0.5 Scen,2015,313,Madison County,14221,8180,6041,8216,4338,3878,2771,1809,962,2949,1889,1060,285,144,141
0.5 Scen,2016,313,Madison County,14333,8232,6101,8255,4350,3905,2785,1816,969,3002,1918,1084,291,148,143
0.5 Scen,2017,313,Madison County,14430,8275,6155,8285,4360,3925,2796,1821,975,3053,1943,1110,296,151,145
0.5 Scen,2018,313,Madison County,14523,8323,6200,8307,4371,3936,2806,1826,980,3109,1972,1137,301,154,147
0.5 Scen,2019,313,Madison County,14639,8379,6260,8349,4388,3961,2820,1832,988,3164,2002,1162,306,157,149
0.5 Scen,2020,313,Madison County,14761,8434,6327,8392,4405,3987,2829,1833,996,3229,2036,1193,311,160,151
0.5 Scen,2021,313,Madison County,14861,8480,6381,8421,4417,4004,2838,1832,1006,3286,2068,1218,316,163,153
0.5 Scen,2022,313,Madison County,14980,8545,6435,8458,4433,4025,2852,1843,1009,3349,2102,1247,321,167,154
0.5 Scen,2023,313,Madison County,15100,8609,6491,8506,4457,4049,2859,1847,1012,3410,2135,1275,325,170,155
0.5 Scen,2024,313,Madison County,15214,8664,6550,8536,4471,4065,2870,1849,1021,3478,2171,1307,330,173,157
0.5 Scen,2025,313,Madison County,15310,8716,6594,8558,4482,4076,2880,1856,1024,3535,2202,1333,337,176,161
0.5 Scen,2026,313,Madison County,15411,8770,6641,8579,4491,4088,2889,1862,1027,3601,2239,1362,342,178,164
0.5 Scen,2027,313,Madison County,15511,8815,6696,8609,4508,4101,2893,1859,1034,3662,2268,1394,347,180,167
0.5 Scen,2028,313,Madison County,15605,8870,6735,8625,4519,4106,2904,1865,1039,3723,2301,1422,353,185,168
0.5 Scen,2029,313,Madison County,15708,8924,6784,8654,4535,4119,2910,1866,1044,3785,2334,1451,359,189,170
0.5 Scen,2030,313,Madison County,15799,8978,6821,8667,4547,4120,2912,1869,1043,3851,2367,1484,369,195,174
0.5 Scen,2031,313,Madison County,15898,9029,6869,8686,4557,4129,2925,1878,1047,3910,2394,1516,377,200,177
0.5 Scen,2032,313,Madison County,15978,9079,6899,8692,4565,4127,2929,1877,1052,3969,2432,1537,388,205,183
0.5 Scen,2033,313,Madison County,16066,9126,6940,8698,4566,4132,2932,1880,1052,4038,2470,1568,398,210,188
0.5 Scen,2034,313,Madison County,16147,9174,6973,8701,4569,4132,2932,1882,1050,4108,2508,1600,406,215,191
0.5 Scen,2035,313,Madison County,16236,9222,7014,8711,4579,4132,2934,1880,1054,4176,2544,1632,415,219,196
0.5 Scen,2036,313,Madison County,16332,9277,7055,8727,4593,4134,2932,1878,1054,4247,2580,1667,426,226,200
0.5 Scen,2037,313,Madison County,16409,9321,7088,8728,4599,4129,2927,1873,1054,4319,2618,1701,435,231,204
0.5 Scen,2038,313,Madison County,16491,9366,7125,8737,4608,4129,2925,1872,1053,4384,2650,1734,445,236,209
0.5 Scen,2039,313,Madison County,16569,9409,7160,8736,4612,4124,2921,1867,1054,4458,2690,1768,454,240,214
0.5 Scen,2040,313,Madison County,16666,9466,7200,8755,4624,4131,2914,1865,1049,4533,2731,1802,464,246,218
0.5 Scen,2041,313,Madison County,16765,9527,7238,8765,4633,4132,2909,1865,1044,4619,2779,1840,472,250,222
0.5 Scen,2042,313,Madison County,16859,9580,7279,8778,4640,4138,2912,1869,1043,4687,2817,1870,482,254,228
0.5 Scen,2043,313,Madison County,16963,9645,7318,8797,4651,4146,2915,1872,1043,4764,2864,1900,487,258,229
0.5 Scen,2044,313,Madison County,17063,9706,7357,8808,4661,4147,2917,1875,1042,4842,2906,1936,496,264,232
0.5 Scen,2045,313,Madison County,17161,9759,7402,8824,4671,4153,2913,1872,1041,4918,2947,1971,506,269,237
0.5 Scen,2046,313,Madison County,17253,9818,7435,8836,4687,4149,2916,1873,1043,4987,2986,2001,514,272,242
0.5 Scen,2047,313,Madison County,17349,9876,7473,8848,4699,4149,2914,1873,1041,5066,3029,2037,521,275,246
0.5 Scen,2048,313,Madison County,17440,9937,7503,8858,4714,4144,2913,1874,1039,5140,3070,2070,529,279,250
0.5 Scen,2049,313,Madison County,17542,9999,7543,8881,4726,4155,2906,1873,1033,5216,3115,2101,539,285,254
0.5 Scen,2050,313,Madison County,17627,10055,7572,8884,4735,4149,2904,1873,1031,5296,3162,2134,543,285,258
0.5 Scen,2010,315,Marion County,10546,5171,5375,7564,3796,3768,2319,1047,1272,328,164,164,335,164,171
0.5 Scen,2011,315,Marion County,10596,5204,5392,7586,3811,3775,2332,1057,1275,336,168,168,342,168,174
0.5 Scen,2012,315,Marion County,10639,5229,5410,7593,3817,3776,2351,1067,1284,344,172,172,351,173,178
0.5 Scen,2013,315,Marion County,10666,5248,5418,7586,3818,3768,2370,1079,1291,352,176,176,358,175,183
0.5 Scen,2014,315,Marion County,10699,5274,5425,7586,3823,3763,2386,1090,1296,359,180,179,368,181,187
0.5 Scen,2015,315,Marion County,10722,5289,5433,7578,3822,3756,2401,1098,1303,367,184,183,376,185,191
0.5 Scen,2016,315,Marion County,10735,5299,5436,7568,3819,3749,2409,1104,1305,375,188,187,383,188,195
0.5 Scen,2017,315,Marion County,10748,5305,5443,7556,3814,3742,2420,1109,1311,382,191,191,390,191,199
0.5 Scen,2018,315,Marion County,10759,5311,5448,7547,3810,3737,2424,1111,1313,390,195,195,398,195,203
0.5 Scen,2019,315,Marion County,10765,5311,5454,7533,3801,3732,2427,1112,1315,399,199,200,406,199,207
0.5 Scen,2020,315,Marion County,10770,5316,5454,7514,3792,3722,2435,1117,1318,407,203,204,414,204,210
0.5 Scen,2021,315,Marion County,10764,5317,5447,7498,3790,3708,2429,1112,1317,415,207,208,422,208,214
0.5 Scen,2022,315,Marion County,10761,5325,5436,7482,3787,3695,2428,1116,1312,422,211,211,429,211,218
0.5 Scen,2023,315,Marion County,10735,5318,5417,7445,3773,3672,2424,1114,1310,430,216,214,436,215,221
0.5 Scen,2024,315,Marion County,10704,5309,5395,7409,3762,3647,2415,1108,1307,438,221,217,442,218,224
0.5 Scen,2025,315,Marion County,10670,5301,5369,7381,3754,3627,2395,1100,1295,446,226,220,448,221,227
0.5 Scen,2026,315,Marion County,10642,5298,5344,7352,3743,3609,2383,1100,1283,454,231,223,453,224,229
0.5 Scen,2027,315,Marion County,10604,5286,5318,7312,3724,3588,2374,1101,1273,464,236,228,454,225,229
0.5 Scen,2028,315,Marion County,10562,5273,5289,7268,3707,3561,2362,1096,1266,472,240,232,460,230,230
0.5 Scen,2029,315,Marion County,10508,5250,5258,7217,3683,3534,2347,1090,1257,480,245,235,464,232,232
0.5 Scen,2030,315,Marion County,10463,5236,5227,7170,3663,3507,2335,1086,1249,491,251,240,467,236,231
0.5 Scen,2031,315,Marion County,10408,5210,5198,7116,3636,3480,2319,1078,1241,502,257,245,471,239,232
0.5 Scen,2032,315,Marion County,10350,5190,5160,7061,3613,3448,2303,1074,1229,512,262,250,474,241,233
0.5 Scen,2033,315,Marion County,10289,5159,5130,7002,3585,3417,2289,1067,1222,522,268,254,476,239,237
0.5 Scen,2034,315,Marion County,10219,5132,5087,6937,3555,3382,2273,1061,1212,532,273,259,477,243,234
0.5 Scen,2035,315,Marion County,10152,5104,5048,6866,3522,3344,2260,1057,1203,542,278,264,484,247,237
0.5 Scen,2036,315,Marion County,10093,5082,5011,6804,3495,3309,2244,1051,1193,552,283,269,493,253,240
0.5 Scen,2037,315,Marion County,10024,5058,4966,6735,3468,3267,2228,1046,1182,562,288,274,499,256,243
0.5 Scen,2038,315,Marion County,9958,5036,4922,6672,3440,3232,2211,1043,1168,572,293,279,503,260,243
0.5 Scen,2039,315,Marion County,9902,5013,4889,6609,3410,3199,2197,1040,1157,582,298,284,514,265,249
0.5 Scen,2040,315,Marion County,9831,4993,4838,6536,3381,3155,2185,1039,1146,592,304,288,518,269,249
0.5 Scen,2041,315,Marion County,9767,4965,4802,6467,3347,3120,2176,1036,1140,601,309,292,523,273,250
0.5 Scen,2042,315,Marion County,9700,4935,4765,6398,3314,3084,2160,1029,1131,610,314,296,532,278,254
0.5 Scen,2043,315,Marion County,9627,4903,4724,6329,3285,3044,2139,1016,1123,619,320,299,540,282,258
0.5 Scen,2044,315,Marion County,9554,4874,4680,6251,3251,3000,2126,1011,1115,629,326,303,548,286,262
0.5 Scen,2045,315,Marion County,9487,4843,4644,6176,3214,2962,2114,1006,1108,639,331,308,558,292,266
0.5 Scen,2046,315,Marion County,9422,4824,4598,6103,3185,2918,2103,1004,1099,649,337,312,567,298,269
0.5 Scen,2047,315,Marion County,9355,4797,4558,6038,3152,2886,2089,1003,1086,659,343,316,569,299,270
0.5 Scen,2048,315,Marion County,9296,4780,4516,5969,3120,2849,2077,1005,1072,670,349,321,580,306,274
0.5 Scen,2049,315,Marion County,9233,4763,4470,5900,3089,2811,2065,1008,1057,679,355,324,589,311,278
0.5 Scen,2050,315,Marion County,9187,4751,4436,5835,3064,2771,2064,1011,1053,689,360,329,599,316,283
0.5 Scen,2010,317,Martin County,4799,2411,2388,2578,1289,1289,67,33,34,2086,1051,1035,68,38,30
0.5 Scen,2011,317,Martin County,4853,2437,2416,2594,1295,1299,68,34,34,2123,1070,1053,68,38,30
0.5 Scen,2012,317,Martin County,4916,2470,2446,2614,1306,1308,69,34,35,2165,1092,1073,68,38,30
0.5 Scen,2013,317,Martin County,4977,2504,2473,2630,1315,1315,70,35,35,2209,1116,1093,68,38,30
0.5 Scen,2014,317,Martin County,5039,2534,2505,2646,1322,1324,71,35,36,2254,1139,1115,68,38,30
0.5 Scen,2015,317,Martin County,5106,2573,2533,2666,1335,1331,72,36,36,2300,1164,1136,68,38,30
0.5 Scen,2016,317,Martin County,5159,2601,2558,2679,1342,1337,73,36,37,2340,1185,1155,67,38,29
0.5 Scen,2017,317,Martin County,5218,2632,2586,2697,1351,1346,74,37,37,2380,1206,1174,67,38,29
0.5 Scen,2018,317,Martin County,5285,2668,2617,2720,1363,1357,75,37,38,2423,1230,1193,67,38,29
0.5 Scen,2019,317,Martin County,5353,2707,2646,2741,1376,1365,74,37,37,2471,1256,1215,67,38,29
0.5 Scen,2020,317,Martin County,5421,2742,2679,2759,1386,1373,75,37,38,2520,1281,1239,67,38,29
0.5 Scen,2021,317,Martin County,5489,2782,2707,2778,1398,1380,76,38,38,2567,1307,1260,68,39,29
0.5 Scen,2022,317,Martin County,5547,2811,2736,2791,1407,1384,77,38,39,2609,1327,1282,70,39,31
0.5 Scen,2023,317,Martin County,5616,2849,2767,2806,1415,1391,78,39,39,2661,1355,1306,71,40,31
0.5 Scen,2024,317,Martin County,5673,2880,2793,2817,1424,1393,79,39,40,2705,1377,1328,72,40,32
0.5 Scen,2025,317,Martin County,5737,2917,2820,2830,1433,1397,80,40,40,2754,1403,1351,73,41,32
0.5 Scen,2026,317,Martin County,5803,2954,2849,2848,1445,1403,82,41,41,2799,1427,1372,74,41,33
0.5 Scen,2027,317,Martin County,5863,2986,2877,2860,1453,1407,83,42,41,2845,1449,1396,75,42,33
0.5 Scen,2028,317,Martin County,5929,3020,2909,2875,1461,1414,85,42,43,2893,1475,1418,76,42,34
0.5 Scen,2029,317,Martin County,5979,3052,2927,2883,1468,1415,86,43,43,2934,1498,1436,76,43,33
0.5 Scen,2030,317,Martin County,6032,3083,2949,2889,1475,1414,87,43,44,2979,1522,1457,77,43,34
0.5 Scen,2031,317,Martin County,6077,3109,2968,2892,1477,1415,88,44,44,3019,1544,1475,78,44,34
0.5 Scen,2032,317,Martin County,6098,3121,2977,2892,1477,1415,88,43,45,3039,1557,1482,79,44,35
0.5 Scen,2033,317,Martin County,6141,3145,2996,2896,1480,1416,88,43,45,3076,1576,1500,81,46,35
0.5 Scen,2034,317,Martin County,6176,3163,3013,2895,1480,1415,88,42,46,3112,1596,1516,81,45,36
0.5 Scen,2035,317,Martin County,6219,3187,3032,2899,1483,1416,88,43,45,3150,1615,1535,82,46,36
0.5 Scen,2036,317,Martin County,6258,3212,3046,2899,1484,1415,89,43,46,3188,1639,1549,82,46,36
0.5 Scen,2037,317,Martin County,6293,3229,3064,2895,1481,1414,90,44,46,3227,1658,1569,81,46,35
0.5 Scen,2038,317,Martin County,6335,3250,3085,2898,1484,1414,90,44,46,3267,1676,1591,80,46,34
0.5 Scen,2039,317,Martin County,6358,3269,3089,2892,1487,1405,91,45,46,3298,1693,1605,77,44,33
0.5 Scen,2040,317,Martin County,6396,3290,3106,2894,1489,1405,92,45,47,3335,1714,1621,75,42,33
0.5 Scen,2041,317,Martin County,6428,3311,3117,2891,1490,1401,93,46,47,3371,1734,1637,73,41,32
0.5 Scen,2042,317,Martin County,6473,3338,3135,2901,1499,1402,93,45,48,3407,1754,1653,72,40,32
0.5 Scen,2043,317,Martin County,6506,3359,3147,2903,1500,1403,93,46,47,3437,1772,1665,73,41,32
0.5 Scen,2044,317,Martin County,6546,3385,3161,2913,1510,1403,94,46,48,3468,1790,1678,71,39,32
0.5 Scen,2045,317,Martin County,6591,3407,3184,2926,1514,1412,94,46,48,3500,1808,1692,71,39,32
0.5 Scen,2046,317,Martin County,6634,3434,3200,2945,1528,1417,95,46,49,3523,1821,1702,71,39,32
0.5 Scen,2047,317,Martin County,6669,3462,3207,2960,1541,1419,96,47,49,3544,1836,1708,69,38,31
0.5 Scen,2048,317,Martin County,6707,3485,3222,2974,1552,1422,95,46,49,3571,1850,1721,67,37,30
0.5 Scen,2049,317,Martin County,6748,3512,3236,2989,1564,1425,95,46,49,3598,1866,1732,66,36,30
0.5 Scen,2050,317,Martin County,6779,3533,3246,2995,1571,1424,96,46,50,3623,1881,1742,65,35,30
0.5 Scen,2010,319,Mason County,4012,1978,2034,3092,1497,1595,14,7,7,864,452,412,42,22,20
0.5 Scen,2011,319,Mason County,4023,1981,2042,3090,1493,1597,14,7,7,877,459,418,42,22,20
0.5 Scen,2012,319,Mason County,4031,1980,2051,3089,1487,1602,14,7,7,886,464,422,42,22,20
0.5 Scen,2013,319,Mason County,4034,1974,2060,3080,1474,1606,14,7,7,898,471,427,42,22,20
0.5 Scen,2014,319,Mason County,4036,1977,2059,3071,1470,1601,14,7,7,909,478,431,42,22,20
0.5 Scen,2015,319,Mason County,4027,1976,2051,3052,1463,1589,14,7,7,920,484,436,41,22,19
0.5 Scen,2016,319,Mason County,4021,1977,2044,3033,1456,1577,14,7,7,933,492,441,41,22,19
0.5 Scen,2017,319,Mason County,4014,1975,2039,3010,1446,1564,14,7,7,949,500,449,41,22,19
0.5 Scen,2018,319,Mason County,4018,1973,2045,3002,1438,1564,14,7,7,961,506,455,41,22,19
0.5 Scen,2019,319,Mason County,4022,1980,2042,2991,1435,1556,14,7,7,977,517,460,40,21,19
0.5 Scen,2020,319,Mason County,4032,1982,2050,2986,1429,1557,14,7,7,992,525,467,40,21,19
0.5 Scen,2021,319,Mason County,4035,1984,2051,2974,1424,1550,14,7,7,1007,532,475,40,21,19
0.5 Scen,2022,319,Mason County,4027,1980,2047,2952,1413,1539,14,7,7,1021,539,482,40,21,19
0.5 Scen,2023,319,Mason County,4031,1981,2050,2940,1405,1535,14,7,7,1037,548,489,40,21,19
0.5 Scen,2024,319,Mason County,4037,1984,2053,2932,1400,1532,14,7,7,1051,556,495,40,21,19
0.5 Scen,2025,319,Mason County,4037,1986,2051,2922,1398,1524,14,7,7,1061,560,501,40,21,19
0.5 Scen,2026,319,Mason County,4032,1982,2050,2904,1387,1517,14,7,7,1074,567,507,40,21,19
0.5 Scen,2027,319,Mason County,4036,1983,2053,2896,1383,1513,14,7,7,1086,572,514,40,21,19
0.5 Scen,2028,319,Mason County,4035,1983,2052,2882,1376,1506,14,7,7,1100,579,521,39,21,18
0.5 Scen,2029,319,Mason County,4029,1988,2041,2865,1372,1493,14,7,7,1111,588,523,39,21,18
0.5 Scen,2030,319,Mason County,4026,1988,2038,2850,1365,1485,14,7,7,1123,595,528,39,21,18
0.5 Scen,2031,319,Mason County,4015,1984,2031,2828,1355,1473,14,7,7,1134,601,533,39,21,18
0.5 Scen,2032,319,Mason County,4002,1976,2026,2804,1341,1463,14,7,7,1145,607,538,39,21,18
0.5 Scen,2033,319,Mason County,3988,1973,2015,2779,1331,1448,14,7,7,1156,614,542,39,21,18
0.5 Scen,2034,319,Mason County,3975,1969,2006,2759,1322,1437,14,7,7,1163,619,544,39,21,18
0.5 Scen,2035,319,Mason County,3963,1965,1998,2738,1313,1425,14,7,7,1172,624,548,39,21,18
0.5 Scen,2036,319,Mason County,3943,1960,1983,2709,1305,1404,14,7,7,1181,627,554,39,21,18
0.5 Scen,2037,319,Mason County,3925,1951,1974,2682,1291,1391,14,7,7,1190,632,558,39,21,18
0.5 Scen,2038,319,Mason County,3909,1945,1964,2654,1280,1374,14,7,7,1202,637,565,39,21,18
0.5 Scen,2039,319,Mason County,3888,1939,1949,2626,1272,1354,14,7,7,1209,639,570,39,21,18
0.5 Scen,2040,319,Mason County,3876,1938,1938,2606,1266,1340,14,7,7,1217,644,573,39,21,18
0.5 Scen,2041,319,Mason County,3862,1932,1930,2587,1256,1331,14,7,7,1223,648,575,38,21,17
0.5 Scen,2042,319,Mason County,3854,1929,1925,2573,1252,1321,14,7,7,1230,650,580,37,20,17
0.5 Scen,2043,319,Mason County,3840,1928,1912,2553,1247,1306,14,7,7,1236,654,582,37,20,17
0.5 Scen,2044,319,Mason County,3822,1924,1898,2532,1242,1290,13,7,6,1240,655,585,37,20,17
0.5 Scen,2045,319,Mason County,3804,1917,1887,2512,1236,1276,13,7,6,1242,654,588,37,20,17
0.5 Scen,2046,319,Mason County,3795,1915,1880,2499,1231,1268,13,7,6,1246,657,589,37,20,17
0.5 Scen,2047,319,Mason County,3782,1905,1877,2489,1223,1266,13,7,6,1244,656,588,36,19,17
0.5 Scen,2048,319,Mason County,3779,1907,1872,2480,1221,1259,13,7,6,1250,660,590,36,19,17
0.5 Scen,2049,319,Mason County,3768,1902,1866,2468,1216,1252,12,6,6,1253,661,592,35,19,16
0.5 Scen,2050,319,Mason County,3760,1900,1860,2463,1215,1248,12,6,6,1250,660,590,35,19,16
0.5 Scen,2010,321,Matagorda County,36702,18363,18339,17400,8619,8781,4060,1933,2127,14074,7219,6855,1168,592,576
0.5 Scen,2011,321,Matagorda County,37002,18527,18475,17400,8630,8770,4073,1940,2133,14353,7361,6992,1176,596,580
0.5 Scen,2012,321,Matagorda County,37245,18667,18578,17361,8627,8734,4080,1943,2137,14622,7498,7124,1182,599,583
0.5 Scen,2013,321,Matagorda County,37525,18818,18707,17332,8624,8708,4096,1950,2146,14903,7639,7264,1194,605,589
0.5 Scen,2014,321,Matagorda County,37803,18969,18834,17311,8621,8690,4112,1961,2151,15175,7775,7400,1205,612,593
0.5 Scen,2015,321,Matagorda County,38086,19116,18970,17285,8615,8670,4131,1970,2161,15453,7913,7540,1217,618,599
0.5 Scen,2016,321,Matagorda County,38369,19265,19104,17260,8611,8649,4157,1985,2172,15725,8046,7679,1227,623,604
0.5 Scen,2017,321,Matagorda County,38638,19408,19230,17232,8600,8632,4169,1992,2177,16001,8189,7812,1236,627,609
0.5 Scen,2018,321,Matagorda County,38910,19555,19355,17202,8591,8611,4184,2002,2182,16281,8330,7951,1243,632,611
0.5 Scen,2019,321,Matagorda County,39178,19701,19477,17157,8575,8582,4205,2013,2192,16564,8475,8089,1252,638,614
0.5 Scen,2020,321,Matagorda County,39448,19842,19606,17103,8548,8555,4217,2020,2197,16863,8630,8233,1265,644,621
0.5 Scen,2021,321,Matagorda County,39714,19988,19726,17052,8525,8527,4223,2028,2195,17170,8790,8380,1269,645,624
0.5 Scen,2022,321,Matagorda County,39957,20137,19820,16985,8497,8488,4225,2036,2189,17461,8946,8515,1286,658,628
0.5 Scen,2023,321,Matagorda County,40224,20294,19930,16925,8469,8456,4238,2048,2190,17769,9112,8657,1292,665,627
0.5 Scen,2024,321,Matagorda County,40458,20428,20030,16862,8441,8421,4231,2048,2183,18060,9267,8793,1305,672,633
0.5 Scen,2025,321,Matagorda County,40705,20566,20139,16799,8411,8388,4231,2055,2176,18363,9426,8937,1312,674,638
0.5 Scen,2026,321,Matagorda County,40926,20692,20234,16714,8369,8345,4233,2063,2170,18655,9578,9077,1324,682,642
0.5 Scen,2027,321,Matagorda County,41185,20852,20333,16632,8338,8294,4241,2072,2169,18973,9749,9224,1339,693,646
0.5 Scen,2028,321,Matagorda County,41400,20974,20426,16540,8297,8243,4239,2074,2165,19271,9903,9368,1350,700,650
0.5 Scen,2029,321,Matagorda County,41622,21107,20515,16437,8249,8188,4237,2078,2159,19589,10075,9514,1359,705,654
0.5 Scen,2030,321,Matagorda County,41823,21221,20602,16332,8203,8129,4233,2077,2156,19885,10230,9655,1373,711,662
0.5 Scen,2031,321,Matagorda County,42024,21341,20683,16222,8149,8073,4235,2082,2153,20182,10391,9791,1385,719,666
0.5 Scen,2032,321,Matagorda County,42205,21448,20757,16104,8093,8011,4239,2089,2150,20470,10543,9927,1392,723,669
0.5 Scen,2033,321,Matagorda County,42382,21549,20833,15979,8031,7948,4240,2098,2142,20758,10691,10067,1405,729,676
0.5 Scen,2034,321,Matagorda County,42558,21657,20901,15843,7966,7877,4248,2106,2142,21052,10849,10203,1415,736,679
0.5 Scen,2035,321,Matagorda County,42725,21749,20976,15718,7906,7812,4249,2109,2140,21343,11000,10343,1415,734,681
0.5 Scen,2036,321,Matagorda County,42887,21841,21046,15586,7844,7742,4248,2110,2138,21637,11154,10483,1416,733,683
0.5 Scen,2037,321,Matagorda County,43027,21934,21093,15448,7779,7669,4239,2111,2128,21919,11308,10611,1421,736,685
0.5 Scen,2038,321,Matagorda County,43176,22025,21151,15311,7713,7598,4240,2118,2122,22199,11457,10742,1426,737,689
0.5 Scen,2039,321,Matagorda County,43329,22114,21215,15179,7650,7529,4243,2122,2121,22481,11607,10874,1426,735,691
0.5 Scen,2040,321,Matagorda County,43482,22208,21274,15038,7581,7457,4245,2127,2118,22767,11762,11005,1432,738,694
0.5 Scen,2041,321,Matagorda County,43615,22284,21331,14894,7513,7381,4245,2130,2115,23045,11907,11138,1431,734,697
0.5 Scen,2042,321,Matagorda County,43733,22362,21371,14742,7441,7301,4236,2127,2109,23327,12062,11265,1428,732,696
0.5 Scen,2043,321,Matagorda County,43862,22444,21418,14606,7377,7229,4229,2128,2101,23608,12214,11394,1419,725,694
0.5 Scen,2044,321,Matagorda County,43985,22524,21461,14459,7309,7150,4221,2126,2095,23886,12364,11522,1419,725,694
0.5 Scen,2045,321,Matagorda County,44101,22605,21496,14310,7241,7069,4214,2130,2084,24164,12513,11651,1413,721,692
0.5 Scen,2046,321,Matagorda County,44228,22695,21533,14181,7181,7000,4206,2131,2075,24437,12663,11774,1404,720,684
0.5 Scen,2047,321,Matagorda County,44365,22782,21583,14040,7117,6923,4208,2136,2072,24719,12808,11911,1398,721,677
0.5 Scen,2048,321,Matagorda County,44485,22864,21621,13904,7050,6854,4200,2140,2060,24982,12955,12027,1399,719,680
0.5 Scen,2049,321,Matagorda County,44632,22953,21679,13779,6994,6785,4204,2146,2058,25256,13099,12157,1393,714,679
0.5 Scen,2050,321,Matagorda County,44774,23039,21735,13656,6939,6717,4201,2146,2055,25530,13244,12286,1387,710,677
0.5 Scen,2010,323,Maverick County,54258,26451,27807,1552,842,710,75,45,30,51914,25201,26713,717,363,354
0.5 Scen,2011,323,Maverick County,55126,26905,28221,1572,853,719,75,45,30,52750,25637,27113,729,370,359
0.5 Scen,2012,323,Maverick County,55980,27356,28624,1592,865,727,75,45,30,53573,26070,27503,740,376,364
0.5 Scen,2013,323,Maverick County,56861,27823,29038,1609,873,736,76,46,30,54421,26518,27903,755,386,369
0.5 Scen,2014,323,Maverick County,57751,28294,29457,1624,882,742,77,46,31,55285,26976,28309,765,390,375
0.5 Scen,2015,323,Maverick County,58663,28770,29893,1641,890,751,78,47,31,56167,27436,28731,777,397,380
0.5 Scen,2016,323,Maverick County,59562,29250,30312,1651,898,753,78,47,31,57045,27900,29145,788,405,383
0.5 Scen,2017,323,Maverick County,60489,29744,30745,1663,906,757,79,48,31,57948,28378,29570,799,412,387
0.5 Scen,2018,323,Maverick County,61407,30246,31161,1671,911,760,80,48,32,58844,28869,29975,812,418,394
0.5 Scen,2019,323,Maverick County,62347,30750,31597,1682,920,762,81,49,32,59760,29355,30405,824,426,398
0.5 Scen,2020,323,Maverick County,63293,31242,32051,1687,921,766,82,49,33,60689,29840,30849,835,432,403
0.5 Scen,2021,323,Maverick County,64228,31737,32491,1689,922,767,82,49,33,61610,30326,31284,847,440,407
0.5 Scen,2022,323,Maverick County,65161,32226,32935,1690,920,770,83,49,34,62530,30812,31718,858,445,413
0.5 Scen,2023,323,Maverick County,66128,32767,33361,1693,923,770,85,50,35,63479,31339,32140,871,455,416
0.5 Scen,2024,323,Maverick County,67090,33275,33815,1695,922,773,86,50,36,64426,31842,32584,883,461,422
0.5 Scen,2025,323,Maverick County,68065,33794,34271,1693,918,775,87,51,36,65389,32357,33032,896,468,428
0.5 Scen,2026,323,Maverick County,69042,34312,34730,1695,916,779,89,52,37,66356,32871,33485,902,473,429
0.5 Scen,2027,323,Maverick County,70004,34833,35171,1697,916,781,90,53,37,67302,33383,33919,915,481,434
0.5 Scen,2028,323,Maverick County,70943,35342,35601,1698,915,783,91,53,38,68235,33891,34344,919,483,436
0.5 Scen,2029,323,Maverick County,71904,35864,36040,1702,917,785,92,54,38,69176,34399,34777,934,494,440
0.5 Scen,2030,323,Maverick County,72834,36370,36464,1711,921,790,93,54,39,70083,34892,35191,947,503,444
0.5 Scen,2031,323,Maverick County,73752,36870,36882,1720,924,796,94,55,39,70980,35382,35598,958,509,449
0.5 Scen,2032,323,Maverick County,74663,37371,37292,1730,932,798,95,55,40,71867,35867,36000,971,517,454
0.5 Scen,2033,323,Maverick County,75552,37862,37690,1732,936,796,95,55,40,72738,36344,36394,987,527,460
0.5 Scen,2034,323,Maverick County,76437,38350,38087,1737,937,800,95,55,40,73605,36822,36783,1000,536,464
0.5 Scen,2035,323,Maverick County,77352,38856,38496,1740,941,799,95,55,40,74506,37317,37189,1011,543,468
0.5 Scen,2036,323,Maverick County,78249,39357,38892,1740,944,796,95,55,40,75392,37809,37583,1022,549,473
0.5 Scen,2037,323,Maverick County,79155,39860,39295,1745,949,796,95,55,40,76278,38298,37980,1037,558,479
0.5 Scen,2038,323,Maverick County,80045,40365,39680,1752,956,796,94,55,39,77149,38787,38362,1050,567,483
0.5 Scen,2039,323,Maverick County,80936,40868,40068,1754,957,797,94,55,39,78027,39282,38745,1061,574,487
0.5 Scen,2040,323,Maverick County,81836,41368,40468,1759,962,797,92,54,38,78914,39774,39140,1071,578,493
0.5 Scen,2041,323,Maverick County,82722,41868,40854,1758,965,793,91,53,38,79789,40265,39524,1084,585,499
0.5 Scen,2042,323,Maverick County,83623,42377,41246,1756,964,792,90,52,38,80683,40769,39914,1094,592,502
0.5 Scen,2043,323,Maverick County,84525,42884,41641,1754,963,791,88,51,37,81582,41275,40307,1101,595,506
0.5 Scen,2044,323,Maverick County,85427,43391,42036,1748,959,789,87,50,37,82485,41785,40700,1107,597,510
0.5 Scen,2045,323,Maverick County,86355,43918,42437,1746,958,788,86,49,37,83404,42305,41099,1119,606,513
0.5 Scen,2046,323,Maverick County,87288,44436,42852,1741,954,787,85,48,37,84337,42822,41515,1125,612,513
0.5 Scen,2047,323,Maverick County,88223,44960,43263,1737,952,785,84,47,37,85272,43344,41928,1130,617,513
0.5 Scen,2048,323,Maverick County,89167,45492,43675,1733,951,782,83,46,37,86218,43875,42343,1133,620,513
0.5 Scen,2049,323,Maverick County,90114,46028,44086,1727,951,776,83,46,37,87164,44409,42755,1140,622,518
0.5 Scen,2050,323,Maverick County,91056,46556,44500,1728,951,777,81,45,36,88104,44933,43171,1143,627,516
0.5 Scen,2010,325,Medina County,46006,23656,22350,21408,10724,10684,913,785,128,22871,11711,11160,814,436,378
0.5 Scen,2011,325,Medina County,46627,23949,22678,21566,10779,10787,917,789,128,23317,11938,11379,827,443,384
0.5 Scen,2012,325,Medina County,47228,24236,22992,21692,10826,10866,918,790,128,23779,12169,11610,839,451,388
0.5 Scen,2013,325,Medina County,47859,24526,23333,21844,10872,10972,920,792,128,24244,12404,11840,851,458,393
0.5 Scen,2014,325,Medina County,48506,24831,23675,22000,10928,11072,924,795,129,24724,12647,12077,858,461,397
0.5 Scen,2015,325,Medina County,49158,25131,24027,22156,10980,11176,924,793,131,25204,12888,12316,874,470,404
0.5 Scen,2016,325,Medina County,49817,25437,24380,22316,11033,11283,927,795,132,25691,13136,12555,883,473,410
0.5 Scen,2017,325,Medina County,50462,25741,24721,22446,11078,11368,927,794,133,26193,13389,12804,896,480,416
0.5 Scen,2018,325,Medina County,51133,26045,25088,22599,11127,11472,930,797,133,26698,13636,13062,906,485,421
0.5 Scen,2019,325,Medina County,51803,26361,25442,22741,11178,11563,931,797,134,27215,13893,13322,916,493,423
0.5 Scen,2020,325,Medina County,52466,26671,25795,22882,11228,11654,934,798,136,27723,14146,13577,927,499,428
0.5 Scen,2021,325,Medina County,53159,27006,26153,23013,11273,11740,939,802,137,28269,14426,13843,938,505,433
0.5 Scen,2022,325,Medina County,53870,27336,26534,23158,11324,11834,943,805,138,28819,14697,14122,950,510,440
0.5 Scen,2023,325,Medina County,54578,27677,26901,23296,11372,11924,945,807,138,29375,14981,14394,962,517,445
0.5 Scen,2024,325,Medina County,55279,28014,27265,23435,11421,12014,951,811,140,29918,15254,14664,975,528,447
0.5 Scen,2025,325,Medina County,55973,28350,27623,23557,11464,12093,954,812,142,30472,15538,14934,990,536,454
0.5 Scen,2026,325,Medina County,56690,28695,27995,23690,11513,12177,963,819,144,31035,15820,15215,1002,543,459
0.5 Scen,2027,325,Medina County,57397,29032,28365,23820,11555,12265,969,824,145,31593,16100,15493,1015,553,462
0.5 Scen,2028,325,Medina County,58080,29365,28715,23925,11592,12333,979,832,147,32157,16386,15771,1019,555,464
0.5 Scen,2029,325,Medina County,58757,29687,29070,24031,11620,12411,985,837,148,32710,16668,16042,1031,562,469
0.5 Scen,2030,325,Medina County,59429,30010,29419,24137,11657,12480,991,840,151,33263,16945,16318,1038,568,470
0.5 Scen,2031,325,Medina County,60093,30333,29760,24236,11691,12545,1001,848,153,33807,17216,16591,1049,578,471
0.5 Scen,2032,325,Medina County,60742,30650,30092,24330,11722,12608,1006,852,154,34345,17492,16853,1061,584,477
0.5 Scen,2033,325,Medina County,61371,30959,30412,24411,11747,12664,1014,859,155,34874,17761,17113,1072,592,480
0.5 Scen,2034,325,Medina County,61972,31252,30720,24470,11760,12710,1020,865,155,35399,18030,17369,1083,597,486
0.5 Scen,2035,325,Medina County,62562,31536,31026,24539,11776,12763,1022,869,153,35901,18284,17617,1100,607,493
0.5 Scen,2036,325,Medina County,63148,31815,31333,24592,11788,12804,1022,869,153,36425,18545,17880,1109,613,496
0.5 Scen,2037,325,Medina County,63711,32096,31615,24643,11801,12842,1031,878,153,36921,18801,18120,1116,616,500
0.5 Scen,2038,325,Medina County,64280,32368,31912,24686,11807,12879,1036,882,154,37432,19057,18375,1126,622,504
0.5 Scen,2039,325,Medina County,64826,32633,32193,24704,11805,12899,1040,886,154,37946,19315,18631,1136,627,509
0.5 Scen,2040,325,Medina County,65348,32884,32464,24718,11794,12924,1039,885,154,38450,19575,18875,1141,630,511
0.5 Scen,2041,325,Medina County,65890,33160,32730,24743,11803,12940,1041,887,154,38956,19835,19121,1150,635,515
0.5 Scen,2042,325,Medina County,66407,33405,33002,24747,11787,12960,1042,888,154,39460,20090,19370,1158,640,518
0.5 Scen,2043,325,Medina County,66887,33649,33238,24741,11776,12965,1039,889,150,39946,20342,19604,1161,642,519
0.5 Scen,2044,325,Medina County,67405,33906,33499,24736,11763,12973,1041,892,149,40459,20603,19856,1169,648,521
0.5 Scen,2045,325,Medina County,67906,34158,33748,24735,11752,12983,1039,892,147,40958,20864,20094,1174,650,524
0.5 Scen,2046,325,Medina County,68413,34417,33996,24727,11741,12986,1037,892,145,41468,21128,20340,1181,656,525
0.5 Scen,2047,325,Medina County,68917,34676,34241,24724,11735,12989,1035,891,144,41970,21389,20581,1188,661,527
0.5 Scen,2048,325,Medina County,69428,34942,34486,24728,11740,12988,1032,889,143,42473,21649,20824,1195,664,531
0.5 Scen,2049,325,Medina County,69940,35205,34735,24732,11737,12995,1030,891,139,42979,21909,21070,1199,668,531
0.5 Scen,2050,325,Medina County,70471,35481,34990,24754,11751,13003,1024,887,137,43488,22173,21315,1205,670,535
0.5 Scen,2010,327,Menard County,2242,1133,1109,1425,714,711,11,8,3,790,404,386,16,7,9
0.5 Scen,2011,327,Menard County,2248,1138,1110,1423,713,710,11,8,3,798,410,388,16,7,9
0.5 Scen,2012,327,Menard County,2253,1141,1112,1422,713,709,11,8,3,804,413,391,16,7,9
0.5 Scen,2013,327,Menard County,2255,1142,1113,1417,710,707,11,8,3,811,417,394,16,7,9
0.5 Scen,2014,327,Menard County,2253,1141,1112,1408,704,704,11,8,3,818,422,396,16,7,9
0.5 Scen,2015,327,Menard County,2257,1143,1114,1405,702,703,11,8,3,825,426,399,16,7,9
0.5 Scen,2016,327,Menard County,2260,1144,1116,1398,697,701,11,8,3,835,432,403,16,7,9
0.5 Scen,2017,327,Menard County,2262,1140,1122,1391,690,701,11,8,3,844,435,409,16,7,9
0.5 Scen,2018,327,Menard County,2262,1137,1125,1383,683,700,11,8,3,852,439,413,16,7,9
0.5 Scen,2019,327,Menard County,2259,1135,1124,1370,674,696,11,8,3,862,446,416,16,7,9
0.5 Scen,2020,327,Menard County,2255,1132,1123,1360,667,693,11,8,3,868,450,418,16,7,9
0.5 Scen,2021,327,Menard County,2253,1132,1121,1350,662,688,11,8,3,876,455,421,16,7,9
0.5 Scen,2022,327,Menard County,2250,1130,1120,1338,654,684,11,8,3,885,461,424,16,7,9
0.5 Scen,2023,327,Menard County,2248,1131,1117,1330,650,680,11,8,3,891,466,425,16,7,9
0.5 Scen,2024,327,Menard County,2239,1128,1111,1314,643,671,11,8,3,898,470,428,16,7,9
0.5 Scen,2025,327,Menard County,2230,1126,1104,1299,637,662,11,8,3,904,474,430,16,7,9
0.5 Scen,2026,327,Menard County,2221,1122,1099,1286,630,656,11,8,3,908,477,431,16,7,9
0.5 Scen,2027,327,Menard County,2208,1118,1090,1268,623,645,11,8,3,913,480,433,16,7,9
0.5 Scen,2028,327,Menard County,2197,1115,1082,1252,618,634,11,8,3,919,482,437,15,7,8
0.5 Scen,2029,327,Menard County,2179,1108,1071,1228,608,620,11,8,3,925,485,440,15,7,8
0.5 Scen,2030,327,Menard County,2161,1101,1060,1207,599,608,11,8,3,928,487,441,15,7,8
0.5 Scen,2031,327,Menard County,2154,1099,1055,1196,595,601,11,8,3,932,489,443,15,7,8
0.5 Scen,2032,327,Menard County,2142,1094,1048,1181,588,593,11,8,3,935,491,444,15,7,8
0.5 Scen,2033,327,Menard County,2132,1087,1045,1168,580,588,11,8,3,938,492,446,15,7,8
0.5 Scen,2034,327,Menard County,2122,1085,1037,1157,577,580,11,8,3,940,494,446,14,6,8
0.5 Scen,2035,327,Menard County,2112,1083,1029,1143,572,571,11,8,3,944,497,447,14,6,8
0.5 Scen,2036,327,Menard County,2106,1082,1024,1134,569,565,11,8,3,947,499,448,14,6,8
0.5 Scen,2037,327,Menard County,2094,1077,1017,1120,563,557,11,8,3,949,500,449,14,6,8
0.5 Scen,2038,327,Menard County,2085,1076,1009,1109,560,549,11,8,3,951,502,449,14,6,8
0.5 Scen,2039,327,Menard County,2071,1068,1003,1093,552,541,11,8,3,953,502,451,14,6,8
0.5 Scen,2040,327,Menard County,2057,1058,999,1076,541,535,11,8,3,956,503,453,14,6,8
0.5 Scen,2041,327,Menard County,2038,1050,988,1056,532,524,11,8,3,957,504,453,14,6,8
0.5 Scen,2042,327,Menard County,2026,1046,980,1041,526,515,11,8,3,960,506,454,14,6,8
0.5 Scen,2043,327,Menard County,2014,1042,972,1029,521,508,11,8,3,960,507,453,14,6,8
0.5 Scen,2044,327,Menard County,1998,1035,963,1016,515,501,10,7,3,958,507,451,14,6,8
0.5 Scen,2045,327,Menard County,1988,1033,955,1006,513,493,10,7,3,958,507,451,14,6,8
0.5 Scen,2046,327,Menard County,1977,1029,948,997,510,487,10,7,3,956,506,450,14,6,8
0.5 Scen,2047,327,Menard County,1967,1028,939,989,508,481,10,7,3,954,507,447,14,6,8
0.5 Scen,2048,327,Menard County,1955,1026,929,977,504,473,10,7,3,954,509,445,14,6,8
0.5 Scen,2049,327,Menard County,1949,1026,923,973,503,470,10,7,3,952,510,442,14,6,8
0.5 Scen,2050,327,Menard County,1941,1025,916,969,504,465,10,7,3,949,508,441,13,6,7
0.5 Scen,2010,329,Midland County,136872,67242,69630,72822,35606,37216,8675,4191,4484,51600,25558,26042,3775,1887,1888
0.5 Scen,2011,329,Midland County,138508,68127,70381,72845,35670,37175,8748,4233,4515,53026,26283,26743,3889,1941,1948
0.5 Scen,2012,329,Midland County,140189,69035,71154,72885,35746,37139,8817,4268,4549,54479,27019,27460,4008,2002,2006
0.5 Scen,2013,329,Midland County,141940,69981,71959,72934,35827,37107,8894,4313,4581,55965,27773,28192,4147,2068,2079
0.5 Scen,2014,329,Midland County,143691,70933,72758,72971,35905,37066,8965,4356,4609,57479,28542,28937,4276,2130,2146
0.5 Scen,2015,329,Midland County,145447,71889,73558,73004,35986,37018,9029,4392,4637,59000,29311,29689,4414,2200,2214
0.5 Scen,2016,329,Midland County,147186,72845,74341,73024,36055,36969,9092,4428,4664,60530,30099,30431,4540,2263,2277
0.5 Scen,2017,329,Midland County,148938,73813,75125,73004,36110,36894,9159,4471,4688,62100,30903,31197,4675,2329,2346
0.5 Scen,2018,329,Midland County,150703,74786,75917,72992,36173,36819,9222,4506,4716,63684,31712,31972,4805,2395,2410
0.5 Scen,2019,329,Midland County,152469,75751,76718,72948,36215,36733,9284,4545,4739,65292,32528,32764,4945,2463,2482
0.5 Scen,2020,329,Midland County,154213,76721,77492,72868,36239,36629,9347,4585,4762,66916,33359,33557,5082,2538,2544
0.5 Scen,2021,329,Midland County,156019,77713,78306,72799,36260,36539,9406,4625,4781,68573,34211,34362,5241,2617,2624
0.5 Scen,2022,329,Midland County,157843,78702,79141,72715,36279,36436,9477,4664,4813,70254,35066,35188,5397,2693,2704
0.5 Scen,2023,329,Midland County,159643,79685,79958,72595,36269,36326,9554,4705,4849,71949,35939,36010,5545,2772,2773
0.5 Scen,2024,329,Midland County,161480,80676,80804,72470,36256,36214,9623,4742,4881,73680,36830,36850,5707,2848,2859
0.5 Scen,2025,329,Midland County,163320,81669,81651,72331,36233,36098,9686,4771,4915,75436,37737,37699,5867,2928,2939
0.5 Scen,2026,329,Midland County,165143,82662,82481,72167,36199,35968,9758,4811,4947,77196,38647,38549,6022,3005,3017
0.5 Scen,2027,329,Midland County,166963,83645,83318,71969,36143,35826,9831,4856,4975,78983,39570,39413,6180,3076,3104
0.5 Scen,2028,329,Midland County,168777,84623,84154,71752,36077,35675,9896,4892,5004,80778,40492,40286,6351,3162,3189
0.5 Scen,2029,329,Midland County,170558,85586,84972,71512,36002,35510,9952,4922,5030,82579,41415,41164,6515,3247,3268
0.5 Scen,2030,329,Midland County,172360,86573,85787,71273,35930,35343,10011,4954,5057,84396,42356,42040,6680,3333,3347
0.5 Scen,2031,329,Midland County,174138,87545,86593,71005,35844,35161,10065,4984,5081,86219,43298,42921,6849,3419,3430
0.5 Scen,2032,329,Midland County,175903,88504,87399,70726,35744,34982,10111,5009,5102,88047,44248,43799,7019,3503,3516
0.5 Scen,2033,329,Midland County,177664,89463,88201,70438,35636,34802,10149,5029,5120,89884,45205,44679,7193,3593,3600
0.5 Scen,2034,329,Midland County,179425,90424,89001,70125,35522,34603,10186,5054,5132,91739,46166,45573,7375,3682,3693
0.5 Scen,2035,329,Midland County,181159,91381,89778,69785,35397,34388,10223,5077,5146,93590,47131,46459,7561,3776,3785
0.5 Scen,2036,329,Midland County,182882,92323,90559,69429,35259,34170,10255,5094,5161,95445,48098,47347,7753,3872,3881
0.5 Scen,2037,329,Midland County,184576,93256,91320,69051,35113,33938,10282,5110,5172,97298,49065,48233,7945,3968,3977
0.5 Scen,2038,329,Midland County,186329,94224,92105,68683,34976,33707,10310,5126,5184,99184,50047,49137,8152,4075,4077
0.5 Scen,2039,329,Midland County,188024,95155,92869,68287,34820,33467,10337,5148,5189,101050,51017,50033,8350,4170,4180
0.5 Scen,2040,329,Midland County,189734,96102,93632,67874,34660,33214,10356,5157,5199,102948,52008,50940,8556,4277,4279
0.5 Scen,2041,329,Midland County,191437,97052,94385,67451,34499,32952,10377,5173,5204,104837,52997,51840,8772,4383,4389
0.5 Scen,2042,329,Midland County,193147,98011,95136,67020,34338,32682,10399,5189,5210,106733,53989,52744,8995,4495,4500
0.5 Scen,2043,329,Midland County,194836,98956,95880,66577,34168,32409,10416,5204,5212,108626,54981,53645,9217,4603,4614
0.5 Scen,2044,329,Midland County,196554,99924,96630,66133,33994,32139,10431,5217,5214,110534,55989,54545,9456,4724,4732
0.5 Scen,2045,329,Midland County,198257,100878,97379,65685,33820,31865,10440,5226,5214,112441,56991,55450,9691,4841,4850
0.5 Scen,2046,329,Midland County,199985,101855,98130,65237,33643,31594,10456,5243,5213,114366,58005,56361,9926,4964,4962
0.5 Scen,2047,329,Midland County,201735,102841,98894,64796,33472,31324,10475,5261,5214,116292,59023,57269,10172,5085,5087
0.5 Scen,2048,329,Midland County,203506,103840,99666,64362,33306,31056,10491,5272,5219,118228,60049,58179,10425,5213,5212
0.5 Scen,2049,329,Midland County,205300,104858,100442,63940,33146,30794,10497,5284,5213,120186,61086,59100,10677,5342,5335
0.5 Scen,2050,329,Midland County,207093,105867,101226,63524,32987,30537,10501,5292,5209,122133,62116,60017,10935,5472,5463
0.5 Scen,2010,331,Milam County,24757,12225,12532,16216,7952,8264,2380,1130,1250,5780,2949,2831,381,194,187
0.5 Scen,2011,331,Milam County,24906,12320,12586,16217,7963,8254,2394,1142,1252,5909,3018,2891,386,197,189
0.5 Scen,2012,331,Milam County,25022,12401,12621,16173,7954,8219,2408,1152,1256,6048,3094,2954,393,201,192
0.5 Scen,2013,331,Milam County,25144,12485,12659,16145,7952,8193,2421,1165,1256,6179,3164,3015,399,204,195
0.5 Scen,2014,331,Milam County,25298,12573,12725,16132,7947,8185,2439,1177,1262,6320,3241,3079,407,208,199
0.5 Scen,2015,331,Milam County,25457,12664,12793,16117,7944,8173,2456,1189,1267,6469,3319,3150,415,212,203
0.5 Scen,2016,331,Milam County,25630,12763,12867,16111,7944,8167,2474,1202,1272,6619,3398,3221,426,219,207
0.5 Scen,2017,331,Milam County,25791,12848,12943,16093,7933,8160,2494,1215,1279,6770,3478,3292,434,222,212
0.5 Scen,2018,331,Milam County,25958,12944,13014,16083,7934,8149,2512,1223,1289,6923,3562,3361,440,225,215
0.5 Scen,2019,331,Milam County,26134,13044,13090,16073,7933,8140,2521,1230,1291,7087,3649,3438,453,232,221
0.5 Scen,2020,331,Milam County,26296,13136,13160,16045,7922,8123,2533,1238,1295,7255,3739,3516,463,237,226
0.5 Scen,2021,331,Milam County,26459,13225,13234,16023,7912,8111,2546,1243,1303,7417,3826,3591,473,244,229
0.5 Scen,2022,331,Milam County,26648,13328,13320,16007,7905,8102,2563,1253,1310,7595,3921,3674,483,249,234
0.5 Scen,2023,331,Milam County,26811,13425,13386,15985,7901,8084,2581,1263,1318,7756,4009,3747,489,252,237
0.5 Scen,2024,331,Milam County,26982,13520,13462,15958,7888,8070,2595,1272,1323,7931,4103,3828,498,257,241
0.5 Scen,2025,331,Milam County,27152,13618,13534,15931,7879,8052,2603,1276,1327,8111,4199,3912,507,264,243
0.5 Scen,2026,331,Milam County,27308,13707,13601,15898,7866,8032,2605,1277,1328,8291,4296,3995,514,268,246
0.5 Scen,2027,331,Milam County,27452,13778,13674,15857,7845,8012,2607,1277,1330,8466,4384,4082,522,272,250
0.5 Scen,2028,331,Milam County,27595,13861,13734,15817,7825,7992,2607,1280,1327,8641,4479,4162,530,277,253
0.5 Scen,2029,331,Milam County,27744,13946,13798,15776,7804,7972,2612,1286,1326,8817,4574,4243,539,282,257
0.5 Scen,2030,331,Milam County,27889,14027,13862,15727,7784,7943,2618,1287,1331,8995,4668,4327,549,288,261
0.5 Scen,2031,331,Milam County,28002,14097,13905,15666,7754,7912,2614,1287,1327,9166,4765,4401,556,291,265
0.5 Scen,2032,331,Milam County,28121,14179,13942,15597,7728,7869,2611,1289,1322,9349,4866,4483,564,296,268
0.5 Scen,2033,331,Milam County,28230,14237,13993,15531,7697,7834,2604,1281,1323,9523,4957,4566,572,302,270
0.5 Scen,2034,331,Milam County,28329,14299,14030,15466,7666,7800,2593,1277,1316,9691,5049,4642,579,307,272
0.5 Scen,2035,331,Milam County,28427,14368,14059,15398,7637,7761,2577,1272,1305,9866,5146,4720,586,313,273
0.5 Scen,2036,331,Milam County,28520,14424,14096,15321,7600,7721,2563,1267,1296,10042,5239,4803,594,318,276
0.5 Scen,2037,331,Milam County,28612,14487,14125,15246,7569,7677,2549,1267,1282,10216,5332,4884,601,319,282
0.5 Scen,2038,331,Milam County,28708,14564,14144,15166,7538,7628,2536,1266,1270,10399,5435,4964,607,325,282
0.5 Scen,2039,331,Milam County,28818,14635,14183,15085,7507,7578,2528,1262,1266,10589,5538,5051,616,328,288
0.5 Scen,2040,331,Milam County,28912,14698,14214,14996,7468,7528,2525,1266,1259,10768,5633,5135,623,331,292
0.5 Scen,2041,331,Milam County,29034,14778,14256,14918,7438,7480,2524,1267,1257,10958,5736,5222,634,337,297
0.5 Scen,2042,331,Milam County,29162,14864,14298,14834,7401,7433,2527,1275,1252,11155,5843,5312,646,345,301
0.5 Scen,2043,331,Milam County,29299,14955,14344,14751,7370,7381,2531,1280,1251,11357,5952,5405,660,353,307
0.5 Scen,2044,331,Milam County,29418,15036,14382,14669,7334,7335,2533,1285,1248,11549,6058,5491,667,359,308
0.5 Scen,2045,331,Milam County,29535,15117,14418,14581,7301,7280,2528,1287,1241,11750,6165,5585,676,364,312
0.5 Scen,2046,331,Milam County,29681,15204,14477,14509,7265,7244,2533,1295,1238,11954,6275,5679,685,369,316
0.5 Scen,2047,331,Milam County,29840,15296,14544,14441,7240,7201,2537,1298,1239,12168,6384,5784,694,374,320
0.5 Scen,2048,331,Milam County,29991,15391,14600,14365,7211,7154,2538,1300,1238,12383,6500,5883,705,380,325
0.5 Scen,2049,331,Milam County,30146,15483,14663,14305,7187,7118,2533,1298,1235,12591,6612,5979,717,386,331
0.5 Scen,2050,331,Milam County,30308,15581,14727,14235,7159,7076,2527,1297,1230,12819,6734,6085,727,391,336
0.5 Scen,2010,333,Mills County,4936,2445,2491,4024,1965,2059,26,13,13,818,429,389,68,38,30
0.5 Scen,2011,333,Mills County,4939,2448,2491,4014,1961,2053,26,13,13,830,435,395,69,39,30
0.5 Scen,2012,333,Mills County,4940,2445,2495,4003,1953,2050,26,13,13,841,440,401,70,39,31
0.5 Scen,2013,333,Mills County,4939,2445,2494,3991,1947,2044,26,13,13,852,446,406,70,39,31
0.5 Scen,2014,333,Mills County,4937,2446,2491,3975,1942,2033,26,13,13,865,452,413,71,39,32
0.5 Scen,2015,333,Mills County,4933,2448,2485,3957,1936,2021,26,13,13,879,460,419,71,39,32
0.5 Scen,2016,333,Mills County,4939,2450,2489,3948,1931,2017,26,13,13,894,467,427,71,39,32
0.5 Scen,2017,333,Mills County,4936,2455,2481,3931,1928,2003,25,13,12,909,475,434,71,39,32
0.5 Scen,2018,333,Mills County,4944,2463,2481,3920,1927,1993,26,13,13,927,484,443,71,39,32
0.5 Scen,2019,333,Mills County,4958,2475,2483,3917,1929,1988,27,14,13,943,493,450,71,39,32
0.5 Scen,2020,333,Mills County,4967,2480,2487,3908,1925,1983,28,14,14,960,502,458,71,39,32
0.5 Scen,2021,333,Mills County,4985,2491,2494,3908,1927,1981,29,15,14,977,510,467,71,39,32
0.5 Scen,2022,333,Mills County,5008,2501,2507,3912,1928,1984,30,15,15,995,519,476,71,39,32
0.5 Scen,2023,333,Mills County,5023,2515,2508,3911,1933,1978,31,16,15,1010,527,483,71,39,32
0.5 Scen,2024,333,Mills County,5046,2529,2517,3917,1938,1979,32,16,16,1025,535,490,72,40,32
0.5 Scen,2025,333,Mills County,5056,2538,2518,3914,1939,1975,33,17,16,1036,542,494,73,40,33
0.5 Scen,2026,333,Mills County,5078,2548,2530,3918,1941,1977,34,17,17,1053,550,503,73,40,33
0.5 Scen,2027,333,Mills County,5096,2559,2537,3919,1942,1977,35,18,17,1069,559,510,73,40,33
0.5 Scen,2028,333,Mills County,5116,2568,2548,3925,1945,1980,35,18,17,1083,565,518,73,40,33
0.5 Scen,2029,333,Mills County,5136,2576,2560,3928,1943,1985,35,18,17,1102,577,525,71,38,33
0.5 Scen,2030,333,Mills County,5154,2587,2567,3928,1945,1983,35,18,17,1120,586,534,71,38,33
0.5 Scen,2031,333,Mills County,5179,2604,2575,3934,1950,1984,35,18,17,1141,598,543,69,38,31
0.5 Scen,2032,333,Mills County,5203,2617,2586,3938,1953,1985,35,18,17,1160,608,552,70,38,32
0.5 Scen,2033,333,Mills County,5223,2626,2597,3938,1951,1987,35,18,17,1180,619,561,70,38,32
0.5 Scen,2034,333,Mills County,5242,2639,2603,3940,1954,1986,35,18,17,1196,628,568,71,39,32
0.5 Scen,2035,333,Mills County,5261,2652,2609,3943,1958,1985,35,18,17,1212,637,575,71,39,32
0.5 Scen,2036,333,Mills County,5282,2666,2616,3947,1963,1984,35,18,17,1229,646,583,71,39,32
0.5 Scen,2037,333,Mills County,5299,2679,2620,3949,1967,1982,35,18,17,1244,655,589,71,39,32
0.5 Scen,2038,333,Mills County,5318,2689,2629,3953,1968,1985,35,18,17,1259,664,595,71,39,32
0.5 Scen,2039,333,Mills County,5338,2700,2638,3959,1971,1988,35,18,17,1274,673,601,70,38,32
0.5 Scen,2040,333,Mills County,5352,2709,2643,3964,1975,1989,35,18,17,1285,680,605,68,36,32
0.5 Scen,2041,333,Mills County,5369,2721,2648,3969,1982,1987,35,18,17,1297,684,613,68,37,31
0.5 Scen,2042,333,Mills County,5382,2724,2658,3977,1984,1993,35,18,17,1304,687,617,66,35,31
0.5 Scen,2043,333,Mills County,5395,2732,2663,3976,1986,1990,35,18,17,1319,694,625,65,34,31
0.5 Scen,2044,333,Mills County,5422,2746,2676,3995,1996,1999,35,18,17,1329,699,630,63,33,30
0.5 Scen,2045,333,Mills County,5447,2757,2690,4011,2004,2007,35,18,17,1338,702,636,63,33,30
0.5 Scen,2046,333,Mills County,5465,2767,2698,4021,2012,2009,35,18,17,1346,704,642,63,33,30
0.5 Scen,2047,333,Mills County,5491,2780,2711,4042,2022,2020,35,18,17,1351,707,644,63,33,30
0.5 Scen,2048,333,Mills County,5514,2794,2720,4058,2033,2025,35,18,17,1361,711,650,60,32,28
0.5 Scen,2049,333,Mills County,5552,2815,2737,4086,2050,2036,35,18,17,1371,715,656,60,32,28
0.5 Scen,2050,333,Mills County,5584,2833,2751,4111,2065,2046,33,18,15,1378,717,661,62,33,29
0.5 Scen,2010,335,Mitchell County,9403,5746,3657,4753,2509,2244,1043,922,121,3481,2245,1236,126,70,56
0.5 Scen,2011,335,Mitchell County,9456,5774,3682,4762,2513,2249,1046,924,122,3520,2266,1254,128,71,57
0.5 Scen,2012,335,Mitchell County,9499,5797,3702,4759,2511,2248,1048,926,122,3563,2289,1274,129,71,58
0.5 Scen,2013,335,Mitchell County,9539,5822,3717,4759,2515,2244,1049,926,123,3601,2309,1292,130,72,58
0.5 Scen,2014,335,Mitchell County,9587,5848,3739,4760,2518,2242,1050,925,125,3646,2333,1313,131,72,59
0.5 Scen,2015,335,Mitchell County,9621,5866,3755,4751,2516,2235,1046,919,127,3692,2358,1334,132,73,59
0.5 Scen,2016,335,Mitchell County,9646,5887,3759,4733,2514,2219,1048,919,129,3731,2380,1351,134,74,60
0.5 Scen,2017,335,Mitchell County,9670,5896,3774,4725,2508,2217,1044,913,131,3766,2401,1365,135,74,61
0.5 Scen,2018,335,Mitchell County,9706,5918,3788,4721,2510,2211,1042,912,130,3806,2421,1385,137,75,62
0.5 Scen,2019,335,Mitchell County,9747,5939,3808,4713,2505,2208,1044,911,133,3851,2447,1404,139,76,63
0.5 Scen,2020,335,Mitchell County,9787,5964,3823,4706,2505,2201,1042,908,134,3899,2475,1424,140,76,64
0.5 Scen,2021,335,Mitchell County,9828,5986,3842,4702,2501,2201,1043,908,135,3944,2500,1444,139,77,62
0.5 Scen,2022,335,Mitchell County,9863,6002,3861,4692,2496,2196,1041,906,135,3989,2523,1466,141,77,64
0.5 Scen,2023,335,Mitchell County,9908,6028,3880,4689,2496,2193,1041,906,135,4036,2548,1488,142,78,64
0.5 Scen,2024,335,Mitchell County,9949,6049,3900,4683,2494,2189,1042,905,137,4081,2572,1509,143,78,65
0.5 Scen,2025,335,Mitchell County,9993,6071,3922,4679,2490,2189,1045,905,140,4124,2596,1528,145,80,65
0.5 Scen,2026,335,Mitchell County,10021,6081,3940,4669,2483,2186,1043,902,141,4165,2618,1547,144,78,66
0.5 Scen,2027,335,Mitchell County,10047,6099,3948,4652,2479,2173,1042,900,142,4207,2641,1566,146,79,67
0.5 Scen,2028,335,Mitchell County,10071,6111,3960,4639,2474,2165,1043,899,144,4241,2658,1583,148,80,68
0.5 Scen,2029,335,Mitchell County,10103,6128,3975,4630,2468,2162,1043,897,146,4279,2681,1598,151,82,69
0.5 Scen,2030,335,Mitchell County,10120,6140,3980,4613,2462,2151,1045,898,147,4310,2697,1613,152,83,69
0.5 Scen,2031,335,Mitchell County,10141,6152,3989,4603,2459,2144,1045,897,148,4340,2712,1628,153,84,69
0.5 Scen,2032,335,Mitchell County,10160,6173,3987,4598,2460,2138,1045,896,149,4362,2732,1630,155,85,70
0.5 Scen,2033,335,Mitchell County,10188,6194,3994,4591,2458,2133,1043,893,150,4398,2757,1641,156,86,70
0.5 Scen,2034,335,Mitchell County,10218,6211,4007,4591,2457,2134,1041,890,151,4429,2778,1651,157,86,71
0.5 Scen,2035,335,Mitchell County,10238,6228,4010,4582,2454,2128,1040,888,152,4457,2799,1658,159,87,72
0.5 Scen,2036,335,Mitchell County,10255,6243,4012,4567,2449,2118,1040,887,153,4489,2820,1669,159,87,72
0.5 Scen,2037,335,Mitchell County,10268,6251,4017,4560,2446,2114,1038,885,153,4510,2832,1678,160,88,72
0.5 Scen,2038,335,Mitchell County,10294,6270,4024,4547,2439,2108,1041,887,154,4546,2856,1690,160,88,72
0.5 Scen,2039,335,Mitchell County,10313,6284,4029,4539,2436,2103,1041,886,155,4572,2873,1699,161,89,72
0.5 Scen,2040,335,Mitchell County,10335,6302,4033,4534,2439,2095,1040,884,156,4600,2890,1710,161,89,72
0.5 Scen,2041,335,Mitchell County,10358,6316,4042,4524,2435,2089,1039,882,157,4634,2910,1724,161,89,72
0.5 Scen,2042,335,Mitchell County,10384,6337,4047,4517,2436,2081,1040,882,158,4666,2930,1736,161,89,72
0.5 Scen,2043,335,Mitchell County,10396,6346,4050,4502,2430,2072,1040,881,159,4693,2946,1747,161,89,72
0.5 Scen,2044,335,Mitchell County,10412,6357,4055,4490,2426,2064,1035,876,159,4725,2966,1759,162,89,73
0.5 Scen,2045,335,Mitchell County,10424,6373,4051,4480,2425,2055,1035,875,160,4749,2985,1764,160,88,72
0.5 Scen,2046,335,Mitchell County,10434,6387,4047,4475,2425,2050,1032,871,161,4768,3004,1764,159,87,72
0.5 Scen,2047,335,Mitchell County,10448,6395,4053,4469,2423,2046,1029,867,162,4790,3018,1772,160,87,73
0.5 Scen,2048,335,Mitchell County,10457,6402,4055,4459,2420,2039,1027,864,163,4813,3032,1781,158,86,72
0.5 Scen,2049,335,Mitchell County,10476,6418,4058,4445,2419,2026,1026,864,162,4846,3049,1797,159,86,73
0.5 Scen,2050,335,Mitchell County,10478,6425,4053,4434,2419,2015,1022,860,162,4863,3060,1803,159,86,73
0.5 Scen,2010,337,Montague County,19719,9665,10054,17347,8488,8859,38,27,11,1930,968,962,404,182,222
0.5 Scen,2011,337,Montague County,19833,9729,10104,17404,8522,8882,38,27,11,1983,995,988,408,185,223
0.5 Scen,2012,337,Montague County,19901,9774,10127,17422,8541,8881,38,27,11,2030,1019,1011,411,187,224
0.5 Scen,2013,337,Montague County,19984,9828,10156,17447,8566,8881,38,27,11,2081,1045,1036,418,190,228
0.5 Scen,2014,337,Montague County,20078,9883,10195,17484,8591,8893,38,27,11,2136,1073,1063,420,192,228
0.5 Scen,2015,337,Montague County,20171,9938,10233,17519,8618,8901,38,27,11,2185,1097,1088,429,196,233
0.5 Scen,2016,337,Montague County,20267,9997,10270,17554,8646,8908,38,27,11,2239,1125,1114,436,199,237
0.5 Scen,2017,337,Montague County,20350,10053,10297,17582,8673,8909,38,27,11,2290,1152,1138,440,201,239
0.5 Scen,2018,337,Montague County,20453,10112,10341,17620,8700,8920,38,27,11,2349,1181,1168,446,204,242
0.5 Scen,2019,337,Montague County,20554,10166,10388,17653,8719,8934,38,27,11,2410,1212,1198,453,208,245
0.5 Scen,2020,337,Montague County,20658,10225,10433,17680,8735,8945,38,27,11,2479,1249,1230,461,214,247
0.5 Scen,2021,337,Montague County,20746,10290,10456,17699,8760,8939,39,28,11,2542,1284,1258,466,218,248
0.5 Scen,2022,337,Montague County,20869,10361,10508,17741,8787,8954,40,28,12,2616,1323,1293,472,223,249
0.5 Scen,2023,337,Montague County,20968,10423,10545,17760,8807,8953,41,29,12,2690,1360,1330,477,227,250
0.5 Scen,2024,337,Montague County,21063,10478,10585,17774,8821,8953,42,29,13,2763,1398,1365,484,230,254
0.5 Scen,2025,337,Montague County,21163,10534,10629,17794,8836,8958,43,30,13,2836,1435,1401,490,233,257
0.5 Scen,2026,337,Montague County,21251,10589,10662,17799,8847,8952,43,30,13,2914,1475,1439,495,237,258
0.5 Scen,2027,337,Montague County,21317,10625,10692,17789,8845,8944,44,31,13,2985,1510,1475,499,239,260
0.5 Scen,2028,337,Montague County,21396,10679,10717,17788,8856,8932,44,31,13,3059,1549,1510,505,243,262
0.5 Scen,2029,337,Montague County,21468,10723,10745,17784,8864,8920,44,31,13,3133,1583,1550,507,245,262
0.5 Scen,2030,337,Montague County,21529,10766,10763,17769,8867,8902,44,31,13,3203,1619,1584,513,249,264
0.5 Scen,2031,337,Montague County,21582,10804,10778,17755,8870,8885,44,31,13,3268,1653,1615,515,250,265
0.5 Scen,2032,337,Montague County,21635,10838,10797,17731,8862,8869,44,31,13,3343,1692,1651,517,253,264
0.5 Scen,2033,337,Montague County,21675,10866,10809,17693,8852,8841,44,31,13,3420,1730,1690,518,253,265
0.5 Scen,2034,337,Montague County,21708,10898,10810,17644,8840,8804,44,31,13,3502,1772,1730,518,255,263
0.5 Scen,2035,337,Montague County,21758,10936,10822,17613,8835,8778,44,31,13,3578,1813,1765,523,257,266
0.5 Scen,2036,337,Montague County,21797,10969,10828,17570,8826,8744,44,31,13,3658,1854,1804,525,258,267
0.5 Scen,2037,337,Montague County,21828,10996,10832,17523,8813,8710,44,31,13,3733,1893,1840,528,259,269
0.5 Scen,2038,337,Montague County,21862,11015,10847,17481,8796,8685,44,31,13,3809,1930,1879,528,258,270
0.5 Scen,2039,337,Montague County,21892,11040,10852,17430,8780,8650,44,31,13,3887,1969,1918,531,260,271
0.5 Scen,2040,337,Montague County,21920,11059,10861,17385,8765,8620,44,31,13,3963,2005,1958,528,258,270
0.5 Scen,2041,337,Montague County,21951,11091,10860,17342,8759,8583,44,31,13,4038,2043,1995,527,258,269
0.5 Scen,2042,337,Montague County,21982,11107,10875,17294,8739,8555,44,31,13,4118,2080,2038,526,257,269
0.5 Scen,2043,337,Montague County,22006,11129,10877,17245,8724,8521,42,30,12,4190,2115,2075,529,260,269
0.5 Scen,2044,337,Montague County,22050,11163,10887,17203,8712,8491,42,30,12,4275,2159,2116,530,262,268
0.5 Scen,2045,337,Montague County,22077,11192,10885,17150,8697,8453,42,30,12,4353,2201,2152,532,264,268
0.5 Scen,2046,337,Montague County,22121,11221,10900,17107,8680,8427,42,30,12,4439,2246,2193,533,265,268
0.5 Scen,2047,337,Montague County,22166,11259,10907,17067,8670,8397,42,30,12,4524,2293,2231,533,266,267
0.5 Scen,2048,337,Montague County,22193,11292,10901,17013,8656,8357,41,29,12,4602,2338,2264,537,269,268
0.5 Scen,2049,337,Montague County,22245,11324,10921,16975,8641,8334,42,29,13,4691,2385,2306,537,269,268
0.5 Scen,2050,337,Montague County,22306,11367,10939,16935,8631,8304,42,29,13,4791,2437,2354,538,270,268
0.5 Scen,2010,339,Montgomery County,455746,225911,229835,324611,159667,164944,18537,8908,9629,94698,48868,45830,17900,8468,9432
0.5 Scen,2011,339,Montgomery County,465788,230627,235161,329194,161644,167550,19072,9164,9908,98933,51006,47927,18589,8813,9776
0.5 Scen,2012,339,Montgomery County,476071,235414,240657,333850,163613,170237,19598,9420,10178,103355,53236,50119,19268,9145,10123
0.5 Scen,2013,339,Montgomery County,486494,240220,246274,338447,165509,172938,20148,9683,10465,107960,55558,52402,19939,9470,10469
0.5 Scen,2014,339,Montgomery County,497042,245179,251863,342929,167424,175505,20705,9945,10760,112744,57983,54761,20664,9827,10837
0.5 Scen,2015,339,Montgomery County,507965,250263,257702,347570,169357,178213,21276,10217,11059,117739,60512,57227,21380,10177,11203
0.5 Scen,2016,339,Montgomery County,519004,255388,263616,352121,171236,180885,21856,10497,11359,122938,63135,59803,22089,10520,11569
0.5 Scen,2017,339,Montgomery County,530078,260543,269535,356480,173033,183447,22445,10776,11669,128364,65859,62505,22789,10875,11914
0.5 Scen,2018,339,Montgomery County,541499,265894,275605,360959,174894,186065,23047,11069,11978,133959,68696,65263,23534,11235,12299
0.5 Scen,2019,339,Montgomery County,553115,271303,281812,365330,176671,188659,23662,11360,12302,139811,71645,68166,24312,11627,12685
0.5 Scen,2020,339,Montgomery County,564926,276799,288127,369635,178436,191199,24286,11651,12635,145897,74712,71185,25108,12000,13108
0.5 Scen,2021,339,Montgomery County,577070,282472,294598,373995,180196,193799,24920,11957,12963,152229,77904,74325,25926,12415,13511
0.5 Scen,2022,339,Montgomery County,589402,288215,301187,378318,181939,196379,25562,12265,13297,158768,81197,77571,26754,12814,13940
0.5 Scen,2023,339,Montgomery County,602117,294174,307943,382607,183671,198936,26225,12581,13644,165664,84674,80990,27621,13248,14373
0.5 Scen,2024,339,Montgomery County,615165,300236,314929,386928,185396,201532,26891,12895,13996,172788,88252,84536,28558,13693,14865
0.5 Scen,2025,339,Montgomery County,628423,306452,321971,391176,187098,204078,27582,13230,14352,180152,91944,88208,29513,14180,15333
0.5 Scen,2026,339,Montgomery County,641904,312759,329145,395310,188730,206580,28265,13553,14712,187835,95820,92015,30494,14656,15838
0.5 Scen,2027,339,Montgomery County,655591,319181,336410,399416,190362,209054,28952,13885,15067,195774,99800,95974,31449,15134,16315
0.5 Scen,2028,339,Montgomery County,669675,325836,343839,403491,191985,211506,29649,14222,15427,203995,103944,100051,32540,15685,16855
0.5 Scen,2029,339,Montgomery County,683832,332465,351367,407460,193540,213920,30353,14560,15793,212508,108177,104331,33511,16188,17323
0.5 Scen,2030,339,Montgomery County,698439,339358,359081,411425,195141,216284,31047,14892,16155,221319,112616,108703,34648,16709,17939
0.5 Scen,2031,339,Montgomery County,713084,346263,366821,415163,196605,218558,31747,15232,16515,230415,117131,113284,35759,17295,18464
0.5 Scen,2032,339,Montgomery County,728062,353345,374717,418877,198087,220790,32467,15568,16899,239773,121823,117950,36945,17867,19078
0.5 Scen,2033,339,Montgomery County,743098,360431,382667,422355,199434,222921,33181,15906,17275,249435,126625,122810,38127,18466,19661
0.5 Scen,2034,339,Montgomery County,758248,367662,390586,425754,200777,224977,33888,16240,17648,259345,131590,127755,39261,19055,20206
0.5 Scen,2035,339,Montgomery County,773658,374994,398664,429020,202079,226941,34592,16577,18015,269517,136665,132852,40529,19673,20856
0.5 Scen,2036,339,Montgomery County,789221,382361,406860,432174,203300,228874,35306,16918,18388,279986,141854,138132,41755,20289,21466
0.5 Scen,2037,339,Montgomery County,804917,389842,415075,435165,204453,230712,36008,17256,18752,290755,147223,143532,42989,20910,22079
0.5 Scen,2038,339,Montgomery County,820690,397371,423319,437994,205531,232463,36718,17605,19113,301762,152697,149065,44216,21538,22678
0.5 Scen,2039,339,Montgomery County,836705,405026,431679,440736,206587,234149,37420,17945,19475,313071,158320,154751,45478,22174,23304
0.5 Scen,2040,339,Montgomery County,852925,412789,440136,443334,207565,235769,38134,18292,19842,324693,164114,160579,46764,22818,23946
0.5 Scen,2041,339,Montgomery County,869174,420593,448581,445789,208493,237296,38849,18638,20211,336523,170002,166521,48013,23460,24553
0.5 Scen,2042,339,Montgomery County,885690,428537,457153,448100,209363,238737,39550,18985,20565,348718,176078,172640,49322,24111,25211
0.5 Scen,2043,339,Montgomery County,902399,436573,465826,450316,210176,240140,40254,19326,20928,361232,182302,178930,50597,24769,25828
0.5 Scen,2044,339,Montgomery County,919202,444696,474506,452414,210959,241455,40958,19668,21290,373998,188650,185348,51832,25419,26413
0.5 Scen,2045,339,Montgomery County,936313,452951,483362,454426,211704,242722,41665,20006,21659,387082,195157,191925,53140,26084,27056
0.5 Scen,2046,339,Montgomery County,953729,461376,492353,456370,212420,243950,42368,20344,22024,400523,201870,198653,54468,26742,27726
0.5 Scen,2047,339,Montgomery County,971441,469969,501472,458299,213152,245147,43080,20696,22384,414292,208718,205574,55770,27403,28367
0.5 Scen,2048,339,Montgomery County,989502,478716,510786,460200,213869,246331,43818,21059,22759,428382,215725,212657,57102,28063,29039
0.5 Scen,2049,339,Montgomery County,1007780,487628,520152,462083,214592,247491,44510,21399,23111,442838,222939,219899,58349,28698,29651
0.5 Scen,2050,339,Montgomery County,1026627,496856,529771,463974,215328,248646,45216,21754,23462,457664,230323,227341,59773,29451,30322
0.5 Scen,2010,341,Moore County,21904,11317,10587,8370,4091,4279,287,205,82,11542,6019,5523,1705,1002,703
0.5 Scen,2011,341,Moore County,22261,11512,10749,8395,4106,4289,291,207,84,11805,6158,5647,1770,1041,729
0.5 Scen,2012,341,Moore County,22588,11694,10894,8405,4117,4288,295,209,86,12057,6291,5766,1831,1077,754
0.5 Scen,2013,341,Moore County,22926,11881,11045,8410,4125,4285,299,212,87,12319,6427,5892,1898,1117,781
0.5 Scen,2014,341,Moore County,23260,12069,11191,8405,4133,4272,304,215,89,12586,6565,6021,1965,1156,809
0.5 Scen,2015,341,Moore County,23593,12256,11337,8401,4142,4259,309,218,91,12849,6698,6151,2034,1198,836
0.5 Scen,2016,341,Moore County,23934,12435,11499,8401,4143,4258,313,221,92,13111,6828,6283,2109,1243,866
0.5 Scen,2017,341,Moore County,24277,12618,11659,8404,4149,4255,318,224,94,13375,6958,6417,2180,1287,893
0.5 Scen,2018,341,Moore County,24616,12789,11827,8415,4157,4258,322,227,95,13631,7082,6549,2248,1323,925
0.5 Scen,2019,341,Moore County,24973,12982,11991,8419,4163,4256,327,229,98,13904,7220,6684,2323,1370,953
0.5 Scen,2020,341,Moore County,25317,13165,12152,8414,4162,4252,331,231,100,14171,7353,6818,2401,1419,982
0.5 Scen,2021,341,Moore County,25655,13345,12310,8411,4167,4244,334,232,102,14427,7479,6948,2483,1467,1016
0.5 Scen,2022,341,Moore County,26018,13540,12478,8422,4176,4246,338,234,104,14695,7615,7080,2563,1515,1048
0.5 Scen,2023,341,Moore County,26382,13740,12642,8433,4186,4247,342,236,106,14962,7749,7213,2645,1569,1076
0.5 Scen,2024,341,Moore County,26714,13919,12795,8431,4189,4242,346,238,108,15214,7877,7337,2723,1615,1108
0.5 Scen,2025,341,Moore County,27063,14113,12950,8427,4190,4237,350,240,110,15475,8014,7461,2811,1669,1142
0.5 Scen,2026,341,Moore County,27432,14316,13116,8434,4200,4234,355,243,112,15741,8149,7592,2902,1724,1178
0.5 Scen,2027,341,Moore County,27793,14521,13272,8432,4204,4228,359,246,113,16002,8287,7715,3000,1784,1216
0.5 Scen,2028,341,Moore County,28170,14734,13436,8423,4206,4217,363,249,114,16291,8436,7855,3093,1843,1250
0.5 Scen,2029,341,Moore County,28546,14938,13608,8416,4206,4210,368,252,116,16568,8576,7992,3194,1904,1290
0.5 Scen,2030,341,Moore County,28925,15153,13772,8411,4209,4202,373,255,118,16853,8727,8126,3288,1962,1326
0.5 Scen,2031,341,Moore County,29285,15352,13933,8401,4206,4195,377,257,120,17120,8867,8253,3387,2022,1365
0.5 Scen,2032,341,Moore County,29684,15577,14107,8399,4210,4189,381,259,122,17404,9017,8387,3500,2091,1409
0.5 Scen,2033,341,Moore County,30089,15810,14279,8394,4214,4180,386,262,124,17684,9168,8516,3625,2166,1459
0.5 Scen,2034,341,Moore County,30492,16032,14460,8383,4216,4167,392,265,127,17973,9317,8656,3744,2234,1510
0.5 Scen,2035,341,Moore County,30890,16257,14633,8367,4212,4155,396,267,129,18250,9465,8785,3877,2313,1564
0.5 Scen,2036,341,Moore County,31299,16478,14821,8358,4212,4146,400,269,131,18532,9612,8920,4009,2385,1624
0.5 Scen,2037,341,Moore County,31711,16705,15006,8344,4209,4135,404,271,133,18806,9757,9049,4157,2468,1689
0.5 Scen,2038,341,Moore County,32134,16938,15196,8329,4207,4122,408,273,135,19091,9906,9185,4306,2552,1754
0.5 Scen,2039,341,Moore County,32565,17177,15388,8314,4209,4105,413,276,137,19365,10051,9314,4473,2641,1832
0.5 Scen,2040,341,Moore County,32982,17402,15580,8295,4200,4095,417,278,139,19644,10197,9447,4626,2727,1899
0.5 Scen,2041,341,Moore County,33417,17638,15779,8279,4194,4085,421,279,142,19909,10339,9570,4808,2826,1982
0.5 Scen,2042,341,Moore County,33857,17885,15972,8267,4196,4071,426,281,145,20181,10483,9698,4983,2925,2058
0.5 Scen,2043,341,Moore County,34289,18117,16172,8247,4187,4060,431,283,148,20457,10633,9824,5154,3014,2140
0.5 Scen,2044,341,Moore County,34706,18349,16357,8219,4177,4042,433,285,148,20723,10776,9947,5331,3111,2220
0.5 Scen,2045,341,Moore County,35139,18595,16544,8198,4173,4025,436,286,150,20983,10917,10066,5522,3219,2303
0.5 Scen,2046,341,Moore County,35593,18850,16743,8173,4163,4010,439,287,152,21261,11071,10190,5720,3329,2391
0.5 Scen,2047,341,Moore County,36051,19105,16946,8152,4160,3992,442,288,154,21528,11214,10314,5929,3443,2486
0.5 Scen,2048,341,Moore County,36508,19359,17149,8129,4155,3974,444,288,156,21806,11363,10443,6129,3553,2576
0.5 Scen,2049,341,Moore County,36960,19602,17358,8107,4147,3960,446,288,158,22072,11504,10568,6335,3663,2672
0.5 Scen,2050,341,Moore County,37420,19857,17563,8086,4143,3943,449,289,160,22332,11642,10690,6553,3783,2770
0.5 Scen,2010,343,Morris County,12934,6239,6695,8636,4187,4449,2952,1353,1599,1003,527,476,343,172,171
0.5 Scen,2011,343,Morris County,12997,6280,6717,8656,4201,4455,2970,1365,1605,1025,540,485,346,174,172
0.5 Scen,2012,343,Morris County,13050,6314,6736,8659,4206,4453,2993,1378,1615,1051,555,496,347,175,172
0.5 Scen,2013,343,Morris County,13103,6355,6748,8658,4213,4445,3016,1395,1621,1079,570,509,350,177,173
0.5 Scen,2014,343,Morris County,13144,6393,6751,8642,4219,4423,3041,1411,1630,1106,584,522,355,179,176
0.5 Scen,2015,343,Morris County,13193,6433,6760,8634,4224,4410,3062,1427,1635,1137,599,538,360,183,177
0.5 Scen,2016,343,Morris County,13241,6470,6771,8621,4224,4397,3089,1445,1644,1167,616,551,364,185,179
0.5 Scen,2017,343,Morris County,13296,6504,6792,8611,4221,4390,3114,1459,1655,1202,636,566,369,188,181
0.5 Scen,2018,343,Morris County,13342,6537,6805,8602,4220,4382,3133,1473,1660,1233,653,580,374,191,183
0.5 Scen,2019,343,Morris County,13394,6567,6827,8597,4217,4380,3155,1487,1668,1263,670,593,379,193,186
0.5 Scen,2020,343,Morris County,13435,6599,6836,8579,4209,4370,3170,1503,1667,1300,690,610,386,197,189
0.5 Scen,2021,343,Morris County,13484,6631,6853,8565,4206,4359,3191,1514,1677,1338,711,627,390,200,190
0.5 Scen,2022,343,Morris County,13520,6660,6860,8548,4204,4344,3202,1520,1682,1370,730,640,400,206,194
0.5 Scen,2023,343,Morris County,13543,6682,6861,8527,4199,4328,3200,1523,1677,1409,751,658,407,209,198
0.5 Scen,2024,343,Morris County,13573,6702,6871,8503,4193,4310,3207,1528,1679,1447,770,677,416,211,205
0.5 Scen,2025,343,Morris County,13583,6721,6862,8470,4179,4291,3206,1535,1671,1485,792,693,422,215,207
0.5 Scen,2026,343,Morris County,13610,6745,6865,8449,4175,4274,3207,1539,1668,1531,814,717,423,217,206
0.5 Scen,2027,343,Morris County,13636,6769,6867,8426,4169,4257,3202,1538,1664,1579,841,738,429,221,208
0.5 Scen,2028,343,Morris County,13658,6794,6864,8404,4167,4237,3193,1537,1656,1626,866,760,435,224,211
0.5 Scen,2029,343,Morris County,13669,6809,6860,8370,4155,4215,3185,1534,1651,1675,894,781,439,226,213
0.5 Scen,2030,343,Morris County,13692,6832,6860,8341,4148,4193,3177,1535,1642,1727,920,807,447,229,218
0.5 Scen,2031,343,Morris County,13716,6854,6862,8311,4138,4173,3169,1532,1637,1780,949,831,456,235,221
0.5 Scen,2032,343,Morris County,13740,6879,6861,8284,4131,4153,3158,1533,1625,1834,977,857,464,238,226
0.5 Scen,2033,343,Morris County,13754,6902,6852,8256,4122,4134,3146,1536,1610,1885,1004,881,467,240,227
0.5 Scen,2034,343,Morris County,13763,6924,6839,8218,4113,4105,3144,1543,1601,1929,1025,904,472,243,229
0.5 Scen,2035,343,Morris County,13775,6943,6832,8175,4095,4080,3145,1549,1596,1977,1052,925,478,247,231
0.5 Scen,2036,343,Morris County,13809,6979,6830,8149,4091,4058,3150,1557,1593,2029,1081,948,481,250,231
0.5 Scen,2037,343,Morris County,13830,6998,6832,8111,4076,4035,3155,1563,1592,2079,1107,972,485,252,233
0.5 Scen,2038,343,Morris County,13846,7011,6835,8076,4058,4018,3155,1569,1586,2132,1131,1001,483,253,230
0.5 Scen,2039,343,Morris County,13871,7037,6834,8041,4050,3991,3159,1576,1583,2184,1157,1027,487,254,233
0.5 Scen,2040,343,Morris County,13895,7060,6835,8004,4038,3966,3162,1583,1579,2243,1186,1057,486,253,233
0.5 Scen,2041,343,Morris County,13924,7081,6843,7964,4021,3943,3165,1586,1579,2304,1218,1086,491,256,235
0.5 Scen,2042,343,Morris County,13954,7108,6846,7928,4013,3915,3165,1587,1578,2364,1248,1116,497,260,237
0.5 Scen,2043,343,Morris County,13981,7127,6854,7890,3997,3893,3164,1590,1574,2427,1278,1149,500,262,238
0.5 Scen,2044,343,Morris County,14014,7160,6854,7858,3989,3869,3157,1592,1565,2491,1311,1180,508,268,240
0.5 Scen,2045,343,Morris County,14042,7182,6860,7817,3972,3845,3153,1594,1559,2560,1346,1214,512,270,242
0.5 Scen,2046,343,Morris County,14075,7208,6867,7782,3960,3822,3152,1596,1556,2625,1379,1246,516,273,243
0.5 Scen,2047,343,Morris County,14115,7250,6865,7751,3953,3798,3152,1608,1544,2693,1414,1279,519,275,244
0.5 Scen,2048,343,Morris County,14149,7280,6869,7712,3938,3774,3144,1611,1533,2770,1453,1317,523,278,245
0.5 Scen,2049,343,Morris County,14203,7322,6881,7680,3930,3750,3146,1617,1529,2847,1493,1354,530,282,248
0.5 Scen,2050,343,Morris County,14250,7360,6890,7652,3924,3728,3148,1622,1526,2917,1530,1387,533,284,249
0.5 Scen,2010,345,Motley County,1210,613,597,1013,509,504,24,15,9,163,84,79,10,5,5
0.5 Scen,2011,345,Motley County,1213,614,599,1013,508,505,24,15,9,166,86,80,10,5,5
0.5 Scen,2012,345,Motley County,1214,613,601,1011,506,505,24,15,9,169,87,82,10,5,5
0.5 Scen,2013,345,Motley County,1218,616,602,1012,507,505,24,15,9,172,89,83,10,5,5
0.5 Scen,2014,345,Motley County,1219,617,602,1010,506,504,24,15,9,175,91,84,10,5,5
0.5 Scen,2015,345,Motley County,1220,619,601,1009,506,503,24,15,9,177,93,84,10,5,5
0.5 Scen,2016,345,Motley County,1217,617,600,1003,502,501,24,15,9,180,95,85,10,5,5
0.5 Scen,2017,345,Motley County,1221,618,603,1003,501,502,24,15,9,184,97,87,10,5,5
0.5 Scen,2018,345,Motley County,1223,619,604,1002,501,501,24,15,9,187,98,89,10,5,5
0.5 Scen,2019,345,Motley County,1221,619,602,996,499,497,24,15,9,191,100,91,10,5,5
0.5 Scen,2020,345,Motley County,1222,621,601,993,499,494,24,15,9,195,102,93,10,5,5
0.5 Scen,2021,345,Motley County,1223,623,600,990,499,491,24,15,9,199,104,95,10,5,5
0.5 Scen,2022,345,Motley County,1223,623,600,985,497,488,24,15,9,204,106,98,10,5,5
0.5 Scen,2023,345,Motley County,1217,620,597,975,491,484,24,15,9,208,109,99,10,5,5
0.5 Scen,2024,345,Motley County,1212,618,594,966,486,480,24,15,9,212,112,100,10,5,5
0.5 Scen,2025,345,Motley County,1213,619,594,962,484,478,24,15,9,217,115,102,10,5,5
0.5 Scen,2026,345,Motley County,1206,618,588,950,480,470,24,15,9,222,118,104,10,5,5
0.5 Scen,2027,345,Motley County,1207,621,586,946,480,466,24,15,9,227,121,106,10,5,5
0.5 Scen,2028,345,Motley County,1201,622,579,936,478,458,23,15,8,232,124,108,10,5,5
0.5 Scen,2029,345,Motley County,1199,623,576,929,476,453,23,15,8,237,127,110,10,5,5
0.5 Scen,2030,345,Motley County,1193,622,571,919,473,446,23,15,8,241,129,112,10,5,5
0.5 Scen,2031,345,Motley County,1186,621,565,907,469,438,23,15,8,246,132,114,10,5,5
0.5 Scen,2032,345,Motley County,1175,615,560,892,461,431,23,15,8,250,134,116,10,5,5
0.5 Scen,2033,345,Motley County,1170,615,555,883,458,425,23,15,8,255,137,118,9,5,4
0.5 Scen,2034,345,Motley County,1159,610,549,868,451,417,23,15,8,259,139,120,9,5,4
0.5 Scen,2035,345,Motley County,1149,605,544,856,445,411,22,14,8,262,141,121,9,5,4
0.5 Scen,2036,345,Motley County,1142,603,539,846,441,405,21,14,7,266,143,123,9,5,4
0.5 Scen,2037,345,Motley County,1139,603,536,840,439,401,21,14,7,269,145,124,9,5,4
0.5 Scen,2038,345,Motley County,1131,602,529,831,437,394,19,13,6,272,147,125,9,5,4
0.5 Scen,2039,345,Motley County,1122,598,524,819,431,388,19,13,6,275,149,126,9,5,4
0.5 Scen,2040,345,Motley County,1115,595,520,809,426,383,19,13,6,278,151,127,9,5,4
0.5 Scen,2041,345,Motley County,1111,596,515,802,425,377,19,13,6,281,153,128,9,5,4
0.5 Scen,2042,345,Motley County,1108,594,514,796,422,374,18,12,6,285,155,130,9,5,4
0.5 Scen,2043,345,Motley County,1102,594,508,789,420,369,17,12,5,287,157,130,9,5,4
0.5 Scen,2044,345,Motley County,1092,591,501,778,416,362,16,11,5,289,159,130,9,5,4
0.5 Scen,2045,345,Motley County,1085,589,496,767,411,356,16,11,5,293,162,131,9,5,4
0.5 Scen,2046,345,Motley County,1074,581,493,753,401,352,16,11,5,297,165,132,8,4,4
0.5 Scen,2047,345,Motley County,1066,579,487,741,397,344,16,11,5,301,167,134,8,4,4
0.5 Scen,2048,345,Motley County,1057,574,483,729,390,339,16,11,5,304,169,135,8,4,4
0.5 Scen,2049,345,Motley County,1054,574,480,723,388,335,16,11,5,307,171,136,8,4,4
0.5 Scen,2050,345,Motley County,1046,573,473,712,385,327,16,11,5,310,173,137,8,4,4
0.5 Scen,2010,347,Nacogdoches County,64524,30800,33724,39699,18927,20772,11573,5122,6451,11356,5851,5505,1896,900,996
0.5 Scen,2011,347,Nacogdoches County,65190,31190,34000,39864,19047,20817,11700,5198,6502,11693,6025,5668,1933,920,1013
0.5 Scen,2012,347,Nacogdoches County,65829,31569,34260,40012,19157,20855,11822,5276,6546,12024,6195,5829,1971,941,1030
0.5 Scen,2013,347,Nacogdoches County,66434,31923,34511,40122,19242,20880,11937,5351,6586,12371,6373,5998,2004,957,1047
0.5 Scen,2014,347,Nacogdoches County,67038,32275,34763,40209,19306,20903,12069,5435,6634,12719,6555,6164,2041,979,1062
0.5 Scen,2015,347,Nacogdoches County,67682,32645,35037,40305,19383,20922,12217,5520,6697,13079,6742,6337,2081,1000,1081
0.5 Scen,2016,347,Nacogdoches County,68439,33050,35389,40475,19484,20991,12385,5611,6774,13457,6932,6525,2122,1023,1099
0.5 Scen,2017,347,Nacogdoches County,69229,33475,35754,40668,19594,21074,12561,5710,6851,13836,7126,6710,2164,1045,1119
0.5 Scen,2018,347,Nacogdoches County,70033,33906,36127,40868,19705,21163,12726,5803,6923,14229,7327,6902,2210,1071,1139
0.5 Scen,2019,347,Nacogdoches County,70866,34358,36508,41065,19814,21251,12910,5907,7003,14634,7537,7097,2257,1100,1157
0.5 Scen,2020,347,Nacogdoches County,71702,34804,36898,41274,19925,21349,13084,6007,7077,15041,7744,7297,2303,1128,1175
0.5 Scen,2021,347,Nacogdoches County,72554,35259,37295,41479,20042,21437,13266,6105,7161,15459,7954,7505,2350,1158,1192
0.5 Scen,2022,347,Nacogdoches County,73400,35701,37699,41685,20151,21534,13435,6199,7236,15883,8169,7714,2397,1182,1215
0.5 Scen,2023,347,Nacogdoches County,74244,36143,38101,41880,20255,21625,13604,6295,7309,16323,8388,7935,2437,1205,1232
0.5 Scen,2024,347,Nacogdoches County,75095,36592,38503,42091,20368,21723,13768,6387,7381,16749,8604,8145,2487,1233,1254
0.5 Scen,2025,347,Nacogdoches County,75943,37037,38906,42281,20476,21805,13936,6479,7457,17203,8830,8373,2523,1252,1271
0.5 Scen,2026,347,Nacogdoches County,76805,37482,39323,42480,20577,21903,14096,6569,7527,17649,9051,8598,2580,1285,1295
0.5 Scen,2027,347,Nacogdoches County,77660,37939,39721,42661,20684,21977,14255,6656,7599,18113,9284,8829,2631,1315,1316
0.5 Scen,2028,347,Nacogdoches County,78503,38379,40124,42836,20777,22059,14405,6742,7663,18575,9513,9062,2687,1347,1340
0.5 Scen,2029,347,Nacogdoches County,79309,38817,40492,42980,20860,22120,14556,6825,7731,19038,9753,9285,2735,1379,1356
0.5 Scen,2030,347,Nacogdoches County,80093,39243,40850,43094,20932,22162,14700,6909,7791,19510,9991,9519,2789,1411,1378
0.5 Scen,2031,347,Nacogdoches County,80875,39665,41210,43184,20987,22197,14847,6992,7855,20002,10244,9758,2842,1442,1400
0.5 Scen,2032,347,Nacogdoches County,81676,40100,41576,43280,21044,22236,15013,7086,7927,20488,10499,9989,2895,1471,1424
0.5 Scen,2033,347,Nacogdoches County,82442,40497,41945,43344,21078,22266,15162,7164,7998,20987,10753,10234,2949,1502,1447
0.5 Scen,2034,347,Nacogdoches County,83248,40939,42309,43413,21125,22288,15335,7263,8072,21491,11014,10477,3009,1537,1472
0.5 Scen,2035,347,Nacogdoches County,84041,41365,42676,43480,21167,22313,15490,7356,8134,22002,11271,10731,3069,1571,1498
0.5 Scen,2036,347,Nacogdoches County,84832,41800,43032,43548,21214,22334,15644,7445,8199,22511,11537,10974,3129,1604,1525
0.5 Scen,2037,347,Nacogdoches County,85644,42219,43425,43624,21255,22369,15806,7531,8275,23018,11794,11224,3196,1639,1557
0.5 Scen,2038,347,Nacogdoches County,86465,42669,43796,43702,21305,22397,15967,7626,8341,23539,12059,11480,3257,1679,1578
0.5 Scen,2039,347,Nacogdoches County,87310,43128,44182,43805,21365,22440,16120,7719,8401,24059,12324,11735,3326,1720,1606
0.5 Scen,2040,347,Nacogdoches County,88150,43579,44571,43897,21425,22472,16278,7811,8467,24581,12588,11993,3394,1755,1639
0.5 Scen,2041,347,Nacogdoches County,88998,44021,44977,44008,21488,22520,16433,7897,8536,25100,12848,12252,3457,1788,1669
0.5 Scen,2042,347,Nacogdoches County,89872,44487,45385,44125,21556,22569,16589,7989,8600,25635,13116,12519,3523,1826,1697
0.5 Scen,2043,347,Nacogdoches County,90747,44957,45790,44242,21621,22621,16738,8081,8657,26174,13390,12784,3593,1865,1728
0.5 Scen,2044,347,Nacogdoches County,91634,45434,46200,44366,21698,22668,16898,8170,8728,26709,13662,13047,3661,1904,1757
0.5 Scen,2045,347,Nacogdoches County,92531,45910,46621,44494,21775,22719,17051,8260,8791,27253,13934,13319,3733,1941,1792
0.5 Scen,2046,347,Nacogdoches County,93445,46400,47045,44636,21864,22772,17189,8335,8854,27814,14220,13594,3806,1981,1825
0.5 Scen,2047,347,Nacogdoches County,94368,46898,47470,44775,21951,22824,17346,8428,8918,28365,14498,13867,3882,2021,1861
0.5 Scen,2048,347,Nacogdoches County,95298,47398,47900,44920,22039,22881,17496,8518,8978,28926,14780,14146,3956,2061,1895
0.5 Scen,2049,347,Nacogdoches County,96241,47899,48342,45073,22128,22945,17640,8604,9036,29498,15069,14429,4030,2098,1932
0.5 Scen,2050,347,Nacogdoches County,97224,48430,48794,45239,22228,23011,17794,8698,9096,30077,15360,14717,4114,2144,1970
0.5 Scen,2010,349,Navarro County,47735,23657,24078,28587,13966,14621,6490,3151,3339,11345,5888,5457,1313,652,661
0.5 Scen,2011,349,Navarro County,48247,23947,24300,28659,14024,14635,6527,3171,3356,11720,6084,5636,1341,668,673
0.5 Scen,2012,349,Navarro County,48749,24229,24520,28717,14075,14642,6557,3186,3371,12101,6280,5821,1374,688,686
0.5 Scen,2013,349,Navarro County,49270,24512,24758,28782,14115,14667,6581,3197,3384,12500,6491,6009,1407,709,698
0.5 Scen,2014,349,Navarro County,49769,24798,24971,28834,14157,14677,6595,3207,3388,12900,6705,6195,1440,729,711
0.5 Scen,2015,349,Navarro County,50292,25086,25206,28885,14193,14692,6622,3226,3396,13313,6919,6394,1472,748,724
0.5 Scen,2016,349,Navarro County,50814,25375,25439,28934,14232,14702,6642,3241,3401,13736,7138,6598,1502,764,738
0.5 Scen,2017,349,Navarro County,51364,25676,25688,28989,14276,14713,6671,3258,3413,14173,7362,6811,1531,780,751
0.5 Scen,2018,349,Navarro County,51890,25958,25932,29034,14309,14725,6681,3266,3415,14611,7584,7027,1564,799,765
0.5 Scen,2019,349,Navarro County,52433,26254,26179,29072,14339,14733,6697,3278,3419,15069,7818,7251,1595,819,776
0.5 Scen,2020,349,Navarro County,52991,26567,26424,29115,14376,14739,6716,3294,3422,15531,8057,7474,1629,840,789
0.5 Scen,2021,349,Navarro County,53555,26875,26680,29150,14405,14745,6725,3305,3420,16020,8308,7712,1660,857,803
0.5 Scen,2022,349,Navarro County,54117,27185,26932,29179,14432,14747,6738,3316,3422,16510,8559,7951,1690,878,812
0.5 Scen,2023,349,Navarro County,54692,27499,27193,29192,14451,14741,6751,3328,3423,17027,8822,8205,1722,898,824
0.5 Scen,2024,349,Navarro County,55265,27809,27456,29214,14470,14744,6763,3339,3424,17533,9081,8452,1755,919,836
0.5 Scen,2025,349,Navarro County,55824,28109,27715,29209,14477,14732,6764,3342,3422,18066,9353,8713,1785,937,848
0.5 Scen,2026,349,Navarro County,56358,28401,27957,29187,14480,14707,6761,3343,3418,18593,9622,8971,1817,956,861
0.5 Scen,2027,349,Navarro County,56928,28715,28213,29154,14474,14680,6775,3353,3422,19144,9903,9241,1855,985,870
0.5 Scen,2028,349,Navarro County,57479,29028,28451,29109,14469,14640,6779,3360,3419,19701,10193,9508,1890,1006,884
0.5 Scen,2029,349,Navarro County,58031,29329,28702,29062,14455,14607,6776,3358,3418,20260,10481,9779,1933,1035,898
0.5 Scen,2030,349,Navarro County,58575,29640,28935,28997,14434,14563,6778,3368,3410,20825,10775,10050,1975,1063,912
0.5 Scen,2031,349,Navarro County,59144,29950,29194,28923,14405,14518,6783,3371,3412,21410,11079,10331,2028,1095,933
0.5 Scen,2032,349,Navarro County,59708,30265,29443,28830,14376,14454,6797,3377,3420,21996,11386,10610,2085,1126,959
0.5 Scen,2033,349,Navarro County,60261,30571,29690,28740,14343,14397,6792,3375,3417,22601,11702,10899,2128,1151,977
0.5 Scen,2034,349,Navarro County,60832,30882,29950,28638,14302,14336,6791,3374,3417,23218,12023,11195,2185,1183,1002
0.5 Scen,2035,349,Navarro County,61405,31204,30201,28529,14265,14264,6780,3372,3408,23855,12353,11502,2241,1214,1027
0.5 Scen,2036,349,Navarro County,61969,31519,30450,28417,14221,14196,6770,3371,3399,24487,12681,11806,2295,1246,1049
0.5 Scen,2037,349,Navarro County,62535,31827,30708,28288,14162,14126,6761,3365,3396,25135,13023,12112,2351,1277,1074
0.5 Scen,2038,349,Navarro County,63095,32150,30945,28160,14119,14041,6743,3361,3382,25793,13366,12427,2399,1304,1095
0.5 Scen,2039,349,Navarro County,63687,32480,31207,28029,14066,13963,6732,3354,3378,26478,13726,12752,2448,1334,1114
0.5 Scen,2040,349,Navarro County,64251,32802,31449,27878,14002,13876,6714,3355,3359,27167,14086,13081,2492,1359,1133
0.5 Scen,2041,349,Navarro County,64855,33146,31709,27753,13956,13797,6701,3354,3347,27859,14450,13409,2542,1386,1156
0.5 Scen,2042,349,Navarro County,65455,33480,31975,27607,13897,13710,6686,3350,3336,28566,14813,13753,2596,1420,1176
0.5 Scen,2043,349,Navarro County,66049,33811,32238,27453,13829,13624,6661,3344,3317,29293,15191,14102,2642,1447,1195
0.5 Scen,2044,349,Navarro County,66652,34150,32502,27308,13772,13536,6635,3335,3300,30014,15567,14447,2695,1476,1219
0.5 Scen,2045,349,Navarro County,67287,34505,32782,27151,13711,13440,6617,3329,3288,30771,15957,14814,2748,1508,1240
0.5 Scen,2046,349,Navarro County,67932,34864,33068,26997,13647,13350,6597,3326,3271,31535,16351,15184,2803,1540,1263
0.5 Scen,2047,349,Navarro County,68563,35223,33340,26837,13584,13253,6568,3316,3252,32310,16753,15557,2848,1570,1278
0.5 Scen,2048,349,Navarro County,69236,35600,33636,26700,13531,13169,6536,3306,3230,33099,17162,15937,2901,1601,1300
0.5 Scen,2049,349,Navarro County,69915,35974,33941,26551,13469,13082,6509,3296,3213,33909,17577,16332,2946,1632,1314
0.5 Scen,2050,349,Navarro County,70606,36367,34239,26410,13423,12987,6474,3282,3192,34727,18002,16725,2995,1660,1335
0.5 Scen,2010,351,Newton County,14445,7445,7000,10825,5501,5324,2891,1550,1341,403,235,168,326,159,167
0.5 Scen,2011,351,Newton County,14466,7456,7010,10814,5496,5318,2908,1558,1350,410,239,171,334,163,171
0.5 Scen,2012,351,Newton County,14486,7468,7018,10795,5489,5306,2932,1568,1364,416,243,173,343,168,175
0.5 Scen,2013,351,Newton County,14490,7476,7014,10767,5479,5288,2950,1579,1371,424,247,177,349,171,178
0.5 Scen,2014,351,Newton County,14518,7494,7024,10757,5478,5279,2970,1588,1382,432,251,181,359,177,182
0.5 Scen,2015,351,Newton County,14536,7508,7028,10744,5474,5270,2985,1598,1387,441,256,185,366,180,186
0.5 Scen,2016,351,Newton County,14560,7521,7039,10730,5467,5263,3002,1606,1396,451,261,190,377,187,190
0.5 Scen,2017,351,Newton County,14577,7533,7044,10717,5462,5255,3013,1613,1400,461,266,195,386,192,194
0.5 Scen,2018,351,Newton County,14588,7542,7046,10697,5455,5242,3026,1620,1406,470,271,199,395,196,199
0.5 Scen,2019,351,Newton County,14590,7544,7046,10679,5446,5233,3026,1620,1406,481,277,204,404,201,203
0.5 Scen,2020,351,Newton County,14608,7553,7055,10662,5436,5226,3042,1629,1413,493,283,210,411,205,206
0.5 Scen,2021,351,Newton County,14612,7560,7052,10642,5430,5212,3050,1634,1416,505,290,215,415,206,209
0.5 Scen,2022,351,Newton County,14635,7581,7054,10623,5426,5197,3067,1644,1423,517,297,220,428,214,214
0.5 Scen,2023,351,Newton County,14641,7587,7054,10597,5417,5180,3078,1648,1430,530,304,226,436,218,218
0.5 Scen,2024,351,Newton County,14643,7590,7053,10567,5405,5162,3086,1650,1436,544,312,232,446,223,223
0.5 Scen,2025,351,Newton County,14643,7591,7052,10533,5389,5144,3096,1654,1442,558,319,239,456,229,227
0.5 Scen,2026,351,Newton County,14638,7592,7046,10498,5375,5123,3103,1657,1446,571,326,245,466,234,232
0.5 Scen,2027,351,Newton County,14616,7589,7027,10454,5358,5096,3108,1661,1447,582,332,250,472,238,234
0.5 Scen,2028,351,Newton County,14588,7578,7010,10404,5334,5070,3111,1665,1446,593,338,255,480,241,239
0.5 Scen,2029,351,Newton County,14551,7564,6987,10352,5309,5043,3109,1666,1443,605,344,261,485,245,240
0.5 Scen,2030,351,Newton County,14514,7544,6970,10308,5288,5020,3099,1658,1441,617,350,267,490,248,242
0.5 Scen,2031,351,Newton County,14462,7526,6936,10256,5267,4989,3081,1652,1429,628,356,272,497,251,246
0.5 Scen,2032,351,Newton County,14418,7510,6908,10200,5242,4958,3073,1650,1423,640,362,278,505,256,249
0.5 Scen,2033,351,Newton County,14369,7493,6876,10146,5221,4925,3059,1644,1415,650,368,282,514,260,254
0.5 Scen,2034,351,Newton County,14305,7464,6841,10083,5193,4890,3041,1635,1406,661,374,287,520,262,258
0.5 Scen,2035,351,Newton County,14251,7443,6808,10021,5167,4854,3029,1628,1401,673,381,292,528,267,261
0.5 Scen,2036,351,Newton County,14197,7419,6778,9957,5138,4819,3018,1621,1397,685,387,298,537,273,264
0.5 Scen,2037,351,Newton County,14135,7395,6740,9891,5113,4778,3005,1613,1392,697,393,304,542,276,266
0.5 Scen,2038,351,Newton County,14081,7369,6712,9828,5082,4746,3000,1609,1391,707,400,307,546,278,268
0.5 Scen,2039,351,Newton County,14020,7345,6675,9764,5054,4710,2991,1605,1386,716,406,310,549,280,269
0.5 Scen,2040,351,Newton County,13972,7329,6643,9701,5028,4673,2983,1602,1381,727,412,315,561,287,274
0.5 Scen,2041,351,Newton County,13932,7310,6622,9643,5001,4642,2982,1597,1385,737,418,319,570,294,276
0.5 Scen,2042,351,Newton County,13883,7298,6585,9580,4978,4602,2976,1597,1379,748,424,324,579,299,280
0.5 Scen,2043,351,Newton County,13835,7277,6558,9517,4948,4569,2969,1595,1374,760,430,330,589,304,285
0.5 Scen,2044,351,Newton County,13789,7254,6535,9457,4917,4540,2962,1592,1370,770,436,334,600,309,291
0.5 Scen,2045,351,Newton County,13742,7232,6510,9400,4890,4510,2951,1586,1365,782,442,340,609,314,295
0.5 Scen,2046,351,Newton County,13689,7213,6476,9333,4864,4469,2945,1581,1364,792,449,343,619,319,300
0.5 Scen,2047,351,Newton County,13635,7191,6444,9265,4833,4432,2938,1578,1360,802,454,348,630,326,304
0.5 Scen,2048,351,Newton County,13602,7174,6428,9210,4809,4401,2938,1576,1362,814,460,354,640,329,311
0.5 Scen,2049,351,Newton County,13566,7160,6406,9154,4783,4371,2939,1578,1361,824,465,359,649,334,315
0.5 Scen,2050,351,Newton County,13522,7136,6386,9092,4751,4341,2940,1577,1363,832,469,363,658,339,319
0.5 Scen,2010,353,Nolan County,15216,7561,7655,9191,4580,4611,666,334,332,5103,2519,2584,256,128,128
0.5 Scen,2011,353,Nolan County,15297,7612,7685,9188,4585,4603,671,338,333,5178,2559,2619,260,130,130
0.5 Scen,2012,353,Nolan County,15382,7663,7719,9181,4589,4592,678,341,337,5260,2601,2659,263,132,131
0.5 Scen,2013,353,Nolan County,15452,7711,7741,9164,4590,4574,683,345,338,5340,2643,2697,265,133,132
0.5 Scen,2014,353,Nolan County,15531,7763,7768,9152,4594,4558,690,348,342,5417,2685,2732,272,136,136
0.5 Scen,2015,353,Nolan County,15586,7804,7782,9121,4585,4536,695,351,344,5493,2729,2764,277,139,138
0.5 Scen,2016,353,Nolan County,15683,7865,7818,9122,4591,4531,703,355,348,5575,2775,2800,283,144,139
0.5 Scen,2017,353,Nolan County,15786,7927,7859,9130,4601,4529,712,359,353,5655,2820,2835,289,147,142
0.5 Scen,2018,353,Nolan County,15870,7978,7892,9119,4599,4520,720,364,356,5738,2865,2873,293,150,143
0.5 Scen,2019,353,Nolan County,15965,8035,7930,9113,4599,4514,730,370,360,5825,2913,2912,297,153,144
0.5 Scen,2020,353,Nolan County,16046,8083,7963,9096,4592,4504,737,375,362,5911,2960,2951,302,156,146
0.5 Scen,2021,353,Nolan County,16132,8139,7993,9090,4596,4494,748,380,368,5987,3005,2982,307,158,149
0.5 Scen,2022,353,Nolan County,16224,8195,8029,9081,4593,4488,755,385,370,6074,3055,3019,314,162,152
0.5 Scen,2023,353,Nolan County,16306,8245,8061,9064,4590,4474,760,386,374,6160,3103,3057,322,166,156
0.5 Scen,2024,353,Nolan County,16393,8301,8092,9051,4590,4461,769,390,379,6244,3151,3093,329,170,159
0.5 Scen,2025,353,Nolan County,16478,8351,8127,9028,4582,4446,778,394,384,6337,3203,3134,335,172,163
0.5 Scen,2026,353,Nolan County,16556,8398,8158,9005,4575,4430,788,399,389,6422,3248,3174,341,176,165
0.5 Scen,2027,353,Nolan County,16637,8450,8187,8988,4570,4418,796,404,392,6504,3295,3209,349,181,168
0.5 Scen,2028,353,Nolan County,16709,8494,8215,8963,4563,4400,804,408,396,6586,3337,3249,356,186,170
0.5 Scen,2029,353,Nolan County,16785,8549,8236,8940,4559,4381,812,412,400,6671,3389,3282,362,189,173
0.5 Scen,2030,353,Nolan County,16856,8595,8261,8913,4551,4362,820,415,405,6755,3436,3319,368,193,175
0.5 Scen,2031,353,Nolan County,16922,8637,8285,8894,4548,4346,822,416,406,6832,3477,3355,374,196,178
0.5 Scen,2032,353,Nolan County,16977,8682,8295,8861,4541,4320,826,417,409,6909,3524,3385,381,200,181
0.5 Scen,2033,353,Nolan County,17027,8719,8308,8825,4530,4295,828,418,410,6984,3566,3418,390,205,185
0.5 Scen,2034,353,Nolan County,17068,8754,8314,8793,4520,4273,826,417,409,7055,3611,3444,394,206,188
0.5 Scen,2035,353,Nolan County,17095,8776,8319,8755,4504,4251,823,416,407,7117,3647,3470,400,209,191
0.5 Scen,2036,353,Nolan County,17123,8802,8321,8716,4489,4227,820,417,403,7181,3684,3497,406,212,194
0.5 Scen,2037,353,Nolan County,17158,8835,8323,8678,4474,4204,817,416,401,7252,3730,3522,411,215,196
0.5 Scen,2038,353,Nolan County,17186,8860,8326,8638,4459,4179,811,413,398,7320,3771,3549,417,217,200
0.5 Scen,2039,353,Nolan County,17204,8881,8323,8591,4442,4149,809,412,397,7385,3808,3577,419,219,200
0.5 Scen,2040,353,Nolan County,17226,8908,8318,8555,4433,4122,803,410,393,7444,3845,3599,424,220,204
0.5 Scen,2041,353,Nolan County,17262,8936,8326,8530,4427,4103,802,410,392,7502,3877,3625,428,222,206
0.5 Scen,2042,353,Nolan County,17290,8960,8330,8487,4412,4075,801,410,391,7571,3915,3656,431,223,208
0.5 Scen,2043,353,Nolan County,17330,8994,8336,8454,4404,4050,802,410,392,7639,3955,3684,435,225,210
0.5 Scen,2044,353,Nolan County,17344,9027,8317,8412,4396,4016,799,410,389,7694,3993,3701,439,228,211
0.5 Scen,2045,353,Nolan County,17385,9063,8322,8376,4385,3991,799,410,389,7765,4037,3728,445,231,214
0.5 Scen,2046,353,Nolan County,17426,9098,8328,8338,4372,3966,801,411,390,7835,4080,3755,452,235,217
0.5 Scen,2047,353,Nolan County,17449,9122,8327,8302,4358,3944,796,410,386,7895,4118,3777,456,236,220
0.5 Scen,2048,353,Nolan County,17483,9164,8319,8261,4346,3915,794,411,383,7967,4169,3798,461,238,223
0.5 Scen,2049,353,Nolan County,17528,9199,8329,8228,4335,3893,795,412,383,8038,4211,3827,467,241,226
0.5 Scen,2050,353,Nolan County,17571,9238,8333,8194,4324,3870,795,413,382,8109,4256,3853,473,245,228
0.5 Scen,2010,355,Nueces County,340223,167038,173185,111870,55804,56066,12178,6239,5939,206293,100452,105841,9882,4543,5339
0.5 Scen,2011,355,Nueces County,343233,168624,174609,111447,55626,55821,12239,6281,5958,209396,102041,107355,10151,4676,5475
0.5 Scen,2012,355,Nueces County,346206,170214,175992,111001,55450,55551,12285,6318,5967,212502,103629,108873,10418,4817,5601
0.5 Scen,2013,355,Nueces County,349206,171809,177397,110569,55267,55302,12319,6352,5967,215643,105249,110394,10675,4941,5734
0.5 Scen,2014,355,Nueces County,352157,173403,178754,110090,55063,55027,12368,6391,5977,218765,106878,111887,10934,5071,5863
0.5 Scen,2015,355,Nueces County,355116,174938,180178,109576,54847,54729,12396,6408,5988,221941,108485,113456,11203,5198,6005
0.5 Scen,2016,355,Nueces County,358171,176577,181594,109076,54605,54471,12446,6440,6006,225176,110196,114980,11473,5336,6137
0.5 Scen,2017,355,Nueces County,361175,178206,182969,108535,54361,54174,12482,6469,6013,228404,111905,116499,11754,5471,6283
0.5 Scen,2018,355,Nueces County,364209,179815,184394,107997,54112,53885,12526,6496,6030,231655,113598,118057,12031,5609,6422
0.5 Scen,2019,355,Nueces County,367372,181446,185926,107463,53863,53600,12574,6531,6043,235036,115313,119723,12299,5739,6560
0.5 Scen,2020,355,Nueces County,370473,183099,187374,106909,53606,53303,12614,6562,6052,238362,117048,121314,12588,5883,6705
0.5 Scen,2021,355,Nueces County,373576,184763,188813,106351,53341,53010,12668,6595,6073,241700,118808,122892,12857,6019,6838
0.5 Scen,2022,355,Nueces County,376781,186442,190339,105777,53069,52708,12718,6625,6093,245137,120584,124553,13149,6164,6985
0.5 Scen,2023,355,Nueces County,379910,188091,191819,105188,52780,52408,12765,6651,6114,248528,122356,126172,13429,6304,7125
0.5 Scen,2024,355,Nueces County,382967,189719,193248,104581,52485,52096,12800,6671,6129,251869,124118,127751,13717,6445,7272
0.5 Scen,2025,355,Nueces County,385961,191277,194684,103944,52166,51778,12834,6693,6141,255171,125834,129337,14012,6584,7428
0.5 Scen,2026,355,Nueces County,388955,192819,196136,103259,51828,51431,12865,6708,6157,258531,127555,130976,14300,6728,7572
0.5 Scen,2027,355,Nueces County,391898,194393,197505,102555,51482,51073,12883,6720,6163,261866,129318,132548,14594,6873,7721
0.5 Scen,2028,355,Nueces County,394589,195815,198774,101816,51124,50692,12902,6736,6166,265001,130952,134049,14870,7003,7867
0.5 Scen,2029,355,Nueces County,397340,197251,200089,101013,50725,50288,12916,6747,6169,268233,132624,135609,15178,7155,8023
0.5 Scen,2030,355,Nueces County,399947,198686,201261,100199,50323,49876,12930,6757,6173,271342,134300,137042,15476,7306,8170
0.5 Scen,2031,355,Nueces County,402431,199996,202435,99343,49901,49442,12931,6758,6173,274399,135888,138511,15758,7449,8309
0.5 Scen,2032,355,Nueces County,404797,201254,203543,98482,49472,49010,12938,6770,6168,277311,137415,139896,16066,7597,8469
0.5 Scen,2033,355,Nueces County,407049,202467,204582,97589,49027,48562,12927,6768,6159,280179,138932,141247,16354,7740,8614
0.5 Scen,2034,355,Nueces County,409271,203677,205594,96684,48579,48105,12918,6767,6151,283046,140446,142600,16623,7885,8738
0.5 Scen,2035,355,Nueces County,411383,204808,206575,95768,48124,47644,12904,6765,6139,285768,141885,143883,16943,8034,8909
0.5 Scen,2036,355,Nueces County,413473,205935,207538,94856,47682,47174,12878,6752,6126,288484,143314,145170,17255,8187,9068
0.5 Scen,2037,355,Nueces County,415481,207032,208449,93919,47222,46697,12864,6759,6105,291143,144714,146429,17555,8337,9218
0.5 Scen,2038,355,Nueces County,417429,208101,209328,92998,46774,46224,12851,6755,6096,293731,146090,147641,17849,8482,9367
0.5 Scen,2039,355,Nueces County,419295,209129,210166,92057,46314,45743,12829,6741,6088,296260,147439,148821,18149,8635,9514
0.5 Scen,2040,355,Nueces County,421032,210112,210920,91113,45852,45261,12810,6742,6068,298668,148737,149931,18441,8781,9660
0.5 Scen,2041,355,Nueces County,422918,211173,211745,90169,45393,44776,12791,6733,6058,301217,150112,151105,18741,8935,9806
0.5 Scen,2042,355,Nueces County,424663,212154,212509,89245,44943,44302,12764,6718,6046,303615,151406,152209,19039,9087,9952
0.5 Scen,2043,355,Nueces County,426425,213157,213268,88316,44489,43827,12753,6716,6037,306015,152712,153303,19341,9240,10101
0.5 Scen,2044,355,Nueces County,428135,214138,213997,87401,44050,43351,12720,6703,6017,308379,154003,154376,19635,9382,10253
0.5 Scen,2045,355,Nueces County,429856,215123,214733,86496,43613,42883,12690,6691,5999,310726,155278,155448,19944,9541,10403
0.5 Scen,2046,355,Nueces County,431574,216141,215433,85589,43183,42406,12666,6680,5986,313075,156579,156496,20244,9699,10545
0.5 Scen,2047,355,Nueces County,433293,217142,216151,84706,42759,41947,12633,6662,5971,315400,157867,157533,20554,9854,10700
0.5 Scen,2048,355,Nueces County,434989,218141,216848,83839,42347,41492,12613,6658,5955,317674,159123,158551,20863,10013,10850
0.5 Scen,2049,355,Nueces County,436693,219147,217546,82997,41952,41045,12590,6644,5946,319961,160401,159560,21145,10150,10995
0.5 Scen,2050,355,Nueces County,438408,220154,218254,82178,41563,40615,12561,6628,5933,322198,161642,160556,21471,10321,11150
0.5 Scen,2010,357,Ochiltree County,10223,5237,4986,5062,2492,2570,19,8,11,4982,2661,2321,160,76,84
0.5 Scen,2011,357,Ochiltree County,10399,5334,5065,5079,2501,2578,19,8,11,5139,2748,2391,162,77,85
0.5 Scen,2012,357,Ochiltree County,10584,5434,5150,5091,2509,2582,19,8,11,5310,2839,2471,164,78,86
0.5 Scen,2013,357,Ochiltree County,10757,5528,5229,5100,2514,2586,19,8,11,5474,2928,2546,164,78,86
0.5 Scen,2014,357,Ochiltree County,10935,5625,5310,5106,2519,2587,19,8,11,5642,3019,2623,168,79,89
0.5 Scen,2015,357,Ochiltree County,11105,5721,5384,5104,2520,2584,19,8,11,5811,3112,2699,171,81,90
0.5 Scen,2016,357,Ochiltree County,11277,5821,5456,5102,2524,2578,19,8,11,5982,3206,2776,174,83,91
0.5 Scen,2017,357,Ochiltree County,11457,5927,5530,5104,2531,2573,19,8,11,6156,3302,2854,178,86,92
0.5 Scen,2018,357,Ochiltree County,11631,6028,5603,5095,2531,2564,19,8,11,6336,3401,2935,181,88,93
0.5 Scen,2019,357,Ochiltree County,11822,6137,5685,5096,2540,2556,19,8,11,6522,3499,3023,185,90,95
0.5 Scen,2020,357,Ochiltree County,12016,6243,5773,5102,2542,2560,19,8,11,6707,3601,3106,188,92,96
0.5 Scen,2021,357,Ochiltree County,12214,6353,5861,5101,2544,2557,19,8,11,6903,3707,3196,191,94,97
0.5 Scen,2022,357,Ochiltree County,12423,6471,5952,5110,2552,2558,19,8,11,7100,3815,3285,194,96,98
0.5 Scen,2023,357,Ochiltree County,12636,6588,6048,5111,2556,2555,19,8,11,7309,3926,3383,197,98,99
0.5 Scen,2024,357,Ochiltree County,12872,6714,6158,5115,2560,2555,20,8,12,7536,4046,3490,201,100,101
0.5 Scen,2025,357,Ochiltree County,13118,6847,6271,5117,2563,2554,21,9,12,7776,4174,3602,204,101,103
0.5 Scen,2026,357,Ochiltree County,13365,6982,6383,5122,2569,2553,22,9,13,8013,4301,3712,208,103,105
0.5 Scen,2027,357,Ochiltree County,13608,7113,6495,5114,2567,2547,23,10,13,8260,4431,3829,211,105,106
0.5 Scen,2028,357,Ochiltree County,13838,7240,6598,5104,2564,2540,24,10,14,8495,4559,3936,215,107,108
0.5 Scen,2029,357,Ochiltree County,14102,7383,6719,5106,2570,2536,25,11,14,8753,4693,4060,218,109,109
0.5 Scen,2030,357,Ochiltree County,14345,7515,6830,5089,2564,2525,26,11,15,9009,4829,4180,221,111,110
0.5 Scen,2031,357,Ochiltree County,14597,7651,6946,5087,2569,2518,26,11,15,9261,4958,4303,223,113,110
0.5 Scen,2032,357,Ochiltree County,14854,7791,7063,5078,2572,2506,26,11,15,9524,5093,4431,226,115,111
0.5 Scen,2033,357,Ochiltree County,15127,7940,7187,5076,2577,2499,26,11,15,9796,5235,4561,229,117,112
0.5 Scen,2034,357,Ochiltree County,15368,8070,7298,5061,2577,2484,26,11,15,10050,5364,4686,231,118,113
0.5 Scen,2035,357,Ochiltree County,15633,8210,7423,5063,2580,2483,26,11,15,10312,5500,4812,232,119,113
0.5 Scen,2036,357,Ochiltree County,15884,8346,7538,5061,2586,2475,26,11,15,10562,5629,4933,235,120,115
0.5 Scen,2037,357,Ochiltree County,16139,8487,7652,5060,2593,2467,26,11,15,10815,5761,5054,238,122,116
0.5 Scen,2038,357,Ochiltree County,16407,8625,7782,5059,2594,2465,26,11,15,11083,5898,5185,239,122,117
0.5 Scen,2039,357,Ochiltree County,16655,8757,7898,5049,2594,2455,26,11,15,11340,6029,5311,240,123,117
0.5 Scen,2040,357,Ochiltree County,16903,8887,8016,5044,2596,2448,26,11,15,11592,6157,5435,241,123,118
0.5 Scen,2041,357,Ochiltree County,17173,9031,8142,5040,2602,2438,26,11,15,11864,6294,5570,243,124,119
0.5 Scen,2042,357,Ochiltree County,17432,9178,8254,5032,2606,2426,26,11,15,12129,6436,5693,245,125,120
0.5 Scen,2043,357,Ochiltree County,17733,9331,8402,5030,2607,2423,26,11,15,12429,6587,5842,248,126,122
0.5 Scen,2044,357,Ochiltree County,18009,9479,8530,5023,2611,2412,26,11,15,12710,6731,5979,250,126,124
0.5 Scen,2045,357,Ochiltree County,18286,9629,8657,5016,2612,2404,26,11,15,12993,6879,6114,251,127,124
0.5 Scen,2046,357,Ochiltree County,18573,9779,8794,5007,2605,2402,26,11,15,13287,7035,6252,253,128,125
0.5 Scen,2047,357,Ochiltree County,18864,9934,8930,4999,2601,2398,25,10,15,13585,7194,6391,255,129,126
0.5 Scen,2048,357,Ochiltree County,19172,10105,9067,4997,2608,2389,25,10,15,13894,7357,6537,256,130,126
0.5 Scen,2049,357,Ochiltree County,19489,10279,9210,4989,2610,2379,25,10,15,14217,7528,6689,258,131,127
0.5 Scen,2050,357,Ochiltree County,19813,10458,9355,4983,2609,2374,25,10,15,14547,7708,6839,258,131,127
0.5 Scen,2010,359,Oldham County,2052,1035,1017,1699,865,834,60,29,31,243,122,121,50,19,31
0.5 Scen,2011,359,Oldham County,2067,1043,1024,1711,871,840,60,29,31,246,124,122,50,19,31
0.5 Scen,2012,359,Oldham County,2080,1048,1032,1719,874,845,61,29,32,250,126,124,50,19,31
0.5 Scen,2013,359,Oldham County,2091,1056,1035,1727,880,847,61,29,32,253,128,125,50,19,31
0.5 Scen,2014,359,Oldham County,2104,1063,1041,1736,886,850,61,28,33,257,130,127,50,19,31
0.5 Scen,2015,359,Oldham County,2123,1072,1051,1748,891,857,64,30,34,261,132,129,50,19,31
0.5 Scen,2016,359,Oldham County,2142,1084,1058,1760,899,861,66,31,35,266,135,131,50,19,31
0.5 Scen,2017,359,Oldham County,2166,1098,1068,1774,906,868,68,32,36,273,140,133,51,20,31
0.5 Scen,2018,359,Oldham County,2191,1112,1079,1788,914,874,70,33,37,281,145,136,52,20,32
0.5 Scen,2019,359,Oldham County,2214,1127,1087,1800,921,879,73,35,38,288,150,138,53,21,32
0.5 Scen,2020,359,Oldham County,2235,1142,1093,1811,930,881,75,36,39,295,155,140,54,21,33
0.5 Scen,2021,359,Oldham County,2260,1160,1100,1825,940,885,77,37,40,304,162,142,54,21,33
0.5 Scen,2022,359,Oldham County,2282,1176,1106,1837,950,887,79,38,41,311,167,144,55,21,34
0.5 Scen,2023,359,Oldham County,2302,1192,1110,1848,959,889,81,39,42,317,172,145,56,22,34
0.5 Scen,2024,359,Oldham County,2322,1205,1117,1858,965,893,83,40,43,324,178,146,57,22,35
0.5 Scen,2025,359,Oldham County,2340,1219,1121,1866,971,895,85,41,44,331,184,147,58,23,35
0.5 Scen,2026,359,Oldham County,2360,1230,1130,1876,976,900,87,42,45,338,189,149,59,23,36
0.5 Scen,2027,359,Oldham County,2370,1238,1132,1877,978,899,89,43,46,344,193,151,60,24,36
0.5 Scen,2028,359,Oldham County,2378,1242,1136,1876,977,899,91,44,47,350,197,153,61,24,37
0.5 Scen,2029,359,Oldham County,2391,1249,1142,1882,977,905,92,45,47,355,202,153,62,25,37
0.5 Scen,2030,359,Oldham County,2401,1254,1147,1886,980,906,93,45,48,360,205,155,62,24,38
0.5 Scen,2031,359,Oldham County,2403,1258,1145,1882,980,902,94,46,48,364,207,157,63,25,38
0.5 Scen,2032,359,Oldham County,2404,1256,1148,1879,977,902,95,46,49,366,208,158,64,25,39
0.5 Scen,2033,359,Oldham County,2402,1259,1143,1872,976,896,96,47,49,369,210,159,65,26,39
0.5 Scen,2034,359,Oldham County,2397,1255,1142,1863,971,892,97,47,50,371,211,160,66,26,40
0.5 Scen,2035,359,Oldham County,2403,1261,1142,1863,972,891,98,48,50,375,214,161,67,27,40
0.5 Scen,2036,359,Oldham County,2400,1259,1141,1855,967,888,99,48,51,379,217,162,67,27,40
0.5 Scen,2037,359,Oldham County,2398,1260,1138,1853,968,885,99,48,51,380,217,163,66,27,39
0.5 Scen,2038,359,Oldham County,2400,1260,1140,1852,967,885,100,48,52,382,218,164,66,27,39
0.5 Scen,2039,359,Oldham County,2398,1260,1138,1846,964,882,101,49,52,384,219,165,67,28,39
0.5 Scen,2040,359,Oldham County,2399,1260,1139,1844,962,882,102,49,53,386,221,165,67,28,39
0.5 Scen,2041,359,Oldham County,2396,1261,1135,1837,960,877,103,50,53,389,223,166,67,28,39
0.5 Scen,2042,359,Oldham County,2395,1259,1136,1833,957,876,104,50,54,391,224,167,67,28,39
0.5 Scen,2043,359,Oldham County,2384,1258,1126,1822,953,869,105,51,54,393,226,167,64,28,36
0.5 Scen,2044,359,Oldham County,2384,1255,1129,1820,950,870,105,50,55,394,227,167,65,28,37
0.5 Scen,2045,359,Oldham County,2386,1258,1128,1817,949,868,107,52,55,397,229,168,65,28,37
0.5 Scen,2046,359,Oldham County,2389,1261,1128,1816,950,866,107,51,56,401,232,169,65,28,37
0.5 Scen,2047,359,Oldham County,2387,1263,1124,1810,948,862,108,52,56,404,235,169,65,28,37
0.5 Scen,2048,359,Oldham County,2389,1264,1125,1808,947,861,109,52,57,408,238,170,64,27,37
0.5 Scen,2049,359,Oldham County,2392,1269,1123,1808,949,859,110,53,57,410,240,170,64,27,37
0.5 Scen,2050,359,Oldham County,2397,1272,1125,1809,950,859,111,53,58,413,242,171,64,27,37
0.5 Scen,2010,361,Orange County,81837,40708,41129,67895,33669,34226,6922,3347,3575,4766,2566,2200,2254,1126,1128
0.5 Scen,2011,361,Orange County,82354,40980,41374,68134,33804,34330,7003,3381,3622,4915,2644,2271,2302,1151,1151
0.5 Scen,2012,361,Orange County,82842,41245,41597,68350,33926,34424,7072,3414,3658,5076,2730,2346,2344,1175,1169
0.5 Scen,2013,361,Orange County,83349,41526,41823,68582,34073,34509,7139,3444,3695,5234,2809,2425,2394,1200,1194
0.5 Scen,2014,361,Orange County,83845,41793,42052,68801,34194,34607,7201,3476,3725,5398,2897,2501,2445,1226,1219
0.5 Scen,2015,361,Orange County,84337,42070,42267,68997,34314,34683,7272,3515,3757,5572,2988,2584,2496,1253,1243
0.5 Scen,2016,361,Orange County,84796,42323,42473,69156,34415,34741,7347,3547,3800,5747,3078,2669,2546,1283,1263
0.5 Scen,2017,361,Orange County,85264,42584,42680,69321,34520,34801,7418,3582,3836,5931,3174,2757,2594,1308,1286
0.5 Scen,2018,361,Orange County,85723,42839,42884,69461,34609,34852,7499,3620,3879,6114,3272,2842,2649,1338,1311
0.5 Scen,2019,361,Orange County,86179,43094,43085,69588,34690,34898,7577,3657,3920,6309,3374,2935,2705,1373,1332
0.5 Scen,2020,361,Orange County,86614,43336,43278,69709,34768,34941,7650,3695,3955,6500,3474,3026,2755,1399,1356
0.5 Scen,2021,361,Orange County,87075,43592,43483,69834,34844,34990,7728,3734,3994,6704,3580,3124,2809,1434,1375
0.5 Scen,2022,361,Orange County,87536,43851,43685,69952,34921,35031,7811,3776,4035,6901,3687,3214,2872,1467,1405
0.5 Scen,2023,361,Orange County,87991,44106,43885,70041,34981,35060,7891,3817,4074,7120,3805,3315,2939,1503,1436
0.5 Scen,2024,361,Orange County,88429,44349,44080,70118,35038,35080,7971,3858,4113,7338,3919,3419,3002,1534,1468
0.5 Scen,2025,361,Orange County,88878,44597,44281,70181,35085,35096,8055,3899,4156,7565,4040,3525,3077,1573,1504
0.5 Scen,2026,361,Orange County,89312,44844,44468,70233,35134,35099,8140,3941,4199,7793,4160,3633,3146,1609,1537
0.5 Scen,2027,361,Orange County,89744,45083,44661,70268,35171,35097,8229,3986,4243,8031,4282,3749,3216,1644,1572
0.5 Scen,2028,361,Orange County,90129,45302,44827,70274,35195,35079,8305,4017,4288,8257,4401,3856,3293,1689,1604
0.5 Scen,2029,361,Orange County,90529,45538,44991,70270,35217,35053,8384,4056,4328,8511,4533,3978,3364,1732,1632
0.5 Scen,2030,361,Orange County,90934,45762,45172,70252,35227,35025,8465,4098,4367,8764,4661,4103,3453,1776,1677
0.5 Scen,2031,361,Orange County,91306,45984,45322,70218,35236,34982,8538,4134,4404,9015,4794,4221,3535,1820,1715
0.5 Scen,2032,361,Orange County,91675,46194,45481,70174,35232,34942,8613,4171,4442,9268,4925,4343,3620,1866,1754
0.5 Scen,2033,361,Orange County,92015,46399,45616,70095,35217,34878,8673,4203,4470,9538,5068,4470,3709,1911,1798
0.5 Scen,2034,361,Orange County,92361,46606,45755,70012,35199,34813,8741,4236,4505,9820,5215,4605,3788,1956,1832
0.5 Scen,2035,361,Orange County,92666,46803,45863,69908,35174,34734,8794,4268,4526,10094,5359,4735,3870,2002,1868
0.5 Scen,2036,361,Orange County,92972,46992,45980,69782,35138,34644,8860,4301,4559,10375,5506,4869,3955,2047,1908
0.5 Scen,2037,361,Orange County,93272,47171,46101,69635,35084,34551,8919,4333,4586,10668,5658,5010,4050,2096,1954
0.5 Scen,2038,361,Orange County,93535,47341,46194,69476,35034,34442,8970,4358,4612,10960,5805,5155,4129,2144,1985
0.5 Scen,2039,361,Orange County,93794,47511,46283,69306,34971,34335,9010,4383,4627,11256,5961,5295,4222,2196,2026
0.5 Scen,2040,361,Orange County,94059,47675,46384,69114,34899,34215,9067,4414,4653,11554,6111,5443,4324,2251,2073
0.5 Scen,2041,361,Orange County,94303,47841,46462,68933,34835,34098,9103,4437,4666,11853,6265,5588,4414,2304,2110
0.5 Scen,2042,361,Orange County,94561,48006,46555,68723,34761,33962,9151,4462,4689,12169,6423,5746,4518,2360,2158
0.5 Scen,2043,361,Orange County,94786,48152,46634,68498,34681,33817,9188,4476,4712,12474,6580,5894,4626,2415,2211
0.5 Scen,2044,361,Orange County,95018,48299,46719,68271,34596,33675,9227,4496,4731,12791,6738,6053,4729,2469,2260
0.5 Scen,2045,361,Orange County,95253,48445,46808,68029,34499,33530,9275,4524,4751,13114,6897,6217,4835,2525,2310
0.5 Scen,2046,361,Orange County,95484,48621,46863,67788,34416,33372,9303,4547,4756,13444,7068,6376,4949,2590,2359
0.5 Scen,2047,361,Orange County,95711,48764,46947,67547,34318,33229,9330,4559,4771,13781,7242,6539,5053,2645,2408
0.5 Scen,2048,361,Orange County,95960,48917,47043,67294,34218,33076,9368,4576,4792,14125,7416,6709,5173,2707,2466
0.5 Scen,2049,361,Orange County,96199,49068,47131,67044,34121,32923,9404,4593,4811,14471,7593,6878,5280,2761,2519
0.5 Scen,2050,361,Orange County,96458,49232,47226,66793,34023,32770,9435,4615,4820,14833,7774,7059,5397,2820,2577
0.5 Scen,2010,363,Palo Pinto County,28111,13811,14300,21958,10688,11270,597,305,292,4985,2535,2450,571,283,288
0.5 Scen,2011,363,Palo Pinto County,28363,13944,14419,22078,10752,11326,600,308,292,5108,2597,2511,577,287,290
0.5 Scen,2012,363,Palo Pinto County,28590,14074,14516,22163,10810,11353,603,310,293,5237,2661,2576,587,293,294
0.5 Scen,2013,363,Palo Pinto County,28847,14203,14644,22282,10868,11414,607,312,295,5364,2727,2637,594,296,298
0.5 Scen,2014,363,Palo Pinto County,29111,14345,14766,22399,10932,11467,610,315,295,5500,2797,2703,602,301,301
0.5 Scen,2015,363,Palo Pinto County,29352,14474,14878,22496,10986,11510,611,317,294,5636,2868,2768,609,303,306
0.5 Scen,2016,363,Palo Pinto County,29600,14607,14993,22582,11034,11548,617,319,298,5782,2944,2838,619,310,309
0.5 Scen,2017,363,Palo Pinto County,29851,14741,15110,22674,11087,11587,622,322,300,5934,3022,2912,621,310,311
0.5 Scen,2018,363,Palo Pinto County,30104,14872,15232,22757,11127,11630,624,323,301,6095,3109,2986,628,313,315
0.5 Scen,2019,363,Palo Pinto County,30363,15022,15341,22844,11182,11662,629,327,302,6252,3193,3059,638,320,318
0.5 Scen,2020,363,Palo Pinto County,30629,15161,15468,22923,11223,11700,632,328,304,6430,3285,3145,644,325,319
0.5 Scen,2021,363,Palo Pinto County,30880,15291,15589,22996,11260,11736,635,330,305,6597,3372,3225,652,329,323
0.5 Scen,2022,363,Palo Pinto County,31147,15434,15713,23070,11301,11769,643,335,308,6770,3463,3307,664,335,329
0.5 Scen,2023,363,Palo Pinto County,31405,15574,15831,23131,11334,11797,646,337,309,6957,3561,3396,671,342,329
0.5 Scen,2024,363,Palo Pinto County,31651,15695,15956,23178,11352,11826,651,340,311,7145,3659,3486,677,344,333
0.5 Scen,2025,363,Palo Pinto County,31891,15823,16068,23205,11369,11836,659,343,316,7340,3761,3579,687,350,337
0.5 Scen,2026,363,Palo Pinto County,32120,15942,16178,23230,11384,11846,663,345,318,7534,3858,3676,693,355,338
0.5 Scen,2027,363,Palo Pinto County,32346,16059,16287,23258,11398,11860,664,347,317,7721,3954,3767,703,360,343
0.5 Scen,2028,363,Palo Pinto County,32551,16166,16385,23259,11401,11858,671,350,321,7911,4051,3860,710,364,346
0.5 Scen,2029,363,Palo Pinto County,32753,16274,16479,23244,11399,11845,677,355,322,8112,4149,3963,720,371,349
0.5 Scen,2030,363,Palo Pinto County,32955,16373,16582,23239,11397,11842,679,357,322,8311,4245,4066,726,374,352
0.5 Scen,2031,363,Palo Pinto County,33126,16462,16664,23213,11387,11826,684,360,324,8501,4341,4160,728,374,354
0.5 Scen,2032,363,Palo Pinto County,33294,16547,16747,23181,11374,11807,690,362,328,8688,4434,4254,735,377,358
0.5 Scen,2033,363,Palo Pinto County,33472,16643,16829,23149,11364,11785,695,364,331,8886,4533,4353,742,382,360
0.5 Scen,2034,363,Palo Pinto County,33619,16723,16896,23108,11350,11758,697,366,331,9070,4623,4447,744,384,360
0.5 Scen,2035,363,Palo Pinto County,33775,16810,16965,23067,11334,11733,695,365,330,9264,4724,4540,749,387,362
0.5 Scen,2036,363,Palo Pinto County,33916,16889,17027,23009,11313,11696,696,365,331,9459,4823,4636,752,388,364
0.5 Scen,2037,363,Palo Pinto County,34062,16971,17091,22961,11294,11667,693,363,330,9652,4924,4728,756,390,366
0.5 Scen,2038,363,Palo Pinto County,34197,17047,17150,22907,11270,11637,691,361,330,9843,5024,4819,756,392,364
0.5 Scen,2039,363,Palo Pinto County,34334,17125,17209,22843,11248,11595,686,358,328,10046,5124,4922,759,395,364
0.5 Scen,2040,363,Palo Pinto County,34462,17204,17258,22774,11219,11555,682,357,325,10235,5226,5009,771,402,369
0.5 Scen,2041,363,Palo Pinto County,34584,17272,17312,22695,11186,11509,674,351,323,10436,5330,5106,779,405,374
0.5 Scen,2042,363,Palo Pinto County,34716,17348,17368,22620,11154,11466,668,348,320,10645,5438,5207,783,408,375
0.5 Scen,2043,363,Palo Pinto County,34862,17435,17427,22553,11133,11420,658,342,316,10861,5549,5312,790,411,379
0.5 Scen,2044,363,Palo Pinto County,34992,17517,17475,22471,11100,11371,651,340,311,11073,5661,5412,797,416,381
0.5 Scen,2045,363,Palo Pinto County,35133,17601,17532,22395,11071,11324,647,337,310,11289,5775,5514,802,418,384
0.5 Scen,2046,363,Palo Pinto County,35270,17691,17579,22314,11042,11272,642,337,305,11508,5890,5618,806,422,384
0.5 Scen,2047,363,Palo Pinto County,35410,17774,17636,22241,11015,11226,638,336,302,11729,6003,5726,802,420,382
0.5 Scen,2048,363,Palo Pinto County,35563,17863,17700,22160,10985,11175,636,336,300,11959,6118,5841,808,424,384
0.5 Scen,2049,363,Palo Pinto County,35712,17961,17751,22080,10958,11122,630,333,297,12190,6243,5947,812,427,385
0.5 Scen,2050,363,Palo Pinto County,35889,18065,17824,22017,10940,11077,627,331,296,12429,6364,6065,816,430,386
0.5 Scen,2010,365,Panola County,23796,11808,11988,17521,8672,8849,3850,1837,2013,1970,1073,897,455,226,229
0.5 Scen,2011,365,Panola County,23945,11887,12058,17584,8706,8878,3874,1848,2026,2023,1102,921,464,231,233
0.5 Scen,2012,365,Panola County,24065,11961,12104,17627,8738,8889,3891,1857,2034,2074,1130,944,473,236,237
0.5 Scen,2013,365,Panola County,24198,12034,12164,17669,8762,8907,3913,1870,2043,2135,1162,973,481,240,241
0.5 Scen,2014,365,Panola County,24357,12113,12244,17733,8792,8941,3937,1881,2056,2192,1193,999,495,247,248
0.5 Scen,2015,365,Panola County,24502,12196,12306,17784,8825,8959,3961,1893,2068,2254,1227,1027,503,251,252
0.5 Scen,2016,365,Panola County,24626,12262,12364,17825,8845,8980,3975,1900,2075,2311,1258,1053,515,259,256
0.5 Scen,2017,365,Panola County,24730,12322,12408,17864,8870,8994,3978,1903,2075,2364,1286,1078,524,263,261
0.5 Scen,2018,365,Panola County,24854,12393,12461,17901,8893,9008,3987,1911,2076,2429,1318,1111,537,271,266
0.5 Scen,2019,365,Panola County,24979,12466,12513,17930,8914,9016,4000,1918,2082,2500,1357,1143,549,277,272
0.5 Scen,2020,365,Panola County,25109,12539,12570,17969,8939,9030,4004,1920,2084,2573,1396,1177,563,284,279
0.5 Scen,2021,365,Panola County,25232,12610,12622,18003,8960,9043,4001,1921,2080,2652,1439,1213,576,290,286
0.5 Scen,2022,365,Panola County,25361,12685,12676,18035,8979,9056,4007,1928,2079,2729,1479,1250,590,299,291
0.5 Scen,2023,365,Panola County,25508,12770,12738,18076,9006,9070,4014,1937,2077,2814,1522,1292,604,305,299
0.5 Scen,2024,365,Panola County,25627,12840,12787,18100,9024,9076,4014,1939,2075,2897,1565,1332,616,312,304
0.5 Scen,2025,365,Panola County,25766,12919,12847,18133,9043,9090,4012,1942,2070,2991,1615,1376,630,319,311
0.5 Scen,2026,365,Panola County,25893,12991,12902,18159,9061,9098,4008,1942,2066,3083,1662,1421,643,326,317
0.5 Scen,2027,365,Panola County,26000,13052,12948,18156,9062,9094,3995,1937,2058,3184,1716,1468,665,337,328
0.5 Scen,2028,365,Panola County,26123,13119,13004,18159,9064,9095,4001,1941,2060,3286,1771,1515,677,343,334
0.5 Scen,2029,365,Panola County,26229,13190,13039,18160,9073,9087,3995,1944,2051,3389,1823,1566,685,350,335
0.5 Scen,2030,365,Panola County,26330,13258,13072,18151,9076,9075,3985,1945,2040,3490,1878,1612,704,359,345
0.5 Scen,2031,365,Panola County,26407,13313,13094,18126,9069,9057,3976,1947,2029,3593,1934,1659,712,363,349
0.5 Scen,2032,365,Panola County,26510,13375,13135,18105,9063,9042,3975,1950,2025,3705,1993,1712,725,369,356
0.5 Scen,2033,365,Panola County,26595,13428,13167,18073,9050,9023,3972,1954,2018,3816,2050,1766,734,374,360
0.5 Scen,2034,365,Panola County,26687,13490,13197,18029,9035,8994,3979,1962,2017,3932,2111,1821,747,382,365
0.5 Scen,2035,365,Panola County,26773,13541,13232,17997,9023,8974,3970,1960,2010,4041,2168,1873,765,390,375
0.5 Scen,2036,365,Panola County,26850,13589,13261,17947,8999,8948,3966,1965,2001,4158,2228,1930,779,397,382
0.5 Scen,2037,365,Panola County,26920,13635,13285,17895,8978,8917,3961,1964,1997,4272,2287,1985,792,406,386
0.5 Scen,2038,365,Panola County,26979,13670,13309,17828,8947,8881,3949,1961,1988,4396,2349,2047,806,413,393
0.5 Scen,2039,365,Panola County,27036,13716,13320,17758,8923,8835,3945,1965,1980,4512,2407,2105,821,421,400
0.5 Scen,2040,365,Panola County,27097,13759,13338,17695,8895,8800,3935,1967,1968,4632,2469,2163,835,428,407
0.5 Scen,2041,365,Panola County,27167,13802,13365,17631,8867,8764,3933,1970,1963,4756,2531,2225,847,434,413
0.5 Scen,2042,365,Panola County,27248,13852,13396,17570,8841,8729,3927,1972,1955,4885,2595,2290,866,444,422
0.5 Scen,2043,365,Panola County,27305,13895,13410,17500,8813,8687,3915,1974,1941,5010,2658,2352,880,450,430
0.5 Scen,2044,365,Panola County,27365,13939,13426,17429,8781,8648,3904,1977,1927,5140,2724,2416,892,457,435
0.5 Scen,2045,365,Panola County,27432,13979,13453,17365,8754,8611,3894,1978,1916,5268,2785,2483,905,462,443
0.5 Scen,2046,365,Panola County,27514,14035,13479,17308,8733,8575,3883,1978,1905,5405,2854,2551,918,470,448
0.5 Scen,2047,365,Panola County,27603,14082,13521,17250,8706,8544,3873,1976,1897,5543,2921,2622,937,479,458
0.5 Scen,2048,365,Panola County,27695,14142,13553,17190,8678,8512,3861,1976,1885,5687,2996,2691,957,492,465
0.5 Scen,2049,365,Panola County,27780,14199,13581,17126,8658,8468,3845,1971,1874,5833,3069,2764,976,501,475
0.5 Scen,2050,365,Panola County,27870,14251,13619,17072,8630,8442,3825,1962,1863,5977,3147,2830,996,512,484
0.5 Scen,2010,367,Parker County,116927,59292,57635,99698,49736,49962,1842,1353,489,12410,6777,5633,2977,1426,1551
0.5 Scen,2011,367,Parker County,118934,60204,58730,101020,50303,50717,1867,1367,500,12983,7065,5918,3064,1469,1595
0.5 Scen,2012,367,Parker County,120954,61119,59835,102320,50859,51461,1898,1386,512,13578,7363,6215,3158,1511,1647
0.5 Scen,2013,367,Parker County,123047,62070,60977,103663,51433,52230,1923,1399,524,14215,7683,6532,3246,1555,1691
0.5 Scen,2014,367,Parker County,125153,63019,62134,104977,51985,52992,1956,1418,538,14881,8020,6861,3339,1596,1743
0.5 Scen,2015,367,Parker County,127307,63981,63326,106302,52539,53763,1990,1437,553,15576,8362,7214,3439,1643,1796
0.5 Scen,2016,367,Parker County,129473,64964,64509,107610,53101,54509,2024,1456,568,16296,8717,7579,3543,1690,1853
0.5 Scen,2017,367,Parker County,131610,65931,65679,108871,53641,55230,2058,1472,586,17044,9085,7959,3637,1733,1904
0.5 Scen,2018,367,Parker County,133826,66925,66901,110157,54180,55977,2096,1493,603,17833,9471,8362,3740,1781,1959
0.5 Scen,2019,367,Parker County,136072,67931,68141,111431,54713,56718,2125,1507,618,18661,9877,8784,3855,1834,2021
0.5 Scen,2020,367,Parker County,138373,68970,69403,112701,55240,57461,2162,1526,636,19544,10315,9229,3966,1889,2077
0.5 Scen,2021,367,Parker County,140740,70046,70694,113996,55780,58216,2199,1549,650,20463,10771,9692,4082,1946,2136
0.5 Scen,2022,367,Parker County,143125,71126,71999,115293,56318,58975,2234,1567,667,21407,11239,10168,4191,2002,2189
0.5 Scen,2023,367,Parker County,145562,72239,73323,116594,56863,59731,2269,1587,682,22399,11733,10666,4300,2056,2244
0.5 Scen,2024,367,Parker County,148041,73384,74657,117880,57405,60475,2302,1604,698,23428,12252,11176,4431,2123,2308
0.5 Scen,2025,367,Parker County,150567,74549,76018,119173,57948,61225,2335,1622,713,24510,12799,11711,4549,2180,2369
0.5 Scen,2026,367,Parker County,153129,75734,77395,120437,58481,61956,2375,1642,733,25631,13362,12269,4686,2249,2437
0.5 Scen,2027,367,Parker County,155741,76942,78799,121700,59018,62682,2410,1660,750,26821,13952,12869,4810,2312,2498
0.5 Scen,2028,367,Parker County,158374,78169,80205,122944,59542,63402,2443,1680,763,28053,14569,13484,4934,2378,2556
0.5 Scen,2029,367,Parker County,161045,79405,81640,124177,60047,64130,2477,1697,780,29328,15211,14117,5063,2450,2613
0.5 Scen,2030,367,Parker County,163780,80680,83100,125411,60574,64837,2511,1715,796,30660,15880,14780,5198,2511,2687
0.5 Scen,2031,367,Parker County,166535,81965,84570,126613,61083,65530,2540,1732,808,32057,16568,15489,5325,2582,2743
0.5 Scen,2032,367,Parker County,169280,83239,86041,127761,61564,66197,2571,1749,822,33480,17270,16210,5468,2656,2812
0.5 Scen,2033,367,Parker County,172051,84530,87521,128876,62034,66842,2606,1768,838,34956,17996,16960,5613,2732,2881
0.5 Scen,2034,367,Parker County,174804,85811,88993,129945,62481,67464,2642,1786,856,36476,18742,17734,5741,2802,2939
0.5 Scen,2035,367,Parker County,177599,87109,90490,130996,62919,68077,2674,1799,875,38047,19516,18531,5882,2875,3007
0.5 Scen,2036,367,Parker County,180393,88419,91974,132003,63339,68664,2709,1820,889,39667,20320,19347,6014,2940,3074
0.5 Scen,2037,367,Parker County,183204,89742,93462,132963,63740,69223,2744,1839,905,41342,21145,20197,6155,3018,3137
0.5 Scen,2038,367,Parker County,186021,91063,94958,133870,64114,69756,2774,1855,919,43069,21995,21074,6308,3099,3209
0.5 Scen,2039,367,Parker County,188860,92391,96469,134778,64489,70289,2801,1869,932,44826,22855,21971,6455,3178,3277
0.5 Scen,2040,367,Parker County,191733,93738,97995,135637,64847,70790,2825,1879,946,46664,23761,22903,6607,3251,3356
0.5 Scen,2041,367,Parker County,194651,95125,99526,136459,65189,71270,2854,1895,959,48571,24704,23867,6767,3337,3430
0.5 Scen,2042,367,Parker County,197596,96510,101086,137273,65520,71753,2876,1905,971,50533,25673,24860,6914,3412,3502
0.5 Scen,2043,367,Parker County,200599,97931,102668,138058,65841,72217,2909,1924,985,52568,26674,25894,7064,3492,3572
0.5 Scen,2044,367,Parker County,203635,99369,104266,138811,66150,72661,2934,1932,1002,54675,27718,26957,7215,3569,3646
0.5 Scen,2045,367,Parker County,206699,100823,105876,139546,66451,73095,2956,1941,1015,56841,28791,28050,7356,3640,3716
0.5 Scen,2046,367,Parker County,209860,102328,107532,140268,66743,73525,2985,1954,1031,59089,29905,29184,7518,3726,3792
0.5 Scen,2047,367,Parker County,213102,103884,109218,140999,67048,73951,3021,1972,1049,61423,31064,30359,7659,3800,3859
0.5 Scen,2048,367,Parker County,216435,105473,110962,141734,67357,74377,3053,1986,1067,63835,32255,31580,7813,3875,3938
0.5 Scen,2049,367,Parker County,219819,107101,112718,142452,67668,74784,3085,2001,1084,66323,33486,32837,7959,3946,4013
0.5 Scen,2050,367,Parker County,223325,108799,114526,143196,67987,75209,3115,2015,1100,68899,34765,34134,8115,4032,4083
0.5 Scen,2010,369,Parmer County,10269,5259,5010,3943,1961,1982,91,46,45,6164,3213,2951,71,39,32
0.5 Scen,2011,369,Parmer County,10409,5339,5070,3927,1953,1974,92,47,45,6318,3299,3019,72,40,32
0.5 Scen,2012,369,Parmer County,10570,5428,5142,3917,1950,1967,93,47,46,6487,3391,3096,73,40,33
0.5 Scen,2013,369,Parmer County,10706,5511,5195,3899,1946,1953,94,48,46,6639,3476,3163,74,41,33
0.5 Scen,2014,369,Parmer County,10852,5594,5258,3876,1936,1940,95,48,47,6806,3569,3237,75,41,34
0.5 Scen,2015,369,Parmer County,10998,5679,5319,3856,1929,1927,96,49,47,6970,3659,3311,76,42,34
0.5 Scen,2016,369,Parmer County,11140,5755,5385,3832,1920,1912,96,48,48,7135,3745,3390,77,42,35
0.5 Scen,2017,369,Parmer County,11296,5845,5451,3811,1910,1901,95,48,47,7312,3844,3468,78,43,35
0.5 Scen,2018,369,Parmer County,11454,5934,5520,3793,1903,1890,95,48,47,7487,3940,3547,79,43,36
0.5 Scen,2019,369,Parmer County,11619,6034,5585,3774,1900,1874,95,48,47,7670,4042,3628,80,44,36
0.5 Scen,2020,369,Parmer County,11795,6131,5664,3765,1898,1867,95,48,47,7854,4141,3713,81,44,37
0.5 Scen,2021,369,Parmer County,11954,6220,5734,3741,1890,1851,94,48,46,8038,4238,3800,81,44,37
0.5 Scen,2022,369,Parmer County,12139,6316,5823,3731,1885,1846,94,48,46,8232,4339,3893,82,44,38
0.5 Scen,2023,369,Parmer County,12304,6404,5900,3716,1877,1839,94,48,46,8411,4434,3977,83,45,38
0.5 Scen,2024,369,Parmer County,12488,6497,5991,3698,1867,1831,93,48,45,8613,4537,4076,84,45,39
0.5 Scen,2025,369,Parmer County,12663,6587,6076,3683,1858,1825,93,49,44,8802,4634,4168,85,46,39
0.5 Scen,2026,369,Parmer County,12835,6675,6160,3664,1849,1815,93,48,45,8992,4732,4260,86,46,40
0.5 Scen,2027,369,Parmer County,12997,6758,6239,3644,1839,1805,92,48,44,9174,4824,4350,87,47,40
0.5 Scen,2028,369,Parmer County,13170,6853,6317,3628,1832,1796,92,47,45,9362,4927,4435,88,47,41
0.5 Scen,2029,369,Parmer County,13339,6945,6394,3606,1822,1784,91,47,44,9554,5029,4525,88,47,41
0.5 Scen,2030,369,Parmer County,13528,7047,6481,3593,1817,1776,91,46,45,9755,5137,4618,89,47,42
0.5 Scen,2031,369,Parmer County,13677,7126,6551,3571,1804,1767,91,47,44,9924,5227,4697,91,48,43
0.5 Scen,2032,369,Parmer County,13854,7227,6627,3551,1798,1753,91,46,45,10119,5334,4785,93,49,44
0.5 Scen,2033,369,Parmer County,14028,7325,6703,3525,1789,1736,91,46,45,10317,5439,4878,95,51,44
0.5 Scen,2034,369,Parmer County,14193,7417,6776,3501,1778,1723,91,46,45,10504,5541,4963,97,52,45
0.5 Scen,2035,369,Parmer County,14371,7524,6847,3485,1772,1713,90,46,44,10699,5653,5046,97,53,44
0.5 Scen,2036,369,Parmer County,14544,7622,6922,3465,1765,1700,90,46,44,10891,5758,5133,98,53,45
0.5 Scen,2037,369,Parmer County,14728,7721,7007,3451,1758,1693,90,46,44,11088,5863,5225,99,54,45
0.5 Scen,2038,369,Parmer County,14899,7820,7079,3434,1756,1678,91,46,45,11274,5964,5310,100,54,46
0.5 Scen,2039,369,Parmer County,15068,7920,7148,3415,1751,1664,92,47,45,11461,6068,5393,100,54,46
0.5 Scen,2040,369,Parmer County,15244,8017,7227,3397,1745,1652,92,47,45,11654,6171,5483,101,54,47
0.5 Scen,2041,369,Parmer County,15418,8116,7302,3384,1743,1641,91,47,44,11841,6271,5570,102,55,47
0.5 Scen,2042,369,Parmer County,15589,8212,7377,3369,1736,1633,90,47,43,12027,6374,5653,103,55,48
0.5 Scen,2043,369,Parmer County,15760,8312,7448,3352,1732,1620,89,47,42,12215,6477,5738,104,56,48
0.5 Scen,2044,369,Parmer County,15933,8405,7528,3336,1726,1610,87,46,41,12406,6578,5828,104,55,49
0.5 Scen,2045,369,Parmer County,16102,8502,7600,3321,1720,1601,86,45,41,12592,6682,5910,103,55,48
0.5 Scen,2046,369,Parmer County,16264,8592,7672,3303,1712,1591,83,43,40,12774,6782,5992,104,55,49
0.5 Scen,2047,369,Parmer County,16437,8687,7750,3292,1706,1586,81,41,40,12959,6884,6075,105,56,49
0.5 Scen,2048,369,Parmer County,16612,8776,7836,3275,1700,1575,79,40,39,13153,6981,6172,105,55,50
0.5 Scen,2049,369,Parmer County,16788,8876,7912,3262,1698,1564,77,39,38,13342,7082,6260,107,57,50
0.5 Scen,2050,369,Parmer County,16953,8968,7985,3245,1695,1550,75,38,37,13527,7180,6347,106,55,51
0.5 Scen,2010,371,Pecos County,15507,8742,6765,4326,2554,1772,528,496,32,10430,5579,4851,223,113,110
0.5 Scen,2011,371,Pecos County,15686,8832,6854,4336,2559,1777,528,496,32,10594,5661,4933,228,116,112
0.5 Scen,2012,371,Pecos County,15854,8917,6937,4344,2565,1779,529,497,32,10750,5737,5013,231,118,113
0.5 Scen,2013,371,Pecos County,16015,8995,7020,4345,2563,1782,529,497,32,10904,5814,5090,237,121,116
0.5 Scen,2014,371,Pecos County,16190,9089,7101,4350,2568,1782,531,498,33,11067,5899,5168,242,124,118
0.5 Scen,2015,371,Pecos County,16348,9164,7184,4347,2566,1781,532,499,33,11221,5971,5250,248,128,120
0.5 Scen,2016,371,Pecos County,16504,9249,7255,4345,2570,1775,531,498,33,11375,6050,5325,253,131,122
0.5 Scen,2017,371,Pecos County,16638,9314,7324,4330,2561,1769,528,495,33,11522,6124,5398,258,134,124
0.5 Scen,2018,371,Pecos County,16784,9391,7393,4318,2557,1761,526,493,33,11677,6204,5473,263,137,126
0.5 Scen,2019,371,Pecos County,16926,9464,7462,4303,2550,1753,527,494,33,11829,6280,5549,267,140,127
0.5 Scen,2020,371,Pecos County,17051,9527,7524,4286,2542,1744,523,490,33,11970,6352,5618,272,143,129
0.5 Scen,2021,371,Pecos County,17198,9608,7590,4271,2538,1733,523,490,33,12126,6433,5693,278,147,131
0.5 Scen,2022,371,Pecos County,17346,9682,7664,4263,2532,1731,524,490,34,12277,6511,5766,282,149,133
0.5 Scen,2023,371,Pecos County,17489,9756,7733,4249,2527,1722,524,490,34,12430,6588,5842,286,151,135
0.5 Scen,2024,371,Pecos County,17620,9821,7799,4231,2510,1721,526,491,35,12572,6666,5906,291,154,137
0.5 Scen,2025,371,Pecos County,17762,9895,7867,4215,2502,1713,527,492,35,12725,6745,5980,295,156,139
0.5 Scen,2026,371,Pecos County,17913,9973,7940,4201,2492,1709,527,491,36,12886,6830,6056,299,160,139
0.5 Scen,2027,371,Pecos County,18032,10040,7992,4181,2483,1698,528,492,36,13021,6903,6118,302,162,140
0.5 Scen,2028,371,Pecos County,18175,10109,8066,4159,2472,1687,525,488,37,13184,6983,6201,307,166,141
0.5 Scen,2029,371,Pecos County,18324,10191,8133,4140,2463,1677,527,490,37,13348,7071,6277,309,167,142
0.5 Scen,2030,371,Pecos County,18450,10251,8199,4111,2445,1666,524,486,38,13504,7151,6353,311,169,142
0.5 Scen,2031,371,Pecos County,18598,10334,8264,4095,2439,1656,524,486,38,13664,7237,6427,315,172,143
0.5 Scen,2032,371,Pecos County,18733,10404,8329,4070,2427,1643,523,484,39,13822,7319,6503,318,174,144
0.5 Scen,2033,371,Pecos County,18859,10475,8384,4047,2417,1630,519,480,39,13973,7403,6570,320,175,145
0.5 Scen,2034,371,Pecos County,18985,10541,8444,4022,2404,1618,519,479,40,14123,7483,6640,321,175,146
0.5 Scen,2035,371,Pecos County,19107,10611,8496,4005,2401,1604,517,477,40,14262,7558,6704,323,175,148
0.5 Scen,2036,371,Pecos County,19223,10677,8546,3976,2386,1590,516,476,40,14406,7639,6767,325,176,149
0.5 Scen,2037,371,Pecos County,19341,10744,8597,3961,2381,1580,511,471,40,14541,7714,6827,328,178,150
0.5 Scen,2038,371,Pecos County,19453,10802,8651,3946,2376,1570,506,466,40,14673,7782,6891,328,178,150
0.5 Scen,2039,371,Pecos County,19583,10882,8701,3932,2372,1560,506,466,40,14816,7863,6953,329,181,148
0.5 Scen,2040,371,Pecos County,19702,10944,8758,3914,2363,1551,499,459,40,14960,7941,7019,329,181,148
0.5 Scen,2041,371,Pecos County,19823,11009,8814,3895,2354,1541,497,457,40,15102,8018,7084,329,180,149
0.5 Scen,2042,371,Pecos County,19938,11073,8865,3876,2341,1535,491,452,39,15241,8100,7141,330,180,150
0.5 Scen,2043,371,Pecos County,20061,11136,8925,3856,2331,1525,486,447,39,15387,8178,7209,332,180,152
0.5 Scen,2044,371,Pecos County,20180,11200,8980,3839,2321,1518,482,444,38,15525,8253,7272,334,182,152
0.5 Scen,2045,371,Pecos County,20292,11259,9033,3817,2309,1508,476,438,38,15663,8329,7334,336,183,153
0.5 Scen,2046,371,Pecos County,20405,11317,9088,3796,2293,1503,472,435,37,15798,8405,7393,339,184,155
0.5 Scen,2047,371,Pecos County,20525,11387,9138,3786,2291,1495,467,430,37,15935,8485,7450,337,181,156
0.5 Scen,2048,371,Pecos County,20652,11458,9194,3768,2281,1487,464,428,36,16082,8568,7514,338,181,157
0.5 Scen,2049,371,Pecos County,20768,11526,9242,3752,2273,1479,462,426,36,16215,8646,7569,339,181,158
0.5 Scen,2050,371,Pecos County,20878,11594,9284,3727,2261,1466,455,420,35,16357,8731,7626,339,182,157
0.5 Scen,2010,373,Polk County,45413,24288,21125,32830,16792,16038,5153,3201,1952,5959,3606,2353,1471,689,782
0.5 Scen,2011,373,Polk County,45758,24479,21279,32951,16864,16087,5192,3222,1970,6120,3690,2430,1495,703,792
0.5 Scen,2012,373,Polk County,46118,24674,21444,33079,16937,16142,5228,3239,1989,6290,3781,2509,1521,717,804
0.5 Scen,2013,373,Polk County,46472,24878,21594,33200,17010,16190,5270,3265,2005,6458,3872,2586,1544,731,813
0.5 Scen,2014,373,Polk County,46812,25070,21742,33316,17087,16229,5304,3283,2021,6622,3956,2666,1570,744,826
0.5 Scen,2015,373,Polk County,47174,25266,21908,33446,17157,16289,5332,3297,2035,6799,4053,2746,1597,759,838
0.5 Scen,2016,373,Polk County,47524,25468,22056,33562,17234,16328,5358,3313,2045,6977,4144,2833,1627,777,850
0.5 Scen,2017,373,Polk County,47872,25658,22214,33673,17301,16372,5375,3324,2051,7163,4239,2924,1661,794,867
0.5 Scen,2018,373,Polk County,48204,25842,22362,33769,17358,16411,5390,3332,2058,7353,4341,3012,1692,811,881
0.5 Scen,2019,373,Polk County,48564,26052,22512,33878,17428,16450,5416,3349,2067,7548,4446,3102,1722,829,893
0.5 Scen,2020,373,Polk County,48894,26232,22662,33962,17479,16483,5435,3361,2074,7747,4551,3196,1750,841,909
0.5 Scen,2021,373,Polk County,49222,26429,22793,34043,17540,16503,5453,3374,2079,7949,4658,3291,1777,857,920
0.5 Scen,2022,373,Polk County,49547,26610,22937,34124,17593,16531,5465,3385,2080,8146,4758,3388,1812,874,938
0.5 Scen,2023,373,Polk County,49868,26792,23076,34182,17634,16548,5483,3397,2086,8359,4869,3490,1844,892,952
0.5 Scen,2024,373,Polk County,50181,26979,23202,34239,17690,16549,5497,3410,2087,8572,4975,3597,1873,904,969
0.5 Scen,2025,373,Polk County,50451,27135,23316,34261,17716,16545,5504,3419,2085,8782,5078,3704,1904,922,982
0.5 Scen,2026,373,Polk County,50728,27305,23423,34284,17748,16536,5513,3433,2080,8993,5183,3810,1938,941,997
0.5 Scen,2027,373,Polk County,50993,27457,23536,34282,17766,16516,5521,3442,2079,9207,5286,3921,1983,963,1020
0.5 Scen,2028,373,Polk County,51227,27604,23623,34274,17787,16487,5524,3449,2075,9411,5387,4024,2018,981,1037
0.5 Scen,2029,373,Polk County,51456,27752,23704,34253,17800,16453,5524,3458,2066,9621,5492,4129,2058,1002,1056
0.5 Scen,2030,373,Polk County,51675,27893,23782,34212,17805,16407,5528,3463,2065,9837,5600,4237,2098,1025,1073
0.5 Scen,2031,373,Polk County,51890,28040,23850,34166,17812,16354,5526,3463,2063,10063,5715,4348,2135,1050,1085
0.5 Scen,2032,373,Polk County,52100,28180,23920,34120,17816,16304,5523,3465,2058,10278,5824,4454,2179,1075,1104
0.5 Scen,2033,373,Polk County,52311,28312,23999,34059,17811,16248,5533,3474,2059,10505,5933,4572,2214,1094,1120
0.5 Scen,2034,373,Polk County,52519,28452,24067,33994,17808,16186,5534,3477,2057,10734,6051,4683,2257,1116,1141
0.5 Scen,2035,373,Polk County,52703,28572,24131,33919,17794,16125,5535,3483,2052,10952,6161,4791,2297,1134,1163
0.5 Scen,2036,373,Polk County,52880,28696,24184,33843,17787,16056,5533,3480,2053,11170,6270,4900,2334,1159,1175
0.5 Scen,2037,373,Polk County,53084,28828,24256,33766,17775,15991,5532,3483,2049,11401,6385,5016,2385,1185,1200
0.5 Scen,2038,373,Polk County,53262,28947,24315,33680,17755,15925,5519,3483,2036,11638,6501,5137,2425,1208,1217
0.5 Scen,2039,373,Polk County,53445,29072,24373,33595,17737,15858,5504,3481,2023,11878,6622,5256,2468,1232,1236
0.5 Scen,2040,373,Polk County,53629,29191,24438,33514,17725,15789,5494,3476,2018,12117,6739,5378,2504,1251,1253
0.5 Scen,2041,373,Polk County,53828,29323,24505,33434,17709,15725,5483,3471,2012,12367,6868,5499,2544,1275,1269
0.5 Scen,2042,373,Polk County,53998,29430,24568,33333,17680,15653,5470,3464,2006,12615,6991,5624,2580,1295,1285
0.5 Scen,2043,373,Polk County,54205,29561,24644,33249,17661,15588,5470,3467,2003,12859,7112,5747,2627,1321,1306
0.5 Scen,2044,373,Polk County,54392,29691,24701,33156,17645,15511,5458,3464,1994,13109,7236,5873,2669,1346,1323
0.5 Scen,2045,373,Polk County,54580,29812,24768,33056,17618,15438,5443,3459,1984,13370,7366,6004,2711,1369,1342
0.5 Scen,2046,373,Polk County,54792,29952,24840,32978,17604,15374,5426,3454,1972,13631,7503,6128,2757,1391,1366
0.5 Scen,2047,373,Polk County,55011,30093,24918,32898,17588,15310,5417,3452,1965,13889,7633,6256,2807,1420,1387
0.5 Scen,2048,373,Polk County,55230,30240,24990,32814,17568,15246,5399,3448,1951,14155,7768,6387,2862,1456,1406
0.5 Scen,2049,373,Polk County,55456,30387,25069,32744,17560,15184,5382,3440,1942,14418,7901,6517,2912,1486,1426
0.5 Scen,2050,373,Polk County,55686,30533,25153,32676,17551,15125,5354,3424,1930,14693,8042,6651,2963,1516,1447
0.5 Scen,2010,375,Potter County,121073,61919,59154,59322,29232,30090,11823,6861,4962,42692,22152,20540,7236,3674,3562
0.5 Scen,2011,375,Potter County,122348,62611,59737,59249,29245,30004,11906,6901,5005,43742,22685,21057,7451,3780,3671
0.5 Scen,2012,375,Potter County,123653,63310,60343,59193,29250,29943,11976,6936,5040,44805,23229,21576,7679,3895,3784
0.5 Scen,2013,375,Potter County,124975,64034,60941,59128,29260,29868,12048,6976,5072,45896,23791,22105,7903,4007,3896
0.5 Scen,2014,375,Potter County,126292,64756,61536,59032,29252,29780,12131,7022,5109,47004,24362,22642,8125,4120,4005
0.5 Scen,2015,375,Potter County,127599,65450,62149,58912,29225,29687,12209,7066,5143,48122,24930,23192,8356,4229,4127
0.5 Scen,2016,375,Potter County,128885,66140,62745,58758,29181,29577,12293,7108,5185,49242,25508,23734,8592,4343,4249
0.5 Scen,2017,375,Potter County,130164,66835,63329,58578,29121,29457,12371,7151,5220,50380,26087,24293,8835,4476,4359
0.5 Scen,2018,375,Potter County,131467,67522,63945,58370,29044,29326,12450,7193,5257,51548,26682,24866,9099,4603,4496
0.5 Scen,2019,375,Potter County,132755,68232,64523,58151,28971,29180,12529,7239,5290,52721,27288,25433,9354,4734,4620
0.5 Scen,2020,375,Potter County,134041,68916,65125,57894,28869,29025,12605,7282,5323,53919,27895,26024,9623,4870,4753
0.5 Scen,2021,375,Potter County,135365,69615,65750,57647,28769,28878,12686,7326,5360,55153,28519,26634,9879,5001,4878
0.5 Scen,2022,375,Potter County,136702,70322,66380,57392,28665,28727,12753,7360,5393,56391,29154,27237,10166,5143,5023
0.5 Scen,2023,375,Potter County,138052,71035,67017,57105,28549,28556,12840,7397,5443,57663,29807,27856,10444,5282,5162
0.5 Scen,2024,375,Potter County,139397,71744,67653,56828,28438,28390,12908,7431,5477,58939,30450,28489,10722,5425,5297
0.5 Scen,2025,375,Potter County,140761,72461,68300,56538,28311,28227,12979,7462,5517,60232,31117,29115,11012,5571,5441
0.5 Scen,2026,375,Potter County,142133,73173,68960,56213,28171,28042,13051,7487,5564,61552,31795,29757,11317,5720,5597
0.5 Scen,2027,375,Potter County,143513,73895,69618,55892,28033,27859,13124,7518,5606,62892,32479,30413,11605,5865,5740
0.5 Scen,2028,375,Potter County,144921,74621,70300,55555,27878,27677,13194,7552,5642,64255,33171,31084,11917,6020,5897
0.5 Scen,2029,375,Potter County,146335,75369,70966,55232,27739,27493,13258,7581,5677,65616,33864,31752,12229,6185,6044
0.5 Scen,2030,375,Potter County,147734,76081,71653,54884,27581,27303,13324,7607,5717,66967,34561,32406,12559,6332,6227
0.5 Scen,2031,375,Potter County,149150,76807,72343,54541,27423,27118,13376,7626,5750,68335,35255,33080,12898,6503,6395
0.5 Scen,2032,375,Potter County,150540,77538,73002,54181,27262,26919,13421,7644,5777,69688,35947,33741,13250,6685,6565
0.5 Scen,2033,375,Potter County,151942,78264,73678,53844,27108,26736,13463,7662,5801,71040,36638,34402,13595,6856,6739
0.5 Scen,2034,375,Potter County,153323,78978,74345,53500,26953,26547,13499,7671,5828,72391,37322,35069,13933,7032,6901
0.5 Scen,2035,375,Potter County,154725,79703,75022,53146,26789,26357,13531,7690,5841,73745,38015,35730,14303,7209,7094
0.5 Scen,2036,375,Potter County,156142,80435,75707,52793,26630,26163,13568,7704,5864,75102,38706,36396,14679,7395,7284
0.5 Scen,2037,375,Potter County,157520,81148,76372,52417,26457,25960,13596,7713,5883,76460,39400,37060,15047,7578,7469
0.5 Scen,2038,375,Potter County,158880,81847,77033,52033,26277,25756,13613,7718,5895,77817,40091,37726,15417,7761,7656
0.5 Scen,2039,375,Potter County,160259,82575,77684,51651,26105,25546,13634,7728,5906,79177,40787,38390,15797,7955,7842
0.5 Scen,2040,375,Potter County,161602,83282,78320,51258,25928,25330,13634,7728,5906,80535,41482,39053,16175,8144,8031
0.5 Scen,2041,375,Potter County,162946,83967,78979,50848,25737,25111,13648,7727,5921,81883,42167,39716,16567,8336,8231
0.5 Scen,2042,375,Potter County,164296,84672,79624,50428,25542,24886,13662,7730,5932,83250,42867,40383,16956,8533,8423
0.5 Scen,2043,375,Potter County,165622,85362,80260,50002,25344,24658,13667,7726,5941,84617,43572,41045,17336,8720,8616
0.5 Scen,2044,375,Potter County,166976,86070,80906,49574,25146,24428,13668,7724,5944,86001,44278,41723,17733,8922,8811
0.5 Scen,2045,375,Potter County,168303,86753,81550,49134,24939,24195,13665,7716,5949,87387,44987,42400,18117,9111,9006
0.5 Scen,2046,375,Potter County,169628,87451,82177,48697,24737,23960,13663,7717,5946,88772,45700,43072,18496,9297,9199
0.5 Scen,2047,375,Potter County,170975,88143,82832,48258,24533,23725,13660,7705,5955,90165,46410,43755,18892,9495,9397
0.5 Scen,2048,375,Potter County,172336,88863,83473,47818,24326,23492,13656,7703,5953,91573,47142,44431,19289,9692,9597
0.5 Scen,2049,375,Potter County,173703,89578,84125,47375,24116,23259,13651,7699,5952,92991,47875,45116,19686,9888,9798
0.5 Scen,2050,375,Potter County,175083,90293,84790,46948,23917,23031,13629,7684,5945,94426,48611,45815,20080,10081,9999
0.5 Scen,2010,377,Presidio County,7818,3818,4000,1136,604,532,27,19,8,6521,3127,3394,134,68,66
0.5 Scen,2011,377,Presidio County,7900,3859,4041,1140,606,534,27,19,8,6597,3165,3432,136,69,67
0.5 Scen,2012,377,Presidio County,7992,3905,4087,1152,613,539,27,19,8,6675,3203,3472,138,70,68
0.5 Scen,2013,377,Presidio County,8077,3949,4128,1159,617,542,27,19,8,6752,3242,3510,139,71,68
0.5 Scen,2014,377,Presidio County,8150,3984,4166,1160,618,542,27,19,8,6822,3276,3546,141,71,70
0.5 Scen,2015,377,Presidio County,8224,4022,4202,1164,620,544,27,19,8,6891,3311,3580,142,72,70
0.5 Scen,2016,377,Presidio County,8307,4064,4243,1166,624,542,27,19,8,6971,3349,3622,143,72,71
0.5 Scen,2017,377,Presidio County,8403,4112,4291,1169,625,544,27,19,8,7062,3394,3668,145,74,71
0.5 Scen,2018,377,Presidio County,8490,4160,4330,1167,627,540,27,19,8,7149,3439,3710,147,75,72
0.5 Scen,2019,377,Presidio County,8586,4209,4377,1169,629,540,27,19,8,7241,3485,3756,149,76,73
0.5 Scen,2020,377,Presidio County,8676,4255,4421,1168,630,538,27,19,8,7330,3529,3801,151,77,74
0.5 Scen,2021,377,Presidio County,8761,4297,4464,1165,628,537,27,19,8,7416,3572,3844,153,78,75
0.5 Scen,2022,377,Presidio County,8832,4331,4501,1156,623,533,27,19,8,7494,3610,3884,155,79,76
0.5 Scen,2023,377,Presidio County,8906,4372,4534,1151,620,531,27,19,8,7571,3653,3918,157,80,77
0.5 Scen,2024,377,Presidio County,8994,4417,4577,1142,615,527,27,19,8,7666,3702,3964,159,81,78
0.5 Scen,2025,377,Presidio County,9069,4452,4617,1132,607,525,27,19,8,7749,3744,4005,161,82,79
0.5 Scen,2026,377,Presidio County,9152,4497,4655,1123,604,519,27,19,8,7839,3791,4048,163,83,80
0.5 Scen,2027,377,Presidio County,9217,4533,4684,1109,594,515,27,19,8,7915,3835,4080,166,85,81
0.5 Scen,2028,377,Presidio County,9279,4562,4717,1096,586,510,27,19,8,7988,3872,4116,168,85,83
0.5 Scen,2029,377,Presidio County,9353,4601,4752,1078,578,500,27,19,8,8077,3917,4160,171,87,84
0.5 Scen,2030,377,Presidio County,9431,4643,4788,1067,573,494,27,19,8,8164,3963,4201,173,88,85
0.5 Scen,2031,377,Presidio County,9518,4688,4830,1062,570,492,27,19,8,8253,4009,4244,176,90,86
0.5 Scen,2032,377,Presidio County,9582,4719,4863,1049,563,486,27,19,8,8327,4046,4281,179,91,88
0.5 Scen,2033,377,Presidio County,9646,4761,4885,1038,558,480,27,19,8,8400,4092,4308,181,92,89
0.5 Scen,2034,377,Presidio County,9712,4799,4913,1022,553,469,27,19,8,8480,4134,4346,183,93,90
0.5 Scen,2035,377,Presidio County,9786,4840,4946,1008,544,464,27,19,8,8565,4182,4383,186,95,91
0.5 Scen,2036,377,Presidio County,9855,4878,4977,994,536,458,27,19,8,8645,4227,4418,189,96,93
0.5 Scen,2037,377,Presidio County,9922,4914,5008,983,530,453,27,19,8,8722,4268,4454,190,97,93
0.5 Scen,2038,377,Presidio County,9990,4955,5035,971,526,445,27,19,8,8802,4314,4488,190,96,94
0.5 Scen,2039,377,Presidio County,10054,4988,5066,962,521,441,27,19,8,8874,4352,4522,191,96,95
0.5 Scen,2040,377,Presidio County,10115,5021,5094,952,515,437,26,18,8,8945,4392,4553,192,96,96
0.5 Scen,2041,377,Presidio County,10182,5061,5121,944,514,430,25,18,7,9020,4432,4588,193,97,96
0.5 Scen,2042,377,Presidio County,10254,5104,5150,936,512,424,25,18,7,9101,4477,4624,192,97,95
0.5 Scen,2043,377,Presidio County,10321,5145,5176,930,511,419,25,18,7,9174,4519,4655,192,97,95
0.5 Scen,2044,377,Presidio County,10395,5189,5206,921,506,415,25,18,7,9256,4568,4688,193,97,96
0.5 Scen,2045,377,Presidio County,10459,5224,5235,909,501,408,25,18,7,9331,4608,4723,194,97,97
0.5 Scen,2046,377,Presidio County,10534,5263,5271,904,498,406,25,18,7,9412,4650,4762,193,97,96
0.5 Scen,2047,377,Presidio County,10610,5308,5302,897,496,401,25,18,7,9496,4697,4799,192,97,95
0.5 Scen,2048,377,Presidio County,10685,5352,5333,889,491,398,25,18,7,9579,4746,4833,192,97,95
0.5 Scen,2049,377,Presidio County,10748,5390,5358,880,484,396,25,18,7,9650,4790,4860,193,98,95
0.5 Scen,2050,377,Presidio County,10828,5438,5390,871,480,391,25,18,7,9737,4840,4897,195,100,95
0.5 Scen,2010,379,Rains County,10914,5485,5429,9553,4772,4781,249,134,115,839,448,391,273,131,142
0.5 Scen,2011,379,Rains County,11036,5536,5500,9654,4811,4843,249,135,114,858,458,400,275,132,143
0.5 Scen,2012,379,Rains County,11130,5579,5551,9727,4841,4886,249,136,113,876,468,408,278,134,144
0.5 Scen,2013,379,Rains County,11216,5609,5607,9790,4860,4930,250,136,114,895,478,417,281,135,146
0.5 Scen,2014,379,Rains County,11306,5644,5662,9855,4882,4973,252,136,116,911,487,424,288,139,149
0.5 Scen,2015,379,Rains County,11399,5676,5723,9925,4903,5022,253,136,117,929,497,432,292,140,152
0.5 Scen,2016,379,Rains County,11494,5715,5779,9991,4926,5065,256,137,119,950,509,441,297,143,154
0.5 Scen,2017,379,Rains County,11584,5757,5827,10050,4948,5102,259,140,119,974,524,450,301,145,156
0.5 Scen,2018,379,Rains County,11686,5800,5886,10123,4976,5147,261,141,120,998,536,462,304,147,157
0.5 Scen,2019,379,Rains County,11789,5845,5944,10199,5005,5194,262,142,120,1020,548,472,308,150,158
0.5 Scen,2020,379,Rains County,11870,5881,5989,10251,5026,5225,264,143,121,1040,559,481,315,153,162
0.5 Scen,2021,379,Rains County,11971,5925,6046,10322,5054,5268,265,144,121,1063,571,492,321,156,165
0.5 Scen,2022,379,Rains County,12063,5967,6096,10385,5081,5304,266,144,122,1087,584,503,325,158,167
0.5 Scen,2023,379,Rains County,12149,5999,6150,10442,5098,5344,266,144,122,1111,596,515,330,161,169
0.5 Scen,2024,379,Rains County,12227,6031,6196,10494,5117,5377,266,144,122,1134,607,527,333,163,170
0.5 Scen,2025,379,Rains County,12294,6066,6228,10534,5136,5398,266,144,122,1155,619,536,339,167,172
0.5 Scen,2026,379,Rains County,12369,6097,6272,10579,5151,5428,266,144,122,1178,630,548,346,172,174
0.5 Scen,2027,379,Rains County,12441,6127,6314,10627,5169,5458,264,143,121,1201,642,559,349,173,176
0.5 Scen,2028,379,Rains County,12481,6148,6333,10646,5179,5467,263,142,121,1220,652,568,352,175,177
0.5 Scen,2029,379,Rains County,12527,6176,6351,10672,5193,5479,263,143,120,1240,664,576,352,176,176
0.5 Scen,2030,379,Rains County,12568,6192,6376,10696,5200,5496,261,141,120,1260,675,585,351,176,175
0.5 Scen,2031,379,Rains County,12602,6211,6391,10708,5207,5501,259,140,119,1281,686,595,354,178,176
0.5 Scen,2032,379,Rains County,12633,6230,6403,10719,5216,5503,257,138,119,1300,697,603,357,179,178
0.5 Scen,2033,379,Rains County,12654,6250,6404,10720,5223,5497,256,138,118,1321,709,612,357,180,177
0.5 Scen,2034,379,Rains County,12681,6267,6414,10728,5229,5499,254,136,118,1342,721,621,357,181,176
0.5 Scen,2035,379,Rains County,12698,6280,6418,10727,5231,5496,251,135,116,1362,733,629,358,181,177
0.5 Scen,2036,379,Rains County,12719,6298,6421,10728,5238,5490,249,133,116,1382,745,637,360,182,178
0.5 Scen,2037,379,Rains County,12741,6313,6428,10728,5242,5486,247,132,115,1403,756,647,363,183,180
0.5 Scen,2038,379,Rains County,12749,6320,6429,10718,5241,5477,246,131,115,1424,766,658,361,182,179
0.5 Scen,2039,379,Rains County,12753,6333,6420,10709,5242,5467,243,130,113,1439,777,662,362,184,178
0.5 Scen,2040,379,Rains County,12765,6340,6425,10707,5242,5465,241,129,112,1453,784,669,364,185,179
0.5 Scen,2041,379,Rains County,12769,6347,6422,10696,5242,5454,239,128,111,1468,792,676,366,185,181
0.5 Scen,2042,379,Rains County,12782,6362,6420,10693,5248,5445,237,127,110,1484,801,683,368,186,182
0.5 Scen,2043,379,Rains County,12792,6379,6413,10690,5256,5434,235,127,108,1498,810,688,369,186,183
0.5 Scen,2044,379,Rains County,12799,6388,6411,10683,5260,5423,234,126,108,1513,817,696,369,185,184
0.5 Scen,2045,379,Rains County,12795,6397,6398,10663,5260,5403,232,125,107,1532,828,704,368,184,184
0.5 Scen,2046,379,Rains County,12795,6410,6385,10651,5265,5386,229,124,105,1548,838,710,367,183,184
0.5 Scen,2047,379,Rains County,12813,6430,6383,10650,5270,5380,228,123,105,1566,852,714,369,185,184
0.5 Scen,2048,379,Rains County,12831,6449,6382,10647,5275,5372,227,123,104,1587,865,722,370,186,184
0.5 Scen,2049,379,Rains County,12846,6457,6389,10644,5273,5371,224,121,103,1606,876,730,372,187,185
0.5 Scen,2050,379,Rains County,12858,6481,6377,10640,5286,5354,223,120,103,1624,887,737,371,188,183
0.5 Scen,2010,381,Randall County,120725,58737,61988,94361,45444,48917,2701,1509,1192,19775,9820,9955,3888,1964,1924
0.5 Scen,2011,381,Randall County,121899,59331,62568,94685,45615,49070,2771,1550,1221,20439,10143,10296,4004,2023,1981
0.5 Scen,2012,381,Randall County,123152,59956,63196,95036,45790,49246,2847,1592,1255,21147,10491,10656,4122,2083,2039
0.5 Scen,2013,381,Randall County,124405,60588,63817,95387,45968,49419,2924,1638,1286,21850,10838,11012,4244,2144,2100
0.5 Scen,2014,381,Randall County,125684,61221,64463,95713,46131,49582,3000,1682,1318,22592,11196,11396,4379,2212,2167
0.5 Scen,2015,381,Randall County,126933,61825,65108,96016,46273,49743,3066,1718,1348,23342,11555,11787,4509,2279,2230
0.5 Scen,2016,381,Randall County,128198,62445,65753,96310,46415,49895,3139,1761,1378,24115,11926,12189,4634,2343,2291
0.5 Scen,2017,381,Randall County,129482,63095,66387,96583,46560,50023,3215,1804,1411,24918,12325,12593,4766,2406,2360
0.5 Scen,2018,381,Randall County,130833,63758,67075,96877,46697,50180,3300,1856,1444,25744,12724,13020,4912,2481,2431
0.5 Scen,2019,381,Randall County,132163,64422,67741,97147,46835,50312,3383,1902,1481,26590,13136,13454,5043,2549,2494
0.5 Scen,2020,381,Randall County,133494,65101,68393,97382,46961,50421,3472,1950,1522,27453,13565,13888,5187,2625,2562
0.5 Scen,2021,381,Randall County,134888,65792,69096,97633,47079,50554,3561,2001,1560,28356,14011,14345,5338,2701,2637
0.5 Scen,2022,381,Randall County,136325,66513,69812,97868,47194,50674,3653,2051,1602,29299,14483,14816,5505,2785,2720
0.5 Scen,2023,381,Randall County,137780,67244,70536,98092,47308,50784,3752,2104,1648,30262,14958,15304,5674,2874,2800
0.5 Scen,2024,381,Randall County,139222,67966,71256,98282,47408,50874,3842,2151,1691,31258,15448,15810,5840,2959,2881
0.5 Scen,2025,381,Randall County,140727,68728,71999,98480,47514,50966,3935,2203,1732,32293,15961,16332,6019,3050,2969
0.5 Scen,2026,381,Randall County,142222,69479,72743,98634,47602,51032,4024,2248,1776,33348,16484,16864,6216,3145,3071
0.5 Scen,2027,381,Randall County,143727,70242,73485,98764,47683,51081,4119,2300,1819,34451,17027,17424,6393,3232,3161
0.5 Scen,2028,381,Randall County,145235,70992,74243,98877,47743,51134,4210,2352,1858,35574,17572,18002,6574,3325,3249
0.5 Scen,2029,381,Randall County,146726,71745,74981,98960,47795,51165,4302,2405,1897,36711,18129,18582,6753,3416,3337
0.5 Scen,2030,381,Randall County,148264,72514,75750,99015,47839,51176,4402,2452,1950,37892,18707,19185,6955,3516,3439
0.5 Scen,2031,381,Randall County,149752,73261,76491,99044,47870,51174,4492,2493,1999,39079,19288,19791,7137,3610,3527
0.5 Scen,2032,381,Randall County,151257,74021,77236,99039,47880,51159,4576,2532,2044,40299,19893,20406,7343,3716,3627
0.5 Scen,2033,381,Randall County,152737,74764,77973,98989,47872,51117,4660,2572,2088,41542,20500,21042,7546,3820,3726
0.5 Scen,2034,381,Randall County,154179,75502,78677,98899,47842,51057,4743,2616,2127,42785,21115,21670,7752,3929,3823
0.5 Scen,2035,381,Randall County,155644,76251,79393,98806,47823,50983,4826,2656,2170,44048,21731,22317,7964,4041,3923
0.5 Scen,2036,381,Randall County,157084,76989,80095,98662,47779,50883,4903,2688,2215,45341,22366,22975,8178,4156,4022
0.5 Scen,2037,381,Randall County,158528,77728,80800,98500,47724,50776,4985,2725,2260,46640,23005,23635,8403,4274,4129
0.5 Scen,2038,381,Randall County,159941,78457,81484,98303,47658,50645,5059,2765,2294,47942,23641,24301,8637,4393,4244
0.5 Scen,2039,381,Randall County,161368,79198,82170,98088,47585,50503,5140,2800,2340,49279,24300,24979,8861,4513,4348
0.5 Scen,2040,381,Randall County,162786,79924,82862,97837,47493,50344,5225,2834,2391,50627,24961,25666,9097,4636,4461
0.5 Scen,2041,381,Randall County,164203,80663,83540,97582,47399,50183,5308,2872,2436,51980,25630,26350,9333,4762,4571
0.5 Scen,2042,381,Randall County,165604,81394,84210,97299,47295,50004,5391,2909,2482,53345,26301,27044,9569,4889,4680
0.5 Scen,2043,381,Randall County,167021,82144,84877,97002,47187,49815,5474,2949,2525,54731,26983,27748,9814,5025,4789
0.5 Scen,2044,381,Randall County,168438,82891,85547,96693,47070,49623,5566,2993,2573,56129,27679,28450,10050,5149,4901
0.5 Scen,2045,381,Randall County,169856,83638,86218,96376,46953,49423,5646,3024,2622,57548,28380,29168,10286,5281,5005
0.5 Scen,2046,381,Randall County,171312,84398,86914,96046,46828,49218,5737,3065,2672,58994,29089,29905,10535,5416,5119
0.5 Scen,2047,381,Randall County,172796,85179,87617,95722,46709,49013,5830,3106,2724,60461,29813,30648,10783,5551,5232
0.5 Scen,2048,381,Randall County,174305,85971,88334,95412,46592,48820,5921,3148,2773,61941,30546,31395,11031,5685,5346
0.5 Scen,2049,381,Randall County,175851,86788,89063,95107,46484,48623,6009,3190,2819,63455,31295,32160,11280,5819,5461
0.5 Scen,2050,381,Randall County,177431,87611,89820,94808,46376,48432,6108,3234,2874,64979,32044,32935,11536,5957,5579
0.5 Scen,2010,383,Reagan County,3367,1748,1619,1219,600,619,65,41,24,2051,1091,960,32,16,16
0.5 Scen,2011,383,Reagan County,3408,1771,1637,1225,604,621,65,41,24,2086,1110,976,32,16,16
0.5 Scen,2012,383,Reagan County,3455,1795,1660,1235,609,626,65,41,24,2123,1129,994,32,16,16
0.5 Scen,2013,383,Reagan County,3506,1824,1682,1246,617,629,65,41,24,2163,1150,1013,32,16,16
0.5 Scen,2014,383,Reagan County,3549,1846,1703,1254,620,634,65,41,24,2198,1169,1029,32,16,16
0.5 Scen,2015,383,Reagan County,3591,1870,1721,1261,624,637,65,41,24,2233,1189,1044,32,16,16
0.5 Scen,2016,383,Reagan County,3639,1896,1743,1266,627,639,65,41,24,2276,1212,1064,32,16,16
0.5 Scen,2017,383,Reagan County,3686,1923,1763,1274,631,643,65,41,24,2315,1235,1080,32,16,16
0.5 Scen,2018,383,Reagan County,3745,1955,1790,1283,636,647,65,41,24,2365,1262,1103,32,16,16
0.5 Scen,2019,383,Reagan County,3794,1982,1812,1288,638,650,64,41,23,2410,1287,1123,32,16,16
0.5 Scen,2020,383,Reagan County,3850,2010,1840,1296,641,655,63,40,23,2459,1313,1146,32,16,16
0.5 Scen,2021,383,Reagan County,3897,2040,1857,1295,643,652,63,40,23,2508,1341,1167,31,16,15
0.5 Scen,2022,383,Reagan County,3941,2066,1875,1296,645,651,62,40,22,2552,1365,1187,31,16,15
0.5 Scen,2023,383,Reagan County,3992,2092,1900,1299,646,653,62,40,22,2600,1390,1210,31,16,15
0.5 Scen,2024,383,Reagan County,4048,2124,1924,1300,648,652,61,39,22,2657,1422,1235,30,15,15
0.5 Scen,2025,383,Reagan County,4093,2151,1942,1294,647,647,60,39,21,2709,1450,1259,30,15,15
0.5 Scen,2026,383,Reagan County,4136,2175,1961,1289,644,645,59,39,20,2758,1477,1281,30,15,15
0.5 Scen,2027,383,Reagan County,4181,2200,1981,1282,642,640,59,39,20,2810,1504,1306,30,15,15
0.5 Scen,2028,383,Reagan County,4221,2226,1995,1271,640,631,59,39,20,2861,1532,1329,30,15,15
0.5 Scen,2029,383,Reagan County,4256,2246,2010,1256,632,624,59,39,20,2911,1560,1351,30,15,15
0.5 Scen,2030,383,Reagan County,4294,2268,2026,1246,630,616,59,39,20,2959,1584,1375,30,15,15
0.5 Scen,2031,383,Reagan County,4329,2287,2042,1239,627,612,59,39,20,3000,1605,1395,31,16,15
0.5 Scen,2032,383,Reagan County,4359,2307,2052,1235,626,609,58,39,19,3034,1626,1408,32,16,16
0.5 Scen,2033,383,Reagan County,4384,2325,2059,1221,621,600,57,38,19,3074,1650,1424,32,16,16
0.5 Scen,2034,383,Reagan County,4413,2340,2073,1211,615,596,57,38,19,3113,1671,1442,32,16,16
0.5 Scen,2035,383,Reagan County,4444,2357,2087,1201,610,591,56,37,19,3153,1693,1460,34,17,17
0.5 Scen,2036,383,Reagan County,4468,2371,2097,1193,606,587,56,37,19,3185,1711,1474,34,17,17
0.5 Scen,2037,383,Reagan County,4489,2386,2103,1180,600,580,55,37,18,3222,1732,1490,32,17,15
0.5 Scen,2038,383,Reagan County,4513,2401,2112,1170,595,575,54,36,18,3257,1753,1504,32,17,15
0.5 Scen,2039,383,Reagan County,4538,2414,2124,1159,589,570,54,36,18,3293,1772,1521,32,17,15
0.5 Scen,2040,383,Reagan County,4566,2432,2134,1150,585,565,53,35,18,3331,1795,1536,32,17,15
0.5 Scen,2041,383,Reagan County,4589,2446,2143,1138,580,558,52,34,18,3367,1815,1552,32,17,15
0.5 Scen,2042,383,Reagan County,4616,2461,2155,1125,574,551,52,34,18,3407,1836,1571,32,17,15
0.5 Scen,2043,383,Reagan County,4641,2479,2162,1112,569,543,51,34,17,3446,1859,1587,32,17,15
0.5 Scen,2044,383,Reagan County,4665,2494,2171,1101,564,537,50,33,17,3483,1881,1602,31,16,15
0.5 Scen,2045,383,Reagan County,4692,2509,2183,1092,559,533,49,32,17,3520,1902,1618,31,16,15
0.5 Scen,2046,383,Reagan County,4721,2531,2190,1084,557,527,49,32,17,3557,1926,1631,31,16,15
0.5 Scen,2047,383,Reagan County,4744,2546,2198,1071,552,519,49,31,18,3593,1947,1646,31,16,15
0.5 Scen,2048,383,Reagan County,4768,2560,2208,1063,546,517,45,30,15,3629,1968,1661,31,16,15
0.5 Scen,2049,383,Reagan County,4792,2573,2219,1057,544,513,44,29,15,3660,1984,1676,31,16,15
0.5 Scen,2050,383,Reagan County,4824,2594,2230,1049,541,508,44,28,16,3700,2009,1691,31,16,15
0.5 Scen,2010,385,Real County,3309,1638,1671,2398,1175,1223,20,9,11,814,418,396,77,36,41
0.5 Scen,2011,385,Real County,3310,1637,1673,2387,1166,1221,20,9,11,826,426,400,77,36,41
0.5 Scen,2012,385,Real County,3310,1633,1677,2377,1157,1220,20,9,11,837,432,405,76,35,41
0.5 Scen,2013,385,Real County,3308,1630,1678,2361,1145,1216,20,9,11,850,440,410,77,36,41
0.5 Scen,2014,385,Real County,3311,1626,1685,2350,1135,1215,19,8,11,865,447,418,77,36,41
0.5 Scen,2015,385,Real County,3310,1622,1688,2336,1123,1213,20,9,11,876,453,423,78,37,41
0.5 Scen,2016,385,Real County,3306,1622,1684,2316,1115,1201,22,10,12,889,460,429,79,37,42
0.5 Scen,2017,385,Real County,3312,1628,1684,2305,1111,1194,23,11,12,904,468,436,80,38,42
0.5 Scen,2018,385,Real County,3311,1626,1685,2284,1101,1183,24,11,13,922,476,446,81,38,43
0.5 Scen,2019,385,Real County,3311,1628,1683,2268,1095,1173,25,12,13,936,482,454,82,39,43
0.5 Scen,2020,385,Real County,3308,1625,1683,2244,1082,1162,26,12,14,955,492,463,83,39,44
0.5 Scen,2021,385,Real County,3311,1629,1682,2229,1076,1153,27,13,14,971,500,471,84,40,44
0.5 Scen,2022,385,Real County,3308,1626,1682,2210,1066,1144,28,13,15,983,506,477,87,41,46
0.5 Scen,2023,385,Real County,3295,1622,1673,2185,1055,1130,28,13,15,996,512,484,86,42,44
0.5 Scen,2024,385,Real County,3294,1621,1673,2170,1049,1121,29,13,16,1010,519,491,85,40,45
0.5 Scen,2025,385,Real County,3288,1620,1668,2151,1040,1111,29,13,16,1020,524,496,88,43,45
0.5 Scen,2026,385,Real County,3287,1617,1670,2134,1029,1105,29,13,16,1034,532,502,90,43,47
0.5 Scen,2027,385,Real County,3272,1614,1658,2107,1019,1088,29,13,16,1045,538,507,91,44,47
0.5 Scen,2028,385,Real County,3263,1611,1652,2086,1010,1076,29,13,16,1056,544,512,92,44,48
0.5 Scen,2029,385,Real County,3250,1607,1643,2063,1000,1063,29,13,16,1066,549,517,92,45,47
0.5 Scen,2030,385,Real County,3238,1600,1638,2041,988,1053,29,13,16,1075,554,521,93,45,48
0.5 Scen,2031,385,Real County,3224,1596,1628,2016,978,1038,29,13,16,1085,559,526,94,46,48
0.5 Scen,2032,385,Real County,3211,1587,1624,1996,967,1029,29,13,16,1092,562,530,94,45,49
0.5 Scen,2033,385,Real County,3194,1579,1615,1970,952,1018,29,13,16,1101,568,533,94,46,48
0.5 Scen,2034,385,Real County,3169,1564,1605,1938,935,1003,29,13,16,1108,571,537,94,45,49
0.5 Scen,2035,385,Real County,3155,1561,1594,1916,927,989,29,13,16,1115,575,540,95,46,49
0.5 Scen,2036,385,Real County,3137,1555,1582,1889,918,971,29,13,16,1124,579,545,95,45,50
0.5 Scen,2037,385,Real County,3121,1550,1571,1863,907,956,29,13,16,1134,584,550,95,46,49
0.5 Scen,2038,385,Real County,3105,1550,1555,1838,901,937,29,13,16,1143,590,553,95,46,49
0.5 Scen,2039,385,Real County,3096,1553,1543,1816,896,920,29,13,16,1155,597,558,96,47,49
0.5 Scen,2040,385,Real County,3085,1551,1534,1799,889,910,29,13,16,1162,603,559,95,46,49
0.5 Scen,2041,385,Real County,3076,1549,1527,1779,881,898,29,13,16,1173,609,564,95,46,49
0.5 Scen,2042,385,Real County,3067,1544,1523,1763,874,889,29,13,16,1180,611,569,95,46,49
0.5 Scen,2043,385,Real County,3068,1548,1520,1751,873,878,29,13,16,1193,616,577,95,46,49
0.5 Scen,2044,385,Real County,3059,1546,1513,1737,868,869,29,13,16,1199,620,579,94,45,49
0.5 Scen,2045,385,Real County,3047,1549,1498,1723,869,854,29,13,16,1202,622,580,93,45,48
0.5 Scen,2046,385,Real County,3036,1545,1491,1705,862,843,29,13,16,1209,626,583,93,44,49
0.5 Scen,2047,385,Real County,3026,1541,1485,1694,857,837,29,13,16,1211,626,585,92,45,47
0.5 Scen,2048,385,Real County,3020,1540,1480,1683,853,830,29,13,16,1216,629,587,92,45,47
0.5 Scen,2049,385,Real County,3013,1538,1475,1675,847,828,29,13,16,1218,633,585,91,45,46
0.5 Scen,2050,385,Real County,3000,1535,1465,1664,845,819,29,13,16,1217,633,584,90,44,46
0.5 Scen,2010,387,Red River County,12860,6266,6594,9503,4654,4849,2211,1016,1195,849,451,398,297,145,152
0.5 Scen,2011,387,Red River County,12896,6292,6604,9508,4661,4847,2223,1024,1199,865,460,405,300,147,153
0.5 Scen,2012,387,Red River County,12932,6317,6615,9502,4667,4835,2243,1032,1211,882,468,414,305,150,155
0.5 Scen,2013,387,Red River County,12948,6336,6612,9480,4663,4817,2259,1043,1216,899,478,421,310,152,158
0.5 Scen,2014,387,Red River County,12965,6359,6606,9455,4663,4792,2276,1052,1224,918,489,429,316,155,161
0.5 Scen,2015,387,Red River County,12998,6378,6620,9440,4659,4781,2298,1063,1235,938,498,440,322,158,164
0.5 Scen,2016,387,Red River County,13042,6409,6633,9438,4664,4774,2319,1074,1245,955,508,447,330,163,167
0.5 Scen,2017,387,Red River County,13060,6427,6633,9421,4665,4756,2332,1078,1254,973,518,455,334,166,168
0.5 Scen,2018,387,Red River County,13082,6442,6640,9401,4661,4740,2344,1081,1263,995,529,466,342,171,171
0.5 Scen,2019,387,Red River County,13100,6458,6642,9384,4658,4726,2351,1084,1267,1015,540,475,350,176,174
0.5 Scen,2020,387,Red River County,13113,6468,6645,9368,4656,4712,2356,1086,1270,1031,547,484,358,179,179
0.5 Scen,2021,387,Red River County,13119,6478,6641,9352,4655,4697,2352,1082,1270,1051,559,492,364,182,182
0.5 Scen,2022,387,Red River County,13120,6488,6632,9328,4651,4677,2352,1082,1270,1068,568,500,372,187,185
0.5 Scen,2023,387,Red River County,13121,6498,6623,9296,4642,4654,2360,1087,1273,1086,579,507,379,190,189
0.5 Scen,2024,387,Red River County,13117,6505,6612,9263,4635,4628,2363,1090,1273,1106,588,518,385,192,193
0.5 Scen,2025,387,Red River County,13106,6506,6600,9229,4622,4607,2359,1089,1270,1125,598,527,393,197,196
0.5 Scen,2026,387,Red River County,13081,6505,6576,9188,4608,4580,2350,1087,1263,1145,609,536,398,201,197
0.5 Scen,2027,387,Red River County,13051,6498,6553,9137,4586,4551,2343,1085,1258,1166,621,545,405,206,199
0.5 Scen,2028,387,Red River County,13009,6489,6520,9088,4571,4517,2325,1078,1247,1184,631,553,412,209,203
0.5 Scen,2029,387,Red River County,12971,6481,6490,9037,4553,4484,2313,1074,1239,1204,641,563,417,213,204
0.5 Scen,2030,387,Red River County,12943,6476,6467,8986,4534,4452,2311,1073,1238,1222,652,570,424,217,207
0.5 Scen,2031,387,Red River County,12900,6467,6433,8925,4509,4416,2301,1074,1227,1243,664,579,431,220,211
0.5 Scen,2032,387,Red River County,12859,6456,6403,8864,4484,4380,2288,1071,1217,1266,677,589,441,224,217
0.5 Scen,2033,387,Red River County,12814,6442,6372,8805,4460,4345,2276,1065,1211,1284,687,597,449,230,219
0.5 Scen,2034,387,Red River County,12775,6430,6345,8750,4441,4309,2264,1057,1207,1303,698,605,458,234,224
0.5 Scen,2035,387,Red River County,12738,6418,6320,8703,4420,4283,2250,1052,1198,1321,708,613,464,238,226
0.5 Scen,2036,387,Red River County,12708,6407,6301,8656,4398,4258,2239,1048,1191,1340,718,622,473,243,230
0.5 Scen,2037,387,Red River County,12652,6388,6264,8593,4373,4220,2224,1044,1180,1358,727,631,477,244,233
0.5 Scen,2038,387,Red River County,12603,6379,6224,8538,4356,4182,2211,1041,1170,1375,736,639,479,246,233
0.5 Scen,2039,387,Red River County,12558,6365,6193,8487,4334,4153,2202,1042,1160,1391,745,646,478,244,234
0.5 Scen,2040,387,Red River County,12514,6346,6168,8442,4315,4127,2185,1034,1151,1402,750,652,485,247,238
0.5 Scen,2041,387,Red River County,12473,6338,6135,8387,4292,4095,2179,1034,1145,1415,758,657,492,254,238
0.5 Scen,2042,387,Red River County,12415,6322,6093,8332,4272,4060,2160,1027,1133,1425,766,659,498,257,241
0.5 Scen,2043,387,Red River County,12367,6304,6063,8280,4253,4027,2141,1016,1125,1440,773,667,506,262,244
0.5 Scen,2044,387,Red River County,12313,6293,6020,8235,4238,3997,2117,1012,1105,1446,777,669,515,266,249
0.5 Scen,2045,387,Red River County,12271,6278,5993,8186,4218,3968,2104,1008,1096,1455,780,675,526,272,254
0.5 Scen,2046,387,Red River County,12223,6265,5958,8130,4200,3930,2092,1003,1089,1468,786,682,533,276,257
0.5 Scen,2047,387,Red River County,12179,6251,5928,8088,4181,3907,2078,1002,1076,1475,790,685,538,278,260
0.5 Scen,2048,387,Red River County,12145,6241,5904,8046,4164,3882,2067,999,1068,1485,795,690,547,283,264
0.5 Scen,2049,387,Red River County,12109,6237,5872,8003,4148,3855,2059,1002,1057,1493,800,693,554,287,267
0.5 Scen,2050,387,Red River County,12064,6222,5842,7946,4126,3820,2048,997,1051,1505,806,699,565,293,272
0.5 Scen,2010,389,Reeves County,13783,8281,5502,2690,1783,907,672,573,99,10233,5812,4421,188,113,75
0.5 Scen,2011,389,Reeves County,13905,8351,5554,2692,1788,904,674,575,99,10349,5874,4475,190,114,76
0.5 Scen,2012,389,Reeves County,14014,8404,5610,2687,1783,904,675,575,100,10461,5931,4530,191,115,76
0.5 Scen,2013,389,Reeves County,14123,8465,5658,2684,1782,902,676,576,100,10569,5990,4579,194,117,77
0.5 Scen,2014,389,Reeves County,14232,8521,5711,2675,1775,900,677,576,101,10685,6053,4632,195,117,78
0.5 Scen,2015,389,Reeves County,14327,8567,5760,2656,1763,893,677,576,101,10797,6109,4688,197,119,78
0.5 Scen,2016,389,Reeves County,14423,8611,5812,2641,1752,889,674,574,100,10909,6165,4744,199,120,79
0.5 Scen,2017,389,Reeves County,14531,8663,5868,2625,1739,886,678,576,102,11026,6227,4799,202,121,81
0.5 Scen,2018,389,Reeves County,14640,8723,5917,2613,1735,878,676,574,102,11147,6293,4854,204,121,83
0.5 Scen,2019,389,Reeves County,14759,8792,5967,2607,1737,870,676,574,102,11270,6359,4911,206,122,84
0.5 Scen,2020,389,Reeves County,14880,8860,6020,2600,1737,863,679,577,102,11392,6422,4970,209,124,85
0.5 Scen,2021,389,Reeves County,14991,8925,6066,2587,1734,853,678,576,102,11516,6491,5025,210,124,86
0.5 Scen,2022,389,Reeves County,15113,8994,6119,2584,1735,849,680,577,103,11636,6557,5079,213,125,88
0.5 Scen,2023,389,Reeves County,15195,9041,6154,2560,1723,837,679,576,103,11740,6615,5125,216,127,89
0.5 Scen,2024,389,Reeves County,15298,9104,6194,2541,1714,827,682,578,104,11858,6685,5173,217,127,90
0.5 Scen,2025,389,Reeves County,15401,9165,6236,2532,1712,820,678,574,104,11973,6751,5222,218,128,90
0.5 Scen,2026,389,Reeves County,15531,9248,6283,2527,1715,812,678,574,104,12106,6830,5276,220,129,91
0.5 Scen,2027,389,Reeves County,15631,9313,6318,2515,1713,802,679,575,104,12214,6894,5320,223,131,92
0.5 Scen,2028,389,Reeves County,15750,9379,6371,2506,1706,800,677,573,104,12343,6968,5375,224,132,92
0.5 Scen,2029,389,Reeves County,15860,9437,6423,2486,1695,791,676,571,105,12471,7037,5434,227,134,93
0.5 Scen,2030,389,Reeves County,15956,9479,6477,2470,1680,790,674,568,106,12585,7097,5488,227,134,93
0.5 Scen,2031,389,Reeves County,16045,9528,6517,2452,1667,785,673,566,107,12692,7161,5531,228,134,94
0.5 Scen,2032,389,Reeves County,16160,9592,6568,2435,1657,778,671,563,108,12824,7236,5588,230,136,94
0.5 Scen,2033,389,Reeves County,16267,9649,6618,2421,1648,773,669,561,108,12948,7305,5643,229,135,94
0.5 Scen,2034,389,Reeves County,16375,9705,6670,2408,1641,767,668,559,109,13070,7369,5701,229,136,93
0.5 Scen,2035,389,Reeves County,16479,9762,6717,2391,1629,762,670,560,110,13190,7438,5752,228,135,93
0.5 Scen,2036,389,Reeves County,16595,9832,6763,2378,1623,755,669,559,110,13317,7512,5805,231,138,93
0.5 Scen,2037,389,Reeves County,16710,9901,6809,2365,1617,748,669,559,110,13445,7587,5858,231,138,93
0.5 Scen,2038,389,Reeves County,16814,9954,6860,2348,1606,742,669,558,111,13564,7650,5914,233,140,93
0.5 Scen,2039,389,Reeves County,16915,10009,6906,2327,1593,734,668,557,111,13685,7718,5967,235,141,94
0.5 Scen,2040,389,Reeves County,17010,10052,6958,2305,1579,726,663,553,110,13807,7780,6027,235,140,95
0.5 Scen,2041,389,Reeves County,17105,10098,7007,2283,1562,721,657,547,110,13929,7847,6082,236,142,94
0.5 Scen,2042,389,Reeves County,17212,10155,7057,2261,1547,714,654,544,110,14059,7920,6139,238,144,94
0.5 Scen,2043,389,Reeves County,17305,10207,7098,2242,1539,703,654,544,110,14173,7982,6191,236,142,94
0.5 Scen,2044,389,Reeves County,17404,10260,7144,2215,1523,692,650,540,110,14303,8055,6248,236,142,94
0.5 Scen,2045,389,Reeves County,17523,10327,7196,2202,1517,685,648,538,110,14435,8128,6307,238,144,94
0.5 Scen,2046,389,Reeves County,17636,10392,7244,2192,1511,681,645,535,110,14560,8200,6360,239,146,93
0.5 Scen,2047,389,Reeves County,17733,10448,7285,2174,1500,674,643,534,109,14681,8271,6410,235,143,92
0.5 Scen,2048,389,Reeves County,17843,10511,7332,2153,1490,663,641,532,109,14814,8346,6468,235,143,92
0.5 Scen,2049,389,Reeves County,17951,10566,7385,2136,1479,657,639,530,109,14940,8412,6528,236,145,91
0.5 Scen,2050,389,Reeves County,18054,10619,7435,2123,1472,651,639,531,108,15056,8472,6584,236,144,92
0.5 Scen,2010,391,Refugio County,7383,3669,3714,3337,1655,1682,445,235,210,3487,1716,1771,114,63,51
0.5 Scen,2011,391,Refugio County,7411,3687,3724,3316,1645,1671,448,237,211,3532,1741,1791,115,64,51
0.5 Scen,2012,391,Refugio County,7445,3705,3740,3298,1636,1662,450,238,212,3581,1767,1814,116,64,52
0.5 Scen,2013,391,Refugio County,7477,3723,3754,3278,1625,1653,453,240,213,3629,1793,1836,117,65,52
0.5 Scen,2014,391,Refugio County,7513,3746,3767,3258,1617,1641,456,241,215,3681,1823,1858,118,65,53
0.5 Scen,2015,391,Refugio County,7549,3768,3781,3243,1611,1632,459,244,215,3729,1848,1881,118,65,53
0.5 Scen,2016,391,Refugio County,7577,3786,3791,3218,1602,1616,465,248,217,3775,1871,1904,119,65,54
0.5 Scen,2017,391,Refugio County,7603,3802,3801,3194,1592,1602,472,251,221,3817,1893,1924,120,66,54
0.5 Scen,2018,391,Refugio County,7623,3815,3808,3177,1585,1592,475,253,222,3850,1911,1939,121,66,55
0.5 Scen,2019,391,Refugio County,7639,3827,3812,3154,1574,1580,481,256,225,3883,1930,1953,121,67,54
0.5 Scen,2020,391,Refugio County,7659,3842,3817,3130,1564,1566,485,259,226,3921,1952,1969,123,67,56
0.5 Scen,2021,391,Refugio County,7688,3860,3828,3108,1556,1552,488,260,228,3967,1975,1992,125,69,56
0.5 Scen,2022,391,Refugio County,7730,3882,3848,3095,1548,1547,493,263,230,4016,2002,2014,126,69,57
0.5 Scen,2023,391,Refugio County,7758,3903,3855,3073,1542,1531,496,264,232,4062,2027,2035,127,70,57
0.5 Scen,2024,391,Refugio County,7788,3920,3868,3055,1534,1521,498,265,233,4107,2051,2056,128,70,58
0.5 Scen,2025,391,Refugio County,7808,3931,3877,3034,1524,1510,500,266,234,4145,2070,2075,129,71,58
0.5 Scen,2026,391,Refugio County,7839,3943,3896,3023,1515,1508,505,269,236,4181,2088,2093,130,71,59
0.5 Scen,2027,391,Refugio County,7864,3959,3905,3005,1509,1496,508,271,237,4221,2107,2114,130,72,58
0.5 Scen,2028,391,Refugio County,7890,3974,3916,2988,1501,1487,509,272,237,4262,2129,2133,131,72,59
0.5 Scen,2029,391,Refugio County,7903,3980,3923,2966,1491,1475,510,273,237,4296,2144,2152,131,72,59
0.5 Scen,2030,391,Refugio County,7906,3984,3922,2939,1478,1461,510,274,236,4325,2160,2165,132,72,60
0.5 Scen,2031,391,Refugio County,7910,3987,3923,2916,1465,1451,511,275,236,4350,2174,2176,133,73,60
0.5 Scen,2032,391,Refugio County,7912,3996,3916,2883,1453,1430,511,276,235,4384,2194,2190,134,73,61
0.5 Scen,2033,391,Refugio County,7916,3999,3917,2857,1437,1420,508,277,231,4417,2211,2206,134,74,60
0.5 Scen,2034,391,Refugio County,7915,4006,3909,2834,1429,1405,508,277,231,4439,2226,2213,134,74,60
0.5 Scen,2035,391,Refugio County,7917,4009,3908,2805,1415,1390,506,277,229,4471,2242,2229,135,75,60
0.5 Scen,2036,391,Refugio County,7920,4015,3905,2778,1406,1372,505,276,229,4503,2259,2244,134,74,60
0.5 Scen,2037,391,Refugio County,7924,4023,3901,2752,1396,1356,504,275,229,4535,2277,2258,133,75,58
0.5 Scen,2038,391,Refugio County,7929,4024,3905,2729,1384,1345,504,275,229,4564,2291,2273,132,74,58
0.5 Scen,2039,391,Refugio County,7931,4036,3895,2705,1379,1326,503,275,228,4591,2308,2283,132,74,58
0.5 Scen,2040,391,Refugio County,7937,4042,3895,2683,1368,1315,503,275,228,4620,2326,2294,131,73,58
0.5 Scen,2041,391,Refugio County,7943,4045,3898,2665,1360,1305,501,275,226,4645,2337,2308,132,73,59
0.5 Scen,2042,391,Refugio County,7951,4055,3896,2651,1355,1296,501,276,225,4668,2352,2316,131,72,59
0.5 Scen,2043,391,Refugio County,7966,4067,3899,2642,1352,1290,500,277,223,4694,2366,2328,130,72,58
0.5 Scen,2044,391,Refugio County,7977,4074,3903,2631,1349,1282,492,275,217,4725,2379,2346,129,71,58
0.5 Scen,2045,391,Refugio County,7988,4081,3907,2619,1343,1276,493,275,218,4749,2392,2357,127,71,56
0.5 Scen,2046,391,Refugio County,8009,4094,3915,2605,1338,1267,491,273,218,4786,2413,2373,127,70,57
0.5 Scen,2047,391,Refugio County,8008,4104,3904,2579,1332,1247,489,272,217,4816,2431,2385,124,69,55
0.5 Scen,2048,391,Refugio County,8019,4110,3909,2567,1328,1239,481,265,216,4848,2449,2399,123,68,55
0.5 Scen,2049,391,Refugio County,8030,4117,3913,2552,1322,1230,475,259,216,4880,2468,2412,123,68,55
0.5 Scen,2050,391,Refugio County,8050,4128,3922,2542,1319,1223,472,256,216,4915,2486,2429,121,67,54
0.5 Scen,2010,393,Roberts County,929,469,460,841,421,420,0,0,0,74,39,35,14,9,5
0.5 Scen,2011,393,Roberts County,937,475,462,848,426,422,0,0,0,75,40,35,14,9,5
0.5 Scen,2012,393,Roberts County,948,481,467,857,431,426,0,0,0,77,41,36,14,9,5
0.5 Scen,2013,393,Roberts County,957,486,471,864,435,429,0,0,0,79,42,37,14,9,5
0.5 Scen,2014,393,Roberts County,969,495,474,874,443,431,0,0,0,81,43,38,14,9,5
0.5 Scen,2015,393,Roberts County,980,501,479,883,448,435,0,0,0,83,44,39,14,9,5
0.5 Scen,2016,393,Roberts County,987,505,482,888,451,437,0,0,0,85,45,40,14,9,5
0.5 Scen,2017,393,Roberts County,993,509,484,892,454,438,0,0,0,87,46,41,14,9,5
0.5 Scen,2018,393,Roberts County,1003,514,489,900,458,442,0,0,0,89,47,42,14,9,5
0.5 Scen,2019,393,Roberts County,1008,517,491,903,460,443,0,0,0,91,48,43,14,9,5
0.5 Scen,2020,393,Roberts County,1011,520,491,904,462,442,0,0,0,93,49,44,14,9,5
0.5 Scen,2021,393,Roberts County,1022,526,496,914,467,447,0,0,0,94,50,44,14,9,5
0.5 Scen,2022,393,Roberts County,1028,529,499,918,469,449,0,0,0,96,51,45,14,9,5
0.5 Scen,2023,393,Roberts County,1034,531,503,922,470,452,0,0,0,98,52,46,14,9,5
0.5 Scen,2024,393,Roberts County,1041,535,506,927,473,454,0,0,0,100,53,47,14,9,5
0.5 Scen,2025,393,Roberts County,1047,538,509,931,475,456,0,0,0,102,54,48,14,9,5
0.5 Scen,2026,393,Roberts County,1051,538,513,933,474,459,0,0,0,104,55,49,14,9,5
0.5 Scen,2027,393,Roberts County,1052,540,512,933,476,457,0,0,0,105,55,50,14,9,5
0.5 Scen,2028,393,Roberts County,1051,542,509,930,477,453,0,0,0,107,56,51,14,9,5
0.5 Scen,2029,393,Roberts County,1051,541,510,928,475,453,0,0,0,109,57,52,14,9,5
0.5 Scen,2030,393,Roberts County,1049,539,510,924,472,452,0,0,0,111,58,53,14,9,5
0.5 Scen,2031,393,Roberts County,1051,541,510,923,473,450,0,0,0,114,59,55,14,9,5
0.5 Scen,2032,393,Roberts County,1050,539,511,920,470,450,0,0,0,116,60,56,14,9,5
0.5 Scen,2033,393,Roberts County,1050,539,511,919,469,450,0,0,0,118,61,57,13,9,4
0.5 Scen,2034,393,Roberts County,1045,541,504,912,470,442,0,0,0,120,62,58,13,9,4
0.5 Scen,2035,393,Roberts County,1043,541,502,908,469,439,0,0,0,122,63,59,13,9,4
0.5 Scen,2036,393,Roberts County,1043,541,502,905,467,438,0,0,0,125,65,60,13,9,4
0.5 Scen,2037,393,Roberts County,1042,541,501,902,466,436,0,0,0,127,66,61,13,9,4
0.5 Scen,2038,393,Roberts County,1040,540,500,900,466,434,0,0,0,128,66,62,12,8,4
0.5 Scen,2039,393,Roberts County,1039,541,498,897,466,431,0,0,0,130,67,63,12,8,4
0.5 Scen,2040,393,Roberts County,1037,541,496,893,465,428,0,0,0,132,68,64,12,8,4
0.5 Scen,2041,393,Roberts County,1030,539,491,885,463,422,0,0,0,133,68,65,12,8,4
0.5 Scen,2042,393,Roberts County,1029,538,491,882,461,421,0,0,0,135,69,66,12,8,4
0.5 Scen,2043,393,Roberts County,1023,535,488,875,458,417,0,0,0,136,69,67,12,8,4
0.5 Scen,2044,393,Roberts County,1015,529,486,865,451,414,0,0,0,138,70,68,12,8,4
0.5 Scen,2045,393,Roberts County,1013,528,485,861,449,412,0,0,0,140,71,69,12,8,4
0.5 Scen,2046,393,Roberts County,1011,527,484,858,447,411,0,0,0,141,72,69,12,8,4
0.5 Scen,2047,393,Roberts County,1004,523,481,850,443,407,0,0,0,142,72,70,12,8,4
0.5 Scen,2048,393,Roberts County,1003,521,482,848,441,407,0,0,0,143,72,71,12,8,4
0.5 Scen,2049,393,Roberts County,995,517,478,840,437,403,0,0,0,143,72,71,12,8,4
0.5 Scen,2050,393,Roberts County,995,517,478,839,437,402,0,0,0,144,72,72,12,8,4
0.5 Scen,2010,395,Robertson County,16622,8230,8392,9821,4917,4904,3509,1639,1870,2990,1522,1468,302,152,150
0.5 Scen,2011,395,Robertson County,16783,8310,8473,9869,4940,4929,3543,1657,1886,3066,1560,1506,305,153,152
0.5 Scen,2012,395,Robertson County,16951,8397,8554,9909,4962,4947,3579,1676,1903,3155,1604,1551,308,155,153
0.5 Scen,2013,395,Robertson County,17104,8479,8625,9936,4980,4956,3617,1696,1921,3241,1647,1594,310,156,154
0.5 Scen,2014,395,Robertson County,17276,8560,8716,9969,4995,4974,3657,1715,1942,3334,1692,1642,316,158,158
0.5 Scen,2015,395,Robertson County,17434,8632,8802,9996,5001,4995,3693,1733,1960,3425,1738,1687,320,160,160
0.5 Scen,2016,395,Robertson County,17609,8721,8888,10044,5022,5022,3723,1749,1974,3517,1786,1731,325,164,161
0.5 Scen,2017,395,Robertson County,17777,8811,8966,10089,5048,5041,3752,1765,1987,3609,1833,1776,327,165,162
0.5 Scen,2018,395,Robertson County,17945,8900,9045,10131,5066,5065,3786,1785,2001,3697,1881,1816,331,168,163
0.5 Scen,2019,395,Robertson County,18109,8989,9120,10177,5095,5082,3809,1795,2014,3788,1929,1859,335,170,165
0.5 Scen,2020,395,Robertson County,18281,9076,9205,10221,5119,5102,3838,1808,2030,3882,1977,1905,340,172,168
0.5 Scen,2021,395,Robertson County,18462,9170,9292,10267,5145,5122,3867,1819,2048,3982,2031,1951,346,175,171
0.5 Scen,2022,395,Robertson County,18651,9265,9386,10312,5164,5148,3896,1835,2061,4090,2086,2004,353,180,173
0.5 Scen,2023,395,Robertson County,18827,9359,9468,10359,5190,5169,3917,1845,2072,4195,2142,2053,356,182,174
0.5 Scen,2024,395,Robertson County,19009,9449,9560,10399,5207,5192,3942,1858,2084,4306,2199,2107,362,185,177
0.5 Scen,2025,395,Robertson County,19179,9549,9630,10433,5231,5202,3957,1869,2088,4421,2261,2160,368,188,180
0.5 Scen,2026,395,Robertson County,19339,9635,9704,10459,5249,5210,3973,1877,2096,4533,2318,2215,374,191,183
0.5 Scen,2027,395,Robertson County,19502,9721,9781,10493,5270,5223,3985,1880,2105,4646,2379,2267,378,192,186
0.5 Scen,2028,395,Robertson County,19661,9805,9856,10513,5280,5233,4005,1894,2111,4758,2435,2323,385,196,189
0.5 Scen,2029,395,Robertson County,19817,9889,9928,10546,5301,5245,4016,1901,2115,4866,2489,2377,389,198,191
0.5 Scen,2030,395,Robertson County,19959,9972,9987,10566,5319,5247,4024,1906,2118,4976,2548,2428,393,199,194
0.5 Scen,2031,395,Robertson County,20135,10066,10069,10596,5339,5257,4043,1914,2129,5099,2612,2487,397,201,196
0.5 Scen,2032,395,Robertson County,20288,10147,10141,10619,5355,5264,4053,1917,2136,5213,2671,2542,403,204,199
0.5 Scen,2033,395,Robertson County,20444,10235,10209,10631,5368,5263,4072,1928,2144,5332,2732,2600,409,207,202
0.5 Scen,2034,395,Robertson County,20587,10308,10279,10640,5376,5264,4085,1934,2151,5449,2789,2660,413,209,204
0.5 Scen,2035,395,Robertson County,20730,10385,10345,10655,5392,5263,4096,1938,2158,5563,2844,2719,416,211,205
0.5 Scen,2036,395,Robertson County,20868,10454,10414,10663,5399,5264,4106,1943,2163,5679,2899,2780,420,213,207
0.5 Scen,2037,395,Robertson County,21018,10535,10483,10681,5412,5269,4115,1950,2165,5798,2958,2840,424,215,209
0.5 Scen,2038,395,Robertson County,21139,10610,10529,10667,5415,5252,4130,1959,2171,5918,3021,2897,424,215,209
0.5 Scen,2039,395,Robertson County,21295,10700,10595,10679,5425,5254,4145,1970,2175,6043,3086,2957,428,219,209
0.5 Scen,2040,395,Robertson County,21442,10778,10664,10683,5432,5251,4162,1980,2182,6169,3146,3023,428,220,208
0.5 Scen,2041,395,Robertson County,21588,10863,10725,10682,5440,5242,4177,1990,2187,6300,3213,3087,429,220,209
0.5 Scen,2042,395,Robertson County,21727,10940,10787,10674,5439,5235,4193,2001,2192,6430,3279,3151,430,221,209
0.5 Scen,2043,395,Robertson County,21896,11041,10855,10686,5453,5233,4212,2015,2197,6570,3351,3219,428,222,206
0.5 Scen,2044,395,Robertson County,22041,11127,10914,10675,5459,5216,4225,2023,2202,6713,3424,3289,428,221,207
0.5 Scen,2045,395,Robertson County,22192,11212,10980,10674,5463,5211,4236,2032,2204,6854,3495,3359,428,222,206
0.5 Scen,2046,395,Robertson County,22354,11301,11053,10677,5468,5209,4254,2046,2208,6992,3564,3428,431,223,208
0.5 Scen,2047,395,Robertson County,22505,11394,11111,10674,5477,5197,4267,2059,2208,7135,3635,3500,429,223,206
0.5 Scen,2048,395,Robertson County,22666,11489,11177,10676,5485,5191,4284,2075,2209,7278,3707,3571,428,222,206
0.5 Scen,2049,395,Robertson County,22839,11585,11254,10675,5489,5186,4308,2092,2216,7425,3781,3644,431,223,208
0.5 Scen,2050,395,Robertson County,23001,11675,11326,10684,5500,5184,4321,2102,2219,7565,3850,3715,431,223,208
0.5 Scen,2010,397,Rockwall County,78337,38516,39821,58046,28365,29681,4397,2162,2235,12470,6366,6104,3424,1623,1801
0.5 Scen,2011,397,Rockwall County,80182,39409,40773,59157,28907,30250,4548,2235,2313,12922,6586,6336,3555,1681,1874
0.5 Scen,2012,397,Rockwall County,82025,40301,41724,60230,29433,30797,4709,2309,2400,13397,6819,6578,3689,1740,1949
0.5 Scen,2013,397,Rockwall County,83902,41214,42688,61308,29957,31351,4866,2389,2477,13890,7062,6828,3838,1806,2032
0.5 Scen,2014,397,Rockwall County,85749,42089,43660,62347,30451,31896,5032,2465,2567,14383,7304,7079,3987,1869,2118
0.5 Scen,2015,397,Rockwall County,87646,43020,44626,63394,30965,32429,5207,2551,2656,14910,7563,7347,4135,1941,2194
0.5 Scen,2016,397,Rockwall County,89556,43924,45632,64432,31454,32978,5379,2629,2750,15447,7826,7621,4298,2015,2283
0.5 Scen,2017,397,Rockwall County,91495,44842,46653,65456,31944,33512,5578,2723,2855,16005,8093,7912,4456,2082,2374
0.5 Scen,2018,397,Rockwall County,93466,45767,47699,66476,32429,34047,5775,2813,2962,16587,8371,8216,4628,2154,2474
0.5 Scen,2019,397,Rockwall County,95440,46702,48738,67490,32914,34576,5977,2908,3069,17178,8649,8529,4795,2231,2564
0.5 Scen,2020,397,Rockwall County,97466,47665,49801,68530,33414,35116,6180,3002,3178,17784,8939,8845,4972,2310,2662
0.5 Scen,2021,397,Rockwall County,99541,48648,50893,69565,33910,35655,6380,3099,3281,18422,9238,9184,5174,2401,2773
0.5 Scen,2022,397,Rockwall County,101712,49675,52037,70667,34440,36227,6584,3191,3393,19075,9542,9533,5386,2502,2884
0.5 Scen,2023,397,Rockwall County,103876,50709,53167,71757,34963,36794,6786,3284,3502,19738,9860,9878,5595,2602,2993
0.5 Scen,2024,397,Rockwall County,106101,51765,54336,72874,35498,37376,7000,3382,3618,20411,10176,10235,5816,2709,3107
0.5 Scen,2025,397,Rockwall County,108383,52859,55524,73989,36030,37959,7214,3484,3730,21129,10523,10606,6051,2822,3229
0.5 Scen,2026,397,Rockwall County,110713,53979,56734,75131,36588,38543,7440,3586,3854,21848,10868,10980,6294,2937,3357
0.5 Scen,2027,397,Rockwall County,113090,55118,57972,76294,37143,39151,7665,3690,3975,22589,11223,11366,6542,3062,3480
0.5 Scen,2028,397,Rockwall County,115500,56270,59230,77447,37697,39750,7892,3792,4100,23366,11598,11768,6795,3183,3612
0.5 Scen,2029,397,Rockwall County,117992,57472,60520,78633,38267,40366,8132,3905,4227,24176,11987,12189,7051,3313,3738
0.5 Scen,2030,397,Rockwall County,120573,58718,61855,79834,38850,40984,8380,4020,4360,25008,12392,12616,7351,3456,3895
0.5 Scen,2031,397,Rockwall County,123186,59991,63195,81041,39441,41600,8630,4136,4494,25868,12808,13060,7647,3606,4041
0.5 Scen,2032,397,Rockwall County,125799,61265,64534,82224,40021,42203,8888,4256,4632,26740,13233,13507,7947,3755,4192
0.5 Scen,2033,397,Rockwall County,128368,62521,65847,83373,40587,42786,9143,4378,4765,27607,13650,13957,8245,3906,4339
0.5 Scen,2034,397,Rockwall County,130983,63780,67203,84521,41157,43364,9403,4493,4910,28511,14078,14433,8548,4052,4496
0.5 Scen,2035,397,Rockwall County,133579,65044,68535,85631,41713,43918,9658,4614,5044,29418,14504,14914,8872,4213,4659
0.5 Scen,2036,397,Rockwall County,136138,66294,69844,86718,42259,44459,9914,4729,5185,30322,14932,15390,9184,4374,4810
0.5 Scen,2037,397,Rockwall County,138722,67548,71174,87775,42791,44984,10177,4846,5331,31250,15370,15880,9520,4541,4979
0.5 Scen,2038,397,Rockwall County,141255,68784,72471,88791,43310,45481,10438,4966,5472,32173,15804,16369,9853,4704,5149
0.5 Scen,2039,397,Rockwall County,143794,70011,73783,89785,43811,45974,10698,5088,5610,33123,16243,16880,10188,4869,5319
0.5 Scen,2040,397,Rockwall County,146334,71242,75092,90769,44311,46458,10966,5208,5758,34078,16687,17391,10521,5036,5485
0.5 Scen,2041,397,Rockwall County,148820,72452,76368,91696,44792,46904,11231,5327,5904,35034,17128,17906,10859,5205,5654
0.5 Scen,2042,397,Rockwall County,151333,73685,77648,92599,45260,47339,11507,5458,6049,36017,17584,18433,11210,5383,5827
0.5 Scen,2043,397,Rockwall County,153820,74894,78926,93473,45712,47761,11781,5579,6202,37000,18041,18959,11566,5562,6004
0.5 Scen,2044,397,Rockwall County,156299,76100,80199,94323,46149,48174,12056,5706,6350,37990,18499,19491,11930,5746,6184
0.5 Scen,2045,397,Rockwall County,158783,77321,81462,95154,46577,48577,12341,5841,6500,38995,18964,20031,12293,5939,6354
0.5 Scen,2046,397,Rockwall County,161235,78524,82711,95951,47002,48949,12607,5960,6647,40001,19437,20564,12676,6125,6551
0.5 Scen,2047,397,Rockwall County,163713,79746,83967,96748,47420,49328,12899,6096,6803,41018,19915,21103,13048,6315,6733
0.5 Scen,2048,397,Rockwall County,166192,80949,85243,97535,47832,49703,13180,6225,6955,42050,20388,21662,13427,6504,6923
0.5 Scen,2049,397,Rockwall County,168676,82167,86509,98309,48242,50067,13463,6354,7109,43096,20876,22220,13808,6695,7113
0.5 Scen,2050,397,Rockwall County,171220,83422,87798,99099,48667,50432,13749,6486,7263,44156,21364,22792,14216,6905,7311
0.5 Scen,2010,399,Runnels County,10501,5197,5304,6841,3335,3506,165,90,75,3361,1710,1651,134,62,72
0.5 Scen,2011,399,Runnels County,10535,5219,5316,6813,3324,3489,167,91,76,3419,1741,1678,136,63,73
0.5 Scen,2012,399,Runnels County,10562,5240,5322,6781,3314,3467,169,92,77,3476,1771,1705,136,63,73
0.5 Scen,2013,399,Runnels County,10583,5263,5320,6740,3302,3438,171,93,78,3534,1804,1730,138,64,74
0.5 Scen,2014,399,Runnels County,10597,5273,5324,6693,3284,3409,172,93,79,3592,1831,1761,140,65,75
0.5 Scen,2015,399,Runnels County,10613,5288,5325,6649,3264,3385,173,94,79,3649,1864,1785,142,66,76
0.5 Scen,2016,399,Runnels County,10646,5312,5334,6616,3253,3363,175,95,80,3710,1897,1813,145,67,78
0.5 Scen,2017,399,Runnels County,10678,5333,5345,6583,3238,3345,176,96,80,3774,1931,1843,145,68,77
0.5 Scen,2018,399,Runnels County,10719,5364,5355,6553,3230,3323,177,96,81,3840,1968,1872,149,70,79
0.5 Scen,2019,399,Runnels County,10759,5392,5367,6525,3218,3307,179,97,82,3904,2006,1898,151,71,80
0.5 Scen,2020,399,Runnels County,10804,5422,5382,6506,3213,3293,181,98,83,3964,2040,1924,153,71,82
0.5 Scen,2021,399,Runnels County,10845,5448,5397,6484,3205,3279,182,99,83,4028,2074,1954,151,70,81
0.5 Scen,2022,399,Runnels County,10888,5472,5416,6461,3195,3266,182,98,84,4092,2108,1984,153,71,82
0.5 Scen,2023,399,Runnels County,10928,5501,5427,6439,3191,3248,183,99,84,4150,2139,2011,156,72,84
0.5 Scen,2024,399,Runnels County,10960,5516,5444,6410,3176,3234,183,98,85,4211,2170,2041,156,72,84
0.5 Scen,2025,399,Runnels County,10987,5540,5447,6382,3168,3214,183,98,85,4266,2202,2064,156,72,84
0.5 Scen,2026,399,Runnels County,11019,5560,5459,6352,3154,3198,183,97,86,4325,2234,2091,159,75,84
0.5 Scen,2027,399,Runnels County,11042,5579,5463,6318,3142,3176,182,97,85,4382,2264,2118,160,76,84
0.5 Scen,2028,399,Runnels County,11066,5596,5470,6292,3130,3162,182,97,85,4431,2292,2139,161,77,84
0.5 Scen,2029,399,Runnels County,11091,5613,5478,6268,3121,3147,181,97,84,4481,2318,2163,161,77,84
0.5 Scen,2030,399,Runnels County,11109,5628,5481,6242,3112,3130,180,96,84,4525,2343,2182,162,77,85
0.5 Scen,2031,399,Runnels County,11134,5647,5487,6213,3104,3109,179,96,83,4579,2370,2209,163,77,86
0.5 Scen,2032,399,Runnels County,11152,5664,5488,6184,3099,3085,178,95,83,4627,2393,2234,163,77,86
0.5 Scen,2033,399,Runnels County,11158,5676,5482,6144,3088,3056,176,95,81,4675,2415,2260,163,78,85
0.5 Scen,2034,399,Runnels County,11151,5680,5471,6096,3069,3027,176,95,81,4714,2437,2277,165,79,86
0.5 Scen,2035,399,Runnels County,11152,5688,5464,6054,3056,2998,176,96,80,4757,2457,2300,165,79,86
0.5 Scen,2036,399,Runnels County,11160,5698,5462,6016,3044,2972,176,96,80,4803,2479,2324,165,79,86
0.5 Scen,2037,399,Runnels County,11152,5701,5451,5973,3025,2948,175,96,79,4839,2501,2338,165,79,86
0.5 Scen,2038,399,Runnels County,11142,5701,5441,5929,3007,2922,174,95,79,4873,2520,2353,166,79,87
0.5 Scen,2039,399,Runnels County,11137,5711,5426,5885,2995,2890,172,94,78,4915,2543,2372,165,79,86
0.5 Scen,2040,399,Runnels County,11140,5720,5420,5849,2986,2863,170,92,78,4955,2563,2392,166,79,87
0.5 Scen,2041,399,Runnels County,11141,5735,5406,5808,2975,2833,170,93,77,4997,2588,2409,166,79,87
0.5 Scen,2042,399,Runnels County,11127,5736,5391,5758,2955,2803,167,90,77,5036,2612,2424,166,79,87
0.5 Scen,2043,399,Runnels County,11133,5743,5390,5721,2937,2784,166,90,76,5080,2637,2443,166,79,87
0.5 Scen,2044,399,Runnels County,11134,5751,5383,5682,2923,2759,165,89,76,5121,2660,2461,166,79,87
0.5 Scen,2045,399,Runnels County,11146,5773,5373,5639,2914,2725,165,90,75,5174,2689,2485,168,80,88
0.5 Scen,2046,399,Runnels County,11157,5783,5374,5608,2899,2709,162,88,74,5220,2716,2504,167,80,87
0.5 Scen,2047,399,Runnels County,11186,5809,5377,5586,2896,2690,161,88,73,5272,2745,2527,167,80,87
0.5 Scen,2048,399,Runnels County,11210,5835,5375,5566,2895,2671,160,87,73,5316,2772,2544,168,81,87
0.5 Scen,2049,399,Runnels County,11225,5849,5376,5532,2882,2650,158,86,72,5366,2799,2567,169,82,87
0.5 Scen,2050,399,Runnels County,11246,5869,5377,5509,2877,2632,156,84,72,5411,2825,2586,170,83,87
0.5 Scen,2010,401,Rusk County,53330,28075,25255,35237,17925,17312,9359,5268,4091,7609,4329,3280,1125,553,572
0.5 Scen,2011,401,Rusk County,53875,28383,25492,35414,18034,17380,9435,5314,4121,7875,4467,3408,1151,568,583
0.5 Scen,2012,401,Rusk County,54440,28679,25761,35611,18139,17472,9510,5358,4152,8142,4601,3541,1177,581,596
0.5 Scen,2013,401,Rusk County,54989,28986,26003,35794,18245,17549,9577,5404,4173,8415,4742,3673,1203,595,608
0.5 Scen,2014,401,Rusk County,55571,29300,26271,35977,18341,17636,9660,5458,4202,8703,4891,3812,1231,610,621
0.5 Scen,2015,401,Rusk County,56178,29637,26541,36164,18450,17714,9744,5505,4239,9010,5055,3955,1260,627,633
0.5 Scen,2016,401,Rusk County,56770,29957,26813,36338,18549,17789,9822,5549,4273,9322,5215,4107,1288,644,644
0.5 Scen,2017,401,Rusk County,57367,30276,27091,36504,18640,17864,9891,5590,4301,9653,5385,4268,1319,661,658
0.5 Scen,2018,401,Rusk County,57945,30592,27353,36651,18727,17924,9952,5626,4326,9988,5559,4429,1354,680,674
0.5 Scen,2019,401,Rusk County,58533,30912,27621,36793,18808,17985,10019,5667,4352,10336,5742,4594,1385,695,690
0.5 Scen,2020,401,Rusk County,59141,31242,27899,36942,18894,18048,10086,5703,4383,10701,5934,4767,1412,711,701
0.5 Scen,2021,401,Rusk County,59782,31583,28199,37102,18986,18116,10156,5744,4412,11080,6125,4955,1444,728,716
0.5 Scen,2022,401,Rusk County,60430,31936,28494,37245,19072,18173,10236,5786,4450,11463,6324,5139,1486,754,732
0.5 Scen,2023,401,Rusk County,61094,32274,28820,37400,19154,18246,10320,5828,4492,11852,6517,5335,1522,775,747
0.5 Scen,2024,401,Rusk County,61740,32614,29126,37530,19229,18301,10398,5868,4530,12252,6721,5531,1560,796,764
0.5 Scen,2025,401,Rusk County,62385,32940,29445,37647,19294,18353,10461,5896,4565,12684,6936,5748,1593,814,779
0.5 Scen,2026,401,Rusk County,63034,33285,29749,37758,19355,18403,10528,5939,4589,13117,7155,5962,1631,836,795
0.5 Scen,2027,401,Rusk County,63661,33602,30059,37850,19407,18443,10590,5971,4619,13550,7368,6182,1671,856,815
0.5 Scen,2028,401,Rusk County,64313,33944,30369,37945,19465,18480,10642,6000,4642,14013,7599,6414,1713,880,833
0.5 Scen,2029,401,Rusk County,64949,34266,30683,38031,19515,18516,10682,6021,4661,14476,7823,6653,1760,907,853
0.5 Scen,2030,401,Rusk County,65601,34601,31000,38097,19559,18538,10740,6049,4691,14954,8058,6896,1810,935,875
0.5 Scen,2031,401,Rusk County,66230,34924,31306,38161,19599,18562,10776,6065,4711,15434,8295,7139,1859,965,894
0.5 Scen,2032,401,Rusk County,66871,35258,31613,38226,19646,18580,10809,6081,4728,15922,8536,7386,1914,995,919
0.5 Scen,2033,401,Rusk County,67496,35572,31924,38270,19675,18595,10844,6097,4747,16425,8782,7643,1957,1018,939
0.5 Scen,2034,401,Rusk County,68115,35885,32230,38302,19697,18605,10867,6105,4762,16936,9033,7903,2010,1050,960
0.5 Scen,2035,401,Rusk County,68745,36214,32531,38332,19721,18611,10894,6123,4771,17452,9287,8165,2067,1083,984
0.5 Scen,2036,401,Rusk County,69365,36527,32838,38357,19739,18618,10912,6132,4780,17974,9544,8430,2122,1112,1010
0.5 Scen,2037,401,Rusk County,69978,36833,33145,38373,19754,18619,10923,6133,4790,18502,9800,8702,2180,1146,1034
0.5 Scen,2038,401,Rusk County,70591,37144,33447,38374,19761,18613,10946,6137,4809,19033,10069,8964,2238,1177,1061
0.5 Scen,2039,401,Rusk County,71199,37452,33747,38359,19760,18599,10955,6143,4812,19585,10340,9245,2300,1209,1091
0.5 Scen,2040,401,Rusk County,71817,37759,34058,38358,19764,18594,10957,6143,4814,20142,10611,9531,2360,1241,1119
0.5 Scen,2041,401,Rusk County,72446,38078,34368,38347,19767,18580,10960,6143,4817,20716,10891,9825,2423,1277,1146
0.5 Scen,2042,401,Rusk County,73079,38387,34692,38333,19765,18568,10961,6137,4824,21288,11166,10122,2497,1319,1178
0.5 Scen,2043,401,Rusk County,73713,38699,35014,38312,19762,18550,10966,6132,4834,21865,11450,10415,2570,1355,1215
0.5 Scen,2044,401,Rusk County,74366,39026,35340,38285,19754,18531,10963,6128,4835,22473,11746,10727,2645,1398,1247
0.5 Scen,2045,401,Rusk County,75024,39353,35671,38251,19743,18508,10971,6128,4843,23084,12046,11038,2718,1436,1282
0.5 Scen,2046,401,Rusk County,75705,39695,36010,38225,19739,18486,10970,6124,4846,23714,12353,11361,2796,1479,1317
0.5 Scen,2047,401,Rusk County,76391,40034,36357,38194,19731,18463,10965,6118,4847,24355,12658,11697,2877,1527,1350
0.5 Scen,2048,401,Rusk County,77088,40377,36711,38162,19722,18440,10964,6109,4855,25005,12967,12038,2957,1579,1378
0.5 Scen,2049,401,Rusk County,77811,40732,37079,38135,19714,18421,10964,6105,4859,25670,13284,12386,3042,1629,1413
0.5 Scen,2050,401,Rusk County,78542,41092,37450,38120,19716,18404,10951,6099,4852,26351,13608,12743,3120,1669,1451
0.5 Scen,2010,403,Sabine County,10834,5301,5533,9484,4631,4853,778,382,396,344,177,167,228,111,117
0.5 Scen,2011,403,Sabine County,10897,5327,5570,9533,4649,4884,783,385,398,351,181,170,230,112,118
0.5 Scen,2012,403,Sabine County,10938,5353,5585,9564,4668,4896,787,389,398,358,185,173,229,111,118
0.5 Scen,2013,403,Sabine County,10972,5370,5602,9581,4676,4905,796,393,403,365,189,176,230,112,118
0.5 Scen,2014,403,Sabine County,10998,5389,5609,9593,4686,4907,802,398,404,371,193,178,232,112,120
0.5 Scen,2015,403,Sabine County,11035,5408,5627,9618,4698,4920,807,401,406,377,197,180,233,112,121
0.5 Scen,2016,403,Sabine County,11073,5430,5643,9639,4708,4931,814,406,408,383,201,182,237,115,122
0.5 Scen,2017,403,Sabine County,11113,5451,5662,9665,4720,4945,820,410,410,389,205,184,239,116,123
0.5 Scen,2018,403,Sabine County,11166,5480,5686,9702,4740,4962,829,416,413,395,208,187,240,116,124
0.5 Scen,2019,403,Sabine County,11229,5518,5711,9744,4763,4981,839,424,415,401,212,189,245,119,126
0.5 Scen,2020,403,Sabine County,11271,5546,5725,9770,4781,4989,847,429,418,407,216,191,247,120,127
0.5 Scen,2021,403,Sabine County,11310,5567,5743,9792,4791,5001,855,435,420,414,220,194,249,121,128
0.5 Scen,2022,403,Sabine County,11360,5593,5767,9821,4805,5016,864,439,425,422,226,196,253,123,130
0.5 Scen,2023,403,Sabine County,11390,5610,5780,9835,4813,5022,871,443,428,429,230,199,255,124,131
0.5 Scen,2024,403,Sabine County,11408,5622,5786,9837,4818,5019,877,445,432,436,234,202,258,125,133
0.5 Scen,2025,403,Sabine County,11428,5636,5792,9841,4822,5019,880,448,432,445,239,206,262,127,135
0.5 Scen,2026,403,Sabine County,11433,5643,5790,9833,4822,5011,884,450,434,452,243,209,264,128,136
0.5 Scen,2027,403,Sabine County,11435,5646,5789,9819,4816,5003,888,452,436,462,248,214,266,130,136
0.5 Scen,2028,403,Sabine County,11432,5649,5783,9803,4811,4992,890,453,437,471,253,218,268,132,136
0.5 Scen,2029,403,Sabine County,11418,5645,5773,9775,4797,4978,891,455,436,480,258,222,272,135,137
0.5 Scen,2030,403,Sabine County,11400,5643,5757,9740,4785,4955,894,458,436,491,263,228,275,137,138
0.5 Scen,2031,403,Sabine County,11365,5632,5733,9691,4766,4925,894,458,436,501,268,233,279,140,139
0.5 Scen,2032,403,Sabine County,11331,5621,5710,9642,4748,4894,895,458,437,511,273,238,283,142,141
0.5 Scen,2033,403,Sabine County,11302,5607,5695,9601,4730,4871,892,455,437,521,278,243,288,144,144
0.5 Scen,2034,403,Sabine County,11265,5592,5673,9559,4713,4846,885,450,435,530,283,247,291,146,145
0.5 Scen,2035,403,Sabine County,11216,5570,5646,9507,4691,4816,878,444,434,539,288,251,292,147,145
0.5 Scen,2036,403,Sabine County,11154,5545,5609,9447,4669,4778,867,436,431,546,292,254,294,148,146
0.5 Scen,2037,403,Sabine County,11109,5527,5582,9400,4650,4750,859,432,427,554,296,258,296,149,147
0.5 Scen,2038,403,Sabine County,11070,5512,5558,9364,4636,4728,848,426,422,561,300,261,297,150,147
0.5 Scen,2039,403,Sabine County,11021,5496,5525,9309,4615,4694,842,423,419,571,305,266,299,153,146
0.5 Scen,2040,403,Sabine County,10980,5489,5491,9265,4605,4660,839,420,419,578,310,268,298,154,144
0.5 Scen,2041,403,Sabine County,10933,5468,5465,9219,4583,4636,830,416,414,585,315,270,299,154,145
0.5 Scen,2042,403,Sabine County,10899,5456,5443,9175,4567,4608,827,414,413,595,320,275,302,155,147
0.5 Scen,2043,403,Sabine County,10859,5441,5418,9135,4551,4584,821,411,410,601,325,276,302,154,148
0.5 Scen,2044,403,Sabine County,10816,5427,5389,9086,4537,4549,817,407,410,610,330,280,303,153,150
0.5 Scen,2045,403,Sabine County,10775,5410,5365,9041,4517,4524,812,405,407,619,335,284,303,153,150
0.5 Scen,2046,403,Sabine County,10728,5399,5329,8995,4504,4491,803,401,402,627,340,287,303,154,149
0.5 Scen,2047,403,Sabine County,10698,5392,5306,8961,4494,4467,800,400,400,637,345,292,300,153,147
0.5 Scen,2048,403,Sabine County,10658,5383,5275,8919,4483,4436,792,397,395,646,350,296,301,153,148
0.5 Scen,2049,403,Sabine County,10633,5379,5254,8891,4475,4416,788,397,391,653,355,298,301,152,149
0.5 Scen,2050,403,Sabine County,10609,5376,5233,8864,4469,4395,783,395,388,660,359,301,302,153,149
0.5 Scen,2010,405,San Augustine County,8865,4360,4505,6183,3072,3111,2013,943,1070,532,279,253,137,66,71
0.5 Scen,2011,405,San Augustine County,8888,4381,4507,6179,3074,3105,2026,955,1071,544,285,259,139,67,72
0.5 Scen,2012,405,San Augustine County,8920,4404,4516,6181,3080,3101,2044,966,1078,555,291,264,140,67,73
0.5 Scen,2013,405,San Augustine County,8940,4428,4512,6169,3084,3085,2062,979,1083,567,297,270,142,68,74
0.5 Scen,2014,405,San Augustine County,8959,4447,4512,6157,3083,3074,2079,992,1087,579,303,276,144,69,75
0.5 Scen,2015,405,San Augustine County,8975,4468,4507,6140,3081,3059,2093,1006,1087,593,310,283,149,71,78
0.5 Scen,2016,405,San Augustine County,8975,4478,4497,6110,3072,3038,2106,1015,1091,606,317,289,153,74,79
0.5 Scen,2017,405,San Augustine County,8981,4480,4501,6087,3058,3029,2120,1023,1097,617,323,294,157,76,81
0.5 Scen,2018,405,San Augustine County,8987,4491,4496,6065,3052,3013,2131,1031,1100,631,330,301,160,78,82
0.5 Scen,2019,405,San Augustine County,9001,4503,4498,6048,3045,3003,2145,1041,1104,644,337,307,164,80,84
0.5 Scen,2020,405,San Augustine County,9005,4508,4497,6027,3036,2991,2155,1046,1109,655,344,311,168,82,86
0.5 Scen,2021,405,San Augustine County,9003,4511,4492,6001,3024,2977,2160,1051,1109,672,353,319,170,83,87
0.5 Scen,2022,405,San Augustine County,8992,4513,4479,5965,3007,2958,2166,1060,1106,687,361,326,174,85,89
0.5 Scen,2023,405,San Augustine County,8991,4515,4476,5943,2995,2948,2168,1063,1105,702,370,332,178,87,91
0.5 Scen,2024,405,San Augustine County,8984,4517,4467,5912,2985,2927,2174,1066,1108,718,379,339,180,87,93
0.5 Scen,2025,405,San Augustine County,8971,4517,4454,5873,2968,2905,2177,1072,1105,737,388,349,184,89,95
0.5 Scen,2026,405,San Augustine County,8963,4514,4449,5844,2958,2886,2179,1069,1110,754,397,357,186,90,96
0.5 Scen,2027,405,San Augustine County,8939,4512,4427,5804,2944,2860,2176,1070,1106,769,406,363,190,92,98
0.5 Scen,2028,405,San Augustine County,8921,4506,4415,5761,2924,2837,2179,1072,1107,788,416,372,193,94,99
0.5 Scen,2029,405,San Augustine County,8905,4504,4401,5723,2908,2815,2179,1074,1105,807,426,381,196,96,100
0.5 Scen,2030,405,San Augustine County,8877,4494,4383,5670,2885,2785,2182,1075,1107,826,436,390,199,98,101
0.5 Scen,2031,405,San Augustine County,8845,4485,4360,5615,2862,2753,2181,1077,1104,846,446,400,203,100,103
0.5 Scen,2032,405,San Augustine County,8808,4471,4337,5564,2841,2723,2171,1072,1099,867,456,411,206,102,104
0.5 Scen,2033,405,San Augustine County,8780,4462,4318,5518,2820,2698,2168,1072,1096,885,466,419,209,104,105
0.5 Scen,2034,405,San Augustine County,8742,4452,4290,5464,2801,2663,2161,1069,1092,905,476,429,212,106,106
0.5 Scen,2035,405,San Augustine County,8707,4436,4271,5419,2779,2640,2151,1063,1088,922,486,436,215,108,107
0.5 Scen,2036,405,San Augustine County,8681,4429,4252,5383,2764,2619,2140,1059,1081,941,496,445,217,110,107
0.5 Scen,2037,405,San Augustine County,8651,4418,4233,5342,2742,2600,2131,1058,1073,959,506,453,219,112,107
0.5 Scen,2038,405,San Augustine County,8625,4411,4214,5310,2729,2581,2121,1055,1066,976,516,460,218,111,107
0.5 Scen,2039,405,San Augustine County,8585,4395,4190,5263,2706,2557,2108,1051,1057,995,526,469,219,112,107
0.5 Scen,2040,405,San Augustine County,8560,4385,4175,5229,2689,2540,2099,1049,1050,1011,534,477,221,113,108
0.5 Scen,2041,405,San Augustine County,8527,4376,4151,5192,2673,2519,2085,1047,1038,1027,541,486,223,115,108
0.5 Scen,2042,405,San Augustine County,8492,4367,4125,5149,2657,2492,2078,1046,1032,1039,547,492,226,117,109
0.5 Scen,2043,405,San Augustine County,8446,4352,4094,5100,2637,2463,2070,1042,1028,1049,555,494,227,118,109
0.5 Scen,2044,405,San Augustine County,8421,4345,4076,5071,2624,2447,2059,1042,1017,1062,560,502,229,119,110
0.5 Scen,2045,405,San Augustine County,8398,4340,4058,5038,2612,2426,2055,1040,1015,1074,568,506,231,120,111
0.5 Scen,2046,405,San Augustine County,8372,4330,4042,4998,2592,2406,2054,1042,1012,1088,575,513,232,121,111
0.5 Scen,2047,405,San Augustine County,8350,4322,4028,4964,2575,2389,2050,1043,1007,1103,582,521,233,122,111
0.5 Scen,2048,405,San Augustine County,8325,4319,4006,4929,2564,2365,2048,1046,1002,1115,587,528,233,122,111
0.5 Scen,2049,405,San Augustine County,8299,4313,3986,4895,2548,2347,2042,1049,993,1126,593,533,236,123,113
0.5 Scen,2050,405,San Augustine County,8278,4308,3970,4859,2531,2328,2041,1051,990,1141,602,539,237,124,113
0.5 Scen,2010,407,San Jacinto County,26384,13205,13179,20204,10064,10140,2662,1330,1332,2880,1475,1405,638,336,302
0.5 Scen,2011,407,San Jacinto County,26695,13335,13360,20385,10134,10251,2699,1344,1355,2965,1516,1449,646,341,305
0.5 Scen,2012,407,San Jacinto County,26978,13445,13533,20534,10185,10349,2733,1355,1378,3056,1560,1496,655,345,310
0.5 Scen,2013,407,San Jacinto County,27270,13560,13710,20685,10237,10448,2772,1370,1402,3149,1603,1546,664,350,314
0.5 Scen,2014,407,San Jacinto County,27581,13687,13894,20847,10292,10555,2811,1388,1423,3251,1652,1599,672,355,317
0.5 Scen,2015,407,San Jacinto County,27873,13805,14068,21003,10350,10653,2840,1397,1443,3350,1701,1649,680,357,323
0.5 Scen,2016,407,San Jacinto County,28168,13915,14253,21156,10395,10761,2870,1405,1465,3450,1749,1701,692,366,326
0.5 Scen,2017,407,San Jacinto County,28475,14036,14439,21315,10447,10868,2904,1415,1489,3555,1803,1752,701,371,330
0.5 Scen,2018,407,San Jacinto County,28754,14151,14603,21454,10493,10961,2921,1422,1499,3665,1859,1806,714,377,337
0.5 Scen,2019,407,San Jacinto County,29043,14268,14775,21590,10534,11056,2937,1427,1510,3786,1920,1866,730,387,343
0.5 Scen,2020,407,San Jacinto County,29335,14396,14939,21728,10584,11144,2954,1436,1518,3914,1983,1931,739,393,346
0.5 Scen,2021,407,San Jacinto County,29619,14515,15104,21862,10627,11235,2962,1439,1523,4048,2054,1994,747,395,352
0.5 Scen,2022,407,San Jacinto County,29912,14642,15270,21985,10669,11316,2977,1443,1534,4187,2125,2062,763,405,358
0.5 Scen,2023,407,San Jacinto County,30204,14767,15437,22105,10708,11397,2995,1452,1543,4332,2198,2134,772,409,363
0.5 Scen,2024,407,San Jacinto County,30494,14900,15594,22214,10745,11469,3010,1460,1550,4485,2277,2208,785,418,367
0.5 Scen,2025,407,San Jacinto County,30799,15031,15768,22330,10785,11545,3024,1466,1558,4651,2359,2292,794,421,373
0.5 Scen,2026,407,San Jacinto County,31083,15156,15927,22427,10815,11612,3036,1477,1559,4810,2434,2376,810,430,380
0.5 Scen,2027,407,San Jacinto County,31368,15284,16084,22517,10846,11671,3051,1486,1565,4975,2513,2462,825,439,386
0.5 Scen,2028,407,San Jacinto County,31643,15409,16234,22598,10875,11723,3062,1494,1568,5142,2592,2550,841,448,393
0.5 Scen,2029,407,San Jacinto County,31891,15516,16375,22668,10896,11772,3071,1500,1571,5304,2669,2635,848,451,397
0.5 Scen,2030,407,San Jacinto County,32141,15630,16511,22728,10914,11814,3080,1503,1577,5474,2753,2721,859,460,399
0.5 Scen,2031,407,San Jacinto County,32421,15769,16652,22804,10948,11856,3096,1515,1581,5649,2840,2809,872,466,406
0.5 Scen,2032,407,San Jacinto County,32668,15877,16791,22855,10964,11891,3105,1520,1585,5828,2925,2903,880,468,412
0.5 Scen,2033,407,San Jacinto County,32916,15993,16923,22906,10979,11927,3112,1529,1583,6008,3012,2996,890,473,417
0.5 Scen,2034,407,San Jacinto County,33134,16093,17041,22941,10987,11954,3107,1534,1573,6188,3096,3092,898,476,422
0.5 Scen,2035,407,San Jacinto County,33361,16196,17165,22971,10996,11975,3126,1547,1579,6354,3170,3184,910,483,427
0.5 Scen,2036,407,San Jacinto County,33578,16297,17281,22982,10998,11984,3140,1557,1583,6539,3254,3285,917,488,429
0.5 Scen,2037,407,San Jacinto County,33818,16413,17405,22998,11001,11997,3164,1573,1591,6726,3343,3383,930,496,434
0.5 Scen,2038,407,San Jacinto County,34058,16521,17537,23013,11004,12009,3193,1590,1603,6918,3433,3485,934,494,440
0.5 Scen,2039,407,San Jacinto County,34295,16633,17662,23019,11005,12014,3223,1608,1615,7109,3521,3588,944,499,445
0.5 Scen,2040,407,San Jacinto County,34520,16748,17772,23022,11006,12016,3250,1625,1625,7294,3613,3681,954,504,450
0.5 Scen,2041,407,San Jacinto County,34758,16856,17902,23027,11000,12027,3268,1642,1626,7496,3703,3793,967,511,456
0.5 Scen,2042,407,San Jacinto County,34992,16966,18026,23022,10993,12029,3300,1662,1638,7691,3794,3897,979,517,462
0.5 Scen,2043,407,San Jacinto County,35243,17092,18151,23030,10999,12031,3326,1679,1647,7899,3890,4009,988,524,464
0.5 Scen,2044,407,San Jacinto County,35485,17211,18274,23031,10995,12036,3347,1696,1651,8108,3990,4118,999,530,469
0.5 Scen,2045,407,San Jacinto County,35745,17337,18408,23042,10998,12044,3377,1720,1657,8320,4089,4231,1006,530,476
0.5 Scen,2046,407,San Jacinto County,36000,17468,18532,23044,11005,12039,3402,1738,1664,8537,4188,4349,1017,537,480
0.5 Scen,2047,407,San Jacinto County,36287,17616,18671,23059,11014,12045,3444,1767,1677,8758,4293,4465,1026,542,484
0.5 Scen,2048,407,San Jacinto County,36581,17764,18817,23077,11024,12053,3489,1796,1693,8977,4393,4584,1038,551,487
0.5 Scen,2049,407,San Jacinto County,36877,17902,18975,23107,11036,12071,3527,1816,1711,9192,4493,4699,1051,557,494
0.5 Scen,2050,407,San Jacinto County,37195,18057,19138,23150,11059,12091,3561,1838,1723,9420,4595,4825,1064,565,499
0.5 Scen,2010,409,San Patricio County,64804,32163,32641,27330,13666,13664,902,491,411,35248,17395,17853,1324,611,713
0.5 Scen,2011,409,San Patricio County,65340,32452,32888,27313,13664,13649,910,496,414,35772,17668,18104,1345,624,721
0.5 Scen,2012,409,San Patricio County,65852,32741,33111,27268,13655,13613,919,501,418,36302,17951,18351,1363,634,729
0.5 Scen,2013,409,San Patricio County,66379,33028,33351,27245,13645,13600,924,506,418,36823,18227,18596,1387,650,737
0.5 Scen,2014,409,San Patricio County,66895,33313,33582,27200,13630,13570,933,509,424,37356,18514,18842,1406,660,746
0.5 Scen,2015,409,San Patricio County,67402,33590,33812,27158,13611,13547,941,513,428,37871,18790,19081,1432,676,756
0.5 Scen,2016,409,San Patricio County,67943,33888,34055,27118,13593,13525,949,517,432,38423,19087,19336,1453,691,762
0.5 Scen,2017,409,San Patricio County,68480,34185,34295,27074,13579,13495,956,521,435,38973,19381,19592,1477,704,773
0.5 Scen,2018,409,San Patricio County,69054,34492,34562,27054,13568,13486,963,525,438,39539,19681,19858,1498,718,780
0.5 Scen,2019,409,San Patricio County,69579,34795,34784,27001,13552,13449,974,531,443,40084,19975,20109,1520,737,783
0.5 Scen,2020,409,San Patricio County,70122,35088,35034,26958,13532,13426,980,535,445,40643,20269,20374,1541,752,789
0.5 Scen,2021,409,San Patricio County,70656,35384,35272,26905,13515,13390,984,537,447,41203,20564,20639,1564,768,796
0.5 Scen,2022,409,San Patricio County,71195,35681,35514,26849,13486,13363,991,541,450,41775,20871,20904,1580,783,797
0.5 Scen,2023,409,San Patricio County,71716,35978,35738,26787,13462,13325,996,543,453,42330,21173,21157,1603,800,803
0.5 Scen,2024,409,San Patricio County,72246,36273,35973,26722,13435,13287,1011,551,460,42892,21471,21421,1621,816,805
0.5 Scen,2025,409,San Patricio County,72766,36562,36204,26652,13408,13244,1015,555,460,43456,21768,21688,1643,831,812
0.5 Scen,2026,409,San Patricio County,73270,36843,36427,26573,13373,13200,1025,561,464,44006,22062,21944,1666,847,819
0.5 Scen,2027,409,San Patricio County,73762,37113,36649,26485,13334,13151,1036,568,468,44545,22349,22196,1696,862,834
0.5 Scen,2028,409,San Patricio County,74223,37372,36851,26381,13292,13089,1039,568,471,45080,22635,22445,1723,877,846
0.5 Scen,2029,409,San Patricio County,74671,37625,37046,26268,13246,13022,1044,570,474,45611,22918,22693,1748,891,857
0.5 Scen,2030,409,San Patricio County,75073,37862,37211,26136,13189,12947,1044,568,476,46121,23195,22926,1772,910,862
0.5 Scen,2031,409,San Patricio County,75475,38093,37382,26010,13134,12876,1045,568,477,46619,23463,23156,1801,928,873
0.5 Scen,2032,409,San Patricio County,75848,38313,37535,25868,13073,12795,1044,566,478,47107,23731,23376,1829,943,886
0.5 Scen,2033,409,San Patricio County,76237,38535,37702,25744,13018,12726,1044,565,479,47591,23990,23601,1858,962,896
0.5 Scen,2034,409,San Patricio County,76605,38749,37856,25605,12959,12646,1042,564,478,48075,24250,23825,1883,976,907
0.5 Scen,2035,409,San Patricio County,76966,38962,38004,25468,12899,12569,1041,564,477,48547,24509,24038,1910,990,920
0.5 Scen,2036,409,San Patricio County,77327,39164,38163,25337,12839,12498,1040,563,477,49020,24762,24258,1930,1000,930
0.5 Scen,2037,409,San Patricio County,77644,39351,38293,25194,12779,12415,1034,559,475,49468,25004,24464,1948,1009,939
0.5 Scen,2038,409,San Patricio County,78007,39564,38443,25053,12712,12341,1034,558,476,49947,25266,24681,1973,1028,945
0.5 Scen,2039,409,San Patricio County,78331,39753,38578,24907,12646,12261,1026,556,470,50410,25515,24895,1988,1036,952
0.5 Scen,2040,409,San Patricio County,78669,39950,38719,24769,12585,12184,1023,554,469,50872,25765,25107,2005,1046,959
0.5 Scen,2041,409,San Patricio County,79004,40150,38854,24631,12523,12108,1021,553,468,51329,26017,25312,2023,1057,966
0.5 Scen,2042,409,San Patricio County,79344,40345,38999,24500,12461,12039,1016,549,467,51785,26266,25519,2043,1069,974
0.5 Scen,2043,409,San Patricio County,79671,40546,39125,24360,12400,11960,1012,548,464,52245,26520,25725,2054,1078,976
0.5 Scen,2044,409,San Patricio County,79995,40748,39247,24226,12339,11887,1004,547,457,52698,26773,25925,2067,1089,978
0.5 Scen,2045,409,San Patricio County,80329,40942,39387,24090,12277,11813,1002,546,456,53156,27022,26134,2081,1097,984
0.5 Scen,2046,409,San Patricio County,80650,41131,39519,23951,12214,11737,997,541,456,53613,27271,26342,2089,1105,984
0.5 Scen,2047,409,San Patricio County,80977,41327,39650,23829,12160,11669,991,537,454,54054,27514,26540,2103,1116,987
0.5 Scen,2048,409,San Patricio County,81316,41540,39776,23708,12114,11594,988,533,455,54507,27768,26739,2113,1125,988
0.5 Scen,2049,409,San Patricio County,81652,41745,39907,23589,12064,11525,984,530,454,54956,28018,26938,2123,1133,990
0.5 Scen,2050,409,San Patricio County,81990,41951,40039,23467,12012,11455,981,528,453,55405,28267,27138,2137,1144,993
0.5 Scen,2010,411,San Saba County,6131,3366,2765,4135,2138,1997,194,182,12,1715,1008,707,87,38,49
0.5 Scen,2011,411,San Saba County,6138,3372,2766,4113,2127,1986,194,182,12,1743,1024,719,88,39,49
0.5 Scen,2012,411,San Saba County,6145,3373,2772,4092,2113,1979,193,182,11,1771,1039,732,89,39,50
0.5 Scen,2013,411,San Saba County,6152,3374,2778,4071,2100,1971,191,180,11,1800,1054,746,90,40,50
0.5 Scen,2014,411,San Saba County,6155,3375,2780,4040,2083,1957,194,182,12,1830,1070,760,91,40,51
0.5 Scen,2015,411,San Saba County,6155,3378,2777,4006,2067,1939,197,184,13,1860,1086,774,92,41,51
0.5 Scen,2016,411,San Saba County,6156,3385,2771,3976,2058,1918,197,183,14,1890,1103,787,93,41,52
0.5 Scen,2017,411,San Saba County,6159,3386,2773,3948,2044,1904,195,181,14,1922,1119,803,94,42,52
0.5 Scen,2018,411,San Saba County,6166,3394,2772,3922,2035,1887,196,181,15,1954,1137,817,94,41,53
0.5 Scen,2019,411,San Saba County,6169,3397,2772,3893,2021,1872,196,181,15,1984,1153,831,96,42,54
0.5 Scen,2020,411,San Saba County,6180,3409,2771,3871,2015,1856,196,181,15,2015,1170,845,98,43,55
0.5 Scen,2021,411,San Saba County,6185,3417,2768,3842,2004,1838,195,180,15,2048,1189,859,100,44,56
0.5 Scen,2022,411,San Saba County,6196,3425,2771,3822,1998,1824,193,177,16,2078,1204,874,103,46,57
0.5 Scen,2023,411,San Saba County,6207,3430,2777,3803,1988,1815,192,176,16,2107,1219,888,105,47,58
0.5 Scen,2024,411,San Saba County,6215,3430,2785,3777,1970,1807,190,174,16,2141,1238,903,107,48,59
0.5 Scen,2025,411,San Saba County,6235,3442,2793,3759,1962,1797,192,176,16,2175,1255,920,109,49,60
0.5 Scen,2026,411,San Saba County,6246,3450,2796,3739,1954,1785,191,175,16,2205,1271,934,111,50,61
0.5 Scen,2027,411,San Saba County,6251,3457,2794,3707,1939,1768,190,174,16,2242,1293,949,112,51,61
0.5 Scen,2028,411,San Saba County,6255,3459,2796,3680,1926,1754,189,173,16,2272,1308,964,114,52,62
0.5 Scen,2029,411,San Saba County,6272,3475,2797,3660,1920,1740,189,173,16,2307,1329,978,116,53,63
0.5 Scen,2030,411,San Saba County,6287,3484,2803,3643,1913,1730,187,171,16,2340,1347,993,117,53,64
0.5 Scen,2031,411,San Saba County,6296,3489,2807,3620,1903,1717,188,172,16,2369,1360,1009,119,54,65
0.5 Scen,2032,411,San Saba County,6304,3493,2811,3595,1888,1707,188,172,16,2401,1379,1022,120,54,66
0.5 Scen,2033,411,San Saba County,6315,3505,2810,3573,1881,1692,188,172,16,2433,1397,1036,121,55,66
0.5 Scen,2034,411,San Saba County,6323,3507,2816,3551,1870,1681,187,171,16,2465,1413,1052,120,53,67
0.5 Scen,2035,411,San Saba County,6318,3507,2811,3524,1857,1667,187,171,16,2487,1425,1062,120,54,66
0.5 Scen,2036,411,San Saba County,6313,3507,2806,3493,1845,1648,186,170,16,2514,1439,1075,120,53,67
0.5 Scen,2037,411,San Saba County,6297,3506,2791,3452,1828,1624,186,170,16,2539,1454,1085,120,54,66
0.5 Scen,2038,411,San Saba County,6293,3504,2789,3419,1812,1607,185,169,16,2569,1470,1099,120,53,67
0.5 Scen,2039,411,San Saba County,6286,3502,2784,3394,1799,1595,185,169,16,2586,1480,1106,121,54,67
0.5 Scen,2040,411,San Saba County,6289,3507,2782,3371,1791,1580,184,168,16,2614,1495,1119,120,53,67
0.5 Scen,2041,411,San Saba County,6288,3509,2779,3342,1779,1563,184,168,16,2642,1508,1134,120,54,66
0.5 Scen,2042,411,San Saba County,6285,3514,2771,3316,1770,1546,184,168,16,2665,1522,1143,120,54,66
0.5 Scen,2043,411,San Saba County,6290,3522,2768,3298,1766,1532,183,167,16,2690,1535,1155,119,54,65
0.5 Scen,2044,411,San Saba County,6297,3528,2769,3280,1759,1521,183,167,16,2716,1549,1167,118,53,65
0.5 Scen,2045,411,San Saba County,6304,3536,2768,3264,1753,1511,182,166,16,2741,1563,1178,117,54,63
0.5 Scen,2046,411,San Saba County,6302,3542,2760,3236,1746,1490,182,166,16,2768,1577,1191,116,53,63
0.5 Scen,2047,411,San Saba County,6313,3552,2761,3224,1744,1480,182,165,17,2792,1590,1202,115,53,62
0.5 Scen,2048,411,San Saba County,6309,3553,2756,3203,1737,1466,181,164,17,2810,1599,1211,115,53,62
0.5 Scen,2049,411,San Saba County,6315,3559,2756,3186,1731,1455,181,164,17,2834,1611,1223,114,53,61
0.5 Scen,2050,411,San Saba County,6317,3559,2758,3163,1717,1446,180,163,17,2860,1626,1234,114,53,61
0.5 Scen,2010,413,Schleicher County,3461,1726,1735,1872,934,938,32,17,15,1536,767,769,21,8,13
0.5 Scen,2011,413,Schleicher County,3499,1745,1754,1885,940,945,32,17,15,1561,780,781,21,8,13
0.5 Scen,2012,413,Schleicher County,3539,1766,1773,1899,948,951,32,17,15,1587,793,794,21,8,13
0.5 Scen,2013,413,Schleicher County,3584,1791,1793,1917,959,958,32,17,15,1614,807,807,21,8,13
0.5 Scen,2014,413,Schleicher County,3617,1809,1808,1925,964,961,32,17,15,1639,820,819,21,8,13
0.5 Scen,2015,413,Schleicher County,3652,1826,1826,1932,967,965,32,17,15,1667,834,833,21,8,13
0.5 Scen,2016,413,Schleicher County,3679,1843,1836,1932,969,963,32,17,15,1694,849,845,21,8,13
0.5 Scen,2017,413,Schleicher County,3705,1855,1850,1931,968,963,32,17,15,1721,862,859,21,8,13
0.5 Scen,2018,413,Schleicher County,3743,1875,1868,1936,972,964,32,17,15,1754,878,876,21,8,13
0.5 Scen,2019,413,Schleicher County,3768,1888,1880,1933,970,963,31,17,14,1783,893,890,21,8,13
0.5 Scen,2020,413,Schleicher County,3801,1909,1892,1938,976,962,31,17,14,1811,908,903,21,8,13
0.5 Scen,2021,413,Schleicher County,3830,1924,1906,1936,975,961,31,17,14,1842,924,918,21,8,13
0.5 Scen,2022,413,Schleicher County,3867,1945,1922,1941,979,962,31,17,14,1874,941,933,21,8,13
0.5 Scen,2023,413,Schleicher County,3896,1962,1934,1942,982,960,31,17,14,1902,955,947,21,8,13
0.5 Scen,2024,413,Schleicher County,3923,1978,1945,1939,981,958,31,17,14,1932,972,960,21,8,13
0.5 Scen,2025,413,Schleicher County,3947,1991,1956,1932,980,952,30,16,14,1964,987,977,21,8,13
0.5 Scen,2026,413,Schleicher County,3974,2001,1973,1925,973,952,30,16,14,1998,1004,994,21,8,13
0.5 Scen,2027,413,Schleicher County,4004,2019,1985,1925,976,949,30,16,14,2028,1019,1009,21,8,13
0.5 Scen,2028,413,Schleicher County,4028,2033,1995,1923,977,946,30,16,14,2055,1032,1023,20,8,12
0.5 Scen,2029,413,Schleicher County,4057,2047,2010,1922,979,943,30,16,14,2085,1044,1041,20,8,12
0.5 Scen,2030,413,Schleicher County,4086,2061,2025,1924,981,943,30,16,14,2112,1056,1056,20,8,12
0.5 Scen,2031,413,Schleicher County,4114,2079,2035,1924,984,940,30,16,14,2140,1071,1069,20,8,12
0.5 Scen,2032,413,Schleicher County,4135,2091,2044,1922,986,936,30,16,14,2163,1081,1082,20,8,12
0.5 Scen,2033,413,Schleicher County,4159,2107,2052,1919,988,931,30,16,14,2190,1095,1095,20,8,12
0.5 Scen,2034,413,Schleicher County,4177,2117,2060,1917,989,928,30,16,14,2210,1104,1106,20,8,12
0.5 Scen,2035,413,Schleicher County,4189,2122,2067,1916,988,928,30,16,14,2223,1110,1113,20,8,12
0.5 Scen,2036,413,Schleicher County,4202,2131,2071,1912,988,924,30,16,14,2240,1119,1121,20,8,12
0.5 Scen,2037,413,Schleicher County,4217,2138,2079,1911,990,921,30,16,14,2256,1124,1132,20,8,12
0.5 Scen,2038,413,Schleicher County,4235,2149,2086,1912,991,921,30,16,14,2273,1134,1139,20,8,12
0.5 Scen,2039,413,Schleicher County,4257,2161,2096,1914,993,921,30,16,14,2293,1144,1149,20,8,12
0.5 Scen,2040,413,Schleicher County,4266,2167,2099,1908,993,915,30,16,14,2308,1150,1158,20,8,12
0.5 Scen,2041,413,Schleicher County,4275,2170,2105,1903,992,911,30,16,14,2322,1154,1168,20,8,12
0.5 Scen,2042,413,Schleicher County,4287,2177,2110,1896,992,904,30,16,14,2342,1162,1180,19,7,12
0.5 Scen,2043,413,Schleicher County,4295,2179,2116,1883,984,899,30,16,14,2363,1172,1191,19,7,12
0.5 Scen,2044,413,Schleicher County,4303,2180,2123,1871,976,895,30,16,14,2383,1181,1202,19,7,12
0.5 Scen,2045,413,Schleicher County,4312,2186,2126,1863,973,890,29,15,14,2401,1191,1210,19,7,12
0.5 Scen,2046,413,Schleicher County,4323,2191,2132,1858,971,887,29,15,14,2417,1198,1219,19,7,12
0.5 Scen,2047,413,Schleicher County,4332,2199,2133,1851,969,882,29,15,14,2433,1208,1225,19,7,12
0.5 Scen,2048,413,Schleicher County,4341,2204,2137,1847,968,879,27,14,13,2449,1215,1234,18,7,11
0.5 Scen,2049,413,Schleicher County,4347,2209,2138,1837,966,871,26,13,13,2466,1223,1243,18,7,11
0.5 Scen,2050,413,Schleicher County,4358,2215,2143,1831,965,866,24,12,12,2485,1231,1254,18,7,11
0.5 Scen,2010,415,Scurry County,16921,9028,7893,9773,4988,4785,764,563,201,6149,3366,2783,235,111,124
0.5 Scen,2011,415,Scurry County,17067,9114,7953,9775,4996,4779,771,568,203,6284,3437,2847,237,113,124
0.5 Scen,2012,415,Scurry County,17223,9201,8022,9780,5004,4776,776,571,205,6428,3512,2916,239,114,125
0.5 Scen,2013,415,Scurry County,17346,9286,8060,9767,5012,4755,781,574,207,6556,3584,2972,242,116,126
0.5 Scen,2014,415,Scurry County,17499,9381,8118,9757,5022,4735,789,579,210,6705,3662,3043,248,118,130
0.5 Scen,2015,415,Scurry County,17658,9480,8178,9750,5030,4720,792,581,211,6863,3748,3115,253,121,132
0.5 Scen,2016,415,Scurry County,17794,9560,8234,9736,5032,4704,794,583,211,7009,3824,3185,255,121,134
0.5 Scen,2017,415,Scurry County,17952,9655,8297,9738,5041,4697,796,584,212,7158,3906,3252,260,124,136
0.5 Scen,2018,415,Scurry County,18113,9747,8366,9729,5044,4685,799,585,214,7321,3991,3330,264,127,137
0.5 Scen,2019,415,Scurry County,18270,9840,8430,9714,5042,4672,804,589,215,7483,4079,3404,269,130,139
0.5 Scen,2020,415,Scurry County,18434,9934,8500,9705,5046,4659,802,587,215,7654,4168,3486,273,133,140
0.5 Scen,2021,415,Scurry County,18597,10023,8574,9701,5049,4652,800,585,215,7817,4252,3565,279,137,142
0.5 Scen,2022,415,Scurry County,18752,10108,8644,9686,5049,4637,799,584,215,7983,4335,3648,284,140,144
0.5 Scen,2023,415,Scurry County,18902,10187,8715,9675,5046,4629,797,583,214,8140,4414,3726,290,144,146
0.5 Scen,2024,415,Scurry County,19068,10271,8797,9666,5044,4622,794,580,214,8310,4499,3811,298,148,150
0.5 Scen,2025,415,Scurry County,19235,10355,8880,9653,5039,4614,793,580,213,8484,4586,3898,305,150,155
0.5 Scen,2026,415,Scurry County,19397,10453,8944,9633,5043,4590,793,580,213,8661,4677,3984,310,153,157
0.5 Scen,2027,415,Scurry County,19558,10541,9017,9613,5039,4574,791,580,211,8838,4766,4072,316,156,160
0.5 Scen,2028,415,Scurry County,19708,10626,9082,9584,5030,4554,792,581,211,9009,4855,4154,323,160,163
0.5 Scen,2029,415,Scurry County,19881,10722,9159,9566,5028,4538,789,579,210,9197,4952,4245,329,163,166
0.5 Scen,2030,415,Scurry County,20057,10822,9235,9542,5023,4519,791,580,211,9389,5052,4337,335,167,168
0.5 Scen,2031,415,Scurry County,20210,10904,9306,9511,5006,4505,789,578,211,9571,5151,4420,339,169,170
0.5 Scen,2032,415,Scurry County,20373,10995,9378,9486,4998,4488,787,575,212,9756,5250,4506,344,172,172
0.5 Scen,2033,415,Scurry County,20536,11088,9448,9454,4987,4467,783,571,212,9950,5355,4595,349,175,174
0.5 Scen,2034,415,Scurry County,20685,11163,9522,9423,4968,4455,783,571,212,10126,5446,4680,353,178,175
0.5 Scen,2035,415,Scurry County,20830,11246,9584,9381,4954,4427,778,567,211,10313,5544,4769,358,181,177
0.5 Scen,2036,415,Scurry County,20988,11321,9667,9342,4936,4406,777,566,211,10509,5636,4873,360,183,177
0.5 Scen,2037,415,Scurry County,21131,11397,9734,9298,4916,4382,773,563,210,10698,5734,4964,362,184,178
0.5 Scen,2038,415,Scurry County,21291,11481,9810,9259,4897,4362,770,560,210,10897,5839,5058,365,185,180
0.5 Scen,2039,415,Scurry County,21442,11563,9879,9218,4882,4336,765,557,208,11091,5936,5155,368,188,180
0.5 Scen,2040,415,Scurry County,21598,11649,9949,9177,4863,4314,762,555,207,11291,6043,5248,368,188,180
0.5 Scen,2041,415,Scurry County,21751,11734,10017,9138,4849,4289,754,550,204,11493,6149,5344,366,186,180
0.5 Scen,2042,415,Scurry County,21905,11819,10086,9093,4832,4261,746,544,202,11701,6258,5443,365,185,180
0.5 Scen,2043,415,Scurry County,22070,11908,10162,9058,4818,4240,738,538,200,11908,6367,5541,366,185,181
0.5 Scen,2044,415,Scurry County,22238,11996,10242,9012,4792,4220,736,537,199,12121,6480,5641,369,187,182
0.5 Scen,2045,415,Scurry County,22388,12085,10303,8969,4781,4188,727,529,198,12321,6587,5734,371,188,183
0.5 Scen,2046,415,Scurry County,22569,12184,10385,8921,4761,4160,723,526,197,12552,6707,5845,373,190,183
0.5 Scen,2047,415,Scurry County,22740,12280,10460,8878,4742,4136,718,524,194,12768,6822,5946,376,192,184
0.5 Scen,2048,415,Scurry County,22920,12384,10536,8837,4730,4107,713,520,193,12992,6940,6052,378,194,184
0.5 Scen,2049,415,Scurry County,23114,12490,10624,8801,4715,4086,709,517,192,13223,7062,6161,381,196,185
0.5 Scen,2050,415,Scurry County,23305,12606,10699,8768,4706,4062,704,515,189,13449,7187,6262,384,198,186
0.5 Scen,2010,417,Shackelford County,3378,1632,1746,2961,1420,1541,14,9,5,340,175,165,63,28,35
0.5 Scen,2011,417,Shackelford County,3395,1641,1754,2972,1426,1546,14,9,5,346,178,168,63,28,35
0.5 Scen,2012,417,Shackelford County,3420,1656,1764,2992,1438,1554,14,9,5,352,181,171,62,28,34
0.5 Scen,2013,417,Shackelford County,3436,1666,1770,3001,1444,1557,14,9,5,359,185,174,62,28,34
0.5 Scen,2014,417,Shackelford County,3448,1675,1773,3008,1450,1558,14,9,5,364,188,176,62,28,34
0.5 Scen,2015,417,Shackelford County,3469,1690,1779,3020,1459,1561,14,9,5,372,193,179,63,29,34
0.5 Scen,2016,417,Shackelford County,3487,1699,1788,3031,1466,1565,14,9,5,379,196,183,63,28,35
0.5 Scen,2017,417,Shackelford County,3506,1714,1792,3041,1476,1565,14,9,5,387,200,187,64,29,35
0.5 Scen,2018,417,Shackelford County,3525,1724,1801,3051,1482,1569,14,9,5,395,204,191,65,29,36
0.5 Scen,2019,417,Shackelford County,3542,1735,1807,3059,1487,1572,14,9,5,403,209,194,66,30,36
0.5 Scen,2020,417,Shackelford County,3557,1743,1814,3064,1490,1574,14,9,5,412,214,198,67,30,37
0.5 Scen,2021,417,Shackelford County,3573,1755,1818,3071,1496,1575,14,9,5,421,219,202,67,31,36
0.5 Scen,2022,417,Shackelford County,3592,1764,1828,3080,1500,1580,14,9,5,430,224,206,68,31,37
0.5 Scen,2023,417,Shackelford County,3614,1775,1839,3091,1504,1587,14,9,5,439,229,210,70,33,37
0.5 Scen,2024,417,Shackelford County,3631,1785,1846,3098,1510,1588,13,8,5,449,234,215,71,33,38
0.5 Scen,2025,417,Shackelford County,3641,1791,1850,3096,1510,1586,13,8,5,459,239,220,73,34,39
0.5 Scen,2026,417,Shackelford County,3649,1796,1853,3094,1511,1583,13,8,5,468,243,225,74,34,40
0.5 Scen,2027,417,Shackelford County,3667,1807,1860,3102,1517,1585,13,8,5,477,247,230,75,35,40
0.5 Scen,2028,417,Shackelford County,3679,1813,1866,3103,1518,1585,14,9,5,486,251,235,76,35,41
0.5 Scen,2029,417,Shackelford County,3690,1822,1868,3106,1522,1584,14,9,5,493,255,238,77,36,41
0.5 Scen,2030,417,Shackelford County,3709,1829,1880,3116,1525,1591,14,9,5,501,259,242,78,36,42
0.5 Scen,2031,417,Shackelford County,3709,1831,1878,3110,1522,1588,14,9,5,508,263,245,77,37,40
0.5 Scen,2032,417,Shackelford County,3718,1833,1885,3109,1520,1589,14,9,5,516,267,249,79,37,42
0.5 Scen,2033,417,Shackelford County,3720,1835,1885,3104,1517,1587,14,9,5,523,271,252,79,38,41
0.5 Scen,2034,417,Shackelford County,3714,1834,1880,3091,1513,1578,14,9,5,530,275,255,79,37,42
0.5 Scen,2035,417,Shackelford County,3713,1837,1876,3081,1511,1570,14,9,5,538,279,259,80,38,42
0.5 Scen,2036,417,Shackelford County,3706,1835,1871,3067,1506,1561,13,8,5,545,283,262,81,38,43
0.5 Scen,2037,417,Shackelford County,3707,1835,1872,3061,1501,1560,13,8,5,552,287,265,81,39,42
0.5 Scen,2038,417,Shackelford County,3716,1843,1873,3064,1505,1559,13,8,5,558,291,267,81,39,42
0.5 Scen,2039,417,Shackelford County,3726,1850,1876,3067,1507,1560,13,8,5,564,295,269,82,40,42
0.5 Scen,2040,417,Shackelford County,3727,1857,1870,3060,1510,1550,13,8,5,571,299,272,83,40,43
0.5 Scen,2041,417,Shackelford County,3733,1864,1869,3059,1512,1547,13,8,5,577,303,274,84,41,43
0.5 Scen,2042,417,Shackelford County,3735,1868,1867,3054,1512,1542,13,8,5,584,307,277,84,41,43
0.5 Scen,2043,417,Shackelford County,3742,1874,1868,3054,1514,1540,13,8,5,591,311,280,84,41,43
0.5 Scen,2044,417,Shackelford County,3750,1880,1870,3055,1517,1538,13,8,5,599,315,284,83,40,43
0.5 Scen,2045,417,Shackelford County,3763,1889,1874,3060,1521,1539,13,8,5,607,319,288,83,41,42
0.5 Scen,2046,417,Shackelford County,3773,1894,1879,3061,1521,1540,13,8,5,615,324,291,84,41,43
0.5 Scen,2047,417,Shackelford County,3777,1899,1878,3059,1523,1536,12,8,4,622,327,295,84,41,43
0.5 Scen,2048,417,Shackelford County,3775,1900,1875,3050,1521,1529,12,8,4,630,331,299,83,40,43
0.5 Scen,2049,417,Shackelford County,3780,1910,1870,3049,1527,1522,12,8,4,636,334,302,83,41,42
0.5 Scen,2050,417,Shackelford County,3790,1915,1875,3052,1528,1524,12,8,4,643,338,305,83,41,42
0.5 Scen,2010,419,Shelby County,25448,12591,12857,16535,8113,8422,4414,2076,2338,4164,2244,1920,335,158,177
0.5 Scen,2011,419,Shelby County,25686,12721,12965,16598,8150,8448,4457,2098,2359,4289,2311,1978,342,162,180
0.5 Scen,2012,419,Shelby County,25904,12849,13055,16634,8181,8453,4496,2118,2378,4423,2382,2041,351,168,183
0.5 Scen,2013,419,Shelby County,26128,12973,13155,16676,8212,8464,4534,2136,2398,4558,2452,2106,360,173,187
0.5 Scen,2014,419,Shelby County,26356,13098,13258,16726,8244,8482,4572,2154,2418,4689,2523,2166,369,177,192
0.5 Scen,2015,419,Shelby County,26590,13229,13361,16782,8280,8502,4604,2175,2429,4827,2595,2232,377,179,198
0.5 Scen,2016,419,Shelby County,26829,13359,13470,16831,8304,8527,4635,2192,2443,4974,2676,2298,389,187,202
0.5 Scen,2017,419,Shelby County,27047,13492,13555,16874,8334,8540,4659,2213,2446,5119,2754,2365,395,191,204
0.5 Scen,2018,419,Shelby County,27279,13621,13658,16915,8364,8551,4684,2221,2463,5275,2841,2434,405,195,210
0.5 Scen,2019,419,Shelby County,27512,13752,13760,16952,8391,8561,4707,2232,2475,5438,2929,2509,415,200,215
0.5 Scen,2020,419,Shelby County,27749,13882,13867,16989,8414,8575,4737,2251,2486,5601,3013,2588,422,204,218
0.5 Scen,2021,419,Shelby County,27972,13998,13974,17028,8437,8591,4747,2254,2493,5769,3100,2669,428,207,221
0.5 Scen,2022,419,Shelby County,28184,14122,14062,17056,8455,8601,4756,2263,2493,5932,3190,2742,440,214,226
0.5 Scen,2023,419,Shelby County,28425,14261,14164,17090,8477,8613,4768,2272,2496,6120,3294,2826,447,218,229
0.5 Scen,2024,419,Shelby County,28646,14388,14258,17100,8488,8612,4781,2283,2498,6312,3395,2917,453,222,231
0.5 Scen,2025,419,Shelby County,28888,14517,14371,17127,8501,8626,4790,2293,2497,6512,3497,3015,459,226,233
0.5 Scen,2026,419,Shelby County,29120,14649,14471,17140,8517,8623,4803,2302,2501,6709,3599,3110,468,231,237
0.5 Scen,2027,419,Shelby County,29350,14777,14573,17141,8526,8615,4820,2311,2509,6912,3705,3207,477,235,242
0.5 Scen,2028,419,Shelby County,29567,14906,14661,17139,8534,8605,4834,2326,2508,7106,3805,3301,488,241,247
0.5 Scen,2029,419,Shelby County,29820,15048,14772,17154,8549,8605,4844,2335,2509,7327,3919,3408,495,245,250
0.5 Scen,2030,419,Shelby County,30052,15180,14872,17154,8556,8598,4855,2345,2510,7542,4030,3512,501,249,252
0.5 Scen,2031,419,Shelby County,30295,15320,14975,17160,8564,8596,4868,2357,2511,7760,4146,3614,507,253,254
0.5 Scen,2032,419,Shelby County,30512,15446,15066,17147,8567,8580,4883,2370,2513,7966,4252,3714,516,257,259
0.5 Scen,2033,419,Shelby County,30721,15566,15155,17124,8563,8561,4893,2380,2513,8180,4363,3817,524,260,264
0.5 Scen,2034,419,Shelby County,30941,15685,15256,17107,8559,8548,4904,2390,2514,8399,4471,3928,531,265,266
0.5 Scen,2035,419,Shelby County,31147,15794,15353,17082,8552,8530,4916,2396,2520,8614,4579,4035,535,267,268
0.5 Scen,2036,419,Shelby County,31350,15907,15443,17056,8544,8512,4931,2409,2522,8820,4682,4138,543,272,271
0.5 Scen,2037,419,Shelby County,31546,16018,15528,17025,8538,8487,4937,2419,2518,9031,4785,4246,553,276,277
0.5 Scen,2038,419,Shelby County,31749,16129,15620,16992,8528,8464,4954,2433,2521,9245,4889,4356,558,279,279
0.5 Scen,2039,419,Shelby County,31947,16244,15703,16963,8522,8441,4965,2443,2522,9452,4995,4457,567,284,283
0.5 Scen,2040,419,Shelby County,32152,16352,15800,16933,8507,8426,4975,2451,2524,9665,5102,4563,579,292,287
0.5 Scen,2041,419,Shelby County,32344,16466,15878,16894,8501,8393,4983,2460,2523,9877,5207,4670,590,298,292
0.5 Scen,2042,419,Shelby County,32532,16571,15961,16854,8490,8364,4981,2461,2520,10097,5317,4780,600,303,297
0.5 Scen,2043,419,Shelby County,32743,16690,16053,16829,8483,8346,4984,2465,2519,10318,5431,4887,612,311,301
0.5 Scen,2044,419,Shelby County,32932,16803,16129,16785,8472,8313,4985,2473,2512,10537,5540,4997,625,318,307
0.5 Scen,2045,419,Shelby County,33135,16913,16222,16753,8461,8292,4983,2476,2507,10762,5652,5110,637,324,313
0.5 Scen,2046,419,Shelby County,33326,17019,16307,16712,8445,8267,4984,2481,2503,10984,5763,5221,646,330,316
0.5 Scen,2047,419,Shelby County,33540,17141,16399,16677,8431,8246,4981,2485,2496,11224,5888,5336,658,337,321
0.5 Scen,2048,419,Shelby County,33742,17257,16485,16635,8421,8214,4975,2487,2488,11459,6004,5455,673,345,328
0.5 Scen,2049,419,Shelby County,33957,17386,16571,16601,8411,8190,4978,2495,2483,11694,6129,5565,684,351,333
0.5 Scen,2050,419,Shelby County,34172,17500,16672,16563,8394,8169,4974,2492,2482,11943,6258,5685,692,356,336
0.5 Scen,2010,421,Sherman County,3034,1548,1486,1762,882,880,12,10,2,1227,638,589,33,18,15
0.5 Scen,2011,421,Sherman County,3055,1562,1493,1762,884,878,12,10,2,1248,650,598,33,18,15
0.5 Scen,2012,421,Sherman County,3075,1573,1502,1760,883,877,12,10,2,1270,662,608,33,18,15
0.5 Scen,2013,421,Sherman County,3104,1590,1514,1765,887,878,12,10,2,1294,675,619,33,18,15
0.5 Scen,2014,421,Sherman County,3127,1604,1523,1763,887,876,12,10,2,1319,689,630,33,18,15
0.5 Scen,2015,421,Sherman County,3155,1619,1536,1764,889,875,12,10,2,1346,702,644,33,18,15
0.5 Scen,2016,421,Sherman County,3183,1636,1547,1764,889,875,12,10,2,1374,719,655,33,18,15
0.5 Scen,2017,421,Sherman County,3215,1657,1558,1762,890,872,12,10,2,1408,739,669,33,18,15
0.5 Scen,2018,421,Sherman County,3243,1677,1566,1759,891,868,12,10,2,1439,758,681,33,18,15
0.5 Scen,2019,421,Sherman County,3274,1695,1579,1762,893,869,12,10,2,1467,774,693,33,18,15
0.5 Scen,2020,421,Sherman County,3305,1711,1594,1760,891,869,12,10,2,1501,792,709,32,18,14
0.5 Scen,2021,421,Sherman County,3333,1728,1605,1757,890,867,12,10,2,1532,810,722,32,18,14
0.5 Scen,2022,421,Sherman County,3365,1748,1617,1756,891,865,12,10,2,1565,829,736,32,18,14
0.5 Scen,2023,421,Sherman County,3394,1765,1629,1751,889,862,12,10,2,1599,848,751,32,18,14
0.5 Scen,2024,421,Sherman County,3416,1782,1634,1740,887,853,12,10,2,1632,867,765,32,18,14
0.5 Scen,2025,421,Sherman County,3440,1799,1641,1730,886,844,12,10,2,1666,885,781,32,18,14
0.5 Scen,2026,421,Sherman County,3477,1818,1659,1732,886,846,12,10,2,1701,904,797,32,18,14
0.5 Scen,2027,421,Sherman County,3514,1841,1673,1731,888,843,12,10,2,1739,925,814,32,18,14
0.5 Scen,2028,421,Sherman County,3538,1858,1680,1719,885,834,12,10,2,1775,945,830,32,18,14
0.5 Scen,2029,421,Sherman County,3571,1875,1696,1716,883,833,12,10,2,1811,964,847,32,18,14
0.5 Scen,2030,421,Sherman County,3598,1892,1706,1708,881,827,12,10,2,1846,983,863,32,18,14
0.5 Scen,2031,421,Sherman County,3624,1905,1719,1699,875,824,12,10,2,1881,1002,879,32,18,14
0.5 Scen,2032,421,Sherman County,3653,1922,1731,1691,870,821,12,10,2,1918,1024,894,32,18,14
0.5 Scen,2033,421,Sherman County,3684,1939,1745,1686,867,819,12,10,2,1954,1044,910,32,18,14
0.5 Scen,2034,421,Sherman County,3701,1950,1751,1673,862,811,12,10,2,1984,1060,924,32,18,14
0.5 Scen,2035,421,Sherman County,3724,1963,1761,1663,856,807,12,10,2,2016,1079,937,33,18,15
0.5 Scen,2036,421,Sherman County,3735,1973,1762,1650,849,801,12,10,2,2042,1096,946,31,18,13
0.5 Scen,2037,421,Sherman County,3750,1984,1766,1640,845,795,12,10,2,2067,1111,956,31,18,13
0.5 Scen,2038,421,Sherman County,3764,1993,1771,1627,839,788,11,9,2,2095,1127,968,31,18,13
0.5 Scen,2039,421,Sherman County,3783,2003,1780,1617,833,784,11,9,2,2124,1143,981,31,18,13
0.5 Scen,2040,421,Sherman County,3794,2012,1782,1596,823,773,11,9,2,2156,1162,994,31,18,13
0.5 Scen,2041,421,Sherman County,3809,2025,1784,1585,817,768,11,9,2,2182,1181,1001,31,18,13
0.5 Scen,2042,421,Sherman County,3827,2040,1787,1568,811,757,10,8,2,2218,1203,1015,31,18,13
0.5 Scen,2043,421,Sherman County,3844,2048,1796,1553,801,752,10,8,2,2250,1221,1029,31,18,13
0.5 Scen,2044,421,Sherman County,3864,2064,1800,1543,797,746,10,8,2,2281,1242,1039,30,17,13
0.5 Scen,2045,421,Sherman County,3879,2072,1807,1529,787,742,10,8,2,2310,1260,1050,30,17,13
0.5 Scen,2046,421,Sherman County,3899,2085,1814,1522,784,738,9,7,2,2339,1278,1061,29,16,13
0.5 Scen,2047,421,Sherman County,3915,2099,1816,1511,780,731,9,7,2,2366,1296,1070,29,16,13
0.5 Scen,2048,421,Sherman County,3938,2114,1824,1505,778,727,9,7,2,2395,1313,1082,29,16,13
0.5 Scen,2049,421,Sherman County,3966,2134,1832,1501,777,724,9,7,2,2427,1334,1093,29,16,13
0.5 Scen,2050,421,Sherman County,3981,2148,1833,1490,774,716,8,6,2,2455,1352,1103,28,16,12
0.5 Scen,2010,423,Smith County,209714,101425,108289,130246,62654,67592,37195,17172,20023,36088,18670,17418,6185,2929,3256
0.5 Scen,2011,423,Smith County,211748,102483,109265,130436,62775,67661,37633,17401,20232,37299,19284,18015,6380,3023,3357
0.5 Scen,2012,423,Smith County,213856,103604,110252,130648,62917,67731,38065,17637,20428,38549,19919,18630,6594,3131,3463
0.5 Scen,2013,423,Smith County,216108,104774,111334,130916,63078,67838,38535,17884,20651,39841,20571,19270,6816,3241,3575
0.5 Scen,2014,423,Smith County,218299,105952,112347,131110,63219,67891,38998,18133,20865,41162,21248,19914,7029,3352,3677
0.5 Scen,2015,423,Smith County,220607,107149,113458,131357,63369,67988,39470,18373,21097,42531,21943,20588,7249,3464,3785
0.5 Scen,2016,423,Smith County,222736,108302,114434,131461,63469,67992,39892,18609,21283,43931,22661,21270,7452,3563,3889
0.5 Scen,2017,423,Smith County,224967,109494,115473,131578,63570,68008,40314,18835,21479,45380,23402,21978,7695,3687,4008
0.5 Scen,2018,423,Smith County,227218,110702,116516,131676,63674,68002,40736,19062,21674,46873,24163,22710,7933,3803,4130
0.5 Scen,2019,423,Smith County,229414,111885,117529,131706,63732,67974,41112,19264,21848,48406,24951,23455,8190,3938,4252
0.5 Scen,2020,423,Smith County,231653,113087,118566,131750,63800,67950,41479,19469,22010,49973,25754,24219,8451,4064,4387
0.5 Scen,2021,423,Smith County,233934,114309,119625,131772,63859,67913,41823,19655,22168,51598,26576,25022,8741,4219,4522
0.5 Scen,2022,423,Smith County,236219,115513,120706,131777,63909,67868,42158,19825,22333,53258,27417,25841,9026,4362,4664
0.5 Scen,2023,423,Smith County,238529,116743,121786,131760,63945,67815,42471,20001,22470,54980,28284,26696,9318,4513,4805
0.5 Scen,2024,423,Smith County,240839,117960,122879,131689,63955,67734,42781,20166,22615,56747,29176,27571,9622,4663,4959
0.5 Scen,2025,423,Smith County,243123,119168,123955,131568,63932,67636,43070,20318,22752,58560,30095,28465,9925,4823,5102
0.5 Scen,2026,423,Smith County,245399,120387,125012,131404,63897,67507,43356,20485,22871,60395,31017,29378,10244,4988,5256
0.5 Scen,2027,423,Smith County,247698,121599,126099,131191,63834,67357,43645,20635,23010,62286,31975,30311,10576,5155,5421
0.5 Scen,2028,423,Smith County,249980,122818,127162,130959,63768,67191,43900,20777,23123,64214,32954,31260,10907,5319,5588
0.5 Scen,2029,423,Smith County,252247,124022,128225,130658,63668,66990,44144,20901,23243,66187,33954,32233,11258,5499,5759
0.5 Scen,2030,423,Smith County,254486,125255,129231,130346,63574,66772,44369,21044,23325,68162,34959,33203,11609,5678,5931
0.5 Scen,2031,423,Smith County,256735,126467,130268,129995,63456,66539,44584,21161,23423,70175,35978,34197,11981,5872,6109
0.5 Scen,2032,423,Smith County,258955,127672,131283,129594,63316,66278,44799,21291,23508,72213,37003,35210,12349,6062,6287
0.5 Scen,2033,423,Smith County,261126,128845,132281,129164,63166,65998,44970,21389,23581,74265,38034,36231,12727,6256,6471
0.5 Scen,2034,423,Smith County,263359,130059,133300,128700,62998,65702,45215,21536,23679,76338,39075,37263,13106,6450,6656
0.5 Scen,2035,423,Smith County,265545,131259,134286,128208,62814,65394,45397,21646,23751,78444,40145,38299,13496,6654,6842
0.5 Scen,2036,423,Smith County,267725,132446,135279,127677,62614,65063,45619,21776,23843,80558,41208,39350,13871,6848,7023
0.5 Scen,2037,423,Smith County,269903,133628,136275,127132,62399,64733,45795,21883,23912,82713,42292,40421,14263,7054,7209
0.5 Scen,2038,423,Smith County,272108,134839,137269,126567,62175,64392,45997,22011,23986,84888,43395,41493,14656,7258,7398
0.5 Scen,2039,423,Smith County,274303,136016,138287,125984,61945,64039,46164,22097,24067,87092,44503,42589,15063,7471,7592
0.5 Scen,2040,423,Smith County,276544,137276,139268,125381,61712,63669,46375,22247,24128,89319,45633,43686,15469,7684,7785
0.5 Scen,2041,423,Smith County,278784,138502,140282,124784,61481,63303,46545,22359,24186,91587,46774,44813,15868,7888,7980
0.5 Scen,2042,423,Smith County,281040,139755,141285,124167,61248,62919,46722,22473,24249,93869,47926,45943,16282,8108,8174
0.5 Scen,2043,423,Smith County,283275,140986,142289,123534,61001,62533,46872,22582,24290,96179,49087,47092,16690,8316,8374
0.5 Scen,2044,423,Smith County,285531,142241,143290,122899,60752,62147,47023,22685,24338,98520,50268,48252,17089,8536,8553
0.5 Scen,2045,423,Smith County,287844,143516,144328,122252,60501,61751,47162,22792,24370,100899,51470,49429,17531,8753,8778
0.5 Scen,2046,423,Smith County,290159,144793,145366,121591,60240,61351,47309,22890,24419,103308,52688,50620,17951,8975,8976
0.5 Scen,2047,423,Smith County,292502,146098,146404,120941,59990,60951,47429,22983,24446,105758,53929,51829,18374,9196,9178
0.5 Scen,2048,423,Smith County,294911,147441,147470,120295,59743,60552,47575,23090,24485,108229,55182,53047,18812,9426,9386
0.5 Scen,2049,423,Smith County,297329,148765,148564,119638,59489,60149,47685,23171,24514,110744,56451,54293,19262,9654,9608
0.5 Scen,2050,423,Smith County,299745,150125,149620,118996,59242,59754,47742,23244,24498,113299,57753,55546,19708,9886,9822
0.5 Scen,2010,425,Somervell County,8490,4182,4308,6595,3240,3355,54,30,24,1626,820,806,215,92,123
0.5 Scen,2011,425,Somervell County,8588,4231,4357,6649,3266,3383,54,30,24,1667,841,826,218,94,124
0.5 Scen,2012,425,Somervell County,8674,4278,4396,6690,3289,3401,54,30,24,1710,863,847,220,96,124
0.5 Scen,2013,425,Somervell County,8765,4324,4441,6736,3313,3423,54,30,24,1753,884,869,222,97,125
0.5 Scen,2014,425,Somervell County,8854,4374,4480,6776,3340,3436,55,30,25,1798,906,892,225,98,127
0.5 Scen,2015,425,Somervell County,8949,4420,4529,6815,3358,3457,57,32,25,1847,930,917,230,100,130
0.5 Scen,2016,425,Somervell County,9052,4471,4581,6866,3386,3480,58,32,26,1893,950,943,235,103,132
0.5 Scen,2017,425,Somervell County,9161,4527,4634,6925,3419,3506,59,33,26,1938,970,968,239,105,134
0.5 Scen,2018,425,Somervell County,9261,4575,4686,6973,3444,3529,60,33,27,1986,992,994,242,106,136
0.5 Scen,2019,425,Somervell County,9369,4626,4743,7032,3470,3562,61,34,27,2031,1014,1017,245,108,137
0.5 Scen,2020,425,Somervell County,9477,4679,4798,7084,3496,3588,62,34,28,2082,1039,1043,249,110,139
0.5 Scen,2021,425,Somervell County,9583,4730,4853,7135,3521,3614,63,35,28,2132,1061,1071,253,113,140
0.5 Scen,2022,425,Somervell County,9700,4786,4914,7190,3547,3643,64,35,29,2187,1087,1100,259,117,142
0.5 Scen,2023,425,Somervell County,9827,4842,4985,7246,3569,3677,65,36,29,2251,1117,1134,265,120,145
0.5 Scen,2024,425,Somervell County,9953,4903,5050,7306,3595,3711,66,36,30,2313,1149,1164,268,123,145
0.5 Scen,2025,425,Somervell County,10084,4965,5119,7369,3624,3745,67,37,30,2376,1179,1197,272,125,147
0.5 Scen,2026,425,Somervell County,10213,5024,5189,7425,3648,3777,68,37,31,2440,1210,1230,280,129,151
0.5 Scen,2027,425,Somervell County,10334,5080,5254,7476,3670,3806,69,38,31,2504,1240,1264,285,132,153
0.5 Scen,2028,425,Somervell County,10447,5138,5309,7519,3694,3825,70,38,32,2566,1271,1295,292,135,157
0.5 Scen,2029,425,Somervell County,10563,5196,5367,7565,3720,3845,71,39,32,2630,1300,1330,297,137,160
0.5 Scen,2030,425,Somervell County,10670,5250,5420,7605,3742,3863,72,39,33,2692,1330,1362,301,139,162
0.5 Scen,2031,425,Somervell County,10769,5304,5465,7639,3763,3876,73,40,33,2752,1360,1392,305,141,164
0.5 Scen,2032,425,Somervell County,10854,5347,5507,7670,3775,3895,74,40,34,2801,1388,1413,309,144,165
0.5 Scen,2033,425,Somervell County,10960,5399,5561,7705,3788,3917,75,41,34,2866,1423,1443,314,147,167
0.5 Scen,2034,425,Somervell County,11048,5438,5610,7724,3790,3934,76,41,35,2930,1457,1473,318,150,168
0.5 Scen,2035,425,Somervell County,11133,5482,5651,7738,3795,3943,77,42,35,2998,1494,1504,320,151,169
0.5 Scen,2036,425,Somervell County,11227,5526,5701,7762,3803,3959,78,42,36,3065,1529,1536,322,152,170
0.5 Scen,2037,425,Somervell County,11315,5569,5746,7775,3809,3966,79,43,36,3138,1565,1573,323,152,171
0.5 Scen,2038,425,Somervell County,11406,5614,5792,7791,3818,3973,80,43,37,3211,1601,1610,324,152,172
0.5 Scen,2039,425,Somervell County,11487,5655,5832,7794,3817,3977,81,44,37,3285,1638,1647,327,156,171
0.5 Scen,2040,425,Somervell County,11589,5711,5878,7817,3833,3984,82,44,38,3363,1677,1686,327,157,170
0.5 Scen,2041,425,Somervell County,11672,5747,5925,7823,3831,3992,83,45,38,3438,1714,1724,328,157,171
0.5 Scen,2042,425,Somervell County,11751,5789,5962,7825,3836,3989,84,45,39,3512,1751,1761,330,157,173
0.5 Scen,2043,425,Somervell County,11808,5816,5992,7821,3833,3988,85,46,39,3571,1780,1791,331,157,174
0.5 Scen,2044,425,Somervell County,11885,5859,6026,7829,3845,3984,84,45,39,3640,1811,1829,332,158,174
0.5 Scen,2045,425,Somervell County,11964,5903,6061,7833,3852,3981,85,46,39,3715,1846,1869,331,159,172
0.5 Scen,2046,425,Somervell County,12046,5945,6101,7841,3858,3983,84,45,39,3792,1882,1910,329,160,169
0.5 Scen,2047,425,Somervell County,12120,5988,6132,7842,3866,3976,84,45,39,3865,1916,1949,329,161,168
0.5 Scen,2048,425,Somervell County,12195,6031,6164,7839,3872,3967,84,45,39,3944,1955,1989,328,159,169
0.5 Scen,2049,425,Somervell County,12282,6074,6208,7849,3875,3974,83,44,39,4022,1997,2025,328,158,170
0.5 Scen,2050,425,Somervell County,12359,6117,6242,7853,3883,3970,83,44,39,4098,2033,2065,325,157,168
0.5 Scen,2010,427,Starr County,60968,29440,31528,2449,1207,1242,15,13,2,58337,28135,30202,167,85,82
0.5 Scen,2011,427,Starr County,61948,29940,32008,2464,1215,1249,15,13,2,59299,28625,30674,170,87,83
0.5 Scen,2012,427,Starr County,62935,30448,32487,2478,1222,1256,15,13,2,60270,29125,31145,172,88,84
0.5 Scen,2013,427,Starr County,63974,30984,32990,2498,1232,1266,15,13,2,61287,29650,31637,174,89,85
0.5 Scen,2014,427,Starr County,64984,31516,33468,2514,1244,1270,15,13,2,62279,30169,32110,176,90,86
0.5 Scen,2015,427,Starr County,66002,32040,33962,2532,1253,1279,15,13,2,63278,30683,32595,177,91,86
0.5 Scen,2016,427,Starr County,67032,32565,34467,2547,1264,1283,15,13,2,64292,31197,33095,178,91,87
0.5 Scen,2017,427,Starr County,68070,33107,34963,2562,1274,1288,15,13,2,65315,31729,33586,178,91,87
0.5 Scen,2018,427,Starr County,69120,33644,35476,2581,1283,1298,15,13,2,66344,32257,34087,180,91,89
0.5 Scen,2019,427,Starr County,70150,34190,35960,2601,1295,1306,15,13,2,67352,32789,34563,182,93,89
0.5 Scen,2020,427,Starr County,71198,34727,36471,2617,1304,1313,15,13,2,68383,33317,35066,183,93,90
0.5 Scen,2021,427,Starr County,72218,35260,36958,2631,1312,1319,15,13,2,69388,33841,35547,184,94,90
0.5 Scen,2022,427,Starr County,73255,35793,37462,2653,1324,1329,15,13,2,70402,34362,36040,185,94,91
0.5 Scen,2023,427,Starr County,74309,36352,37957,2676,1338,1338,15,13,2,71432,34906,36526,186,95,91
0.5 Scen,2024,427,Starr County,75319,36890,38429,2686,1348,1338,15,13,2,72431,35434,36997,187,95,92
0.5 Scen,2025,427,Starr County,76313,37409,38904,2700,1361,1339,15,13,2,73410,35939,37471,188,96,92
0.5 Scen,2026,427,Starr County,77275,37935,39340,2720,1378,1342,15,13,2,74350,36447,37903,190,97,93
0.5 Scen,2027,427,Starr County,78253,38441,39812,2742,1390,1352,15,13,2,75304,36940,38364,192,98,94
0.5 Scen,2028,427,Starr County,79213,38956,40257,2768,1411,1357,15,13,2,76235,37432,38803,195,100,95
0.5 Scen,2029,427,Starr County,80124,39447,40677,2787,1423,1364,15,13,2,77125,37910,39215,197,101,96
0.5 Scen,2030,427,Starr County,81023,39921,41102,2809,1438,1371,15,13,2,78000,38369,39631,199,101,98
0.5 Scen,2031,427,Starr County,81913,40398,41515,2831,1449,1382,15,13,2,78866,38833,40033,201,103,98
0.5 Scen,2032,427,Starr County,82801,40867,41934,2849,1456,1393,15,13,2,79734,39295,40439,203,103,100
0.5 Scen,2033,427,Starr County,83706,41359,42347,2874,1470,1404,15,13,2,80611,39771,40840,206,105,101
0.5 Scen,2034,427,Starr County,84585,41832,42753,2887,1475,1412,15,13,2,81474,40238,41236,209,106,103
0.5 Scen,2035,427,Starr County,85462,42320,43142,2893,1483,1410,15,13,2,82344,40717,41627,210,107,103
0.5 Scen,2036,427,Starr County,86374,42813,43561,2912,1493,1419,15,13,2,83234,41199,42035,213,108,105
0.5 Scen,2037,427,Starr County,87268,43297,43971,2931,1501,1430,15,13,2,84108,41674,42434,214,109,105
0.5 Scen,2038,427,Starr County,88171,43796,44375,2938,1506,1432,14,12,2,85005,42168,42837,214,110,104
0.5 Scen,2039,427,Starr County,89070,44293,44777,2948,1516,1432,14,12,2,85896,42656,43240,212,109,103
0.5 Scen,2040,427,Starr County,89949,44770,45179,2948,1519,1429,14,12,2,86775,43130,43645,212,109,103
0.5 Scen,2041,427,Starr County,90848,45274,45574,2952,1526,1426,14,12,2,87671,43627,44044,211,109,102
0.5 Scen,2042,427,Starr County,91770,45776,45994,2952,1529,1423,14,12,2,88591,44126,44465,213,109,104
0.5 Scen,2043,427,Starr County,92689,46287,46402,2954,1534,1420,14,12,2,89508,44632,44876,213,109,104
0.5 Scen,2044,427,Starr County,93606,46788,46818,2948,1533,1415,14,12,2,90432,45134,45298,212,109,103
0.5 Scen,2045,427,Starr County,94514,47293,47221,2943,1536,1407,14,12,2,91346,45636,45710,211,109,102
0.5 Scen,2046,427,Starr County,95408,47790,47618,2932,1533,1399,14,12,2,92253,46136,46117,209,109,100
0.5 Scen,2047,427,Starr County,96294,48283,48011,2922,1535,1387,14,12,2,93152,46629,46523,206,107,99
0.5 Scen,2048,427,Starr County,97194,48783,48411,2915,1532,1383,14,12,2,94062,47134,46928,203,105,98
0.5 Scen,2049,427,Starr County,98072,49272,48800,2901,1529,1372,14,12,2,94954,47626,47328,203,105,98
0.5 Scen,2050,427,Starr County,98953,49762,49191,2894,1530,1364,14,12,2,95845,48117,47728,200,103,97
0.5 Scen,2010,429,Stephens County,9630,4975,4655,7289,3650,3639,195,136,59,2011,1110,901,135,79,56
0.5 Scen,2011,429,Stephens County,9678,4999,4679,7297,3655,3642,196,137,59,2048,1127,921,137,80,57
0.5 Scen,2012,429,Stephens County,9712,5020,4692,7293,3659,3634,197,137,60,2084,1144,940,138,80,58
0.5 Scen,2013,429,Stephens County,9753,5045,4708,7294,3661,3633,196,136,60,2125,1167,958,138,81,57
0.5 Scen,2014,429,Stephens County,9787,5070,4717,7289,3666,3623,196,136,60,2163,1187,976,139,81,58
0.5 Scen,2015,429,Stephens County,9814,5092,4722,7282,3671,3611,195,136,59,2198,1204,994,139,81,58
0.5 Scen,2016,429,Stephens County,9841,5112,4729,7265,3667,3598,194,135,59,2241,1228,1013,141,82,59
0.5 Scen,2017,429,Stephens County,9888,5138,4750,7267,3671,3596,193,134,59,2284,1249,1035,144,84,60
0.5 Scen,2018,429,Stephens County,9925,5153,4772,7271,3671,3600,194,134,60,2317,1266,1051,143,82,61
0.5 Scen,2019,429,Stephens County,9973,5181,4792,7279,3678,3601,193,134,59,2356,1286,1070,145,83,62
0.5 Scen,2020,429,Stephens County,10022,5203,4819,7285,3678,3607,193,134,59,2398,1308,1090,146,83,63
0.5 Scen,2021,429,Stephens County,10068,5233,4835,7284,3682,3602,193,134,59,2443,1332,1111,148,85,63
0.5 Scen,2022,429,Stephens County,10110,5257,4853,7279,3682,3597,194,134,60,2487,1355,1132,150,86,64
0.5 Scen,2023,429,Stephens County,10161,5288,4873,7281,3688,3593,194,135,59,2536,1379,1157,150,86,64
0.5 Scen,2024,429,Stephens County,10198,5307,4891,7269,3682,3587,196,137,59,2582,1402,1180,151,86,65
0.5 Scen,2025,429,Stephens County,10245,5341,4904,7267,3690,3577,196,137,59,2630,1427,1203,152,87,65
0.5 Scen,2026,429,Stephens County,10280,5362,4918,7259,3691,3568,193,134,59,2675,1450,1225,153,87,66
0.5 Scen,2027,429,Stephens County,10323,5392,4931,7252,3693,3559,195,136,59,2723,1475,1248,153,88,65
0.5 Scen,2028,429,Stephens County,10362,5414,4948,7240,3689,3551,197,137,60,2771,1500,1271,154,88,66
0.5 Scen,2029,429,Stephens County,10403,5439,4964,7234,3690,3544,196,135,61,2819,1526,1293,154,88,66
0.5 Scen,2030,429,Stephens County,10441,5465,4976,7221,3692,3529,199,137,62,2866,1548,1318,155,88,67
0.5 Scen,2031,429,Stephens County,10469,5489,4980,7206,3694,3512,199,137,62,2908,1570,1338,156,88,68
0.5 Scen,2032,429,Stephens County,10487,5501,4986,7191,3694,3497,198,136,62,2942,1584,1358,156,87,69
0.5 Scen,2033,429,Stephens County,10498,5518,4980,7169,3689,3480,194,133,61,2977,1608,1369,158,88,70
0.5 Scen,2034,429,Stephens County,10516,5536,4980,7144,3682,3462,199,138,61,3015,1628,1387,158,88,70
0.5 Scen,2035,429,Stephens County,10528,5546,4982,7119,3676,3443,196,135,61,3056,1648,1408,157,87,70
0.5 Scen,2036,429,Stephens County,10542,5561,4981,7088,3666,3422,198,136,62,3098,1671,1427,158,88,70
0.5 Scen,2037,429,Stephens County,10558,5579,4979,7064,3662,3402,196,135,61,3139,1693,1446,159,89,70
0.5 Scen,2038,429,Stephens County,10567,5588,4979,7035,3653,3382,196,135,61,3176,1710,1466,160,90,70
0.5 Scen,2039,429,Stephens County,10585,5608,4977,7014,3654,3360,195,135,60,3217,1729,1488,159,90,69
0.5 Scen,2040,429,Stephens County,10584,5609,4975,6984,3643,3341,191,133,58,3251,1744,1507,158,89,69
0.5 Scen,2041,429,Stephens County,10589,5625,4964,6950,3639,3311,187,130,57,3294,1767,1527,158,89,69
0.5 Scen,2042,429,Stephens County,10588,5631,4957,6920,3628,3292,188,130,58,3323,1785,1538,157,88,69
0.5 Scen,2043,429,Stephens County,10589,5640,4949,6897,3624,3273,185,129,56,3351,1799,1552,156,88,68
0.5 Scen,2044,429,Stephens County,10600,5651,4949,6880,3620,3260,183,127,56,3382,1816,1566,155,88,67
0.5 Scen,2045,429,Stephens County,10596,5663,4933,6850,3615,3235,183,128,55,3409,1832,1577,154,88,66
0.5 Scen,2046,429,Stephens County,10604,5672,4932,6825,3610,3215,184,129,55,3443,1847,1596,152,86,66
0.5 Scen,2047,429,Stephens County,10621,5693,4928,6808,3610,3198,183,129,54,3479,1868,1611,151,86,65
0.5 Scen,2048,429,Stephens County,10623,5701,4922,6782,3602,3180,181,127,54,3509,1886,1623,151,86,65
0.5 Scen,2049,429,Stephens County,10638,5715,4923,6770,3604,3166,179,126,53,3539,1899,1640,150,86,64
0.5 Scen,2050,429,Stephens County,10651,5722,4929,6754,3600,3154,178,125,53,3569,1912,1657,150,85,65
0.5 Scen,2010,431,Sterling County,1143,576,567,733,362,371,13,10,3,365,187,178,32,17,15
0.5 Scen,2011,431,Sterling County,1153,582,571,737,364,373,13,10,3,371,191,180,32,17,15
0.5 Scen,2012,431,Sterling County,1164,588,576,742,366,376,13,10,3,377,195,182,32,17,15
0.5 Scen,2013,431,Sterling County,1176,595,581,749,370,379,13,10,3,382,198,184,32,17,15
0.5 Scen,2014,431,Sterling County,1185,601,584,753,372,381,13,10,3,387,202,185,32,17,15
0.5 Scen,2015,431,Sterling County,1196,609,587,758,376,382,13,10,3,393,206,187,32,17,15
0.5 Scen,2016,431,Sterling County,1202,614,588,758,377,381,13,10,3,399,210,189,32,17,15
0.5 Scen,2017,431,Sterling County,1207,617,590,758,377,381,13,10,3,404,213,191,32,17,15
0.5 Scen,2018,431,Sterling County,1214,621,593,759,379,380,13,10,3,411,216,195,31,16,15
0.5 Scen,2019,431,Sterling County,1221,625,596,760,380,380,13,10,3,417,219,198,31,16,15
0.5 Scen,2020,431,Sterling County,1225,624,601,758,376,382,13,10,3,424,222,202,30,16,14
0.5 Scen,2021,431,Sterling County,1232,629,603,758,378,380,13,10,3,431,225,206,30,16,14
0.5 Scen,2022,431,Sterling County,1235,630,605,755,376,379,13,10,3,437,228,209,30,16,14
0.5 Scen,2023,431,Sterling County,1243,636,607,757,379,378,13,10,3,443,231,212,30,16,14
0.5 Scen,2024,431,Sterling County,1250,642,608,757,381,376,13,10,3,450,235,215,30,16,14
0.5 Scen,2025,431,Sterling County,1256,647,609,757,383,374,13,10,3,456,238,218,30,16,14
0.5 Scen,2026,431,Sterling County,1259,650,609,754,383,371,13,10,3,462,241,221,30,16,14
0.5 Scen,2027,431,Sterling County,1267,653,614,755,382,373,13,10,3,469,245,224,30,16,14
0.5 Scen,2028,431,Sterling County,1270,656,614,753,383,370,12,9,3,475,248,227,30,16,14
0.5 Scen,2029,431,Sterling County,1271,657,614,748,380,368,12,9,3,481,252,229,30,16,14
0.5 Scen,2030,431,Sterling County,1274,660,614,745,379,366,12,9,3,487,256,231,30,16,14
0.5 Scen,2031,431,Sterling County,1279,664,615,743,379,364,12,9,3,494,260,234,30,16,14
0.5 Scen,2032,431,Sterling County,1280,663,617,737,374,363,12,9,3,501,264,237,30,16,14
0.5 Scen,2033,431,Sterling County,1286,666,620,735,372,363,13,10,3,508,268,240,30,16,14
0.5 Scen,2034,431,Sterling County,1287,666,621,729,368,361,13,10,3,515,272,243,30,16,14
0.5 Scen,2035,431,Sterling County,1285,667,618,720,365,355,13,10,3,522,276,246,30,16,14
0.5 Scen,2036,431,Sterling County,1286,671,615,714,365,349,13,10,3,529,280,249,30,16,14
0.5 Scen,2037,431,Sterling County,1283,672,611,704,362,342,13,10,3,536,284,252,30,16,14
0.5 Scen,2038,431,Sterling County,1287,674,613,701,360,341,13,10,3,543,288,255,30,16,14
0.5 Scen,2039,431,Sterling County,1288,674,614,695,356,339,13,10,3,550,292,258,30,16,14
0.5 Scen,2040,431,Sterling County,1285,672,613,688,352,336,12,9,3,555,295,260,30,16,14
0.5 Scen,2041,431,Sterling County,1286,673,613,683,350,333,12,9,3,561,298,263,30,16,14
0.5 Scen,2042,431,Sterling County,1288,675,613,677,348,329,12,9,3,569,302,267,30,16,14
0.5 Scen,2043,431,Sterling County,1284,676,608,666,346,320,12,9,3,576,305,271,30,16,14
0.5 Scen,2044,431,Sterling County,1276,676,600,652,343,309,12,9,3,582,308,274,30,16,14
0.5 Scen,2045,431,Sterling County,1277,678,599,648,342,306,12,9,3,588,311,277,29,16,13
0.5 Scen,2046,431,Sterling County,1270,672,598,637,335,302,12,9,3,593,313,280,28,15,13
0.5 Scen,2047,431,Sterling County,1269,669,600,630,329,301,12,9,3,599,316,283,28,15,13
0.5 Scen,2048,431,Sterling County,1267,669,598,622,326,296,12,9,3,605,319,286,28,15,13
0.5 Scen,2049,431,Sterling County,1265,669,596,614,323,291,12,9,3,611,322,289,28,15,13
0.5 Scen,2050,431,Sterling County,1264,669,595,607,320,287,12,9,3,617,325,292,28,15,13
0.5 Scen,2010,433,Stonewall County,1490,717,773,1206,581,625,38,20,18,209,100,109,37,16,21
0.5 Scen,2011,433,Stonewall County,1491,716,775,1203,578,625,38,20,18,213,102,111,37,16,21
0.5 Scen,2012,433,Stonewall County,1491,716,775,1199,576,623,38,20,18,217,104,113,37,16,21
0.5 Scen,2013,433,Stonewall County,1489,717,772,1194,575,619,38,20,18,220,106,114,37,16,21
0.5 Scen,2014,433,Stonewall County,1491,719,772,1192,575,617,38,20,18,224,108,116,37,16,21
0.5 Scen,2015,433,Stonewall County,1493,722,771,1190,575,615,38,20,18,228,111,117,37,16,21
0.5 Scen,2016,433,Stonewall County,1490,723,767,1182,573,609,38,20,18,233,114,119,37,16,21
0.5 Scen,2017,433,Stonewall County,1491,726,765,1179,573,606,38,20,18,237,117,120,37,16,21
0.5 Scen,2018,433,Stonewall County,1491,728,763,1175,573,602,38,20,18,241,119,122,37,16,21
0.5 Scen,2019,433,Stonewall County,1495,733,762,1174,575,599,38,20,18,247,122,125,36,16,20
0.5 Scen,2020,433,Stonewall County,1497,735,762,1173,576,597,38,20,18,250,123,127,36,16,20
0.5 Scen,2021,433,Stonewall County,1502,739,763,1173,577,596,38,20,18,255,126,129,36,16,20
0.5 Scen,2022,433,Stonewall County,1498,741,757,1166,576,590,37,20,17,259,129,130,36,16,20
0.5 Scen,2023,433,Stonewall County,1495,742,753,1161,575,586,37,20,17,262,132,130,35,15,20
0.5 Scen,2024,433,Stonewall County,1500,745,755,1160,576,584,36,19,17,269,135,134,35,15,20
0.5 Scen,2025,433,Stonewall County,1502,749,753,1157,576,581,35,18,17,274,139,135,36,16,20
0.5 Scen,2026,433,Stonewall County,1499,750,749,1148,574,574,35,18,17,279,142,137,37,16,21
0.5 Scen,2027,433,Stonewall County,1501,754,747,1144,575,569,35,18,17,285,145,140,37,16,21
0.5 Scen,2028,433,Stonewall County,1502,756,746,1139,575,564,35,18,17,290,147,143,38,16,22
0.5 Scen,2029,433,Stonewall County,1497,754,743,1130,571,559,34,17,17,294,149,145,39,17,22
0.5 Scen,2030,433,Stonewall County,1494,752,742,1122,567,555,34,17,17,299,151,148,39,17,22
0.5 Scen,2031,433,Stonewall County,1493,752,741,1114,563,551,34,17,17,305,154,151,40,18,22
0.5 Scen,2032,433,Stonewall County,1488,751,737,1103,559,544,34,17,17,310,157,153,41,18,23
0.5 Scen,2033,433,Stonewall County,1484,750,734,1094,555,539,34,17,17,315,160,155,41,18,23
0.5 Scen,2034,433,Stonewall County,1474,745,729,1079,548,531,34,17,17,319,162,157,42,18,24
0.5 Scen,2035,433,Stonewall County,1469,744,725,1070,544,526,34,17,17,322,164,158,43,19,24
0.5 Scen,2036,433,Stonewall County,1466,742,724,1065,541,524,33,16,17,325,166,159,43,19,24
0.5 Scen,2037,433,Stonewall County,1460,741,719,1056,538,518,33,16,17,328,168,160,43,19,24
0.5 Scen,2038,433,Stonewall County,1457,743,714,1049,537,512,33,16,17,332,171,161,43,19,24
0.5 Scen,2039,433,Stonewall County,1448,741,707,1037,533,504,33,16,17,335,173,162,43,19,24
0.5 Scen,2040,433,Stonewall County,1442,740,702,1028,530,498,33,16,17,338,175,163,43,19,24
0.5 Scen,2041,433,Stonewall County,1435,739,696,1017,526,491,33,16,17,342,178,164,43,19,24
0.5 Scen,2042,433,Stonewall County,1423,734,689,1003,519,484,32,16,16,345,180,165,43,19,24
0.5 Scen,2043,433,Stonewall County,1411,727,684,991,511,480,31,16,15,347,182,165,42,18,24
0.5 Scen,2044,433,Stonewall County,1400,724,676,976,506,470,31,16,15,350,184,166,43,18,25
0.5 Scen,2045,433,Stonewall County,1388,717,671,961,497,464,31,16,15,353,186,167,43,18,25
0.5 Scen,2046,433,Stonewall County,1385,717,668,956,496,460,30,15,15,356,188,168,43,18,25
0.5 Scen,2047,433,Stonewall County,1375,710,665,943,488,455,29,14,15,360,190,170,43,18,25
0.5 Scen,2048,433,Stonewall County,1369,708,661,933,484,449,29,14,15,364,192,172,43,18,25
0.5 Scen,2049,433,Stonewall County,1364,705,659,925,479,446,28,14,14,368,194,174,43,18,25
0.5 Scen,2050,433,Stonewall County,1357,705,652,917,477,440,27,14,13,372,196,176,41,18,23
0.5 Scen,2010,435,Sutton County,4128,2029,2099,1639,790,849,6,6,0,2459,1220,1239,24,13,11
0.5 Scen,2011,435,Sutton County,4169,2053,2116,1647,796,851,6,6,0,2492,1238,1254,24,13,11
0.5 Scen,2012,435,Sutton County,4217,2081,2136,1655,802,853,6,6,0,2532,1260,1272,24,13,11
0.5 Scen,2013,435,Sutton County,4268,2109,2159,1663,808,855,6,6,0,2575,1282,1293,24,13,11
0.5 Scen,2014,435,Sutton County,4307,2133,2174,1666,811,855,6,6,0,2611,1303,1308,24,13,11
0.5 Scen,2015,435,Sutton County,4345,2154,2191,1668,813,855,6,6,0,2647,1322,1325,24,13,11
0.5 Scen,2016,435,Sutton County,4388,2180,2208,1675,818,857,6,6,0,2683,1343,1340,24,13,11
0.5 Scen,2017,435,Sutton County,4421,2196,2225,1672,817,855,6,6,0,2719,1360,1359,24,13,11
0.5 Scen,2018,435,Sutton County,4453,2218,2235,1670,818,852,6,6,0,2753,1381,1372,24,13,11
0.5 Scen,2019,435,Sutton County,4492,2240,2252,1670,818,852,6,6,0,2793,1403,1390,23,13,10
0.5 Scen,2020,435,Sutton County,4529,2260,2269,1668,817,851,6,6,0,2832,1424,1408,23,13,10
0.5 Scen,2021,435,Sutton County,4575,2290,2285,1669,819,850,6,6,0,2877,1452,1425,23,13,10
0.5 Scen,2022,435,Sutton County,4624,2315,2309,1674,822,852,6,6,0,2921,1474,1447,23,13,10
0.5 Scen,2023,435,Sutton County,4660,2336,2324,1667,820,847,6,6,0,2964,1497,1467,23,13,10
0.5 Scen,2024,435,Sutton County,4703,2358,2345,1666,820,846,6,6,0,3008,1519,1489,23,13,10
0.5 Scen,2025,435,Sutton County,4739,2379,2360,1657,818,839,6,6,0,3053,1542,1511,23,13,10
0.5 Scen,2026,435,Sutton County,4771,2394,2377,1646,812,834,6,6,0,3096,1563,1533,23,13,10
0.5 Scen,2027,435,Sutton County,4802,2407,2395,1634,805,829,6,6,0,3139,1583,1556,23,13,10
0.5 Scen,2028,435,Sutton County,4830,2419,2411,1620,798,822,6,6,0,3181,1602,1579,23,13,10
0.5 Scen,2029,435,Sutton County,4869,2437,2432,1614,793,821,6,6,0,3226,1625,1601,23,13,10
0.5 Scen,2030,435,Sutton County,4896,2450,2446,1606,789,817,6,6,0,3261,1642,1619,23,13,10
0.5 Scen,2031,435,Sutton County,4921,2464,2457,1597,786,811,6,6,0,3295,1659,1636,23,13,10
0.5 Scen,2032,435,Sutton County,4928,2470,2458,1584,780,804,6,6,0,3315,1671,1644,23,13,10
0.5 Scen,2033,435,Sutton County,4949,2480,2469,1573,772,801,6,6,0,3347,1689,1658,23,13,10
0.5 Scen,2034,435,Sutton County,4963,2491,2472,1559,766,793,6,6,0,3375,1706,1669,23,13,10
0.5 Scen,2035,435,Sutton County,4982,2503,2479,1551,762,789,6,6,0,3402,1722,1680,23,13,10
0.5 Scen,2036,435,Sutton County,4996,2516,2480,1538,758,780,6,6,0,3429,1739,1690,23,13,10
0.5 Scen,2037,435,Sutton County,5014,2526,2488,1528,753,775,6,6,0,3457,1754,1703,23,13,10
0.5 Scen,2038,435,Sutton County,5028,2535,2493,1514,747,767,6,6,0,3485,1769,1716,23,13,10
0.5 Scen,2039,435,Sutton County,5036,2539,2497,1501,740,761,6,6,0,3506,1780,1726,23,13,10
0.5 Scen,2040,435,Sutton County,5043,2545,2498,1480,730,750,6,6,0,3535,1797,1738,22,12,10
0.5 Scen,2041,435,Sutton County,5048,2550,2498,1462,721,741,6,6,0,3558,1811,1747,22,12,10
0.5 Scen,2042,435,Sutton County,5051,2553,2498,1439,709,730,6,6,0,3584,1826,1758,22,12,10
0.5 Scen,2043,435,Sutton County,5054,2557,2497,1421,700,721,6,6,0,3605,1839,1766,22,12,10
0.5 Scen,2044,435,Sutton County,5065,2569,2496,1405,694,711,6,6,0,3632,1857,1775,22,12,10
0.5 Scen,2045,435,Sutton County,5076,2575,2501,1389,685,704,6,6,0,3659,1872,1787,22,12,10
0.5 Scen,2046,435,Sutton County,5080,2575,2505,1375,678,697,6,6,0,3678,1879,1799,21,12,9
0.5 Scen,2047,435,Sutton County,5084,2579,2505,1363,675,688,6,6,0,3694,1886,1808,21,12,9
0.5 Scen,2048,435,Sutton County,5106,2594,2512,1354,673,681,6,6,0,3725,1903,1822,21,12,9
0.5 Scen,2049,435,Sutton County,5128,2607,2521,1346,669,677,6,6,0,3755,1920,1835,21,12,9
0.5 Scen,2050,435,Sutton County,5138,2619,2519,1336,666,670,6,6,0,3775,1935,1840,21,12,9
0.5 Scen,2010,437,Swisher County,7854,4136,3718,4025,2006,2019,552,386,166,3149,1686,1463,128,58,70
0.5 Scen,2011,437,Swisher County,7884,4160,3724,3998,1997,2001,556,389,167,3201,1715,1486,129,59,70
0.5 Scen,2012,437,Swisher County,7915,4180,3735,3973,1987,1986,558,391,167,3255,1743,1512,129,59,70
0.5 Scen,2013,437,Swisher County,7952,4204,3748,3951,1979,1972,561,393,168,3310,1772,1538,130,60,70
0.5 Scen,2014,437,Swisher County,7988,4226,3762,3921,1967,1954,565,394,171,3370,1804,1566,132,61,71
0.5 Scen,2015,437,Swisher County,8015,4243,3772,3886,1951,1935,565,395,170,3429,1835,1594,135,62,73
0.5 Scen,2016,437,Swisher County,8048,4265,3783,3856,1941,1915,572,398,174,3484,1864,1620,136,62,74
0.5 Scen,2017,437,Swisher County,8066,4277,3789,3816,1923,1893,576,400,176,3537,1891,1646,137,63,74
0.5 Scen,2018,437,Swisher County,8099,4297,3802,3784,1908,1876,582,404,178,3594,1921,1673,139,64,75
0.5 Scen,2019,437,Swisher County,8108,4308,3800,3741,1888,1853,583,403,180,3644,1952,1692,140,65,75
0.5 Scen,2020,437,Swisher County,8155,4339,3816,3717,1881,1836,590,408,182,3705,1984,1721,143,66,77
0.5 Scen,2021,437,Swisher County,8195,4360,3835,3693,1870,1823,595,409,186,3761,2013,1748,146,68,78
0.5 Scen,2022,437,Swisher County,8236,4384,3852,3669,1857,1812,601,414,187,3818,2044,1774,148,69,79
0.5 Scen,2023,437,Swisher County,8273,4407,3866,3644,1848,1796,605,415,190,3875,2074,1801,149,70,79
0.5 Scen,2024,437,Swisher County,8310,4430,3880,3622,1838,1784,607,417,190,3930,2104,1826,151,71,80
0.5 Scen,2025,437,Swisher County,8356,4457,3899,3610,1833,1777,607,415,192,3986,2137,1849,153,72,81
0.5 Scen,2026,437,Swisher County,8419,4495,3924,3600,1829,1771,619,423,196,4046,2171,1875,154,72,82
0.5 Scen,2027,437,Swisher County,8461,4523,3938,3579,1822,1757,626,427,199,4100,2201,1899,156,73,83
0.5 Scen,2028,437,Swisher County,8507,4550,3957,3567,1818,1749,630,428,202,4151,2230,1921,159,74,85
0.5 Scen,2029,437,Swisher County,8545,4572,3973,3547,1807,1740,637,433,204,4199,2256,1943,162,76,86
0.5 Scen,2030,437,Swisher County,8584,4595,3989,3536,1806,1730,642,435,207,4242,2277,1965,164,77,87
0.5 Scen,2031,437,Swisher County,8626,4617,4009,3521,1797,1724,649,437,212,4288,2303,1985,168,80,88
0.5 Scen,2032,437,Swisher County,8660,4642,4018,3504,1792,1712,652,439,213,4335,2329,2006,169,82,87
0.5 Scen,2033,437,Swisher County,8706,4671,4035,3493,1789,1704,658,443,215,4385,2356,2029,170,83,87
0.5 Scen,2034,437,Swisher County,8724,4683,4041,3471,1779,1692,659,442,217,4423,2378,2045,171,84,87
0.5 Scen,2035,437,Swisher County,8748,4703,4045,3447,1773,1674,663,445,218,4465,2399,2066,173,86,87
0.5 Scen,2036,437,Swisher County,8780,4721,4059,3435,1769,1666,666,447,219,4505,2418,2087,174,87,87
0.5 Scen,2037,437,Swisher County,8794,4732,4062,3411,1760,1651,663,445,218,4544,2438,2106,176,89,87
0.5 Scen,2038,437,Swisher County,8815,4742,4073,3398,1755,1643,662,445,217,4578,2453,2125,177,89,88
0.5 Scen,2039,437,Swisher County,8827,4753,4074,3376,1747,1629,661,445,216,4613,2471,2142,177,90,87
0.5 Scen,2040,437,Swisher County,8847,4769,4078,3355,1739,1616,661,446,215,4653,2493,2160,178,91,87
0.5 Scen,2041,437,Swisher County,8863,4783,4080,3336,1733,1603,663,447,216,4685,2511,2174,179,92,87
0.5 Scen,2042,437,Swisher County,8875,4796,4079,3318,1725,1593,663,446,217,4713,2532,2181,181,93,88
0.5 Scen,2043,437,Swisher County,8897,4811,4086,3310,1721,1589,660,445,215,4744,2551,2193,183,94,89
0.5 Scen,2044,437,Swisher County,8919,4826,4093,3299,1718,1581,662,447,215,4774,2567,2207,184,94,90
0.5 Scen,2045,437,Swisher County,8934,4834,4100,3283,1710,1573,660,444,216,4806,2586,2220,185,94,91
0.5 Scen,2046,437,Swisher County,8955,4849,4106,3271,1704,1567,658,441,217,4840,2609,2231,186,95,91
0.5 Scen,2047,437,Swisher County,8980,4863,4117,3262,1699,1563,657,441,216,4874,2627,2247,187,96,91
0.5 Scen,2048,437,Swisher County,9010,4889,4121,3250,1699,1551,661,443,218,4910,2650,2260,189,97,92
0.5 Scen,2049,437,Swisher County,9036,4914,4122,3236,1696,1540,663,447,216,4946,2673,2273,191,98,93
0.5 Scen,2050,437,Swisher County,9051,4931,4120,3222,1695,1527,661,445,216,4978,2693,2285,190,98,92
0.5 Scen,2010,439,Tarrant County,1809034,887235,921799,937135,456911,480224,262522,122902,139620,482977,245804,237173,126400,61618,64782
0.5 Scen,2011,439,Tarrant County,1831553,898635,932918,937628,457515,480113,267176,125088,142088,496793,252728,244065,129956,63304,66652
0.5 Scen,2012,439,Tarrant County,1854329,910249,944080,938333,458264,480069,271690,127279,144411,510817,259744,251073,133489,64962,68527
0.5 Scen,2013,439,Tarrant County,1877463,921771,955692,938771,458771,480000,276455,129458,146997,525182,266908,258274,137055,66634,70421
0.5 Scen,2014,439,Tarrant County,1900152,933330,966822,938885,459166,479719,280984,131672,149312,539783,274200,265583,140500,68292,72208
0.5 Scen,2015,439,Tarrant County,1922967,944752,978215,938504,459296,479208,285602,133786,151816,554706,281686,273020,144155,69984,74171
0.5 Scen,2016,439,Tarrant County,1945962,956399,989563,937929,459355,478574,290179,136012,154167,569983,289311,280672,147871,71721,76150
0.5 Scen,2017,439,Tarrant County,1969423,968100,1001323,937382,459357,478025,294885,138209,156676,585687,297154,288533,151469,73380,78089
0.5 Scen,2018,439,Tarrant County,1992718,979759,1012959,936192,458971,477221,299574,140427,159147,601743,305198,296545,155209,75163,80046
0.5 Scen,2019,439,Tarrant County,2016404,991701,1024703,935029,458788,476241,304327,142574,161753,618100,313420,304680,158948,76919,82029
0.5 Scen,2020,439,Tarrant County,2039890,1003554,1036336,933448,458273,475175,308834,144771,164063,635034,321882,313152,162574,78628,83946
0.5 Scen,2021,439,Tarrant County,2064022,1015620,1048402,931808,457716,474092,313385,146888,166497,652344,330544,321800,166485,80472,86013
0.5 Scen,2022,439,Tarrant County,2088064,1027653,1060411,929813,456985,472828,317923,149029,168894,670017,339356,330661,170311,82283,88028
0.5 Scen,2023,439,Tarrant County,2112738,1040063,1072675,927692,456195,471497,322451,151201,171250,688391,348546,339845,174204,84121,90083
0.5 Scen,2024,439,Tarrant County,2137220,1052486,1084734,925214,455334,469880,326922,153313,173609,706997,357836,349161,178087,86003,92084
0.5 Scen,2025,439,Tarrant County,2162147,1064814,1097333,922497,454183,468314,331532,155413,176119,726087,367397,358690,182031,87821,94210
0.5 Scen,2026,439,Tarrant County,2187221,1077309,1109912,919490,452933,466557,335874,157441,178433,745542,377124,368418,186315,89811,96504
0.5 Scen,2027,439,Tarrant County,2211960,1089745,1122215,916220,451566,464654,340123,159498,180625,765319,386976,378343,190298,91705,98593
0.5 Scen,2028,439,Tarrant County,2237169,1102417,1134752,912629,450057,462572,344502,161523,182979,785451,397116,388335,194587,93721,100866
0.5 Scen,2029,439,Tarrant County,2262496,1115242,1147254,908745,448428,460317,348622,163510,185112,805847,407327,398520,199282,95977,103305
0.5 Scen,2030,439,Tarrant County,2287581,1127775,1159806,904450,446531,457919,352980,165593,187387,826481,417548,408933,203670,98103,105567
0.5 Scen,2031,439,Tarrant County,2312779,1140321,1172458,899988,444550,455438,357042,167534,189508,847417,427978,419439,208332,100259,108073
0.5 Scen,2032,439,Tarrant County,2337182,1152650,1184532,895166,442434,452732,360807,169384,191423,868454,438481,429973,212755,102351,110404
0.5 Scen,2033,439,Tarrant County,2362103,1165203,1196900,890148,440268,449880,364722,171263,193459,889748,449066,440682,217485,104606,112879
0.5 Scen,2034,439,Tarrant County,2386458,1177310,1209148,884891,437917,446974,368324,172997,195327,910892,459549,451343,222351,106847,115504
0.5 Scen,2035,439,Tarrant County,2410666,1189471,1221195,879375,435477,443898,371832,174636,197196,932206,470154,462052,227253,109204,118049
0.5 Scen,2036,439,Tarrant County,2434684,1201556,1233128,873608,432896,440712,375427,176364,199063,953631,480837,472794,232018,111459,120559
0.5 Scen,2037,439,Tarrant County,2458261,1213520,1244741,867723,430287,437436,378620,177949,200671,975052,491475,483577,236866,113809,123057
0.5 Scen,2038,439,Tarrant County,2481892,1225414,1256478,861690,427611,434079,381878,179576,202302,996436,502089,494347,241888,116138,125750
0.5 Scen,2039,439,Tarrant County,2505448,1237381,1268067,855453,424842,430611,385100,181190,203910,1018046,512877,505169,246849,118472,128377
0.5 Scen,2040,439,Tarrant County,2528520,1248937,1279583,849127,422049,427078,387960,182452,205508,1039616,523647,515969,251817,120789,131028
0.5 Scen,2041,439,Tarrant County,2551787,1260740,1291047,842619,419141,423478,390849,184015,206834,1061468,534474,526994,256851,123110,133741
0.5 Scen,2042,439,Tarrant County,2574600,1272410,1302190,836052,416208,419844,393589,185463,208126,1083250,545313,537937,261709,125426,136283
0.5 Scen,2043,439,Tarrant County,2597485,1283897,1313588,829297,413203,416094,396331,186706,209625,1105161,556261,548900,266696,127727,138969
0.5 Scen,2044,439,Tarrant County,2620285,1295612,1324673,822460,410168,412292,398862,188084,210778,1127377,567343,560034,271586,130017,141569
0.5 Scen,2045,439,Tarrant County,2642486,1306945,1335541,815513,407027,408486,401119,189196,211923,1149675,578463,571212,276179,132259,143920
0.5 Scen,2046,439,Tarrant County,2665446,1318683,1346763,808531,403942,404589,403580,190401,213179,1172232,589840,582392,281103,134500,146603
0.5 Scen,2047,439,Tarrant County,2688258,1330376,1357882,801531,400816,400715,405686,191560,214126,1195111,601236,593875,285930,136764,149166
0.5 Scen,2048,439,Tarrant County,2711265,1342253,1369012,794554,397718,396836,407926,192774,215152,1218125,612774,605351,290660,138987,151673
0.5 Scen,2049,439,Tarrant County,2734678,1354213,1380465,787568,394617,392951,410139,193978,216161,1241382,624414,616968,295589,141204,154385
0.5 Scen,2050,439,Tarrant County,2758129,1366214,1391915,780627,391532,389095,412285,195084,217201,1264909,636224,628685,300308,143374,156934
0.5 Scen,2010,441,Taylor County,131506,64028,67478,88121,42479,45642,9122,4713,4409,29074,14409,14665,5189,2427,2762
0.5 Scen,2011,441,Taylor County,132329,64486,67843,88124,42523,45601,9219,4758,4461,29676,14712,14964,5310,2493,2817
0.5 Scen,2012,441,Taylor County,133273,64992,68281,88222,42605,45617,9313,4799,4514,30294,15024,15270,5444,2564,2880
0.5 Scen,2013,441,Taylor County,134224,65517,68707,88326,42693,45633,9410,4846,4564,30906,15338,15568,5582,2640,2942
0.5 Scen,2014,441,Taylor County,135167,66031,69136,88420,42772,45648,9500,4894,4606,31527,15649,15878,5720,2716,3004
0.5 Scen,2015,441,Taylor County,136096,66541,69555,88505,42848,45657,9582,4932,4650,32152,15968,16184,5857,2793,3064
0.5 Scen,2016,441,Taylor County,136994,67048,69946,88547,42907,45640,9666,4974,4692,32777,16292,16485,6004,2875,3129
0.5 Scen,2017,441,Taylor County,137824,67520,70304,88522,42934,45588,9749,5013,4736,33408,16618,16790,6145,2955,3190
0.5 Scen,2018,441,Taylor County,138592,67957,70635,88434,42930,45504,9822,5051,4771,34039,16943,17096,6297,3033,3264
0.5 Scen,2019,441,Taylor County,139351,68403,70948,88330,42927,45403,9895,5094,4801,34680,17268,17412,6446,3114,3332
0.5 Scen,2020,441,Taylor County,140047,68805,71242,88153,42885,45268,9966,5129,4837,35326,17599,17727,6602,3192,3410
0.5 Scen,2021,441,Taylor County,140743,69216,71527,87950,42829,45121,10043,5173,4870,35977,17929,18048,6773,3285,3488
0.5 Scen,2022,441,Taylor County,141409,69591,71818,87697,42740,44957,10118,5210,4908,36642,18259,18383,6952,3382,3570
0.5 Scen,2023,441,Taylor County,142026,69958,72068,87421,42654,44767,10184,5244,4940,37299,18587,18712,7122,3473,3649
0.5 Scen,2024,441,Taylor County,142611,70301,72310,87099,42536,44563,10255,5279,4976,37964,18922,19042,7293,3564,3729
0.5 Scen,2025,441,Taylor County,143187,70655,72532,86762,42421,44341,10328,5316,5012,38628,19259,19369,7469,3659,3810
0.5 Scen,2026,441,Taylor County,143733,70981,72752,86392,42277,44115,10394,5348,5046,39303,19602,19701,7644,3754,3890
0.5 Scen,2027,441,Taylor County,144273,71304,72969,86023,42133,43890,10461,5380,5081,39975,19945,20030,7814,3846,3968
0.5 Scen,2028,441,Taylor County,144781,71608,73173,85627,41970,43657,10525,5408,5117,40651,20290,20361,7978,3940,4038
0.5 Scen,2029,441,Taylor County,145259,71909,73350,85196,41795,43401,10583,5439,5144,41330,20645,20685,8150,4030,4120
0.5 Scen,2030,441,Taylor County,145736,72202,73534,84755,41610,43145,10645,5469,5176,42012,20992,21020,8324,4131,4193
0.5 Scen,2031,441,Taylor County,146203,72483,73720,84312,41423,42889,10694,5486,5208,42692,21340,21352,8505,4234,4271
0.5 Scen,2032,441,Taylor County,146669,72770,73899,83864,41235,42629,10752,5515,5237,43363,21684,21679,8690,4336,4354
0.5 Scen,2033,441,Taylor County,147100,73034,74066,83412,41043,42369,10805,5541,5264,44024,22026,21998,8859,4424,4435
0.5 Scen,2034,441,Taylor County,147512,73290,74222,82951,40842,42109,10859,5561,5298,44677,22368,22309,9025,4519,4506
0.5 Scen,2035,441,Taylor County,147920,73544,74376,82507,40653,41854,10901,5576,5325,45308,22698,22610,9204,4617,4587
0.5 Scen,2036,441,Taylor County,148328,73797,74531,82060,40464,41596,10937,5588,5349,45956,23030,22926,9375,4715,4660
0.5 Scen,2037,441,Taylor County,148704,74051,74653,81622,40288,41334,10965,5593,5372,46577,23356,23221,9540,4814,4726
0.5 Scen,2038,441,Taylor County,149092,74296,74796,81189,40107,41082,11003,5606,5397,47188,23670,23518,9712,4913,4799
0.5 Scen,2039,441,Taylor County,149481,74557,74924,80776,39946,40830,11026,5615,5411,47794,23988,23806,9885,5008,4877
0.5 Scen,2040,441,Taylor County,149857,74805,75052,80350,39775,40575,11054,5626,5428,48392,24295,24097,10061,5109,4952
0.5 Scen,2041,441,Taylor County,150231,75050,75181,79939,39606,40333,11072,5630,5442,48981,24604,24377,10239,5210,5029
0.5 Scen,2042,441,Taylor County,150568,75285,75283,79502,39431,40071,11094,5642,5452,49568,24907,24661,10404,5305,5099
0.5 Scen,2043,441,Taylor County,150897,75519,75378,79063,39249,39814,11113,5651,5462,50146,25213,24933,10575,5406,5169
0.5 Scen,2044,441,Taylor County,151200,75733,75467,78614,39067,39547,11122,5652,5470,50716,25513,25203,10748,5501,5247
0.5 Scen,2045,441,Taylor County,151490,75946,75544,78141,38869,39272,11132,5654,5478,51286,25813,25473,10931,5610,5321
0.5 Scen,2046,441,Taylor County,151762,76151,75611,77658,38668,38990,11151,5668,5483,51849,26106,25743,11104,5709,5395
0.5 Scen,2047,441,Taylor County,151971,76321,75650,77164,38461,38703,11149,5665,5484,52388,26388,26000,11270,5807,5463
0.5 Scen,2048,441,Taylor County,152204,76509,75695,76649,38247,38402,11164,5674,5490,52953,26685,26268,11438,5903,5535
0.5 Scen,2049,441,Taylor County,152437,76698,75739,76140,38039,38101,11179,5683,5496,53504,26973,26531,11614,6003,5611
0.5 Scen,2050,441,Taylor County,152648,76874,75774,75626,37823,37803,11189,5689,5500,54050,27260,26790,11783,6102,5681
0.5 Scen,2010,443,Terrell County,984,509,475,495,257,238,6,5,1,467,238,229,16,9,7
0.5 Scen,2011,443,Terrell County,990,512,478,495,257,238,6,5,1,473,241,232,16,9,7
0.5 Scen,2012,443,Terrell County,997,517,480,497,259,238,6,5,1,478,244,234,16,9,7
0.5 Scen,2013,443,Terrell County,1005,520,485,500,260,240,6,5,1,483,246,237,16,9,7
0.5 Scen,2014,443,Terrell County,1011,523,488,500,260,240,6,5,1,489,249,240,16,9,7
0.5 Scen,2015,443,Terrell County,1020,528,492,503,262,241,6,5,1,495,252,243,16,9,7
0.5 Scen,2016,443,Terrell County,1026,531,495,502,262,240,6,5,1,502,255,247,16,9,7
0.5 Scen,2017,443,Terrell County,1029,534,495,499,262,237,6,5,1,508,258,250,16,9,7
0.5 Scen,2018,443,Terrell County,1033,536,497,497,261,236,6,5,1,514,261,253,16,9,7
0.5 Scen,2019,443,Terrell County,1042,542,500,500,264,236,6,5,1,520,264,256,16,9,7
0.5 Scen,2020,443,Terrell County,1048,547,501,500,265,235,6,5,1,526,268,258,16,9,7
0.5 Scen,2021,443,Terrell County,1050,548,502,497,263,234,6,5,1,531,271,260,16,9,7
0.5 Scen,2022,443,Terrell County,1051,549,502,494,261,233,6,5,1,535,274,261,16,9,7
0.5 Scen,2023,443,Terrell County,1057,553,504,496,262,234,6,5,1,539,277,262,16,9,7
0.5 Scen,2024,443,Terrell County,1059,554,505,494,260,234,6,5,1,543,280,263,16,9,7
0.5 Scen,2025,443,Terrell County,1062,555,507,494,259,235,6,5,1,546,282,264,16,9,7
0.5 Scen,2026,443,Terrell County,1063,555,508,493,258,235,6,5,1,549,283,266,15,9,6
0.5 Scen,2027,443,Terrell County,1065,556,509,490,256,234,6,5,1,554,286,268,15,9,6
0.5 Scen,2028,443,Terrell County,1069,558,511,489,255,234,6,5,1,559,289,270,15,9,6
0.5 Scen,2029,443,Terrell County,1069,559,510,486,254,232,6,5,1,562,291,271,15,9,6
0.5 Scen,2030,443,Terrell County,1073,562,511,485,254,231,6,5,1,567,294,273,15,9,6
0.5 Scen,2031,443,Terrell County,1076,566,510,485,256,229,6,5,1,570,296,274,15,9,6
0.5 Scen,2032,443,Terrell County,1078,566,512,482,253,229,6,5,1,575,299,276,15,9,6
0.5 Scen,2033,443,Terrell County,1078,567,511,477,251,226,6,5,1,580,302,278,15,9,6
0.5 Scen,2034,443,Terrell County,1079,568,511,473,249,224,6,5,1,585,305,280,15,9,6
0.5 Scen,2035,443,Terrell County,1078,567,511,468,246,222,6,5,1,589,307,282,15,9,6
0.5 Scen,2036,443,Terrell County,1080,570,510,466,246,220,6,5,1,593,310,283,15,9,6
0.5 Scen,2037,443,Terrell County,1082,572,510,463,245,218,6,5,1,598,313,285,15,9,6
0.5 Scen,2038,443,Terrell County,1079,571,508,457,242,215,6,5,1,601,315,286,15,9,6
0.5 Scen,2039,443,Terrell County,1078,573,505,452,241,211,6,5,1,605,318,287,15,9,6
0.5 Scen,2040,443,Terrell County,1075,571,504,445,237,208,6,5,1,609,320,289,15,9,6
0.5 Scen,2041,443,Terrell County,1070,568,502,437,233,204,6,5,1,613,322,291,14,8,6
0.5 Scen,2042,443,Terrell County,1067,567,500,431,230,201,6,5,1,616,324,292,14,8,6
0.5 Scen,2043,443,Terrell County,1058,565,493,420,226,194,6,5,1,618,326,292,14,8,6
0.5 Scen,2044,443,Terrell County,1052,564,488,412,223,189,6,5,1,620,328,292,14,8,6
0.5 Scen,2045,443,Terrell County,1050,565,485,407,222,185,6,5,1,623,330,293,14,8,6
0.5 Scen,2046,443,Terrell County,1046,566,480,399,220,179,6,5,1,627,333,294,14,8,6
0.5 Scen,2047,443,Terrell County,1045,565,480,394,216,178,6,5,1,631,336,295,14,8,6
0.5 Scen,2048,443,Terrell County,1045,567,478,390,215,175,6,5,1,635,339,296,14,8,6
0.5 Scen,2049,443,Terrell County,1046,568,478,388,214,174,6,5,1,638,341,297,14,8,6
0.5 Scen,2050,443,Terrell County,1045,568,477,383,212,171,6,5,1,642,343,299,14,8,6
0.5 Scen,2010,445,Terry County,12651,6717,5934,5747,2949,2798,565,376,189,6211,3323,2888,128,69,59
0.5 Scen,2011,445,Terry County,12760,6777,5983,5737,2947,2790,568,379,189,6323,3380,2943,132,71,61
0.5 Scen,2012,445,Terry County,12874,6836,6038,5721,2938,2783,571,382,189,6446,3443,3003,136,73,63
0.5 Scen,2013,445,Terry County,12958,6882,6076,5690,2928,2762,574,384,190,6555,3495,3060,139,75,64
0.5 Scen,2014,445,Terry County,13058,6934,6124,5674,2921,2753,576,385,191,6665,3551,3114,143,77,66
0.5 Scen,2015,445,Terry County,13158,6994,6164,5643,2912,2731,583,390,193,6785,3613,3172,147,79,68
0.5 Scen,2016,445,Terry County,13236,7037,6199,5608,2899,2709,587,392,195,6889,3665,3224,152,81,71
0.5 Scen,2017,445,Terry County,13326,7087,6239,5584,2891,2693,589,390,199,6997,3723,3274,156,83,73
0.5 Scen,2018,445,Terry County,13408,7133,6275,5547,2877,2670,594,393,201,7107,3778,3329,160,85,75
0.5 Scen,2019,445,Terry County,13492,7183,6309,5515,2864,2651,597,396,201,7216,3836,3380,164,87,77
0.5 Scen,2020,445,Terry County,13586,7242,6344,5487,2856,2631,600,398,202,7331,3899,3432,168,89,79
0.5 Scen,2021,445,Terry County,13673,7288,6385,5457,2843,2614,598,396,202,7446,3958,3488,172,91,81
0.5 Scen,2022,445,Terry County,13767,7337,6430,5435,2833,2602,601,398,203,7555,4013,3542,176,93,83
0.5 Scen,2023,445,Terry County,13847,7386,6461,5410,2825,2585,607,403,204,7650,4063,3587,180,95,85
0.5 Scen,2024,445,Terry County,13927,7421,6506,5376,2807,2569,609,403,206,7758,4114,3644,184,97,87
0.5 Scen,2025,445,Terry County,14028,7472,6556,5351,2796,2555,617,408,209,7872,4169,3703,188,99,89
0.5 Scen,2026,445,Terry County,14104,7509,6595,5314,2779,2535,618,405,213,7979,4223,3756,193,102,91
0.5 Scen,2027,445,Terry County,14170,7542,6628,5272,2759,2513,622,407,215,8080,4272,3808,196,104,92
0.5 Scen,2028,445,Terry County,14227,7568,6659,5235,2739,2496,624,407,217,8168,4316,3852,200,106,94
0.5 Scen,2029,445,Terry County,14307,7610,6697,5202,2727,2475,623,405,218,8279,4371,3908,203,107,96
0.5 Scen,2030,445,Terry County,14398,7665,6733,5177,2720,2457,628,409,219,8387,4427,3960,206,109,97
0.5 Scen,2031,445,Terry County,14465,7705,6760,5144,2711,2433,626,406,220,8485,4477,4008,210,111,99
0.5 Scen,2032,445,Terry County,14538,7746,6792,5117,2696,2421,632,411,221,8576,4527,4049,213,112,101
0.5 Scen,2033,445,Terry County,14633,7798,6835,5100,2692,2408,630,408,222,8686,4584,4102,217,114,103
0.5 Scen,2034,445,Terry County,14731,7851,6880,5076,2681,2395,632,410,222,8802,4644,4158,221,116,105
0.5 Scen,2035,445,Terry County,14804,7890,6914,5050,2671,2379,630,408,222,8900,4694,4206,224,117,107
0.5 Scen,2036,445,Terry County,14878,7935,6943,5025,2662,2363,628,407,221,8997,4747,4250,228,119,109
0.5 Scen,2037,445,Terry County,14962,7984,6978,4998,2651,2347,629,406,223,9104,4806,4298,231,121,110
0.5 Scen,2038,445,Terry County,15050,8034,7016,4974,2645,2329,629,406,223,9212,4860,4352,235,123,112
0.5 Scen,2039,445,Terry County,15131,8079,7052,4945,2632,2313,628,406,222,9317,4915,4402,241,126,115
0.5 Scen,2040,445,Terry County,15207,8124,7083,4916,2620,2296,631,408,223,9416,4968,4448,244,128,116
0.5 Scen,2041,445,Terry County,15287,8171,7116,4883,2606,2277,632,409,223,9527,5028,4499,245,128,117
0.5 Scen,2042,445,Terry County,15375,8224,7151,4860,2598,2262,632,409,223,9635,5087,4548,248,130,118
0.5 Scen,2043,445,Terry County,15441,8261,7180,4826,2583,2243,626,406,220,9740,5142,4598,249,130,119
0.5 Scen,2044,445,Terry County,15516,8308,7208,4794,2569,2225,623,407,216,9847,5200,4647,252,132,120
0.5 Scen,2045,445,Terry County,15579,8349,7230,4761,2557,2204,620,406,214,9941,5250,4691,257,136,121
0.5 Scen,2046,445,Terry County,15657,8391,7266,4732,2543,2189,616,404,212,10048,5306,4742,261,138,123
0.5 Scen,2047,445,Terry County,15751,8437,7314,4706,2530,2176,618,405,213,10162,5361,4801,265,141,124
0.5 Scen,2048,445,Terry County,15835,8485,7350,4672,2515,2157,617,404,213,10276,5422,4854,270,144,126
0.5 Scen,2049,445,Terry County,15906,8524,7382,4643,2502,2141,616,402,214,10374,5474,4900,273,146,127
0.5 Scen,2050,445,Terry County,15982,8571,7411,4619,2493,2126,614,400,214,10474,5531,4943,275,147,128
0.5 Scen,2010,447,Throckmorton County,1641,807,834,1453,729,724,9,3,6,152,66,86,27,9,18
0.5 Scen,2011,447,Throckmorton County,1641,809,832,1451,730,721,9,3,6,154,67,87,27,9,18
0.5 Scen,2012,447,Throckmorton County,1647,813,834,1455,733,722,9,3,6,156,68,88,27,9,18
0.5 Scen,2013,447,Throckmorton County,1650,816,834,1456,735,721,9,3,6,158,69,89,27,9,18
0.5 Scen,2014,447,Throckmorton County,1649,815,834,1453,733,720,9,3,6,160,70,90,27,9,18
0.5 Scen,2015,447,Throckmorton County,1648,815,833,1449,731,718,9,3,6,163,72,91,27,9,18
0.5 Scen,2016,447,Throckmorton County,1649,814,835,1448,729,719,9,3,6,165,73,92,27,9,18
0.5 Scen,2017,447,Throckmorton County,1650,815,835,1447,729,718,9,3,6,167,74,93,27,9,18
0.5 Scen,2018,447,Throckmorton County,1646,816,830,1441,728,713,9,3,6,170,76,94,26,9,17
0.5 Scen,2019,447,Throckmorton County,1647,816,831,1438,726,712,9,3,6,174,78,96,26,9,17
0.5 Scen,2020,447,Throckmorton County,1647,818,829,1433,726,707,9,3,6,179,80,99,26,9,17
0.5 Scen,2021,447,Throckmorton County,1643,816,827,1426,723,703,9,3,6,183,82,101,25,8,17
0.5 Scen,2022,447,Throckmorton County,1638,815,823,1417,720,697,9,3,6,187,84,103,25,8,17
0.5 Scen,2023,447,Throckmorton County,1634,815,819,1409,717,692,9,3,6,191,87,104,25,8,17
0.5 Scen,2024,447,Throckmorton County,1629,813,816,1399,712,687,9,3,6,196,90,106,25,8,17
0.5 Scen,2025,447,Throckmorton County,1622,811,811,1387,707,680,9,3,6,201,93,108,25,8,17
0.5 Scen,2026,447,Throckmorton County,1614,813,801,1375,706,669,9,3,6,205,96,109,25,8,17
0.5 Scen,2027,447,Throckmorton County,1620,817,803,1377,707,670,9,3,6,209,99,110,25,8,17
0.5 Scen,2028,447,Throckmorton County,1612,817,795,1365,704,661,9,3,6,213,102,111,25,8,17
0.5 Scen,2029,447,Throckmorton County,1610,818,792,1358,701,657,9,3,6,218,106,112,25,8,17
0.5 Scen,2030,447,Throckmorton County,1603,820,783,1348,701,647,9,3,6,222,108,114,24,8,16
0.5 Scen,2031,447,Throckmorton County,1596,819,777,1338,697,641,9,3,6,225,111,114,24,8,16
0.5 Scen,2032,447,Throckmorton County,1592,819,773,1330,695,635,9,3,6,229,113,116,24,8,16
0.5 Scen,2033,447,Throckmorton County,1584,816,768,1319,690,629,9,3,6,232,115,117,24,8,16
0.5 Scen,2034,447,Throckmorton County,1581,815,766,1314,688,626,9,3,6,234,116,118,24,8,16
0.5 Scen,2035,447,Throckmorton County,1576,813,763,1305,684,621,9,3,6,238,118,120,24,8,16
0.5 Scen,2036,447,Throckmorton County,1566,811,755,1292,680,612,9,3,6,241,120,121,24,8,16
0.5 Scen,2037,447,Throckmorton County,1562,807,755,1285,675,610,9,3,6,244,121,123,24,8,16
0.5 Scen,2038,447,Throckmorton County,1558,805,753,1279,672,607,9,3,6,246,122,124,24,8,16
0.5 Scen,2039,447,Throckmorton County,1549,800,749,1268,666,602,9,3,6,248,123,125,24,8,16
0.5 Scen,2040,447,Throckmorton County,1543,795,748,1258,659,599,9,3,6,252,125,127,24,8,16
0.5 Scen,2041,447,Throckmorton County,1535,792,743,1247,654,593,9,3,6,255,127,128,24,8,16
0.5 Scen,2042,447,Throckmorton County,1531,788,743,1239,648,591,9,3,6,259,129,130,24,8,16
0.5 Scen,2043,447,Throckmorton County,1522,783,739,1228,642,586,9,3,6,262,130,132,23,8,15
0.5 Scen,2044,447,Throckmorton County,1510,778,732,1214,636,578,9,3,6,264,131,133,23,8,15
0.5 Scen,2045,447,Throckmorton County,1497,771,726,1198,627,571,9,3,6,267,133,134,23,8,15
0.5 Scen,2046,447,Throckmorton County,1491,769,722,1189,623,566,9,3,6,270,135,135,23,8,15
0.5 Scen,2047,447,Throckmorton County,1486,768,718,1181,620,561,9,3,6,273,137,136,23,8,15
0.5 Scen,2048,447,Throckmorton County,1477,763,714,1171,614,557,9,3,6,275,138,137,22,8,14
0.5 Scen,2049,447,Throckmorton County,1470,761,709,1163,611,552,9,3,6,277,139,138,21,8,13
0.5 Scen,2050,447,Throckmorton County,1457,753,704,1150,603,547,9,3,6,278,140,138,20,7,13
0.5 Scen,2010,449,Titus County,32334,15976,16358,15904,7666,8238,3000,1411,1589,12799,6606,6193,631,293,338
0.5 Scen,2011,449,Titus County,32751,16201,16550,15901,7671,8230,3032,1430,1602,13178,6802,6376,640,298,342
0.5 Scen,2012,449,Titus County,33148,16421,16727,15873,7669,8204,3066,1448,1618,13560,7002,6558,649,302,347
0.5 Scen,2013,449,Titus County,33571,16663,16908,15858,7678,8180,3097,1468,1629,13954,7209,6745,662,308,354
0.5 Scen,2014,449,Titus County,33988,16883,17105,15838,7667,8171,3125,1486,1639,14353,7418,6935,672,312,360
0.5 Scen,2015,449,Titus County,34426,17130,17296,15827,7673,8154,3150,1505,1645,14767,7634,7133,682,318,364
0.5 Scen,2016,449,Titus County,34873,17372,17501,15804,7668,8136,3181,1525,1656,15193,7855,7338,695,324,371
0.5 Scen,2017,449,Titus County,35304,17613,17691,15783,7666,8117,3205,1545,1660,15612,8073,7539,704,329,375
0.5 Scen,2018,449,Titus County,35746,17849,17897,15757,7656,8101,3226,1559,1667,16049,8300,7749,714,334,380
0.5 Scen,2019,449,Titus County,36202,18097,18105,15734,7657,8077,3249,1573,1676,16495,8528,7967,724,339,385
0.5 Scen,2020,449,Titus County,36666,18342,18324,15715,7654,8061,3268,1586,1682,16949,8758,8191,734,344,390
0.5 Scen,2021,449,Titus County,37151,18592,18559,15697,7652,8045,3286,1593,1693,17422,8995,8427,746,352,394
0.5 Scen,2022,449,Titus County,37608,18828,18780,15664,7639,8025,3300,1603,1697,17890,9228,8662,754,358,396
0.5 Scen,2023,449,Titus County,38087,19080,19007,15636,7637,7999,3308,1609,1699,18375,9469,8906,768,365,403
0.5 Scen,2024,449,Titus County,38547,19316,19231,15593,7625,7968,3323,1618,1705,18849,9702,9147,782,371,411
0.5 Scen,2025,449,Titus County,39024,19572,19452,15541,7606,7935,3337,1631,1706,19354,9957,9397,792,378,414
0.5 Scen,2026,449,Titus County,39484,19814,19670,15478,7586,7892,3345,1640,1705,19860,10205,9655,801,383,418
0.5 Scen,2027,449,Titus County,39965,20065,19900,15425,7560,7865,3347,1644,1703,20374,10465,9909,819,396,423
0.5 Scen,2028,449,Titus County,40435,20310,20125,15368,7538,7830,3351,1647,1704,20886,10725,10161,830,400,430
0.5 Scen,2029,449,Titus County,40896,20556,20340,15302,7513,7789,3349,1646,1703,21409,10993,10416,836,404,432
0.5 Scen,2030,449,Titus County,41363,20805,20558,15233,7484,7749,3349,1648,1701,21930,11261,10669,851,412,439
0.5 Scen,2031,449,Titus County,41837,21071,20766,15165,7463,7702,3345,1650,1695,22466,11540,10926,861,418,443
0.5 Scen,2032,449,Titus County,42298,21328,20970,15089,7433,7656,3342,1655,1687,22989,11811,11178,878,429,449
0.5 Scen,2033,449,Titus County,42765,21580,21185,15011,7405,7606,3328,1651,1677,23534,12088,11446,892,436,456
0.5 Scen,2034,449,Titus County,43232,21830,21402,14929,7369,7560,3315,1647,1668,24082,12370,11712,906,444,462
0.5 Scen,2035,449,Titus County,43698,22087,21611,14839,7335,7504,3310,1651,1659,24626,12647,11979,923,454,469
0.5 Scen,2036,449,Titus County,44183,22359,21824,14749,7304,7445,3303,1653,1650,25191,12938,12253,940,464,476
0.5 Scen,2037,449,Titus County,44656,22618,22038,14650,7263,7387,3293,1652,1641,25754,13227,12527,959,476,483
0.5 Scen,2038,449,Titus County,45150,22881,22269,14556,7220,7336,3295,1655,1640,26322,13518,12804,977,488,489
0.5 Scen,2039,449,Titus County,45646,23156,22490,14460,7186,7274,3290,1658,1632,26900,13812,13088,996,500,496
0.5 Scen,2040,449,Titus County,46110,23396,22714,14359,7144,7215,3284,1657,1627,27456,14088,13368,1011,507,504
0.5 Scen,2041,449,Titus County,46609,23661,22948,14269,7107,7162,3278,1657,1621,28031,14379,13652,1031,518,513
0.5 Scen,2042,449,Titus County,47098,23932,23166,14171,7073,7098,3274,1658,1616,28604,14671,13933,1049,530,519
0.5 Scen,2043,449,Titus County,47584,24192,23392,14062,7027,7035,3264,1655,1609,29192,14967,14225,1066,543,523
0.5 Scen,2044,449,Titus County,48068,24461,23607,13958,6987,6971,3244,1653,1591,29785,15270,14515,1081,551,530
0.5 Scen,2045,449,Titus County,48565,24730,23835,13863,6948,6915,3229,1648,1581,30379,15572,14807,1094,562,532
0.5 Scen,2046,449,Titus County,49070,25007,24063,13769,6911,6858,3222,1649,1573,30973,15874,15099,1106,573,533
0.5 Scen,2047,449,Titus County,49577,25287,24290,13662,6870,6792,3216,1649,1567,31578,16184,15394,1121,584,537
0.5 Scen,2048,449,Titus County,50113,25573,24540,13568,6832,6736,3219,1653,1566,32185,16490,15695,1141,598,543
0.5 Scen,2049,449,Titus County,50647,25857,24790,13479,6791,6688,3208,1652,1556,32801,16801,16000,1159,613,546
0.5 Scen,2050,449,Titus County,51170,26148,25022,13377,6751,6626,3198,1649,1549,33421,17122,16299,1174,626,548
0.5 Scen,2010,451,Tom Green County,110224,53976,56248,63799,31113,32686,3997,2127,1870,39315,19273,20042,3113,1463,1650
0.5 Scen,2011,451,Tom Green County,110812,54303,56509,63682,31084,32598,4021,2138,1883,39942,19586,20356,3167,1495,1672
0.5 Scen,2012,451,Tom Green County,111369,54620,56749,63539,31044,32495,4042,2148,1894,40564,19902,20662,3224,1526,1698
0.5 Scen,2013,451,Tom Green County,111928,54937,56991,63390,31004,32386,4056,2157,1899,41199,20220,20979,3283,1556,1727
0.5 Scen,2014,451,Tom Green County,112465,55233,57232,63199,30937,32262,4079,2167,1912,41836,20536,21300,3351,1593,1758
0.5 Scen,2015,451,Tom Green County,112969,55533,57436,62998,30879,32119,4094,2173,1921,42467,20853,21614,3410,1628,1782
0.5 Scen,2016,451,Tom Green County,113523,55833,57690,62814,30809,32005,4111,2179,1932,43129,21183,21946,3469,1662,1807
0.5 Scen,2017,451,Tom Green County,114100,56146,57954,62648,30746,31902,4125,2185,1940,43802,21523,22279,3525,1692,1833
0.5 Scen,2018,451,Tom Green County,114699,56479,58220,62491,30694,31797,4141,2192,1949,44485,21868,22617,3582,1725,1857
0.5 Scen,2019,451,Tom Green County,115292,56794,58498,62314,30625,31689,4155,2196,1959,45181,22216,22965,3642,1757,1885
0.5 Scen,2020,451,Tom Green County,115884,57110,58774,62138,30558,31580,4165,2197,1968,45877,22565,23312,3704,1790,1914
0.5 Scen,2021,451,Tom Green County,116497,57440,59057,61978,30505,31473,4172,2196,1976,46580,22916,23664,3767,1823,1944
0.5 Scen,2022,451,Tom Green County,117110,57783,59327,61817,30456,31361,4179,2203,1976,47284,23270,24014,3830,1854,1976
0.5 Scen,2023,451,Tom Green County,117729,58139,59590,61649,30408,31241,4178,2201,1977,48000,23635,24365,3902,1895,2007
0.5 Scen,2024,451,Tom Green County,118328,58468,59860,61466,30344,31122,4177,2200,1977,48721,24000,24721,3964,1924,2040
0.5 Scen,2025,451,Tom Green County,118945,58820,60125,61290,30295,30995,4179,2200,1979,49444,24363,25081,4032,1962,2070
0.5 Scen,2026,451,Tom Green County,119547,59156,60391,61102,30226,30876,4177,2199,1978,50159,24728,25431,4109,2003,2106
0.5 Scen,2027,451,Tom Green County,120170,59505,60665,60915,30160,30755,4170,2196,1974,50891,25097,25794,4194,2052,2142
0.5 Scen,2028,451,Tom Green County,120767,59835,60932,60719,30095,30624,4157,2185,1972,51617,25460,26157,4274,2095,2179
0.5 Scen,2029,451,Tom Green County,121322,60163,61159,60487,30011,30476,4142,2180,1962,52341,25834,26507,4352,2138,2214
0.5 Scen,2030,451,Tom Green County,121881,60477,61404,60252,29922,30330,4127,2173,1954,53079,26205,26874,4423,2177,2246
0.5 Scen,2031,451,Tom Green County,122411,60787,61624,60020,29831,30189,4107,2168,1939,53791,26571,27220,4493,2217,2276
0.5 Scen,2032,451,Tom Green County,122908,61081,61827,59768,29731,30037,4091,2160,1931,54494,26936,27558,4555,2254,2301
0.5 Scen,2033,451,Tom Green County,123427,61379,62048,59508,29628,29880,4085,2157,1928,55200,27296,27904,4634,2298,2336
0.5 Scen,2034,451,Tom Green County,123917,61664,62253,59254,29521,29733,4084,2156,1928,55878,27650,28228,4701,2337,2364
0.5 Scen,2035,451,Tom Green County,124403,61943,62460,59002,29421,29581,4073,2152,1921,56561,27999,28562,4767,2371,2396
0.5 Scen,2036,451,Tom Green County,124859,62220,62639,58743,29321,29422,4066,2149,1917,57221,28342,28879,4829,2408,2421
0.5 Scen,2037,451,Tom Green County,125322,62492,62830,58507,29226,29281,4062,2146,1916,57860,28679,29181,4893,2441,2452
0.5 Scen,2038,451,Tom Green County,125777,62764,63013,58254,29125,29129,4060,2147,1913,58509,29014,29495,4954,2478,2476
0.5 Scen,2039,451,Tom Green County,126228,63043,63185,58009,29035,28974,4052,2143,1909,59142,29345,29797,5025,2520,2505
0.5 Scen,2040,451,Tom Green County,126657,63315,63342,57755,28941,28814,4048,2143,1905,59765,29675,30090,5089,2556,2533
0.5 Scen,2041,451,Tom Green County,127095,63592,63503,57501,28852,28649,4040,2140,1900,60387,30004,30383,5167,2596,2571
0.5 Scen,2042,451,Tom Green County,127525,63866,63659,57258,28766,28492,4033,2134,1899,61003,30333,30670,5231,2633,2598
0.5 Scen,2043,451,Tom Green County,127910,64115,63795,56984,28659,28325,4026,2133,1893,61604,30650,30954,5296,2673,2623
0.5 Scen,2044,451,Tom Green County,128321,64372,63949,56721,28559,28162,4016,2125,1891,62214,30977,31237,5370,2711,2659
0.5 Scen,2045,451,Tom Green County,128716,64624,64092,56447,28458,27989,4012,2117,1895,62813,31300,31513,5444,2749,2695
0.5 Scen,2046,451,Tom Green County,129109,64874,64235,56172,28357,27815,4003,2109,1894,63415,31617,31798,5519,2791,2728
0.5 Scen,2047,451,Tom Green County,129485,65110,64375,55909,28260,27649,3993,2102,1891,64000,31926,32074,5583,2822,2761
0.5 Scen,2048,451,Tom Green County,129872,65356,64516,55647,28160,27487,3975,2087,1888,64600,32249,32351,5650,2860,2790
0.5 Scen,2049,451,Tom Green County,130269,65600,64669,55391,28061,27330,3965,2079,1886,65190,32563,32627,5723,2897,2826
0.5 Scen,2050,451,Tom Green County,130632,65832,64800,55141,27966,27175,3940,2060,1880,65769,32873,32896,5782,2933,2849
0.5 Scen,2010,453,Travis County,1024266,516637,507629,517644,260547,257097,82805,39971,42834,342766,176051,166715,81051,40068,40983
0.5 Scen,2011,453,Travis County,1041632,525444,516188,522383,262981,259402,83643,40417,43226,352063,180764,171299,83543,41282,42261
0.5 Scen,2012,453,Travis County,1059344,534343,525001,527343,265444,261899,84454,40855,43599,361441,185521,175920,86106,42523,43583
0.5 Scen,2013,453,Travis County,1076802,543100,533702,532122,267851,264271,85295,41282,44013,370772,190251,180521,88613,43716,44897
0.5 Scen,2014,453,Travis County,1094126,551795,542331,536641,270116,266525,86095,41693,44402,380253,195021,185232,91137,44965,46172
0.5 Scen,2015,453,Travis County,1111829,560621,551208,541524,272516,269008,86872,42119,44753,389620,199743,189877,93813,46243,47570
0.5 Scen,2016,453,Travis County,1129582,569407,560175,546250,274747,271503,87617,42526,45091,399197,204585,194612,96518,47549,48969
0.5 Scen,2017,453,Travis County,1147163,578090,569073,550732,276864,273868,88381,42909,45472,408852,209442,199410,99198,48875,50323
0.5 Scen,2018,453,Travis County,1164741,586799,577942,554998,278948,276050,89194,43311,45883,418538,214323,204215,102011,50217,51794
0.5 Scen,2019,453,Travis County,1181782,595196,586586,558944,280772,278172,89942,43700,46242,428237,219223,209014,104659,51501,53158
0.5 Scen,2020,453,Travis County,1198485,603416,595069,562341,282355,279986,90610,44078,46532,438134,224165,213969,107400,52818,54582
0.5 Scen,2021,453,Travis County,1214709,611353,603356,565291,283690,281601,91331,44434,46897,448041,229161,218880,110046,54068,55978
0.5 Scen,2022,453,Travis County,1230444,619080,611364,567658,284739,282919,91964,44785,47179,458035,234197,223838,112787,55359,57428
0.5 Scen,2023,453,Travis County,1245752,626612,619140,569583,285618,283965,92635,45126,47509,468076,239252,228824,115458,56616,58842
0.5 Scen,2024,453,Travis County,1260516,633822,626694,570866,286128,284738,93205,45403,47802,478343,244398,233945,118102,57893,60209
0.5 Scen,2025,453,Travis County,1274999,640974,634025,571616,286420,285196,93806,45733,48073,488705,249634,239071,120872,59187,61685
0.5 Scen,2026,453,Travis County,1289077,647912,641165,571954,286469,285485,94300,46024,48276,499273,254914,244359,123550,60505,63045
0.5 Scen,2027,453,Travis County,1302765,654604,648161,571847,286335,285512,94871,46299,48572,509809,260224,249585,126238,61746,64492
0.5 Scen,2028,453,Travis County,1316431,661340,655091,571335,285979,285356,95318,46557,48761,520571,265605,254966,129207,63199,66008
0.5 Scen,2029,453,Travis County,1329693,667859,661834,570499,285488,285011,95783,46791,48992,531469,271094,260375,131942,64486,67456
0.5 Scen,2030,453,Travis County,1342829,674388,668441,569278,284779,284499,96186,47009,49177,542639,276719,265920,134726,65881,68845
0.5 Scen,2031,453,Travis County,1355732,680589,675143,567842,283969,283873,96555,47188,49367,553846,282283,271563,137489,67149,70340
0.5 Scen,2032,453,Travis County,1368693,686972,681721,566253,283072,283181,96921,47399,49522,565215,287997,277218,140304,68504,71800
0.5 Scen,2033,453,Travis County,1381736,693429,688307,564528,282134,282394,97219,47563,49656,576820,293793,283027,143169,69939,73230
0.5 Scen,2034,453,Travis County,1394655,699772,694883,562736,281197,281539,97457,47715,49742,588323,299553,288770,146139,71307,74832
0.5 Scen,2035,453,Travis County,1407810,706276,701534,560847,280177,280670,97709,47845,49864,600111,305433,294678,149143,72821,76322
0.5 Scen,2036,453,Travis County,1420961,712757,708204,558911,279116,279795,97878,47961,49917,611920,311394,300526,152252,74286,77966
0.5 Scen,2037,453,Travis County,1434207,719290,714917,556984,278099,278885,98008,48022,49986,623870,317352,306518,155345,75817,79528
0.5 Scen,2038,453,Travis County,1447650,725896,721754,555068,277107,277961,98183,48126,50057,635786,323320,312466,158613,77343,81270
0.5 Scen,2039,453,Travis County,1461153,732600,728553,553183,276125,277058,98308,48218,50090,647879,329409,318470,161783,78848,82935
0.5 Scen,2040,453,Travis County,1474822,739358,735464,551387,275190,276197,98338,48229,50109,660024,335487,324537,165073,80452,84621
0.5 Scen,2041,453,Travis County,1488362,746144,742218,549624,274287,275337,98421,48312,50109,672073,341533,330540,168244,82012,86232
0.5 Scen,2042,453,Travis County,1502212,753014,749198,547881,273411,274470,98425,48328,50097,684286,347687,336599,171620,83588,88032
0.5 Scen,2043,453,Travis County,1516078,759994,756084,546206,272575,273631,98450,48397,50053,696570,353852,342718,174852,85170,89682
0.5 Scen,2044,453,Travis County,1529872,766949,762923,544545,271743,272802,98446,48419,50027,708816,360007,348809,178065,86780,91285
0.5 Scen,2045,453,Travis County,1543943,773896,770047,542900,270937,271963,98425,48435,49990,721112,366172,354940,181506,88352,93154
0.5 Scen,2046,453,Travis County,1557712,780862,776850,541241,270120,271121,98374,48439,49935,733386,372362,361024,184711,89941,94770
0.5 Scen,2047,453,Travis County,1571672,787772,783900,539588,269310,270278,98260,48389,49871,745772,378549,367223,188052,91524,96528
0.5 Scen,2048,453,Travis County,1585506,794722,790784,537924,268496,269428,98210,48427,49783,758139,384767,373372,191233,93032,98201
0.5 Scen,2049,453,Travis County,1599285,801656,797629,536152,267634,268518,98091,48376,49715,770577,391039,379538,194465,94607,99858
0.5 Scen,2050,453,Travis County,1612674,808429,804245,534269,266704,267565,97887,48332,49555,783000,397300,385700,197518,96093,101425
0.5 Scen,2010,455,Trinity County,14585,7100,7485,11819,5747,6072,1377,628,749,1117,613,504,272,112,160
0.5 Scen,2011,455,Trinity County,14687,7149,7538,11886,5774,6112,1390,638,752,1136,623,513,275,114,161
0.5 Scen,2012,455,Trinity County,14750,7187,7563,11916,5790,6126,1404,649,755,1154,634,520,276,114,162
0.5 Scen,2013,455,Trinity County,14812,7220,7592,11943,5803,6140,1419,656,763,1173,645,528,277,116,161
0.5 Scen,2014,455,Trinity County,14881,7256,7625,11972,5814,6158,1433,666,767,1194,657,537,282,119,163
0.5 Scen,2015,455,Trinity County,14955,7294,7661,12007,5829,6178,1447,676,771,1215,668,547,286,121,165
0.5 Scen,2016,455,Trinity County,15034,7338,7696,12046,5849,6197,1461,684,777,1237,682,555,290,123,167
0.5 Scen,2017,455,Trinity County,15104,7373,7731,12075,5860,6215,1477,694,783,1258,693,565,294,126,168
0.5 Scen,2018,455,Trinity County,15182,7412,7770,12112,5876,6236,1490,702,788,1282,705,577,298,129,169
0.5 Scen,2019,455,Trinity County,15257,7452,7805,12149,5894,6255,1501,708,793,1303,718,585,304,132,172
0.5 Scen,2020,455,Trinity County,15328,7490,7838,12180,5913,6267,1511,713,798,1328,730,598,309,134,175
0.5 Scen,2021,455,Trinity County,15383,7529,7854,12201,5930,6271,1515,719,796,1351,743,608,316,137,179
0.5 Scen,2022,455,Trinity County,15449,7565,7884,12224,5940,6284,1528,729,799,1374,755,619,323,141,182
0.5 Scen,2023,455,Trinity County,15507,7595,7912,12244,5948,6296,1538,735,803,1397,768,629,328,144,184
0.5 Scen,2024,455,Trinity County,15557,7626,7931,12255,5955,6300,1546,741,805,1423,783,640,333,147,186
0.5 Scen,2025,455,Trinity County,15602,7657,7945,12267,5966,6301,1548,745,803,1446,795,651,341,151,190
0.5 Scen,2026,455,Trinity County,15627,7673,7954,12255,5961,6294,1555,749,806,1472,810,662,345,153,192
0.5 Scen,2027,455,Trinity County,15626,7677,7949,12231,5956,6275,1550,744,806,1496,822,674,349,155,194
0.5 Scen,2028,455,Trinity County,15618,7682,7936,12201,5944,6257,1544,743,801,1520,837,683,353,158,195
0.5 Scen,2029,455,Trinity County,15619,7687,7932,12172,5933,6239,1542,742,800,1547,851,696,358,161,197
0.5 Scen,2030,455,Trinity County,15603,7693,7910,12139,5924,6215,1530,740,790,1570,865,705,364,164,200
0.5 Scen,2031,455,Trinity County,15580,7694,7886,12098,5914,6184,1522,737,785,1594,877,717,366,166,200
0.5 Scen,2032,455,Trinity County,15554,7692,7862,12059,5900,6159,1509,734,775,1617,890,727,369,168,201
0.5 Scen,2033,455,Trinity County,15523,7687,7836,12007,5881,6126,1502,733,769,1643,904,739,371,169,202
0.5 Scen,2034,455,Trinity County,15497,7678,7819,11958,5860,6098,1498,732,766,1665,915,750,376,171,205
0.5 Scen,2035,455,Trinity County,15470,7676,7794,11910,5842,6068,1493,735,758,1688,927,761,379,172,207
0.5 Scen,2036,455,Trinity County,15424,7665,7759,11855,5823,6032,1480,732,748,1711,938,773,378,172,206
0.5 Scen,2037,455,Trinity County,15385,7653,7732,11802,5804,5998,1478,731,747,1727,945,782,378,173,205
0.5 Scen,2038,455,Trinity County,15331,7637,7694,11739,5780,5959,1472,732,740,1744,954,790,376,171,205
0.5 Scen,2039,455,Trinity County,15284,7629,7655,11688,5765,5923,1460,727,733,1755,961,794,381,176,205
0.5 Scen,2040,455,Trinity County,15239,7616,7623,11641,5749,5892,1450,725,725,1772,969,803,376,173,203
0.5 Scen,2041,455,Trinity County,15179,7599,7580,11581,5730,5851,1435,719,716,1785,976,809,378,174,204
0.5 Scen,2042,455,Trinity County,15129,7591,7538,11527,5720,5807,1427,718,709,1799,981,818,376,172,204
0.5 Scen,2043,455,Trinity County,15090,7586,7504,11476,5703,5773,1419,716,703,1818,995,823,377,172,205
0.5 Scen,2044,455,Trinity County,15025,7566,7459,11404,5677,5727,1410,714,696,1833,1002,831,378,173,205
0.5 Scen,2045,455,Trinity County,14973,7550,7423,11344,5656,5688,1402,711,691,1847,1008,839,380,175,205
0.5 Scen,2046,455,Trinity County,14933,7548,7385,11296,5644,5652,1395,710,685,1860,1017,843,382,177,205
0.5 Scen,2047,455,Trinity County,14879,7537,7342,11229,5620,5609,1388,709,679,1879,1030,849,383,178,205
0.5 Scen,2048,455,Trinity County,14853,7536,7317,11190,5607,5583,1381,706,675,1899,1044,855,383,179,204
0.5 Scen,2049,455,Trinity County,14818,7534,7284,11135,5593,5542,1381,707,674,1918,1054,864,384,180,204
0.5 Scen,2050,455,Trinity County,14790,7527,7263,11091,5578,5513,1380,709,671,1933,1058,875,386,182,204
0.5 Scen,2010,457,Tyler County,21766,11731,10035,17507,8761,8746,2376,1555,821,1487,1211,276,396,204,192
0.5 Scen,2011,457,Tyler County,21816,11791,10025,17518,8793,8725,2395,1570,825,1502,1222,280,401,206,195
0.5 Scen,2012,457,Tyler County,21829,11846,9983,17490,8816,8674,2412,1583,829,1520,1236,284,407,211,196
0.5 Scen,2013,457,Tyler County,21851,11891,9960,17475,8840,8635,2425,1588,837,1537,1248,289,414,215,199
0.5 Scen,2014,457,Tyler County,21879,11932,9947,17463,8855,8608,2440,1596,844,1556,1262,294,420,219,201
0.5 Scen,2015,457,Tyler County,21917,11987,9930,17460,8883,8577,2454,1606,848,1576,1276,300,427,222,205
0.5 Scen,2016,457,Tyler County,21948,12036,9912,17453,8907,8546,2470,1613,857,1592,1290,302,433,226,207
0.5 Scen,2017,457,Tyler County,21983,12081,9902,17450,8929,8521,2482,1620,862,1611,1302,309,440,230,210
0.5 Scen,2018,457,Tyler County,22009,12121,9888,17440,8949,8491,2495,1626,869,1629,1315,314,445,231,214
0.5 Scen,2019,457,Tyler County,22046,12173,9873,17437,8974,8463,2502,1630,872,1651,1332,319,456,237,219
0.5 Scen,2020,457,Tyler County,22061,12206,9855,17422,8988,8434,2509,1634,875,1668,1344,324,462,240,222
0.5 Scen,2021,457,Tyler County,22092,12246,9846,17416,9007,8409,2517,1636,881,1688,1359,329,471,244,227
0.5 Scen,2022,457,Tyler County,22120,12289,9831,17409,9026,8383,2518,1635,883,1709,1377,332,484,251,233
0.5 Scen,2023,457,Tyler County,22129,12330,9799,17386,9044,8342,2523,1639,884,1728,1392,336,492,255,237
0.5 Scen,2024,457,Tyler County,22151,12365,9786,17372,9054,8318,2526,1640,886,1752,1411,341,501,260,241
0.5 Scen,2025,457,Tyler County,22149,12392,9757,17346,9066,8280,2522,1639,883,1770,1423,347,511,264,247
0.5 Scen,2026,457,Tyler County,22144,12419,9725,17314,9073,8241,2519,1639,880,1792,1439,353,519,268,251
0.5 Scen,2027,457,Tyler County,22137,12448,9689,17287,9083,8204,2512,1638,874,1813,1455,358,525,272,253
0.5 Scen,2028,457,Tyler County,22112,12461,9651,17243,9084,8159,2506,1634,872,1830,1468,362,533,275,258
0.5 Scen,2029,457,Tyler County,22086,12476,9610,17191,9080,8111,2503,1634,869,1853,1485,368,539,277,262
0.5 Scen,2030,457,Tyler County,22062,12496,9566,17139,9079,8060,2503,1637,866,1871,1497,374,549,283,266
0.5 Scen,2031,457,Tyler County,22024,12506,9518,17076,9070,8006,2500,1639,861,1893,1512,381,555,285,270
0.5 Scen,2032,457,Tyler County,21981,12515,9466,17008,9060,7948,2495,1639,856,1912,1525,387,566,291,275
0.5 Scen,2033,457,Tyler County,21941,12521,9420,16946,9048,7898,2489,1638,851,1934,1541,393,572,294,278
0.5 Scen,2034,457,Tyler County,21880,12517,9363,16872,9033,7839,2479,1635,844,1947,1551,396,582,298,284
0.5 Scen,2035,457,Tyler County,21822,12516,9306,16799,9020,7779,2466,1628,838,1966,1566,400,591,302,289
0.5 Scen,2036,457,Tyler County,21746,12497,9249,16720,8998,7722,2451,1623,828,1979,1573,406,596,303,293
0.5 Scen,2037,457,Tyler County,21686,12495,9191,16646,8983,7663,2442,1619,823,1998,1586,412,600,307,293
0.5 Scen,2038,457,Tyler County,21615,12483,9132,16569,8963,7606,2436,1618,818,2007,1592,415,603,310,293
0.5 Scen,2039,457,Tyler County,21553,12476,9077,16488,8941,7547,2431,1620,811,2021,1601,420,613,314,299
0.5 Scen,2040,457,Tyler County,21479,12464,9015,16399,8916,7483,2420,1618,802,2038,1613,425,622,317,305
0.5 Scen,2041,457,Tyler County,21409,12446,8963,16322,8895,7427,2409,1613,796,2048,1618,430,630,320,310
0.5 Scen,2042,457,Tyler County,21357,12438,8919,16249,8873,7376,2399,1608,791,2067,1631,436,642,326,316
0.5 Scen,2043,457,Tyler County,21289,12414,8875,16173,8845,7328,2386,1600,786,2081,1640,441,649,329,320
0.5 Scen,2044,457,Tyler County,21216,12392,8824,16095,8820,7275,2370,1591,779,2094,1649,445,657,332,325
0.5 Scen,2045,457,Tyler County,21151,12377,8774,16021,8797,7224,2356,1583,773,2108,1661,447,666,336,330
0.5 Scen,2046,457,Tyler County,21072,12350,8722,15947,8773,7174,2337,1571,766,2116,1666,450,672,340,332
0.5 Scen,2047,457,Tyler County,21000,12322,8678,15881,8754,7127,2318,1555,763,2122,1669,453,679,344,335
0.5 Scen,2048,457,Tyler County,20928,12298,8630,15809,8727,7082,2303,1548,755,2130,1673,457,686,350,336
0.5 Scen,2049,457,Tyler County,20850,12262,8588,15742,8703,7039,2284,1534,750,2132,1671,461,692,354,338
0.5 Scen,2050,457,Tyler County,20772,12223,8549,15683,8686,6997,2260,1513,747,2134,1669,465,695,355,340
0.5 Scen,2010,459,Upshur County,39309,19462,19847,32257,15966,16291,3388,1618,1770,2613,1360,1253,1051,518,533
0.5 Scen,2011,459,Upshur County,39623,19626,19997,32430,16059,16371,3415,1629,1786,2707,1409,1298,1071,529,542
0.5 Scen,2012,459,Upshur County,39948,19788,20160,32617,16148,16469,3440,1642,1798,2807,1460,1347,1084,538,546
0.5 Scen,2013,459,Upshur County,40256,19939,20317,32780,16225,16555,3460,1651,1809,2912,1514,1398,1104,549,555
0.5 Scen,2014,459,Upshur County,40572,20090,20482,32949,16303,16646,3477,1657,1820,3023,1568,1455,1123,562,561
0.5 Scen,2015,459,Upshur County,40887,20253,20634,33122,16393,16729,3487,1662,1825,3130,1623,1507,1148,575,573
0.5 Scen,2016,459,Upshur County,41196,20409,20787,33282,16475,16807,3503,1670,1833,3243,1678,1565,1168,586,582
0.5 Scen,2017,459,Upshur County,41504,20576,20928,33436,16556,16880,3513,1678,1835,3366,1743,1623,1189,599,590
0.5 Scen,2018,459,Upshur County,41807,20737,21070,33574,16627,16947,3525,1684,1841,3493,1810,1683,1215,616,599
0.5 Scen,2019,459,Upshur County,42106,20895,21211,33716,16701,17015,3535,1689,1846,3618,1878,1740,1237,627,610
0.5 Scen,2020,459,Upshur County,42411,21052,21359,33858,16778,17080,3551,1694,1857,3745,1943,1802,1257,637,620
0.5 Scen,2021,459,Upshur County,42724,21211,21513,33996,16849,17147,3561,1695,1866,3887,2017,1870,1280,650,630
0.5 Scen,2022,459,Upshur County,43035,21374,21661,34128,16914,17214,3574,1700,1874,4029,2094,1935,1304,666,638
0.5 Scen,2023,459,Upshur County,43352,21537,21815,34254,16979,17275,3584,1700,1884,4178,2172,2006,1336,686,650
0.5 Scen,2024,459,Upshur County,43650,21687,21963,34356,17033,17323,3592,1701,1891,4334,2251,2083,1368,702,666
0.5 Scen,2025,459,Upshur County,43972,21850,22122,34473,17092,17381,3608,1709,1899,4497,2337,2160,1394,712,682
0.5 Scen,2026,459,Upshur County,44286,22010,22276,34574,17148,17426,3615,1710,1905,4667,2423,2244,1430,729,701
0.5 Scen,2027,459,Upshur County,44594,22162,22432,34668,17195,17473,3623,1710,1913,4841,2512,2329,1462,745,717
0.5 Scen,2028,459,Upshur County,44901,22328,22573,34754,17241,17513,3628,1719,1909,5020,2604,2416,1499,764,735
0.5 Scen,2029,459,Upshur County,45204,22501,22703,34842,17294,17548,3627,1723,1904,5190,2691,2499,1545,793,752
0.5 Scen,2030,459,Upshur County,45500,22659,22841,34904,17334,17570,3633,1726,1907,5380,2788,2592,1583,811,772
0.5 Scen,2031,459,Upshur County,45808,22832,22976,34964,17373,17591,3630,1729,1901,5584,2894,2690,1630,836,794
0.5 Scen,2032,459,Upshur County,46098,22993,23105,35001,17399,17602,3629,1733,1896,5792,3000,2792,1676,861,815
0.5 Scen,2033,459,Upshur County,46383,23155,23228,35029,17422,17607,3627,1736,1891,5999,3106,2893,1728,891,837
0.5 Scen,2034,459,Upshur County,46642,23302,23340,35035,17436,17599,3630,1739,1891,6200,3208,2992,1777,919,858
0.5 Scen,2035,459,Upshur County,46917,23451,23466,35043,17449,17594,3642,1747,1895,6408,3309,3099,1824,946,878
0.5 Scen,2036,459,Upshur County,47188,23598,23590,35037,17452,17585,3648,1754,1894,6627,3415,3212,1876,977,899
0.5 Scen,2037,459,Upshur County,47454,23749,23705,35024,17453,17571,3661,1764,1897,6849,3527,3322,1920,1005,915
0.5 Scen,2038,459,Upshur County,47722,23898,23824,35002,17453,17549,3670,1770,1900,7081,3643,3438,1969,1032,937
0.5 Scen,2039,459,Upshur County,47984,24038,23946,34971,17441,17530,3677,1780,1897,7303,3753,3550,2033,1064,969
0.5 Scen,2040,459,Upshur County,48254,24190,24064,34946,17442,17504,3682,1785,1897,7537,3869,3668,2089,1094,995
0.5 Scen,2041,459,Upshur County,48491,24318,24173,34898,17427,17471,3684,1787,1897,7766,3982,3784,2143,1122,1021
0.5 Scen,2042,459,Upshur County,48742,24453,24289,34841,17410,17431,3690,1791,1899,8007,4099,3908,2204,1153,1051
0.5 Scen,2043,459,Upshur County,48993,24599,24394,34790,17399,17391,3695,1798,1897,8254,4220,4034,2254,1182,1072
0.5 Scen,2044,459,Upshur County,49251,24757,24494,34721,17379,17342,3702,1812,1890,8516,4353,4163,2312,1213,1099
0.5 Scen,2045,459,Upshur County,49525,24916,24609,34653,17361,17292,3720,1824,1896,8785,4489,4296,2367,1242,1125
0.5 Scen,2046,459,Upshur County,49832,25096,24736,34602,17353,17249,3742,1840,1902,9058,4624,4434,2430,1279,1151
0.5 Scen,2047,459,Upshur County,50099,25257,24842,34532,17337,17195,3753,1852,1901,9322,4754,4568,2492,1314,1178
0.5 Scen,2048,459,Upshur County,50395,25420,24975,34477,17326,17151,3778,1868,1910,9595,4886,4709,2545,1340,1205
0.5 Scen,2049,459,Upshur County,50688,25586,25102,34416,17315,17101,3788,1875,1913,9884,5030,4854,2600,1366,1234
0.5 Scen,2050,459,Upshur County,51008,25778,25230,34357,17306,17051,3800,1889,1911,10181,5180,5001,2670,1403,1267
0.5 Scen,2010,461,Upton County,3355,1675,1680,1611,816,795,49,21,28,1644,812,832,51,26,25
0.5 Scen,2011,461,Upton County,3391,1695,1696,1617,819,798,49,21,28,1674,829,845,51,26,25
0.5 Scen,2012,461,Upton County,3428,1714,1714,1626,823,803,49,21,28,1702,844,858,51,26,25
0.5 Scen,2013,461,Upton County,3464,1735,1729,1631,827,804,49,21,28,1733,861,872,51,26,25
0.5 Scen,2014,461,Upton County,3498,1754,1744,1634,828,806,49,21,28,1764,879,885,51,26,25
0.5 Scen,2015,461,Upton County,3532,1771,1761,1638,829,809,49,21,28,1794,895,899,51,26,25
0.5 Scen,2016,461,Upton County,3566,1790,1776,1639,831,808,49,21,28,1827,912,915,51,26,25
0.5 Scen,2017,461,Upton County,3600,1813,1787,1641,834,807,48,21,27,1860,932,928,51,26,25
0.5 Scen,2018,461,Upton County,3636,1833,1803,1647,836,811,48,21,27,1890,950,940,51,26,25
0.5 Scen,2019,461,Upton County,3671,1853,1818,1649,837,812,48,21,27,1923,969,954,51,26,25
0.5 Scen,2020,461,Upton County,3701,1871,1830,1654,841,813,48,21,27,1948,983,965,51,26,25
0.5 Scen,2021,461,Upton County,3738,1891,1847,1658,844,814,48,21,27,1981,1000,981,51,26,25
0.5 Scen,2022,461,Upton County,3765,1904,1861,1661,845,816,47,21,26,2007,1012,995,50,26,24
0.5 Scen,2023,461,Upton County,3799,1922,1877,1662,845,817,48,22,26,2039,1029,1010,50,26,24
0.5 Scen,2024,461,Upton County,3834,1943,1891,1662,846,816,49,22,27,2073,1049,1024,50,26,24
0.5 Scen,2025,461,Upton County,3861,1959,1902,1656,845,811,50,23,27,2106,1066,1040,49,25,24
0.5 Scen,2026,461,Upton County,3891,1973,1918,1652,842,810,52,23,29,2137,1083,1054,50,25,25
0.5 Scen,2027,461,Upton County,3929,1996,1933,1657,846,811,53,24,29,2168,1100,1068,51,26,25
0.5 Scen,2028,461,Upton County,3962,2011,1951,1656,846,810,54,24,30,2199,1115,1084,53,26,27
0.5 Scen,2029,461,Upton County,3989,2024,1965,1652,842,810,54,24,30,2229,1131,1098,54,27,27
0.5 Scen,2030,461,Upton County,4022,2043,1979,1650,843,807,55,24,31,2262,1149,1113,55,27,28
0.5 Scen,2031,461,Upton County,4054,2057,1997,1647,838,809,56,25,31,2295,1166,1129,56,28,28
0.5 Scen,2032,461,Upton County,4080,2071,2009,1639,835,804,56,25,31,2328,1183,1145,57,28,29
0.5 Scen,2033,461,Upton County,4106,2079,2027,1633,826,807,56,25,31,2360,1200,1160,57,28,29
0.5 Scen,2034,461,Upton County,4124,2086,2038,1629,824,805,56,25,31,2381,1209,1172,58,28,30
0.5 Scen,2035,461,Upton County,4138,2097,2041,1622,821,801,56,25,31,2402,1223,1179,58,28,30
0.5 Scen,2036,461,Upton County,4146,2101,2045,1606,813,793,55,25,30,2427,1236,1191,58,27,31
0.5 Scen,2037,461,Upton County,4157,2110,2047,1593,805,788,54,25,29,2451,1252,1199,59,28,31
0.5 Scen,2038,461,Upton County,4168,2119,2049,1578,800,778,53,25,28,2477,1266,1211,60,28,32
0.5 Scen,2039,461,Upton County,4185,2128,2057,1568,792,776,52,25,27,2506,1283,1223,59,28,31
0.5 Scen,2040,461,Upton County,4200,2135,2065,1558,786,772,52,25,27,2530,1296,1234,60,28,32
0.5 Scen,2041,461,Upton County,4210,2142,2068,1548,781,767,50,24,26,2552,1309,1243,60,28,32
0.5 Scen,2042,461,Upton County,4231,2158,2073,1544,779,765,49,24,25,2578,1327,1251,60,28,32
0.5 Scen,2043,461,Upton County,4254,2169,2085,1543,776,767,48,23,25,2603,1342,1261,60,28,32
0.5 Scen,2044,461,Upton County,4276,2183,2093,1538,774,764,46,22,24,2633,1360,1273,59,27,32
0.5 Scen,2045,461,Upton County,4300,2198,2102,1533,772,761,45,21,24,2663,1378,1285,59,27,32
0.5 Scen,2046,461,Upton County,4316,2210,2106,1523,765,758,44,20,24,2690,1398,1292,59,27,32
0.5 Scen,2047,461,Upton County,4335,2220,2115,1518,762,756,43,19,24,2716,1413,1303,58,26,32
0.5 Scen,2048,461,Upton County,4363,2238,2125,1514,761,753,43,19,24,2748,1432,1316,58,26,32
0.5 Scen,2049,461,Upton County,4381,2251,2130,1507,759,748,42,18,24,2775,1448,1327,57,26,31
0.5 Scen,2050,461,Upton County,4410,2268,2142,1504,759,745,42,18,24,2807,1465,1342,57,26,31
0.5 Scen,2010,463,Uvalde County,26405,12909,13496,7666,3738,3928,110,68,42,18299,8944,9355,330,159,171
0.5 Scen,2011,463,Uvalde County,26599,13010,13589,7625,3718,3907,111,69,42,18530,9062,9468,333,161,172
0.5 Scen,2012,463,Uvalde County,26834,13128,13706,7585,3700,3885,112,69,43,18797,9194,9603,340,165,175
0.5 Scen,2013,463,Uvalde County,27052,13248,13804,7537,3678,3859,113,70,43,19057,9330,9727,345,170,175
0.5 Scen,2014,463,Uvalde County,27275,13366,13909,7495,3661,3834,113,70,43,19316,9462,9854,351,173,178
0.5 Scen,2015,463,Uvalde County,27499,13482,14017,7457,3646,3811,114,71,43,19569,9588,9981,359,177,182
0.5 Scen,2016,463,Uvalde County,27729,13598,14131,7422,3625,3797,116,72,44,19824,9720,10104,367,181,186
0.5 Scen,2017,463,Uvalde County,27960,13720,14240,7391,3609,3782,117,72,45,20076,9854,10222,376,185,191
0.5 Scen,2018,463,Uvalde County,28205,13853,14352,7362,3597,3765,120,74,46,20340,9994,10346,383,188,195
0.5 Scen,2019,463,Uvalde County,28443,13980,14463,7334,3582,3752,121,74,47,20600,10133,10467,388,191,197
0.5 Scen,2020,463,Uvalde County,28703,14114,14589,7307,3570,3737,124,75,49,20875,10274,10601,397,195,202
0.5 Scen,2021,463,Uvalde County,28942,14249,14693,7279,3557,3722,126,77,49,21136,10418,10718,401,197,204
0.5 Scen,2022,463,Uvalde County,29204,14390,14814,7254,3545,3709,126,76,50,21410,10563,10847,414,206,208
0.5 Scen,2023,463,Uvalde County,29482,14538,14944,7245,3544,3701,129,77,52,21686,10707,10979,422,210,212
0.5 Scen,2024,463,Uvalde County,29747,14688,15059,7225,3537,3688,133,80,53,21961,10857,11104,428,214,214
0.5 Scen,2025,463,Uvalde County,30024,14831,15193,7212,3530,3682,133,79,54,22241,11002,11239,438,220,218
0.5 Scen,2026,463,Uvalde County,30272,14973,15299,7187,3526,3661,137,82,55,22505,11141,11364,443,224,219
0.5 Scen,2027,463,Uvalde County,30543,15119,15424,7173,3519,3654,139,83,56,22777,11286,11491,454,231,223
0.5 Scen,2028,463,Uvalde County,30792,15259,15533,7155,3520,3635,141,84,57,23033,11420,11613,463,235,228
0.5 Scen,2029,463,Uvalde County,31038,15389,15649,7126,3507,3619,143,85,58,23299,11558,11741,470,239,231
0.5 Scen,2030,463,Uvalde County,31267,15515,15752,7091,3493,3598,144,85,59,23557,11696,11861,475,241,234
0.5 Scen,2031,463,Uvalde County,31490,15639,15851,7057,3478,3579,146,86,60,23806,11832,11974,481,243,238
0.5 Scen,2032,463,Uvalde County,31692,15753,15939,7015,3459,3556,148,87,61,24048,11963,12085,481,244,237
0.5 Scen,2033,463,Uvalde County,31903,15876,16027,6979,3445,3534,150,88,62,24286,12095,12191,488,248,240
0.5 Scen,2034,463,Uvalde County,32106,15989,16117,6932,3426,3506,151,88,63,24530,12224,12306,493,251,242
0.5 Scen,2035,463,Uvalde County,32306,16106,16200,6890,3410,3480,151,88,63,24765,12354,12411,500,254,246
0.5 Scen,2036,463,Uvalde County,32500,16225,16275,6851,3399,3452,151,87,64,24994,12482,12512,504,257,247
0.5 Scen,2037,463,Uvalde County,32705,16345,16360,6806,3380,3426,151,87,64,25241,12618,12623,507,260,247
0.5 Scen,2038,463,Uvalde County,32916,16464,16452,6764,3360,3404,149,85,64,25498,12759,12739,505,260,245
0.5 Scen,2039,463,Uvalde County,33120,16586,16534,6722,3345,3377,150,86,64,25735,12892,12843,513,263,250
0.5 Scen,2040,463,Uvalde County,33323,16707,16616,6682,3329,3353,152,87,65,25974,13026,12948,515,265,250
0.5 Scen,2041,463,Uvalde County,33524,16828,16696,6647,3315,3332,151,87,64,26204,13155,13049,522,271,251
0.5 Scen,2042,463,Uvalde County,33733,16948,16785,6612,3304,3308,152,87,65,26440,13282,13158,529,275,254
0.5 Scen,2043,463,Uvalde County,33951,17080,16871,6586,3296,3290,152,88,64,26678,13418,13260,535,278,257
0.5 Scen,2044,463,Uvalde County,34167,17198,16969,6557,3286,3271,152,87,65,26915,13544,13371,543,281,262
0.5 Scen,2045,463,Uvalde County,34386,17324,17062,6535,3281,3254,154,88,66,27149,13671,13478,548,284,264
0.5 Scen,2046,463,Uvalde County,34619,17455,17164,6516,3277,3239,156,89,67,27393,13801,13592,554,288,266
0.5 Scen,2047,463,Uvalde County,34843,17583,17260,6504,3278,3226,155,87,68,27624,13925,13699,560,293,267
0.5 Scen,2048,463,Uvalde County,35078,17715,17363,6494,3277,3217,155,87,68,27861,14055,13806,568,296,272
0.5 Scen,2049,463,Uvalde County,35320,17850,17470,6489,3279,3210,156,87,69,28098,14183,13915,577,301,276
0.5 Scen,2050,463,Uvalde County,35545,17980,17565,6483,3277,3206,157,87,70,28322,14311,14011,583,305,278
0.5 Scen,2010,465,Val Verde County,48879,24519,24360,8548,4682,3866,563,332,231,39199,19226,19973,569,279,290
0.5 Scen,2011,465,Val Verde County,49460,24826,24634,8585,4700,3885,572,337,235,39724,19504,20220,579,285,294
0.5 Scen,2012,465,Val Verde County,50031,25131,24900,8610,4712,3898,581,342,239,40251,19787,20464,589,290,299
0.5 Scen,2013,465,Val Verde County,50586,25429,25157,8624,4717,3907,588,346,242,40777,20072,20705,597,294,303
0.5 Scen,2014,465,Val Verde County,51160,25734,25426,8624,4716,3908,595,351,244,41332,20368,20964,609,299,310
0.5 Scen,2015,465,Val Verde County,51690,26023,25667,8604,4703,3901,602,355,247,41863,20659,21204,621,306,315
0.5 Scen,2016,465,Val Verde County,52244,26300,25944,8585,4684,3901,611,358,253,42419,20948,21471,629,310,319
0.5 Scen,2017,465,Val Verde County,52788,26588,26200,8555,4663,3892,620,363,257,42974,21246,21728,639,316,323
0.5 Scen,2018,465,Val Verde County,53344,26887,26457,8537,4651,3886,626,365,261,43535,21551,21984,646,320,326
0.5 Scen,2019,465,Val Verde County,53898,27187,26711,8508,4637,3871,636,371,265,44100,21854,22246,654,325,329
0.5 Scen,2020,465,Val Verde County,54457,27484,26973,8485,4620,3865,640,374,266,44668,22158,22510,664,332,332
0.5 Scen,2021,465,Val Verde County,54984,27766,27218,8442,4597,3845,644,376,268,45227,22456,22771,671,337,334
0.5 Scen,2022,465,Val Verde County,55540,28065,27475,8416,4577,3839,649,378,271,45797,22768,23029,678,342,336
0.5 Scen,2023,465,Val Verde County,56082,28353,27729,8371,4550,3821,654,381,273,46370,23073,23297,687,349,338
0.5 Scen,2024,465,Val Verde County,56613,28640,27973,8329,4527,3802,659,383,276,46936,23378,23558,689,352,337
0.5 Scen,2025,465,Val Verde County,57156,28932,28224,8291,4503,3788,662,385,277,47506,23687,23819,697,357,340
0.5 Scen,2026,465,Val Verde County,57705,29227,28478,8251,4480,3771,671,390,281,48080,23997,24083,703,360,343
0.5 Scen,2027,465,Val Verde County,58232,29514,28718,8208,4460,3748,676,391,285,48641,24302,24339,707,361,346
0.5 Scen,2028,465,Val Verde County,58752,29793,28959,8167,4431,3736,679,392,287,49195,24606,24589,711,364,347
0.5 Scen,2029,465,Val Verde County,59291,30076,29215,8137,4413,3724,685,393,292,49756,24905,24851,713,365,348
0.5 Scen,2030,465,Val Verde County,59790,30349,29441,8092,4389,3703,690,396,294,50293,25197,25096,715,367,348
0.5 Scen,2031,465,Val Verde County,60289,30628,29661,8056,4370,3686,695,399,296,50821,25491,25330,717,368,349
0.5 Scen,2032,465,Val Verde County,60791,30906,29885,8017,4350,3667,695,398,297,51356,25787,25569,723,371,352
0.5 Scen,2033,465,Val Verde County,61266,31173,30093,7983,4332,3651,697,399,298,51863,26070,25793,723,372,351
0.5 Scen,2034,465,Val Verde County,61770,31456,30314,7946,4315,3631,702,400,302,52398,26368,26030,724,373,351
0.5 Scen,2035,465,Val Verde County,62273,31732,30541,7918,4297,3621,706,400,306,52920,26658,26262,729,377,352
0.5 Scen,2036,465,Val Verde County,62764,32014,30750,7885,4280,3605,707,400,307,53440,26955,26485,732,379,353
0.5 Scen,2037,465,Val Verde County,63263,32286,30977,7857,4262,3595,711,402,309,53962,27241,26721,733,381,352
0.5 Scen,2038,465,Val Verde County,63772,32569,31203,7828,4249,3579,713,401,312,54496,27538,26958,735,381,354
0.5 Scen,2039,465,Val Verde County,64256,32839,31417,7798,4232,3566,714,400,314,55014,27829,27185,730,378,352
0.5 Scen,2040,465,Val Verde County,64750,33114,31636,7773,4218,3555,713,398,315,55535,28121,27414,729,377,352
0.5 Scen,2041,465,Val Verde County,65264,33400,31864,7745,4201,3544,712,396,316,56079,28425,27654,728,378,350
0.5 Scen,2042,465,Val Verde County,65765,33680,32085,7712,4183,3529,709,392,317,56613,28725,27888,731,380,351
0.5 Scen,2043,465,Val Verde County,66240,33945,32295,7674,4162,3512,697,383,314,57132,29015,28117,737,385,352
0.5 Scen,2044,465,Val Verde County,66736,34219,32517,7643,4141,3502,692,381,311,57664,29312,28352,737,385,352
0.5 Scen,2045,465,Val Verde County,67215,34495,32720,7599,4120,3479,688,378,310,58188,29609,28579,740,388,352
0.5 Scen,2046,465,Val Verde County,67728,34780,32948,7569,4099,3470,680,375,305,58733,29915,28818,746,391,355
0.5 Scen,2047,465,Val Verde County,68210,35050,33160,7527,4075,3452,677,372,305,59256,30209,29047,750,394,356
0.5 Scen,2048,465,Val Verde County,68692,35325,33367,7479,4051,3428,674,369,305,59786,30507,29279,753,398,355
0.5 Scen,2049,465,Val Verde County,69180,35593,33587,7441,4030,3411,671,364,307,60312,30800,29512,756,399,357
0.5 Scen,2050,465,Val Verde County,69644,35858,33786,7391,4005,3386,670,363,307,60824,31090,29734,759,400,359
0.5 Scen,2010,467,Van Zandt County,52579,25863,26716,45087,21901,23186,1403,699,704,4847,2651,2196,1242,612,630
0.5 Scen,2011,467,Van Zandt County,52855,26011,26844,45206,21976,23230,1411,706,705,4979,2711,2268,1259,618,641
0.5 Scen,2012,467,Van Zandt County,53167,26162,27005,45350,22049,23301,1420,713,707,5126,2778,2348,1271,622,649
0.5 Scen,2013,467,Van Zandt County,53465,26312,27153,45479,22120,23359,1435,721,714,5266,2844,2422,1285,627,658
0.5 Scen,2014,467,Van Zandt County,53770,26470,27300,45614,22198,23416,1444,727,717,5409,2912,2497,1303,633,670
0.5 Scen,2015,467,Van Zandt County,54101,26638,27463,45767,22278,23489,1455,736,719,5563,2984,2579,1316,640,676
0.5 Scen,2016,467,Van Zandt County,54431,26798,27633,45906,22350,23556,1466,743,723,5731,3062,2669,1328,643,685
0.5 Scen,2017,467,Van Zandt County,54765,26966,27799,46036,22422,23614,1480,751,729,5903,3142,2761,1346,651,695
0.5 Scen,2018,467,Van Zandt County,55095,27134,27961,46178,22498,23680,1485,754,731,6073,3224,2849,1359,658,701
0.5 Scen,2019,467,Van Zandt County,55446,27315,28131,46322,22580,23742,1500,764,736,6249,3306,2943,1375,665,710
0.5 Scen,2020,467,Van Zandt County,55778,27480,28298,46449,22646,23803,1508,770,738,6430,3390,3040,1391,674,717
0.5 Scen,2021,467,Van Zandt County,56104,27634,28470,46574,22707,23867,1515,775,740,6617,3477,3140,1398,675,723
0.5 Scen,2022,467,Van Zandt County,56437,27795,28642,46701,22774,23927,1524,780,744,6798,3555,3243,1414,686,728
0.5 Scen,2023,467,Van Zandt County,56766,27954,28812,46815,22834,23981,1534,785,749,6994,3646,3348,1423,689,734
0.5 Scen,2024,467,Van Zandt County,57072,28105,28967,46900,22880,24020,1540,787,753,7200,3742,3458,1432,696,736
0.5 Scen,2025,467,Van Zandt County,57394,28268,29126,46988,22935,24053,1545,789,756,7410,3837,3573,1451,707,744
0.5 Scen,2026,467,Van Zandt County,57688,28417,29271,47051,22982,24069,1546,789,757,7625,3930,3695,1466,716,750
0.5 Scen,2027,467,Van Zandt County,57970,28560,29410,47099,23019,24080,1541,786,755,7846,4030,3816,1484,725,759
0.5 Scen,2028,467,Van Zandt County,58220,28691,29529,47137,23056,24081,1528,780,748,8054,4122,3932,1501,733,768
0.5 Scen,2029,467,Van Zandt County,58478,28823,29655,47158,23082,24076,1522,780,742,8279,4219,4060,1519,742,777
0.5 Scen,2030,467,Van Zandt County,58720,28949,29771,47150,23096,24054,1515,778,737,8511,4322,4189,1544,753,791
0.5 Scen,2031,467,Van Zandt County,58947,29065,29882,47142,23108,24034,1510,776,734,8735,4419,4316,1560,762,798
0.5 Scen,2032,467,Van Zandt County,59159,29166,29993,47113,23105,24008,1501,772,729,8963,4518,4445,1582,771,811
0.5 Scen,2033,467,Van Zandt County,59347,29264,30083,47055,23098,23957,1488,768,720,9197,4617,4580,1607,781,826
0.5 Scen,2034,467,Van Zandt County,59511,29350,30161,46982,23080,23902,1477,765,712,9420,4714,4706,1632,791,841
0.5 Scen,2035,467,Van Zandt County,59659,29426,30233,46882,23050,23832,1467,760,707,9649,4816,4833,1661,800,861
0.5 Scen,2036,467,Van Zandt County,59833,29517,30316,46801,23031,23770,1463,756,707,9884,4921,4963,1685,809,876
0.5 Scen,2037,467,Van Zandt County,59966,29596,30370,46687,22999,23688,1452,752,700,10118,5025,5093,1709,820,889
0.5 Scen,2038,467,Van Zandt County,60103,29661,30442,46577,22963,23614,1439,744,695,10363,5128,5235,1724,826,898
0.5 Scen,2039,467,Van Zandt County,60243,29737,30506,46458,22927,23531,1427,741,686,10611,5235,5376,1747,834,913
0.5 Scen,2040,467,Van Zandt County,60374,29805,30569,46340,22887,23453,1413,734,679,10857,5343,5514,1764,841,923
0.5 Scen,2041,467,Van Zandt County,60504,29880,30624,46202,22851,23351,1402,728,674,11118,5452,5666,1782,849,933
0.5 Scen,2042,467,Van Zandt County,60642,29958,30684,46075,22814,23261,1393,724,669,11376,5570,5806,1798,850,948
0.5 Scen,2043,467,Van Zandt County,60778,30041,30737,45943,22780,23163,1385,720,665,11640,5686,5954,1810,855,955
0.5 Scen,2044,467,Van Zandt County,60906,30111,30795,45796,22733,23063,1377,718,659,11906,5800,6106,1827,860,967
0.5 Scen,2045,467,Van Zandt County,61065,30196,30869,45654,22688,22966,1370,714,656,12187,5923,6264,1854,871,983
0.5 Scen,2046,467,Van Zandt County,61233,30289,30944,45508,22644,22864,1369,715,654,12480,6052,6428,1876,878,998
0.5 Scen,2047,467,Van Zandt County,61403,30381,31022,45371,22607,22764,1366,712,654,12774,6179,6595,1892,883,1009
0.5 Scen,2048,467,Van Zandt County,61572,30477,31095,45228,22564,22664,1357,706,651,13084,6317,6767,1903,890,1013
0.5 Scen,2049,467,Van Zandt County,61763,30582,31181,45102,22529,22573,1351,706,645,13394,6452,6942,1916,895,1021
0.5 Scen,2050,467,Van Zandt County,61957,30680,31277,44976,22488,22488,1346,704,642,13716,6593,7123,1919,895,1024
0.5 Scen,2010,469,Victoria County,86793,42349,44444,41564,20081,21483,5190,2505,2685,38113,18834,19279,1926,929,997
0.5 Scen,2011,469,Victoria County,87390,42666,44724,41455,20045,21410,5223,2523,2700,38750,19150,19600,1962,948,1014
0.5 Scen,2012,469,Victoria County,88081,43010,45071,41391,20010,21381,5280,2548,2732,39409,19488,19921,2001,964,1037
0.5 Scen,2013,469,Victoria County,88817,43384,45433,41340,19991,21349,5340,2576,2764,40071,19822,20249,2066,995,1071
0.5 Scen,2014,469,Victoria County,89515,43744,45771,41263,19969,21294,5384,2594,2790,40748,20158,20590,2120,1023,1097
0.5 Scen,2015,469,Victoria County,90224,44106,46118,41197,19938,21259,5427,2620,2807,41419,20501,20918,2181,1047,1134
0.5 Scen,2016,469,Victoria County,90944,44478,46466,41111,19908,21203,5490,2650,2840,42098,20840,21258,2245,1080,1165
0.5 Scen,2017,469,Victoria County,91670,44859,46811,41028,19880,21148,5546,2681,2865,42787,21188,21599,2309,1110,1199
0.5 Scen,2018,469,Victoria County,92396,45215,47181,40942,19835,21107,5605,2707,2898,43485,21536,21949,2364,1137,1227
0.5 Scen,2019,469,Victoria County,93120,45601,47519,40855,19804,21051,5655,2736,2919,44186,21892,22294,2424,1169,1255
0.5 Scen,2020,469,Victoria County,93902,46000,47902,40776,19772,21004,5723,2764,2959,44906,22256,22650,2497,1208,1289
0.5 Scen,2021,469,Victoria County,94534,46341,48193,40634,19718,20916,5762,2787,2975,45581,22599,22982,2557,1237,1320
0.5 Scen,2022,469,Victoria County,95210,46719,48491,40503,19676,20827,5801,2809,2992,46279,22961,23318,2627,1273,1354
0.5 Scen,2023,469,Victoria County,95882,47090,48792,40365,19626,20739,5843,2833,3010,46974,23321,23653,2700,1310,1390
0.5 Scen,2024,469,Victoria County,96551,47459,49092,40209,19564,20645,5886,2862,3024,47676,23681,23995,2780,1352,1428
0.5 Scen,2025,469,Victoria County,97214,47826,49388,40048,19508,20540,5924,2883,3041,48378,24038,24340,2864,1397,1467
0.5 Scen,2026,469,Victoria County,97887,48195,49692,39897,19447,20450,5961,2905,3056,49070,24398,24672,2959,1445,1514
0.5 Scen,2027,469,Victoria County,98530,48550,49980,39719,19380,20339,5995,2929,3066,49764,24746,25018,3052,1495,1557
0.5 Scen,2028,469,Victoria County,99206,48914,50292,39547,19311,20236,6039,2952,3087,50466,25106,25360,3154,1545,1609
0.5 Scen,2029,469,Victoria County,99819,49265,50554,39346,19230,20116,6072,2972,3100,51150,25466,25684,3251,1597,1654
0.5 Scen,2030,469,Victoria County,100465,49612,50853,39147,19147,20000,6116,2994,3122,51851,25824,26027,3351,1647,1704
0.5 Scen,2031,469,Victoria County,101055,49943,51112,38936,19059,19877,6150,3014,3136,52525,26174,26351,3444,1696,1748
0.5 Scen,2032,469,Victoria County,101631,50272,51359,38711,18972,19739,6193,3038,3155,53177,26513,26664,3550,1749,1801
0.5 Scen,2033,469,Victoria County,102184,50581,51603,38487,18877,19610,6228,3059,3169,53819,26843,26976,3650,1802,1848
0.5 Scen,2034,469,Victoria County,102730,50898,51832,38243,18774,19469,6262,3077,3185,54470,27192,27278,3755,1855,1900
0.5 Scen,2035,469,Victoria County,103243,51191,52052,37997,18671,19326,6292,3096,3196,55102,27517,27585,3852,1907,1945
0.5 Scen,2036,469,Victoria County,103732,51477,52255,37743,18568,19175,6323,3113,3210,55706,27833,27873,3960,1963,1997
0.5 Scen,2037,469,Victoria County,104258,51769,52489,37499,18468,19031,6362,3131,3231,56326,28151,28175,4071,2019,2052
0.5 Scen,2038,469,Victoria County,104755,52054,52701,37244,18358,18886,6395,3148,3247,56928,28472,28456,4188,2076,2112
0.5 Scen,2039,469,Victoria County,105259,52341,52918,36992,18253,18739,6431,3164,3267,57536,28789,28747,4300,2135,2165
0.5 Scen,2040,469,Victoria County,105735,52608,53127,36725,18138,18587,6465,3183,3282,58122,29094,29028,4423,2193,2230
0.5 Scen,2041,469,Victoria County,106221,52888,53333,36476,18033,18443,6490,3196,3294,58707,29405,29302,4548,2254,2294
0.5 Scen,2042,469,Victoria County,106720,53163,53557,36216,17919,18297,6530,3216,3314,59296,29709,29587,4678,2319,2359
0.5 Scen,2043,469,Victoria County,107195,53430,53765,35962,17814,18148,6561,3230,3331,59871,30011,29860,4801,2375,2426
0.5 Scen,2044,469,Victoria County,107689,53712,53977,35706,17705,18001,6595,3246,3349,60453,30321,30132,4935,2440,2495
0.5 Scen,2045,469,Victoria County,108178,53993,54185,35449,17601,17848,6634,3268,3366,61020,30617,30403,5075,2507,2568
0.5 Scen,2046,469,Victoria County,108684,54280,54404,35209,17501,17708,6672,3287,3385,61585,30915,30670,5218,2577,2641
0.5 Scen,2047,469,Victoria County,109208,54585,54623,34972,17405,17567,6713,3310,3403,62160,31225,30935,5363,2645,2718
0.5 Scen,2048,469,Victoria County,109759,54903,54856,34752,17320,17432,6756,3331,3425,62728,31528,31200,5523,2724,2799
0.5 Scen,2049,469,Victoria County,110298,55210,55088,34537,17235,17302,6784,3345,3439,63298,31830,31468,5679,2800,2879
0.5 Scen,2050,469,Victoria County,110868,55531,55337,34326,17150,17176,6825,3369,3456,63870,32132,31738,5847,2880,2967
0.5 Scen,2010,471,Walker County,67861,40007,27854,39671,22270,17401,15098,9761,5337,11389,7110,4279,1703,866,837
0.5 Scen,2011,471,Walker County,68322,40264,28058,39751,22324,17427,15200,9816,5384,11606,7225,4381,1765,899,866
0.5 Scen,2012,471,Walker County,68728,40484,28244,39784,22352,17432,15292,9866,5426,11819,7331,4488,1833,935,898
0.5 Scen,2013,471,Walker County,69114,40676,28438,39798,22346,17452,15376,9916,5460,12041,7444,4597,1899,970,929
0.5 Scen,2014,471,Walker County,69466,40857,28609,39770,22330,17440,15462,9966,5496,12264,7553,4711,1970,1008,962
0.5 Scen,2015,471,Walker County,69829,41033,28796,39761,22316,17445,15539,10005,5534,12492,7669,4823,2037,1043,994
0.5 Scen,2016,471,Walker County,70266,41262,29004,39801,22339,17462,15626,10052,5574,12729,7789,4940,2110,1082,1028
0.5 Scen,2017,471,Walker County,70749,41510,29239,39857,22365,17492,15716,10103,5613,12981,7916,5065,2195,1126,1069
0.5 Scen,2018,471,Walker County,71236,41742,29494,39924,22380,17544,15813,10150,5663,13228,8044,5184,2271,1168,1103
0.5 Scen,2019,471,Walker County,71751,41997,29754,39998,22412,17586,15904,10195,5709,13480,8175,5305,2369,1215,1154
0.5 Scen,2020,471,Walker County,72239,42254,29985,40060,22437,17623,15992,10250,5742,13726,8306,5420,2461,1261,1200
0.5 Scen,2021,471,Walker County,72674,42472,30202,40083,22447,17636,16075,10293,5782,13963,8428,5535,2553,1304,1249
0.5 Scen,2022,471,Walker County,73087,42685,30402,40089,22445,17644,16142,10329,5813,14212,8562,5650,2644,1349,1295
0.5 Scen,2023,471,Walker County,73515,42909,30606,40097,22442,17655,16223,10379,5844,14454,8688,5766,2741,1400,1341
0.5 Scen,2024,471,Walker County,73909,43108,30801,40084,22423,17661,16297,10423,5874,14690,8814,5876,2838,1448,1390
0.5 Scen,2025,471,Walker County,74321,43313,31008,40081,22413,17668,16367,10461,5906,14940,8944,5996,2933,1495,1438
0.5 Scen,2026,471,Walker County,74714,43515,31199,40061,22404,17657,16426,10493,5933,15195,9076,6119,3032,1542,1490
0.5 Scen,2027,471,Walker County,75098,43714,31384,40035,22393,17642,16494,10526,5968,15434,9200,6234,3135,1595,1540
0.5 Scen,2028,471,Walker County,75484,43913,31571,39989,22369,17620,16563,10563,6000,15689,9332,6357,3243,1649,1594
0.5 Scen,2029,471,Walker County,75834,44095,31739,39929,22344,17585,16614,10585,6029,15934,9459,6475,3357,1707,1650
0.5 Scen,2030,471,Walker County,76209,44289,31920,39868,22310,17558,16680,10620,6060,16189,9595,6594,3472,1764,1708
0.5 Scen,2031,471,Walker County,76548,44468,32080,39786,22272,17514,16733,10645,6088,16444,9728,6716,3585,1823,1762
0.5 Scen,2032,471,Walker County,76862,44638,32224,39686,22227,17459,16780,10666,6114,16695,9863,6832,3701,1882,1819
0.5 Scen,2033,471,Walker County,77171,44796,32375,39572,22174,17398,16815,10675,6140,16957,10002,6955,3827,1945,1882
0.5 Scen,2034,471,Walker County,77486,44959,32527,39444,22109,17335,16870,10698,6172,17213,10140,7073,3959,2012,1947
0.5 Scen,2035,471,Walker County,77803,45129,32674,39314,22046,17268,16912,10714,6198,17476,10285,7191,4101,2084,2017
0.5 Scen,2036,471,Walker County,78085,45274,32811,39161,21970,17191,16944,10725,6219,17732,10422,7310,4248,2157,2091
0.5 Scen,2037,471,Walker County,78385,45431,32954,39012,21894,17118,16970,10737,6233,17998,10567,7431,4405,2233,2172
0.5 Scen,2038,471,Walker County,78678,45577,33101,38844,21807,17037,16991,10738,6253,18262,10710,7552,4581,2322,2259
0.5 Scen,2039,471,Walker County,78957,45707,33250,38676,21715,16961,17009,10737,6272,18523,10850,7673,4749,2405,2344
0.5 Scen,2040,471,Walker County,79290,45874,33416,38516,21628,16888,17043,10750,6293,18790,10993,7797,4941,2503,2438
0.5 Scen,2041,471,Walker County,79601,46023,33578,38342,21533,16809,17068,10755,6313,19055,11134,7921,5136,2601,2535
0.5 Scen,2042,471,Walker County,79915,46178,33737,38175,21440,16735,17085,10757,6328,19324,11280,8044,5331,2701,2630
0.5 Scen,2043,471,Walker County,80226,46334,33892,37984,21337,16647,17109,10765,6344,19593,11425,8168,5540,2807,2733
0.5 Scen,2044,471,Walker County,80531,46475,34056,37801,21227,16574,17118,10761,6357,19864,11575,8289,5748,2912,2836
0.5 Scen,2045,471,Walker County,80870,46635,34235,37621,21128,16493,17129,10758,6371,20142,11721,8421,5978,3028,2950
0.5 Scen,2046,471,Walker County,81205,46793,34412,37442,21029,16413,17134,10752,6382,20425,11869,8556,6204,3143,3061
0.5 Scen,2047,471,Walker County,81543,46965,34578,37269,20933,16336,17137,10753,6384,20701,12018,8683,6436,3261,3175
0.5 Scen,2048,471,Walker County,81891,47120,34771,37098,20837,16261,17140,10740,6400,20978,12163,8815,6675,3380,3295
0.5 Scen,2049,471,Walker County,82275,47303,34972,36934,20740,16194,17152,10745,6407,21264,12314,8950,6925,3504,3421
0.5 Scen,2050,471,Walker County,82655,47487,35168,36775,20651,16124,17151,10740,6411,21541,12461,9080,7188,3635,3553
0.5 Scen,2010,473,Waller County,43205,21395,21810,19260,9451,9809,10537,4824,5713,12536,6693,5843,872,427,445
0.5 Scen,2011,473,Waller County,44040,21794,22246,19474,9548,9926,10675,4874,5801,13005,6937,6068,886,435,451
0.5 Scen,2012,473,Waller County,44890,22212,22678,19674,9642,10032,10818,4932,5886,13495,7193,6302,903,445,458
0.5 Scen,2013,473,Waller County,45723,22613,23110,19877,9728,10149,10926,4973,5953,13999,7457,6542,921,455,466
0.5 Scen,2014,473,Waller County,46593,23043,23550,20080,9824,10256,11056,5028,6028,14515,7727,6788,942,464,478
0.5 Scen,2015,473,Waller County,47461,23468,23993,20270,9908,10362,11200,5092,6108,15033,7993,7040,958,475,483
0.5 Scen,2016,473,Waller County,48343,23880,24463,20457,9985,10472,11328,5144,6184,15578,8265,7313,980,486,494
0.5 Scen,2017,473,Waller County,49257,24315,24942,20649,10071,10578,11482,5204,6278,16126,8544,7582,1000,496,504
0.5 Scen,2018,473,Waller County,50185,24759,25426,20828,10151,10677,11641,5270,6371,16696,8832,7864,1020,506,514
0.5 Scen,2019,473,Waller County,51149,25215,25934,21012,10231,10781,11807,5338,6469,17284,9126,8158,1046,520,526
0.5 Scen,2020,473,Waller County,52133,25679,26454,21207,10312,10895,11964,5405,6559,17899,9431,8468,1063,531,532
0.5 Scen,2021,473,Waller County,53076,26137,26939,21378,10395,10983,12086,5456,6630,18528,9743,8785,1084,543,541
0.5 Scen,2022,473,Waller County,54046,26609,27437,21555,10472,11083,12219,5518,6701,19166,10064,9102,1106,555,551
0.5 Scen,2023,473,Waller County,55053,27100,27953,21723,10547,11176,12367,5579,6788,19835,10406,9429,1128,568,560
0.5 Scen,2024,473,Waller County,56055,27587,28468,21889,10617,11272,12509,5637,6872,20506,10752,9754,1151,581,570
0.5 Scen,2025,473,Waller County,57078,28097,28981,22038,10688,11350,12654,5701,6953,21206,11111,10095,1180,597,583
0.5 Scen,2026,473,Waller County,58139,28613,29526,22194,10756,11438,12817,5770,7047,21924,11478,10446,1204,609,595
0.5 Scen,2027,473,Waller County,59205,29129,30076,22320,10808,11512,12980,5835,7145,22670,11859,10811,1235,627,608
0.5 Scen,2028,473,Waller County,60283,29653,30630,22443,10859,11584,13144,5900,7244,23434,12253,11181,1262,641,621
0.5 Scen,2029,473,Waller County,61394,30195,31199,22572,10914,11658,13305,5964,7341,24229,12659,11570,1288,658,630
0.5 Scen,2030,473,Waller County,62492,30719,31773,22675,10952,11723,13454,6026,7428,25047,13073,11974,1316,668,648
0.5 Scen,2031,473,Waller County,63601,31259,32342,22773,10994,11779,13603,6085,7518,25882,13497,12385,1343,683,660
0.5 Scen,2032,473,Waller County,64733,31818,32915,22854,11035,11819,13768,6158,7610,26735,13925,12810,1376,700,676
0.5 Scen,2033,473,Waller County,65881,32374,33507,22923,11062,11861,13939,6230,7709,27613,14366,13247,1406,716,690
0.5 Scen,2034,473,Waller County,67031,32930,34101,22982,11083,11899,14112,6303,7809,28499,14812,13687,1438,732,706
0.5 Scen,2035,473,Waller County,68169,33491,34678,23028,11106,11922,14277,6377,7900,29397,15259,14138,1467,749,718
0.5 Scen,2036,473,Waller County,69333,34060,35273,23067,11129,11938,14454,6451,8003,30312,15717,14595,1500,763,737
0.5 Scen,2037,473,Waller County,70496,34642,35854,23087,11142,11945,14615,6526,8089,31254,16189,15065,1540,785,755
0.5 Scen,2038,473,Waller County,71682,35237,36445,23098,11150,11948,14794,6608,8186,32217,16674,15543,1573,805,768
0.5 Scen,2039,473,Waller County,72876,35832,37044,23109,11160,11949,14974,6689,8285,33182,17159,16023,1611,824,787
0.5 Scen,2040,473,Waller County,74071,36437,37634,23102,11165,11937,15155,6771,8384,34166,17654,16512,1648,847,801
0.5 Scen,2041,473,Waller County,75251,37024,38227,23087,11156,11931,15325,6848,8477,35152,18150,17002,1687,870,817
0.5 Scen,2042,473,Waller County,76461,37629,38832,23074,11154,11920,15510,6934,8576,36151,18650,17501,1726,891,835
0.5 Scen,2043,473,Waller County,77674,38235,39439,23044,11147,11897,15692,7012,8680,37170,19162,18008,1768,914,854
0.5 Scen,2044,473,Waller County,78918,38855,40063,23026,11143,11883,15882,7098,8784,38198,19675,18523,1812,939,873
0.5 Scen,2045,473,Waller County,80179,39485,40694,22993,11132,11861,16073,7187,8886,39257,20205,19052,1856,961,895
0.5 Scen,2046,473,Waller County,81461,40119,41342,22965,11126,11839,16263,7272,8991,40329,20736,19593,1904,985,919
0.5 Scen,2047,473,Waller County,82784,40787,41997,22944,11125,11819,16461,7361,9100,41429,21291,20138,1950,1010,940
0.5 Scen,2048,473,Waller County,84100,41448,42652,22903,11117,11786,16659,7450,9209,42537,21838,20699,2001,1043,958
0.5 Scen,2049,473,Waller County,85461,42124,43337,22883,11119,11764,16866,7540,9326,43662,22396,21266,2050,1069,981
0.5 Scen,2050,473,Waller County,86862,42839,44023,22869,11130,11739,17072,7633,9439,44819,22975,21844,2102,1101,1001
0.5 Scen,2010,475,Ward County,10658,5151,5507,4922,2330,2592,474,241,233,5074,2487,2587,188,93,95
0.5 Scen,2011,475,Ward County,10744,5198,5546,4929,2334,2595,478,244,234,5145,2525,2620,192,95,97
0.5 Scen,2012,475,Ward County,10828,5242,5586,4929,2336,2593,480,246,234,5223,2563,2660,196,97,99
0.5 Scen,2013,475,Ward County,10912,5291,5621,4926,2338,2588,485,248,237,5301,2606,2695,200,99,101
0.5 Scen,2014,475,Ward County,10992,5335,5657,4924,2338,2586,489,250,239,5375,2646,2729,204,101,103
0.5 Scen,2015,475,Ward County,11063,5376,5687,4916,2338,2578,492,253,239,5449,2683,2766,206,102,104
0.5 Scen,2016,475,Ward County,11139,5419,5720,4901,2336,2565,500,256,244,5527,2723,2804,211,104,107
0.5 Scen,2017,475,Ward County,11217,5465,5752,4887,2333,2554,508,261,247,5606,2764,2842,216,107,109
0.5 Scen,2018,475,Ward County,11283,5506,5777,4871,2331,2540,511,264,247,5681,2802,2879,220,109,111
0.5 Scen,2019,475,Ward County,11367,5552,5815,4866,2331,2535,519,268,251,5757,2841,2916,225,112,113
0.5 Scen,2020,475,Ward County,11438,5591,5847,4855,2329,2526,524,271,253,5830,2877,2953,229,114,115
0.5 Scen,2021,475,Ward County,11499,5626,5873,4840,2325,2515,529,272,257,5897,2913,2984,233,116,117
0.5 Scen,2022,475,Ward County,11563,5664,5899,4832,2325,2507,537,275,262,5956,2945,3011,238,119,119
0.5 Scen,2023,475,Ward County,11630,5701,5929,4824,2320,2504,539,277,262,6026,2982,3044,241,122,119
0.5 Scen,2024,475,Ward County,11700,5743,5957,4811,2316,2495,548,282,266,6094,3019,3075,247,126,121
0.5 Scen,2025,475,Ward County,11773,5785,5988,4792,2311,2481,555,286,269,6174,3059,3115,252,129,123
0.5 Scen,2026,475,Ward County,11845,5823,6022,4772,2303,2469,563,291,272,6252,3097,3155,258,132,126
0.5 Scen,2027,475,Ward County,11913,5863,6050,4756,2297,2459,570,295,275,6324,3136,3188,263,135,128
0.5 Scen,2028,475,Ward County,11980,5899,6081,4748,2299,2449,575,297,278,6389,3165,3224,268,138,130
0.5 Scen,2029,475,Ward County,12037,5937,6100,4731,2293,2438,582,301,281,6453,3202,3251,271,141,130
0.5 Scen,2030,475,Ward County,12098,5979,6119,4710,2289,2421,588,305,283,6523,3241,3282,277,144,133
0.5 Scen,2031,475,Ward County,12161,6014,6147,4701,2287,2414,595,309,286,6583,3272,3311,282,146,136
0.5 Scen,2032,475,Ward County,12227,6054,6173,4689,2283,2406,602,313,289,6651,3310,3341,285,148,137
0.5 Scen,2033,475,Ward County,12281,6082,6199,4674,2273,2401,606,315,291,6712,3344,3368,289,150,139
0.5 Scen,2034,475,Ward County,12321,6108,6213,4658,2269,2389,610,316,294,6761,3370,3391,292,153,139
0.5 Scen,2035,475,Ward County,12360,6134,6226,4646,2265,2381,612,317,295,6807,3397,3410,295,155,140
0.5 Scen,2036,475,Ward County,12407,6167,6240,4633,2266,2367,615,319,296,6861,3425,3436,298,157,141
0.5 Scen,2037,475,Ward County,12459,6201,6258,4632,2270,2362,613,317,296,6914,3456,3458,300,158,142
0.5 Scen,2038,475,Ward County,12503,6232,6271,4616,2268,2348,614,316,298,6972,3489,3483,301,159,142
0.5 Scen,2039,475,Ward County,12546,6265,6281,4598,2264,2334,613,317,296,7031,3523,3508,304,161,143
0.5 Scen,2040,475,Ward County,12591,6296,6295,4587,2262,2325,610,317,293,7087,3554,3533,307,163,144
0.5 Scen,2041,475,Ward County,12627,6318,6309,4568,2257,2311,608,313,295,7142,3584,3558,309,164,145
0.5 Scen,2042,475,Ward County,12668,6346,6322,4559,2256,2303,607,312,295,7192,3613,3579,310,165,145
0.5 Scen,2043,475,Ward County,12707,6368,6339,4545,2252,2293,601,307,294,7250,3645,3605,311,164,147
0.5 Scen,2044,475,Ward County,12738,6393,6345,4531,2249,2282,592,305,287,7302,3674,3628,313,165,148
0.5 Scen,2045,475,Ward County,12775,6420,6355,4514,2247,2267,596,307,289,7351,3701,3650,314,165,149
0.5 Scen,2046,475,Ward County,12817,6447,6370,4503,2241,2262,594,307,287,7406,3734,3672,314,165,149
0.5 Scen,2047,475,Ward County,12860,6475,6385,4492,2239,2253,595,307,288,7459,3765,3694,314,164,150
0.5 Scen,2048,475,Ward County,12886,6491,6395,4475,2234,2241,588,301,287,7509,3793,3716,314,163,151
0.5 Scen,2049,475,Ward County,12923,6521,6402,4462,2237,2225,585,297,288,7561,3824,3737,315,163,152
0.5 Scen,2050,475,Ward County,12954,6546,6408,4447,2235,2212,579,294,285,7612,3854,3758,316,163,153
0.5 Scen,2010,477,Washington County,33718,16580,17138,22394,10848,11546,5861,2873,2988,4641,2466,2175,822,393,429
0.5 Scen,2011,477,Washington County,33923,16715,17208,22371,10862,11509,5930,2910,3020,4789,2544,2245,833,399,434
0.5 Scen,2012,477,Washington County,34111,16841,17270,22312,10860,11452,6008,2947,3061,4947,2629,2318,844,405,439
0.5 Scen,2013,477,Washington County,34369,16983,17386,22309,10870,11439,6097,2989,3108,5103,2712,2391,860,412,448
0.5 Scen,2014,477,Washington County,34625,17135,17490,22308,10883,11425,6185,3034,3151,5255,2795,2460,877,423,454
0.5 Scen,2015,477,Washington County,34874,17296,17578,22303,10903,11400,6254,3072,3182,5428,2891,2537,889,430,459
0.5 Scen,2016,477,Washington County,35114,17451,17663,22295,10922,11373,6318,3106,3212,5599,2985,2614,902,438,464
0.5 Scen,2017,477,Washington County,35357,17602,17755,22290,10935,11355,6373,3135,3238,5777,3086,2691,917,446,471
0.5 Scen,2018,477,Washington County,35584,17739,17845,22270,10937,11333,6420,3162,3258,5961,3185,2776,933,455,478
0.5 Scen,2019,477,Washington County,35827,17897,17930,22266,10956,11310,6466,3189,3277,6144,3285,2859,951,467,484
0.5 Scen,2020,477,Washington County,36052,18032,18020,22254,10964,11290,6501,3205,3296,6333,3389,2944,964,474,490
0.5 Scen,2021,477,Washington County,36286,18175,18111,22245,10971,11274,6539,3230,3309,6520,3490,3030,982,484,498
0.5 Scen,2022,477,Washington County,36498,18306,18192,22230,10974,11256,6562,3246,3316,6707,3592,3115,999,494,505
0.5 Scen,2023,477,Washington County,36732,18449,18283,22213,10979,11234,6594,3266,3328,6912,3702,3210,1013,502,511
0.5 Scen,2024,477,Washington County,36960,18584,18376,22188,10978,11210,6621,3285,3336,7118,3808,3310,1033,513,520
0.5 Scen,2025,477,Washington County,37185,18727,18458,22152,10975,11177,6650,3305,3345,7333,3925,3408,1050,522,528
0.5 Scen,2026,477,Washington County,37390,18857,18533,22109,10970,11139,6678,3323,3355,7544,4038,3506,1059,526,533
0.5 Scen,2027,477,Washington County,37596,18991,18605,22054,10959,11095,6711,3346,3365,7760,4152,3608,1071,534,537
0.5 Scen,2028,477,Washington County,37769,19101,18668,21986,10937,11049,6730,3359,3371,7973,4268,3705,1080,537,543
0.5 Scen,2029,477,Washington County,37973,19231,18742,21904,10908,10996,6770,3384,3386,8201,4391,3810,1098,548,550
0.5 Scen,2030,477,Washington County,38145,19348,18797,21826,10885,10941,6787,3399,3388,8422,4507,3915,1110,557,553
0.5 Scen,2031,477,Washington County,38324,19449,18875,21730,10847,10883,6823,3416,3407,8646,4623,4023,1125,563,562
0.5 Scen,2032,477,Washington County,38476,19541,18935,21633,10802,10831,6841,3432,3409,8865,4739,4126,1137,568,569
0.5 Scen,2033,477,Washington County,38615,19631,18984,21514,10752,10762,6859,3446,3413,9093,4860,4233,1149,573,576
0.5 Scen,2034,477,Washington County,38780,19732,19048,21401,10709,10692,6887,3461,3426,9330,4982,4348,1162,580,582
0.5 Scen,2035,477,Washington County,38891,19801,19090,21260,10644,10616,6909,3473,3436,9550,5098,4452,1172,586,586
0.5 Scen,2036,477,Washington County,39021,19886,19135,21118,10585,10533,6944,3497,3447,9778,5214,4564,1181,590,591
0.5 Scen,2037,477,Washington County,39148,19960,19188,20979,10520,10459,6968,3512,3456,10008,5332,4676,1193,596,597
0.5 Scen,2038,477,Washington County,39269,20045,19224,20830,10459,10371,6999,3533,3466,10239,5452,4787,1201,601,600
0.5 Scen,2039,477,Washington County,39378,20120,19258,20676,10390,10286,7015,3548,3467,10475,5575,4900,1212,607,605
0.5 Scen,2040,477,Washington County,39504,20202,19302,20531,10327,10204,7036,3562,3474,10716,5700,5016,1221,613,608
0.5 Scen,2041,477,Washington County,39624,20277,19347,20394,10268,10126,7046,3570,3476,10959,5826,5133,1225,613,612
0.5 Scen,2042,477,Washington County,39743,20357,19386,20252,10210,10042,7049,3579,3470,11210,5951,5259,1232,617,615
0.5 Scen,2043,477,Washington County,39865,20433,19432,20099,10142,9957,7061,3585,3476,11460,6083,5377,1245,623,622
0.5 Scen,2044,477,Washington County,39982,20503,19479,19964,10083,9881,7064,3590,3474,11703,6203,5500,1251,627,624
0.5 Scen,2045,477,Washington County,40117,20590,19527,19823,10022,9801,7074,3599,3475,11958,6336,5622,1262,633,629
0.5 Scen,2046,477,Washington County,40250,20683,19567,19696,9974,9722,7079,3601,3478,12207,6469,5738,1268,639,629
0.5 Scen,2047,477,Washington County,40389,20785,19604,19562,9925,9637,7082,3611,3471,12465,6603,5862,1280,646,634
0.5 Scen,2048,477,Washington County,40527,20870,19657,19432,9866,9566,7082,3619,3463,12720,6731,5989,1293,654,639
0.5 Scen,2049,477,Washington County,40659,20965,19694,19302,9812,9490,7078,3623,3455,12980,6871,6109,1299,659,640
0.5 Scen,2050,477,Washington County,40804,21074,19730,19174,9763,9411,7076,3634,3442,13248,7014,6234,1306,663,643
0.5 Scen,2010,479,Webb County,250304,121488,128816,8345,4634,3711,487,335,152,239653,115600,124053,1819,919,900
0.5 Scen,2011,479,Webb County,255422,124127,131295,8417,4667,3750,493,338,155,244660,118186,126474,1852,936,916
0.5 Scen,2012,479,Webb County,260561,126782,133779,8467,4688,3779,498,341,157,249713,120800,128913,1883,953,930
0.5 Scen,2013,479,Webb County,265748,129474,136274,8529,4719,3810,505,344,161,254794,123439,131355,1920,972,948
0.5 Scen,2014,479,Webb County,271124,132241,138883,8576,4743,3833,513,349,164,260078,126160,133918,1957,989,968
0.5 Scen,2015,479,Webb County,276518,135056,141462,8614,4760,3854,518,351,167,265391,128933,136458,1995,1012,983
0.5 Scen,2016,479,Webb County,282182,137952,144230,8670,4784,3886,531,360,171,270956,131781,139175,2025,1027,998
0.5 Scen,2017,479,Webb County,287998,140952,147046,8730,4814,3916,549,370,179,276647,134717,141930,2072,1051,1021
0.5 Scen,2018,479,Webb County,293787,143980,149807,8783,4840,3943,566,382,184,282324,137686,144638,2114,1072,1042
0.5 Scen,2019,479,Webb County,299798,147077,152721,8841,4867,3974,579,390,189,288225,140726,147499,2153,1094,1059
0.5 Scen,2020,479,Webb County,305881,150210,155671,8893,4894,3999,602,405,197,294198,143801,150397,2188,1110,1078
0.5 Scen,2021,479,Webb County,311904,153327,158577,8932,4911,4021,611,409,202,300149,146881,153268,2212,1126,1086
0.5 Scen,2022,479,Webb County,317946,156500,161446,8975,4930,4045,620,414,206,306111,150015,156096,2240,1141,1099
0.5 Scen,2023,479,Webb County,324068,159663,164405,9015,4944,4071,628,419,209,312161,153139,159022,2264,1161,1103
0.5 Scen,2024,479,Webb County,330281,162890,167391,9047,4958,4089,634,421,213,318313,156335,161978,2287,1176,1111
0.5 Scen,2025,479,Webb County,336426,166112,170314,9072,4970,4102,646,428,218,324398,159526,164872,2310,1188,1122
0.5 Scen,2026,479,Webb County,342584,169353,173231,9099,4982,4117,654,432,222,330498,162737,167761,2333,1202,1131
0.5 Scen,2027,479,Webb County,348897,172633,176264,9130,4993,4137,661,435,226,336748,165989,170759,2358,1216,1142
0.5 Scen,2028,479,Webb County,355162,175926,179236,9155,5004,4151,666,437,229,342961,169258,173703,2380,1227,1153
0.5 Scen,2029,479,Webb County,361340,179145,182195,9186,5017,4169,674,441,233,349074,172447,176627,2406,1240,1166
0.5 Scen,2030,479,Webb County,367576,182410,185166,9229,5034,4195,678,444,234,355242,175677,179565,2427,1255,1172
0.5 Scen,2031,479,Webb County,373849,185702,188147,9269,5055,4214,688,448,240,361448,178932,182516,2444,1267,1177
0.5 Scen,2032,479,Webb County,380063,188992,191071,9307,5076,4231,697,452,245,367596,182185,185411,2463,1279,1184
0.5 Scen,2033,479,Webb County,386245,192261,193984,9338,5093,4245,700,453,247,373728,185424,188304,2479,1291,1188
0.5 Scen,2034,479,Webb County,392567,195572,196995,9372,5109,4263,703,454,249,379987,188702,191285,2505,1307,1198
0.5 Scen,2035,479,Webb County,398740,198821,199919,9400,5124,4276,706,454,252,386111,191925,194186,2523,1318,1205
0.5 Scen,2036,479,Webb County,404923,202110,202813,9424,5134,4290,710,456,254,392250,195196,197054,2539,1324,1215
0.5 Scen,2037,479,Webb County,411068,205387,205681,9441,5146,4295,711,456,255,398358,198450,199908,2558,1335,1223
0.5 Scen,2038,479,Webb County,417373,208701,208672,9457,5153,4304,715,456,259,404625,201750,202875,2576,1342,1234
0.5 Scen,2039,479,Webb County,423575,212002,211573,9473,5154,4319,719,456,263,410800,205045,205755,2583,1347,1236
0.5 Scen,2040,479,Webb County,429823,215367,214456,9488,5161,4327,718,456,262,417016,208392,208624,2601,1358,1243
0.5 Scen,2041,479,Webb County,436161,218710,217451,9497,5164,4333,719,455,264,423327,211726,211601,2618,1365,1253
0.5 Scen,2042,479,Webb County,442401,222053,220348,9511,5168,4343,721,454,267,429542,215062,214480,2627,1369,1258
0.5 Scen,2043,479,Webb County,448764,225445,223319,9518,5170,4348,722,455,267,435883,218444,217439,2641,1376,1265
0.5 Scen,2044,479,Webb County,455129,228853,226276,9525,5171,4354,719,453,266,442234,221849,220385,2651,1380,1271
0.5 Scen,2045,479,Webb County,461563,232305,229258,9538,5177,4361,722,455,267,448635,225285,223350,2668,1388,1280
0.5 Scen,2046,479,Webb County,467997,235767,232230,9546,5180,4366,722,455,267,455049,228738,226311,2680,1394,1286
0.5 Scen,2047,479,Webb County,474499,239237,235262,9540,5175,4365,723,453,270,461551,232214,229337,2685,1395,1290
0.5 Scen,2048,479,Webb County,481002,242734,238268,9538,5172,4366,723,453,270,468049,235708,232341,2692,1401,1291
0.5 Scen,2049,479,Webb County,487538,246244,241294,9534,5170,4364,726,452,274,474578,239221,235357,2700,1401,1299
0.5 Scen,2050,479,Webb County,494081,249766,244315,9536,5165,4371,728,452,276,481102,242741,238361,2715,1408,1307
0.5 Scen,2010,481,Wharton County,41280,20291,20989,19681,9461,10220,5668,2693,2975,15445,7893,7552,486,244,242
0.5 Scen,2011,481,Wharton County,41517,20417,21100,19638,9452,10186,5685,2704,2981,15701,8013,7688,493,248,245
0.5 Scen,2012,481,Wharton County,41709,20534,21175,19542,9432,10110,5701,2713,2988,15963,8135,7828,503,254,249
0.5 Scen,2013,481,Wharton County,41949,20660,21289,19494,9417,10077,5721,2725,2996,16226,8261,7965,508,257,251
0.5 Scen,2014,481,Wharton County,42182,20787,21395,19434,9396,10038,5745,2741,3004,16483,8386,8097,520,264,256
0.5 Scen,2015,481,Wharton County,42393,20912,21481,19365,9384,9981,5753,2749,3004,16748,8511,8237,527,268,259
0.5 Scen,2016,481,Wharton County,42613,21031,21582,19303,9365,9938,5767,2757,3010,17007,8635,8372,536,274,262
0.5 Scen,2017,481,Wharton County,42836,21153,21683,19234,9344,9890,5782,2765,3017,17274,8765,8509,546,279,267
0.5 Scen,2018,481,Wharton County,43055,21283,21772,19171,9333,9838,5789,2773,3016,17542,8895,8647,553,282,271
0.5 Scen,2019,481,Wharton County,43312,21421,21891,19120,9317,9803,5807,2786,3021,17820,9030,8790,565,288,277
0.5 Scen,2020,481,Wharton County,43551,21550,22001,19053,9295,9758,5813,2789,3024,18110,9173,8937,575,293,282
0.5 Scen,2021,481,Wharton County,43805,21708,22097,18989,9279,9710,5824,2805,3019,18407,9325,9082,585,299,286
0.5 Scen,2022,481,Wharton County,44015,21833,22182,18917,9254,9663,5828,2815,3013,18678,9462,9216,592,302,290
0.5 Scen,2023,481,Wharton County,44280,21978,22302,18854,9227,9627,5840,2830,3010,18986,9615,9371,600,306,294
0.5 Scen,2024,481,Wharton County,44533,22131,22402,18788,9210,9578,5854,2841,3013,19285,9769,9516,606,311,295
0.5 Scen,2025,481,Wharton County,44792,22274,22518,18713,9184,9529,5866,2851,3015,19597,9923,9674,616,316,300
0.5 Scen,2026,481,Wharton County,45046,22421,22625,18648,9167,9481,5872,2863,3009,19903,10071,9832,623,320,303
0.5 Scen,2027,481,Wharton County,45301,22559,22742,18576,9140,9436,5875,2864,3011,20215,10230,9985,635,325,310
0.5 Scen,2028,481,Wharton County,45530,22690,22840,18484,9106,9378,5886,2875,3011,20515,10378,10137,645,331,314
0.5 Scen,2029,481,Wharton County,45769,22817,22952,18386,9065,9321,5900,2887,3013,20833,10532,10301,650,333,317
0.5 Scen,2030,481,Wharton County,45988,22944,23044,18290,9022,9268,5902,2897,3005,21141,10687,10454,655,338,317
0.5 Scen,2031,481,Wharton County,46203,23065,23138,18189,8980,9209,5909,2906,3003,21446,10838,10608,659,341,318
0.5 Scen,2032,481,Wharton County,46394,23175,23219,18071,8934,9137,5916,2911,3005,21739,10985,10754,668,345,323
0.5 Scen,2033,481,Wharton County,46590,23267,23323,17974,8885,9089,5923,2917,3006,22018,11117,10901,675,348,327
0.5 Scen,2034,481,Wharton County,46760,23362,23398,17845,8828,9017,5931,2924,3007,22306,11259,11047,678,351,327
0.5 Scen,2035,481,Wharton County,46924,23453,23471,17706,8768,8938,5931,2928,3003,22602,11403,11199,685,354,331
0.5 Scen,2036,481,Wharton County,47055,23522,23533,17571,8704,8867,5924,2929,2995,22869,11532,11337,691,357,334
0.5 Scen,2037,481,Wharton County,47202,23605,23597,17434,8646,8788,5919,2929,2990,23155,11672,11483,694,358,336
0.5 Scen,2038,481,Wharton County,47338,23682,23656,17292,8583,8709,5917,2932,2985,23431,11806,11625,698,361,337
0.5 Scen,2039,481,Wharton County,47444,23743,23701,17136,8511,8625,5907,2929,2978,23694,11935,11759,707,368,339
0.5 Scen,2040,481,Wharton County,47559,23804,23755,16987,8449,8538,5892,2922,2970,23971,12066,11905,709,367,342
0.5 Scen,2041,481,Wharton County,47670,23866,23804,16830,8373,8457,5880,2922,2958,24238,12195,12043,722,376,346
0.5 Scen,2042,481,Wharton County,47770,23923,23847,16673,8301,8372,5861,2918,2943,24509,12326,12183,727,378,349
0.5 Scen,2043,481,Wharton County,47874,23985,23889,16518,8233,8285,5847,2917,2930,24773,12451,12322,736,384,352
0.5 Scen,2044,481,Wharton County,47980,24041,23939,16356,8156,8200,5830,2910,2920,25051,12587,12464,743,388,355
0.5 Scen,2045,481,Wharton County,48090,24101,23989,16198,8079,8119,5814,2905,2909,25327,12724,12603,751,393,358
0.5 Scen,2046,481,Wharton County,48208,24163,24045,16046,8011,8035,5802,2901,2901,25602,12855,12747,758,396,362
0.5 Scen,2047,481,Wharton County,48313,24217,24096,15898,7940,7958,5784,2895,2889,25870,12985,12885,761,397,364
0.5 Scen,2048,481,Wharton County,48440,24293,24147,15765,7883,7882,5764,2888,2876,26145,13122,13023,766,400,366
0.5 Scen,2049,481,Wharton County,48557,24366,24191,15621,7818,7803,5746,2886,2860,26415,13256,13159,775,406,369
0.5 Scen,2050,481,Wharton County,48693,24447,24246,15497,7765,7732,5732,2887,2845,26685,13386,13299,779,409,370
0.5 Scen,2010,483,Wheeler County,5410,2661,2749,3847,1867,1980,112,53,59,1344,697,647,107,44,63
0.5 Scen,2011,483,Wheeler County,5433,2673,2760,3834,1860,1974,114,54,60,1377,714,663,108,45,63
0.5 Scen,2012,483,Wheeler County,5458,2687,2771,3825,1856,1969,116,55,61,1409,731,678,108,45,63
0.5 Scen,2013,483,Wheeler County,5484,2703,2781,3811,1852,1959,117,56,61,1447,749,698,109,46,63
0.5 Scen,2014,483,Wheeler County,5498,2711,2787,3789,1843,1946,119,57,62,1480,765,715,110,46,64
0.5 Scen,2015,483,Wheeler County,5511,2722,2789,3764,1832,1932,121,58,63,1515,785,730,111,47,64
0.5 Scen,2016,483,Wheeler County,5529,2735,2794,3744,1825,1919,122,58,64,1551,805,746,112,47,65
0.5 Scen,2017,483,Wheeler County,5550,2746,2804,3718,1813,1905,125,59,66,1592,826,766,115,48,67
0.5 Scen,2018,483,Wheeler County,5565,2759,2806,3697,1807,1890,127,60,67,1625,844,781,116,48,68
0.5 Scen,2019,483,Wheeler County,5592,2776,2816,3676,1796,1880,129,61,68,1669,870,799,118,49,69
0.5 Scen,2020,483,Wheeler County,5612,2790,2822,3654,1787,1867,131,62,69,1708,892,816,119,49,70
0.5 Scen,2021,483,Wheeler County,5634,2804,2830,3630,1777,1853,133,63,70,1749,913,836,122,51,71
0.5 Scen,2022,483,Wheeler County,5659,2822,2837,3606,1770,1836,136,65,71,1793,935,858,124,52,72
0.5 Scen,2023,483,Wheeler County,5689,2839,2850,3585,1759,1826,138,66,72,1840,961,879,126,53,73
0.5 Scen,2024,483,Wheeler County,5718,2853,2865,3564,1748,1816,139,67,72,1888,984,904,127,54,73
0.5 Scen,2025,483,Wheeler County,5740,2870,2870,3535,1736,1799,141,68,73,1935,1011,924,129,55,74
0.5 Scen,2026,483,Wheeler County,5783,2894,2889,3518,1732,1786,143,69,74,1991,1037,954,131,56,75
0.5 Scen,2027,483,Wheeler County,5821,2914,2907,3491,1718,1773,145,70,75,2052,1069,983,133,57,76
0.5 Scen,2028,483,Wheeler County,5863,2935,2928,3468,1705,1763,147,70,77,2113,1102,1011,135,58,77
0.5 Scen,2029,483,Wheeler County,5894,2958,2936,3436,1694,1742,147,70,77,2174,1134,1040,137,60,77
0.5 Scen,2030,483,Wheeler County,5929,2979,2950,3408,1683,1725,148,70,78,2234,1165,1069,139,61,78
0.5 Scen,2031,483,Wheeler County,5965,3004,2961,3381,1674,1707,149,71,78,2296,1197,1099,139,62,77
0.5 Scen,2032,483,Wheeler County,5994,3017,2977,3357,1662,1695,150,71,79,2347,1222,1125,140,62,78
0.5 Scen,2033,483,Wheeler County,6018,3040,2978,3326,1651,1675,151,72,79,2400,1254,1146,141,63,78
0.5 Scen,2034,483,Wheeler County,6050,3061,2989,3298,1641,1657,151,72,79,2459,1285,1174,142,63,79
0.5 Scen,2035,483,Wheeler County,6082,3084,2998,3269,1630,1639,151,73,78,2519,1317,1202,143,64,79
0.5 Scen,2036,483,Wheeler County,6111,3098,3013,3239,1616,1623,152,73,79,2577,1345,1232,143,64,79
0.5 Scen,2037,483,Wheeler County,6145,3120,3025,3214,1604,1610,153,74,79,2634,1376,1258,144,66,78
0.5 Scen,2038,483,Wheeler County,6174,3134,3040,3184,1590,1594,154,74,80,2692,1404,1288,144,66,78
0.5 Scen,2039,483,Wheeler County,6210,3156,3054,3162,1583,1579,153,74,79,2750,1432,1318,145,67,78
0.5 Scen,2040,483,Wheeler County,6249,3176,3073,3137,1571,1566,153,73,80,2814,1466,1348,145,66,79
0.5 Scen,2041,483,Wheeler County,6284,3201,3083,3111,1563,1548,153,74,79,2874,1497,1377,146,67,79
0.5 Scen,2042,483,Wheeler County,6327,3228,3099,3087,1554,1533,153,73,80,2941,1534,1407,146,67,79
0.5 Scen,2043,483,Wheeler County,6373,3260,3113,3066,1546,1520,153,74,79,3007,1572,1435,147,68,79
0.5 Scen,2044,483,Wheeler County,6421,3294,3127,3048,1541,1507,151,73,78,3075,1612,1463,147,68,79
0.5 Scen,2045,483,Wheeler County,6466,3326,3140,3024,1532,1492,151,73,78,3143,1652,1491,148,69,79
0.5 Scen,2046,483,Wheeler County,6504,3353,3151,2995,1521,1474,151,73,78,3209,1689,1520,149,70,79
0.5 Scen,2047,483,Wheeler County,6548,3381,3167,2975,1514,1461,151,74,77,3273,1723,1550,149,70,79
0.5 Scen,2048,483,Wheeler County,6594,3408,3186,2951,1504,1447,151,74,77,3344,1760,1584,148,70,78
0.5 Scen,2049,483,Wheeler County,6635,3436,3199,2934,1500,1434,150,74,76,3402,1792,1610,149,70,79
0.5 Scen,2050,483,Wheeler County,6676,3461,3215,2909,1492,1417,149,73,76,3470,1827,1643,148,69,79
0.5 Scen,2010,485,Wichita County,131500,67438,64062,90001,45226,44775,13322,7287,6035,21859,11817,10042,6318,3108,3210
0.5 Scen,2011,485,Wichita County,131540,67460,64080,89425,44935,44490,13359,7306,6053,22321,12052,10269,6435,3167,3268
0.5 Scen,2012,485,Wichita County,132016,67710,64306,89192,44833,44359,13444,7344,6100,22816,12303,10513,6564,3230,3334
0.5 Scen,2013,485,Wichita County,132539,67993,64546,89001,44754,44247,13515,7384,6131,23319,12556,10763,6704,3299,3405
0.5 Scen,2014,485,Wichita County,132994,68247,64747,88784,44661,44123,13581,7424,6157,23815,12801,11014,6814,3361,3453
0.5 Scen,2015,485,Wichita County,133448,68500,64948,88550,44563,43987,13649,7462,6187,24320,13055,11265,6929,3420,3509
0.5 Scen,2016,485,Wichita County,133903,68757,65146,88288,44448,43840,13717,7496,6221,24843,13325,11518,7055,3488,3567
0.5 Scen,2017,485,Wichita County,134367,69022,65345,88012,44331,43681,13792,7534,6258,25383,13600,11783,7180,3557,3623
0.5 Scen,2018,485,Wichita County,134854,69304,65550,87730,44217,43513,13871,7581,6290,25942,13885,12057,7311,3621,3690
0.5 Scen,2019,485,Wichita County,135320,69558,65762,87428,44077,43351,13943,7617,6326,26505,14179,12326,7444,3685,3759
0.5 Scen,2020,485,Wichita County,135811,69859,65952,87141,43969,43172,14016,7658,6358,27072,14471,12601,7582,3761,3821
0.5 Scen,2021,485,Wichita County,136322,70151,66171,86846,43849,42997,14091,7696,6395,27653,14772,12881,7732,3834,3898
0.5 Scen,2022,485,Wichita County,136838,70463,66375,86537,43731,42806,14159,7733,6426,28262,15088,13174,7880,3911,3969
0.5 Scen,2023,485,Wichita County,137378,70770,66608,86234,43604,42630,14241,7776,6465,28867,15401,13466,8036,3989,4047
0.5 Scen,2024,485,Wichita County,137917,71086,66831,85928,43486,42442,14316,7813,6503,29502,15724,13778,8171,4063,4108
0.5 Scen,2025,485,Wichita County,138451,71385,67066,85614,43356,42258,14389,7853,6536,30126,16036,14090,8322,4140,4182
0.5 Scen,2026,485,Wichita County,138971,71673,67298,85292,43218,42074,14457,7889,6568,30753,16350,14403,8469,4216,4253
0.5 Scen,2027,485,Wichita County,139513,71962,67551,84962,43070,41892,14522,7922,6600,31404,16674,14730,8625,4296,4329
0.5 Scen,2028,485,Wichita County,140043,72250,67793,84616,42916,41700,14594,7958,6636,32061,16999,15062,8772,4377,4395
0.5 Scen,2029,485,Wichita County,140562,72535,68027,84240,42749,41491,14663,7994,6669,32733,17341,15392,8926,4451,4475
0.5 Scen,2030,485,Wichita County,141049,72796,68253,83860,42575,41285,14713,8015,6698,33402,17681,15721,9074,4525,4549
0.5 Scen,2031,485,Wichita County,141525,73066,68459,83460,42394,41066,14768,8043,6725,34061,18014,16047,9236,4615,4621
0.5 Scen,2032,485,Wichita County,142003,73334,68669,83073,42220,40853,14823,8069,6754,34730,18355,16375,9377,4690,4687
0.5 Scen,2033,485,Wichita County,142460,73583,68877,82666,42033,40633,14864,8083,6781,35396,18692,16704,9534,4775,4759
0.5 Scen,2034,485,Wichita County,142925,73843,69082,82242,41841,40401,14923,8117,6806,36063,19026,17037,9697,4859,4838
0.5 Scen,2035,485,Wichita County,143360,74091,69269,81811,41640,40171,14975,8143,6832,36729,19366,17363,9845,4942,4903
0.5 Scen,2036,485,Wichita County,143768,74323,69445,81365,41435,39930,15010,8159,6851,37395,19705,17690,9998,5024,4974
0.5 Scen,2037,485,Wichita County,144180,74558,69622,80920,41229,39691,15047,8179,6868,38058,20042,18016,10155,5108,5047
0.5 Scen,2038,485,Wichita County,144554,74762,69792,80455,41008,39447,15079,8192,6887,38706,20369,18337,10314,5193,5121
0.5 Scen,2039,485,Wichita County,144920,74973,69947,79986,40791,39195,15111,8209,6902,39360,20703,18657,10463,5270,5193
0.5 Scen,2040,485,Wichita County,145291,75181,70110,79510,40569,38941,15142,8227,6915,40022,21041,18981,10617,5344,5273
0.5 Scen,2041,485,Wichita County,145636,75379,70257,79024,40341,38683,15161,8234,6927,40677,21376,19301,10774,5428,5346
0.5 Scen,2042,485,Wichita County,145975,75577,70398,78526,40111,38415,15187,8247,6940,41342,21717,19625,10920,5502,5418
0.5 Scen,2043,485,Wichita County,146287,75757,70530,78002,39867,38135,15205,8257,6948,42003,22048,19955,11077,5585,5492
0.5 Scen,2044,485,Wichita County,146606,75949,70657,77491,39625,37866,15234,8271,6963,42663,22389,20274,11218,5664,5554
0.5 Scen,2045,485,Wichita County,146942,76151,70791,76974,39381,37593,15253,8285,6968,43337,22735,20602,11378,5750,5628
0.5 Scen,2046,485,Wichita County,147267,76337,70930,76458,39138,37320,15277,8297,6980,44009,23080,20929,11523,5822,5701
0.5 Scen,2047,485,Wichita County,147594,76537,71057,75956,38909,37047,15293,8306,6987,44687,23428,21259,11658,5894,5764
0.5 Scen,2048,485,Wichita County,147931,76741,71190,75445,38672,36773,15312,8320,6992,45369,23780,21589,11805,5969,5836
0.5 Scen,2049,485,Wichita County,148271,76943,71328,74954,38441,36513,15327,8332,6995,46046,24127,21919,11944,6043,5901
0.5 Scen,2050,485,Wichita County,148625,77163,71462,74470,38220,36250,15337,8341,6996,46734,24485,22249,12084,6117,5967
0.5 Scen,2010,487,Wilbarger County,13535,6736,6799,8585,4211,4374,1049,556,493,3508,1776,1732,393,193,200
0.5 Scen,2011,487,Wilbarger County,13645,6803,6842,8584,4218,4366,1057,561,496,3601,1826,1775,403,198,205
0.5 Scen,2012,487,Wilbarger County,13746,6868,6878,8572,4221,4351,1068,568,500,3693,1876,1817,413,203,210
0.5 Scen,2013,487,Wilbarger County,13845,6927,6918,8556,4221,4335,1075,572,503,3791,1926,1865,423,208,215
0.5 Scen,2014,487,Wilbarger County,13944,6993,6951,8545,4228,4317,1084,578,506,3883,1976,1907,432,211,221
0.5 Scen,2015,487,Wilbarger County,14050,7067,6983,8527,4232,4295,1097,585,512,3981,2031,1950,445,219,226
0.5 Scen,2016,487,Wilbarger County,14160,7129,7031,8520,4233,4287,1106,589,517,4078,2083,1995,456,224,232
0.5 Scen,2017,487,Wilbarger County,14281,7200,7081,8522,4241,4281,1114,593,521,4179,2137,2042,466,229,237
0.5 Scen,2018,487,Wilbarger County,14389,7266,7123,8514,4243,4271,1121,598,523,4279,2191,2088,475,234,241
0.5 Scen,2019,487,Wilbarger County,14502,7328,7174,8505,4241,4264,1128,601,527,4383,2245,2138,486,241,245
0.5 Scen,2020,487,Wilbarger County,14600,7386,7214,8490,4241,4249,1132,604,528,4485,2297,2188,493,244,249
0.5 Scen,2021,487,Wilbarger County,14687,7443,7244,8467,4239,4228,1141,609,532,4577,2346,2231,502,249,253
0.5 Scen,2022,487,Wilbarger County,14792,7506,7286,8445,4232,4213,1149,614,535,4684,2403,2281,514,257,257
0.5 Scen,2023,487,Wilbarger County,14892,7567,7325,8419,4227,4192,1158,618,540,4792,2461,2331,523,261,262
0.5 Scen,2024,487,Wilbarger County,15000,7630,7370,8399,4224,4175,1167,623,544,4901,2516,2385,533,267,266
0.5 Scen,2025,487,Wilbarger County,15090,7688,7402,8364,4216,4148,1175,628,547,5012,2574,2438,539,270,269
0.5 Scen,2026,487,Wilbarger County,15203,7755,7448,8341,4213,4128,1180,631,549,5134,2637,2497,548,274,274
0.5 Scen,2027,487,Wilbarger County,15313,7813,7500,8316,4203,4113,1187,633,554,5253,2696,2557,557,281,276
0.5 Scen,2028,487,Wilbarger County,15415,7875,7540,8286,4198,4088,1189,630,559,5376,2761,2615,564,286,278
0.5 Scen,2029,487,Wilbarger County,15491,7926,7565,8248,4188,4060,1192,632,560,5484,2816,2668,567,290,277
0.5 Scen,2030,487,Wilbarger County,15580,7973,7607,8208,4173,4035,1194,631,563,5604,2874,2730,574,295,279
0.5 Scen,2031,487,Wilbarger County,15663,8024,7639,8167,4162,4005,1197,634,563,5719,2930,2789,580,298,282
0.5 Scen,2032,487,Wilbarger County,15744,8070,7674,8118,4143,3975,1193,631,562,5845,2993,2852,588,303,285
0.5 Scen,2033,487,Wilbarger County,15835,8120,7715,8082,4129,3953,1193,630,563,5967,3053,2914,593,308,285
0.5 Scen,2034,487,Wilbarger County,15905,8158,7747,8043,4116,3927,1188,626,562,6073,3104,2969,601,312,289
0.5 Scen,2035,487,Wilbarger County,15965,8190,7775,7994,4096,3898,1178,621,557,6186,3159,3027,607,314,293
0.5 Scen,2036,487,Wilbarger County,16041,8236,7805,7953,4084,3869,1167,614,553,6308,3220,3088,613,318,295
0.5 Scen,2037,487,Wilbarger County,16108,8279,7829,7899,4066,3833,1159,610,549,6427,3280,3147,623,323,300
0.5 Scen,2038,487,Wilbarger County,16185,8325,7860,7859,4049,3810,1157,607,550,6541,3341,3200,628,328,300
0.5 Scen,2039,487,Wilbarger County,16267,8371,7896,7815,4030,3785,1152,605,547,6666,3406,3260,634,330,304
0.5 Scen,2040,487,Wilbarger County,16352,8428,7924,7773,4020,3753,1140,601,539,6795,3473,3322,644,334,310
0.5 Scen,2041,487,Wilbarger County,16439,8477,7962,7737,4008,3729,1132,598,534,6916,3531,3385,654,340,314
0.5 Scen,2042,487,Wilbarger County,16528,8535,7993,7697,3996,3701,1125,597,528,7042,3596,3446,664,346,318
0.5 Scen,2043,487,Wilbarger County,16619,8596,8023,7650,3981,3669,1121,597,524,7172,3665,3507,676,353,323
0.5 Scen,2044,487,Wilbarger County,16694,8643,8051,7598,3958,3640,1108,593,515,7301,3733,3568,687,359,328
0.5 Scen,2045,487,Wilbarger County,16796,8711,8085,7552,3940,3612,1102,591,511,7444,3814,3630,698,366,332
0.5 Scen,2046,487,Wilbarger County,16888,8769,8119,7499,3921,3578,1097,588,509,7581,3887,3694,711,373,338
0.5 Scen,2047,487,Wilbarger County,16995,8840,8155,7460,3910,3550,1095,589,506,7727,3966,3761,713,375,338
0.5 Scen,2048,487,Wilbarger County,17098,8909,8189,7412,3894,3518,1089,586,503,7872,4048,3824,725,381,344
0.5 Scen,2049,487,Wilbarger County,17210,8981,8229,7359,3876,3483,1085,586,499,8025,4130,3895,741,389,352
0.5 Scen,2050,487,Wilbarger County,17326,9050,8276,7320,3856,3464,1080,584,496,8173,4214,3959,753,396,357
0.5 Scen,2010,489,Willacy County,22134,12030,10104,2235,1221,1014,389,350,39,19297,10308,8989,213,151,62
0.5 Scen,2011,489,Willacy County,22489,12231,10258,2231,1220,1011,390,351,39,19653,10508,9145,215,152,63
0.5 Scen,2012,489,Willacy County,22835,12415,10420,2223,1214,1009,389,349,40,20006,10699,9307,217,153,64
0.5 Scen,2013,489,Willacy County,23189,12608,10581,2215,1208,1007,392,352,40,20363,10894,9469,219,154,65
0.5 Scen,2014,489,Willacy County,23550,12808,10742,2209,1203,1006,393,352,41,20728,11098,9630,220,155,65
0.5 Scen,2015,489,Willacy County,23919,13008,10911,2202,1197,1005,395,354,41,21100,11301,9799,222,156,66
0.5 Scen,2016,489,Willacy County,24281,13211,11070,2192,1191,1001,393,351,42,21473,11512,9961,223,157,66
0.5 Scen,2017,489,Willacy County,24659,13423,11236,2188,1192,996,392,351,41,21852,11722,10130,227,158,69
0.5 Scen,2018,489,Willacy County,25023,13623,11400,2173,1184,989,394,352,42,22228,11929,10299,228,158,70
0.5 Scen,2019,489,Willacy County,25397,13832,11565,2160,1182,978,395,353,42,22612,12138,10474,230,159,71
0.5 Scen,2020,489,Willacy County,25763,14033,11730,2141,1174,967,394,351,43,22996,12348,10648,232,160,72
0.5 Scen,2021,489,Willacy County,26124,14240,11884,2125,1167,958,393,350,43,23370,12560,10810,236,163,73
0.5 Scen,2022,489,Willacy County,26525,14459,12066,2114,1167,947,394,351,43,23778,12777,11001,239,164,75
0.5 Scen,2023,489,Willacy County,26913,14672,12241,2100,1162,938,394,351,43,24176,12992,11184,243,167,76
0.5 Scen,2024,489,Willacy County,27292,14872,12420,2088,1158,930,394,351,43,24565,13196,11369,245,167,78
0.5 Scen,2025,489,Willacy County,27686,15092,12594,2078,1154,924,393,350,43,24968,13419,11549,247,169,78
0.5 Scen,2026,489,Willacy County,28061,15292,12769,2066,1148,918,392,349,43,25353,13625,11728,250,170,80
0.5 Scen,2027,489,Willacy County,28459,15515,12944,2054,1145,909,394,350,44,25760,13850,11910,251,170,81
0.5 Scen,2028,489,Willacy County,28840,15724,13116,2046,1143,903,390,346,44,26151,14063,12088,253,172,81
0.5 Scen,2029,489,Willacy County,29208,15920,13288,2029,1137,892,386,342,44,26539,14269,12270,254,172,82
0.5 Scen,2030,489,Willacy County,29591,16136,13455,2020,1138,882,387,344,43,26929,14482,12447,255,172,83
0.5 Scen,2031,489,Willacy County,29963,16341,13622,2008,1136,872,383,340,43,27313,14690,12623,259,175,84
0.5 Scen,2032,489,Willacy County,30331,16540,13791,1996,1131,865,381,338,43,27694,14896,12798,260,175,85
0.5 Scen,2033,489,Willacy County,30701,16738,13963,1980,1124,856,379,337,42,28081,15102,12979,261,175,86
0.5 Scen,2034,489,Willacy County,31079,16946,14133,1968,1117,851,378,335,43,28473,15321,13152,260,173,87
0.5 Scen,2035,489,Willacy County,31465,17156,14309,1955,1114,841,379,336,43,28869,15532,13337,262,174,88
0.5 Scen,2036,489,Willacy County,31847,17361,14486,1941,1107,834,377,333,44,29264,15745,13519,265,176,89
0.5 Scen,2037,489,Willacy County,32232,17573,14659,1934,1107,827,375,332,43,29657,15958,13699,266,176,90
0.5 Scen,2038,489,Willacy County,32641,17790,14851,1919,1100,819,374,332,42,30081,16181,13900,267,177,90
0.5 Scen,2039,489,Willacy County,33051,18009,15042,1906,1091,815,377,335,42,30500,16406,14094,268,177,91
0.5 Scen,2040,489,Willacy County,33459,18226,15233,1885,1079,806,374,333,41,30932,16637,14295,268,177,91
0.5 Scen,2041,489,Willacy County,33876,18451,15425,1874,1073,801,372,331,41,31362,16870,14492,268,177,91
0.5 Scen,2042,489,Willacy County,34289,18671,15618,1860,1066,794,368,327,41,31793,17102,14691,268,176,92
0.5 Scen,2043,489,Willacy County,34730,18913,15817,1848,1065,783,370,329,41,32243,17342,14901,269,177,92
0.5 Scen,2044,489,Willacy County,35142,19134,16008,1826,1055,771,368,327,41,32678,17574,15104,270,178,92
0.5 Scen,2045,489,Willacy County,35567,19362,16205,1812,1050,762,366,325,41,33119,17810,15309,270,177,93
0.5 Scen,2046,489,Willacy County,35993,19590,16403,1794,1041,753,364,324,40,33565,18048,15517,270,177,93
0.5 Scen,2047,489,Willacy County,36416,19819,16597,1774,1037,737,360,320,40,34016,18289,15727,266,173,93
0.5 Scen,2048,489,Willacy County,36849,20054,16795,1760,1033,727,356,316,40,34468,18533,15935,265,172,93
0.5 Scen,2049,489,Willacy County,37292,20294,16998,1752,1031,721,352,312,40,34922,18778,16144,266,173,93
0.5 Scen,2050,489,Willacy County,37733,20534,17199,1742,1030,712,349,309,40,35379,19025,16354,263,170,93
0.5 Scen,2010,491,Williamson County,422679,208032,214647,269481,132222,137259,24744,12157,12587,98034,49062,48972,30420,14591,15829
0.5 Scen,2011,491,Williamson County,433337,212895,220442,274109,134103,140006,25500,12524,12976,102059,51067,50992,31669,15201,16468
0.5 Scen,2012,491,Williamson County,444105,217826,226279,278705,135983,142722,26275,12903,13372,106212,53134,53078,32913,15806,17107
0.5 Scen,2013,491,Williamson County,455039,222801,232238,283313,137843,145470,27058,13277,13781,110505,55266,55239,34163,16415,17748
0.5 Scen,2014,491,Williamson County,466057,227811,238246,287836,139654,148182,27864,13665,14199,114935,57472,57463,35422,17020,18402
0.5 Scen,2015,491,Williamson County,477329,232921,244408,292423,141467,150956,28674,14059,14615,119562,59768,59794,36670,17627,19043
0.5 Scen,2016,491,Williamson County,488562,237978,250584,296833,143153,153680,29504,14462,15042,124291,62122,62169,37934,18241,19693
0.5 Scen,2017,491,Williamson County,499907,243130,256777,301143,144838,156305,30352,14869,15483,129186,64560,64626,39226,18863,20363
0.5 Scen,2018,491,Williamson County,511417,248302,263115,305454,146457,158997,31194,15277,15917,134289,67095,67194,40480,19473,21007
0.5 Scen,2019,491,Williamson County,522987,253514,269473,309596,147994,161602,32062,15692,16370,139538,69723,69815,41791,20105,21686
0.5 Scen,2020,491,Williamson County,534882,258902,275980,313759,149571,164188,32963,16130,16833,144980,72436,72544,43180,20765,22415
0.5 Scen,2021,491,Williamson County,547026,264380,282646,317933,151113,166820,33865,16560,17305,150623,75249,75374,44605,21458,23147
0.5 Scen,2022,491,Williamson County,559311,269918,289393,322073,152631,169442,34781,16999,17782,156474,78162,78312,45983,22126,23857
0.5 Scen,2023,491,Williamson County,571903,275590,296313,326169,154109,172060,35712,17445,18267,162505,81176,81329,47517,22860,24657
0.5 Scen,2024,491,Williamson County,584734,281456,303278,330228,155610,174618,36649,17901,18748,168770,84296,84474,49087,23649,25438
0.5 Scen,2025,491,Williamson County,597892,287416,310476,334324,157084,177240,37611,18364,19247,175237,87533,87704,50720,24435,26285
0.5 Scen,2026,491,Williamson County,611247,293510,317737,338450,158604,179846,38591,18834,19757,181874,90846,91028,52332,25226,27106
0.5 Scen,2027,491,Williamson County,624920,299713,325207,342460,160064,182396,39571,19304,20267,188794,94290,94504,54095,26055,28040
0.5 Scen,2028,491,Williamson County,638965,306169,332796,346556,161574,184982,40565,19785,20780,195885,97820,98065,55959,26990,28969
0.5 Scen,2029,491,Williamson County,653235,312723,340512,350605,163056,187549,41585,20278,21307,203187,101472,101715,57858,27917,29941
0.5 Scen,2030,491,Williamson County,667844,319436,348408,354755,164612,190143,42589,20764,21825,210775,105254,105521,59725,28806,30919
0.5 Scen,2031,491,Williamson County,682706,326309,356397,358824,166113,192711,43595,21234,22361,218490,109092,109398,61797,29870,31927
0.5 Scen,2032,491,Williamson County,697936,333370,364566,362894,167626,195268,44617,21736,22881,226413,113059,113354,64012,30949,33063
0.5 Scen,2033,491,Williamson County,713258,340461,372797,366910,169131,197779,45639,22230,23409,234523,117091,117432,66186,32009,34177
0.5 Scen,2034,491,Williamson County,728750,347629,381121,370799,170567,200232,46665,22725,23940,242849,121221,121628,68437,33116,35321
0.5 Scen,2035,491,Williamson County,744423,354947,389476,374610,171974,202636,47664,23201,24463,251418,125475,125943,70731,34297,36434
0.5 Scen,2036,491,Williamson County,760329,362369,397960,378390,173403,204987,48692,23701,24991,260126,129796,130330,73121,35469,37652
0.5 Scen,2037,491,Williamson County,776359,369830,406529,382046,174736,207310,49695,24187,25508,269053,134238,134815,75565,36669,38896
0.5 Scen,2038,491,Williamson County,792515,377431,415084,385620,176071,209549,50747,24701,26046,278169,138777,139392,77979,37882,40097
0.5 Scen,2039,491,Williamson County,808798,385012,423786,389078,177325,211753,51718,25159,26559,287502,143412,144090,80500,39116,41384
0.5 Scen,2040,491,Williamson County,825127,392657,432470,392422,178556,213866,52719,25652,27067,297000,148111,148889,82986,40338,42648
0.5 Scen,2041,491,Williamson County,841636,400466,441170,395656,179716,215940,53765,26165,27600,306733,152980,153753,85482,41605,43877
0.5 Scen,2042,491,Williamson County,858226,408261,449965,398754,180832,217922,54746,26655,28091,316700,157931,158769,88026,42843,45183
0.5 Scen,2043,491,Williamson County,874846,416077,458769,401669,181857,219812,55767,27144,28623,326830,162985,163845,90580,44091,46489
0.5 Scen,2044,491,Williamson County,891361,423939,467422,404446,182830,221616,56740,27630,29110,337175,168147,169028,93000,45332,47668
0.5 Scen,2045,491,Williamson County,908070,431821,476249,407098,183733,223365,57717,28110,29607,347722,173410,174312,95533,46568,48965
0.5 Scen,2046,491,Williamson County,924861,439775,485086,409578,184572,225006,58664,28573,30091,358532,178825,179707,98087,47805,50282
0.5 Scen,2047,491,Williamson County,941744,447742,494002,411938,185341,226597,59658,29052,30606,369534,184331,185203,100614,49018,51596
0.5 Scen,2048,491,Williamson County,958686,455823,502863,414196,186084,228112,60621,29526,31095,380752,189951,190801,103117,50262,52855
0.5 Scen,2049,491,Williamson County,975710,463946,511764,416332,186773,229559,61578,30010,31568,392193,195673,196520,105607,51490,54117
0.5 Scen,2050,491,Williamson County,992814,472117,520697,418368,187408,230960,62509,30447,32062,403893,201545,202348,108044,52717,55327
0.5 Scen,2010,493,Wilson County,42918,21372,21546,25186,12578,12608,644,344,300,16412,8143,8269,676,307,369
0.5 Scen,2011,493,Wilson County,43632,21726,21906,25539,12751,12788,645,346,299,16765,8317,8448,683,312,371
0.5 Scen,2012,493,Wilson County,44331,22073,22258,25871,12910,12961,647,348,299,17119,8496,8623,694,319,375
0.5 Scen,2013,493,Wilson County,45051,22425,22626,26202,13066,13136,650,350,300,17496,8686,8810,703,323,380
0.5 Scen,2014,493,Wilson County,45765,22778,22987,26542,13232,13310,653,352,301,17858,8866,8992,712,328,384
0.5 Scen,2015,493,Wilson County,46488,23125,23363,26873,13383,13490,657,354,303,18236,9055,9181,722,333,389
0.5 Scen,2016,493,Wilson County,47241,23488,23753,27215,13540,13675,662,355,307,18626,9250,9376,738,343,395
0.5 Scen,2017,493,Wilson County,47994,23855,24139,27549,13695,13854,668,359,309,19029,9453,9576,748,348,400
0.5 Scen,2018,493,Wilson County,48750,24216,24534,27882,13846,14036,671,360,311,19441,9660,9781,756,350,406
0.5 Scen,2019,493,Wilson County,49489,24577,24912,28201,13993,14208,675,363,312,19847,9864,9983,766,357,409
0.5 Scen,2020,493,Wilson County,50232,24943,25289,28524,14145,14379,678,366,312,20257,10071,10186,773,361,412
0.5 Scen,2021,493,Wilson County,50996,25314,25682,28849,14296,14553,685,370,315,20681,10281,10400,781,367,414
0.5 Scen,2022,493,Wilson County,51799,25702,26097,29192,14459,14733,692,373,319,21126,10497,10629,789,373,416
0.5 Scen,2023,493,Wilson County,52580,26073,26507,29512,14602,14910,696,375,321,21575,10716,10859,797,380,417
0.5 Scen,2024,493,Wilson County,53373,26453,26920,29841,14756,15085,700,377,323,22024,10932,11092,808,388,420
0.5 Scen,2025,493,Wilson County,54172,26841,27331,30163,14909,15254,704,379,325,22488,11159,11329,817,394,423
0.5 Scen,2026,493,Wilson County,54960,27212,27748,30483,15054,15429,708,380,328,22947,11380,11567,822,398,424
0.5 Scen,2027,493,Wilson County,55758,27604,28154,30797,15201,15596,710,381,329,23422,11618,11804,829,404,425
0.5 Scen,2028,493,Wilson County,56540,27977,28563,31112,15346,15766,707,378,329,23885,11845,12040,836,408,428
0.5 Scen,2029,493,Wilson County,57321,28359,28962,31425,15493,15932,707,378,329,24348,12075,12273,841,413,428
0.5 Scen,2030,493,Wilson County,58085,28725,29360,31728,15639,16089,706,376,330,24808,12297,12511,843,413,430
0.5 Scen,2031,493,Wilson County,58851,29102,29749,32025,15780,16245,704,375,329,25278,12533,12745,844,414,430
0.5 Scen,2032,493,Wilson County,59586,29462,30124,32302,15919,16383,704,373,331,25729,12752,12977,851,418,433
0.5 Scen,2033,493,Wilson County,60309,29823,30486,32569,16051,16518,700,370,330,26183,12979,13204,857,423,434
0.5 Scen,2034,493,Wilson County,61004,30162,30842,32815,16171,16644,696,367,329,26631,13196,13435,862,428,434
0.5 Scen,2035,493,Wilson County,61693,30506,31187,33049,16286,16763,693,365,328,27083,13424,13659,868,431,437
0.5 Scen,2036,493,Wilson County,62339,30826,31513,33260,16390,16870,685,360,325,27522,13640,13882,872,436,436
0.5 Scen,2037,493,Wilson County,62973,31148,31825,33457,16492,16965,677,355,322,27967,13863,14104,872,438,434
0.5 Scen,2038,493,Wilson County,63588,31462,32126,33648,16590,17058,666,349,317,28401,14083,14318,873,440,433
0.5 Scen,2039,493,Wilson County,64188,31763,32425,33826,16679,17147,654,342,312,28834,14299,14535,874,443,431
0.5 Scen,2040,493,Wilson County,64775,32065,32710,33992,16769,17223,645,336,309,29266,14516,14750,872,444,428
0.5 Scen,2041,493,Wilson County,65352,32357,32995,34153,16851,17302,634,330,304,29693,14729,14964,872,447,425
0.5 Scen,2042,493,Wilson County,65902,32644,33258,34280,16917,17363,626,327,299,30122,14950,15172,874,450,424
0.5 Scen,2043,493,Wilson County,66442,32917,33525,34407,16982,17425,618,323,295,30541,15158,15383,876,454,422
0.5 Scen,2044,493,Wilson County,66980,33206,33774,34532,17056,17476,606,319,287,30965,15372,15593,877,459,418
0.5 Scen,2045,493,Wilson County,67506,33483,34023,34636,17117,17519,599,315,284,31390,15585,15805,881,466,415
0.5 Scen,2046,493,Wilson County,68025,33767,34258,34737,17176,17561,589,310,279,31813,15807,16006,886,474,412
0.5 Scen,2047,493,Wilson County,68533,34041,34492,34831,17232,17599,583,307,276,32232,16026,16206,887,476,411
0.5 Scen,2048,493,Wilson County,69038,34313,34725,34913,17280,17633,577,304,273,32658,16249,16409,890,480,410
0.5 Scen,2049,493,Wilson County,69544,34592,34952,35009,17342,17667,569,300,269,33074,16467,16607,892,483,409
0.5 Scen,2050,493,Wilson County,70061,34874,35187,35113,17404,17709,563,297,266,33495,16688,16807,890,485,405
0.5 Scen,2010,495,Winkler County,7110,3550,3560,3024,1492,1532,129,60,69,3824,1923,1901,133,75,58
0.5 Scen,2011,495,Winkler County,7203,3601,3602,3043,1502,1541,130,61,69,3896,1962,1934,134,76,58
0.5 Scen,2012,495,Winkler County,7294,3651,3643,3059,1514,1545,130,61,69,3970,2000,1970,135,76,59
0.5 Scen,2013,495,Winkler County,7389,3705,3684,3073,1525,1548,130,62,68,4051,2041,2010,135,77,58
0.5 Scen,2014,495,Winkler County,7483,3760,3723,3081,1536,1545,130,62,68,4136,2085,2051,136,77,59
0.5 Scen,2015,495,Winkler County,7567,3807,3760,3093,1544,1549,129,62,67,4208,2124,2084,137,77,60
0.5 Scen,2016,495,Winkler County,7657,3858,3799,3105,1554,1551,129,62,67,4284,2164,2120,139,78,61
0.5 Scen,2017,495,Winkler County,7756,3915,3841,3118,1566,1552,130,63,67,4368,2207,2161,140,79,61
0.5 Scen,2018,495,Winkler County,7858,3970,3888,3132,1577,1555,131,63,68,4452,2250,2202,143,80,63
0.5 Scen,2019,495,Winkler County,7951,4028,3923,3141,1589,1552,132,64,68,4533,2294,2239,145,81,64
0.5 Scen,2020,495,Winkler County,8039,4077,3962,3140,1594,1546,134,64,70,4618,2337,2281,147,82,65
0.5 Scen,2021,495,Winkler County,8132,4132,4000,3149,1602,1547,134,65,69,4699,2381,2318,150,84,66
0.5 Scen,2022,495,Winkler County,8220,4184,4036,3149,1606,1543,135,66,69,4784,2427,2357,152,85,67
0.5 Scen,2023,495,Winkler County,8304,4232,4072,3148,1612,1536,136,67,69,4866,2467,2399,154,86,68
0.5 Scen,2024,495,Winkler County,8396,4287,4109,3149,1619,1530,139,69,70,4952,2512,2440,156,87,69
0.5 Scen,2025,495,Winkler County,8486,4336,4150,3151,1622,1529,141,70,71,5036,2556,2480,158,88,70
0.5 Scen,2026,495,Winkler County,8567,4381,4186,3145,1622,1523,142,70,72,5120,2600,2520,160,89,71
0.5 Scen,2027,495,Winkler County,8637,4415,4222,3138,1619,1519,143,71,72,5194,2635,2559,162,90,72
0.5 Scen,2028,495,Winkler County,8720,4458,4262,3142,1621,1521,144,71,73,5272,2676,2596,162,90,72
0.5 Scen,2029,495,Winkler County,8784,4492,4292,3135,1619,1516,145,71,74,5340,2711,2629,164,91,73
0.5 Scen,2030,495,Winkler County,8857,4529,4328,3130,1617,1513,146,72,74,5414,2748,2666,167,92,75
0.5 Scen,2031,495,Winkler County,8929,4565,4364,3127,1614,1513,148,73,75,5485,2785,2700,169,93,76
0.5 Scen,2032,495,Winkler County,9001,4604,4397,3119,1612,1507,148,73,75,5563,2825,2738,171,94,77
0.5 Scen,2033,495,Winkler County,9074,4644,4430,3115,1611,1504,148,74,74,5638,2863,2775,173,96,77
0.5 Scen,2034,495,Winkler County,9152,4682,4470,3115,1611,1504,149,74,75,5712,2900,2812,176,97,79
0.5 Scen,2035,495,Winkler County,9213,4716,4497,3104,1609,1495,149,74,75,5782,2935,2847,178,98,80
0.5 Scen,2036,495,Winkler County,9282,4753,4529,3095,1607,1488,149,74,75,5857,2973,2884,181,99,82
0.5 Scen,2037,495,Winkler County,9353,4801,4552,3088,1610,1478,149,75,74,5933,3015,2918,183,101,82
0.5 Scen,2038,495,Winkler County,9410,4831,4579,3078,1606,1472,148,74,74,5999,3049,2950,185,102,83
0.5 Scen,2039,495,Winkler County,9469,4874,4595,3067,1605,1462,147,74,73,6070,3093,2977,185,102,83
0.5 Scen,2040,495,Winkler County,9528,4912,4616,3061,1607,1454,145,73,72,6136,3130,3006,186,102,84
0.5 Scen,2041,495,Winkler County,9594,4958,4636,3059,1612,1447,144,73,71,6204,3171,3033,187,102,85
0.5 Scen,2042,495,Winkler County,9659,4995,4664,3060,1614,1446,143,72,71,6268,3206,3062,188,103,85
0.5 Scen,2043,495,Winkler County,9728,5037,4691,3055,1615,1440,142,72,70,6343,3247,3096,188,103,85
0.5 Scen,2044,495,Winkler County,9790,5075,4715,3047,1614,1433,142,72,70,6413,3286,3127,188,103,85
0.5 Scen,2045,495,Winkler County,9858,5113,4745,3038,1611,1427,141,72,69,6489,3326,3163,190,104,86
0.5 Scen,2046,495,Winkler County,9928,5158,4770,3033,1613,1420,140,71,69,6564,3369,3195,191,105,86
0.5 Scen,2047,495,Winkler County,10004,5204,4800,3027,1613,1414,139,71,68,6646,3414,3232,192,106,86
0.5 Scen,2048,495,Winkler County,10082,5253,4829,3023,1615,1408,138,70,68,6727,3460,3267,194,108,86
0.5 Scen,2049,495,Winkler County,10148,5293,4855,3014,1615,1399,137,70,67,6804,3501,3303,193,107,86
0.5 Scen,2050,495,Winkler County,10209,5334,4875,3005,1614,1391,135,68,67,6876,3545,3331,193,107,86
0.5 Scen,2010,497,Wise County,59127,29803,29324,47122,23498,23624,573,389,184,10112,5282,4830,1320,634,686
0.5 Scen,2011,497,Wise County,59966,30216,29750,47511,23677,23834,578,392,186,10533,5500,5033,1344,647,697
0.5 Scen,2012,497,Wise County,60824,30630,30194,47917,23856,24061,584,395,189,10959,5722,5237,1364,657,707
0.5 Scen,2013,497,Wise County,61695,31047,30648,48305,24024,24281,590,397,193,11407,5953,5454,1393,673,720
0.5 Scen,2014,497,Wise County,62588,31475,31113,48689,24192,24497,596,400,196,11876,6194,5682,1427,689,738
0.5 Scen,2015,497,Wise County,63476,31907,31569,49068,24362,24706,602,403,199,12354,6438,5916,1452,704,748
0.5 Scen,2016,497,Wise County,64357,32333,32024,49428,24522,24906,607,405,202,12847,6690,6157,1475,716,759
0.5 Scen,2017,497,Wise County,65264,32763,32501,49787,24672,25115,610,407,203,13360,6950,6410,1507,734,773
0.5 Scen,2018,497,Wise County,66195,33207,32988,50147,24824,25323,615,411,204,13898,7223,6675,1535,749,786
0.5 Scen,2019,497,Wise County,67125,33655,33470,50493,24971,25522,620,413,207,14452,7507,6945,1560,764,796
0.5 Scen,2020,497,Wise County,68070,34108,33962,50829,25116,25713,624,416,208,15030,7798,7232,1587,778,809
0.5 Scen,2021,497,Wise County,69032,34560,34472,51181,25261,25920,626,416,210,15615,8092,7523,1610,791,819
0.5 Scen,2022,497,Wise County,70028,35037,34991,51512,25401,26111,633,420,213,16247,8410,7837,1636,806,830
0.5 Scen,2023,497,Wise County,71042,35533,35509,51853,25554,26299,642,424,218,16891,8735,8156,1656,820,836
0.5 Scen,2024,497,Wise County,72064,36018,36046,52185,25693,26492,647,426,221,17543,9067,8476,1689,832,857
0.5 Scen,2025,497,Wise County,73088,36509,36579,52496,25820,26676,651,427,224,18217,9413,8804,1724,849,875
0.5 Scen,2026,497,Wise County,74108,36998,37110,52781,25938,26843,654,429,225,18916,9764,9152,1757,867,890
0.5 Scen,2027,497,Wise County,75154,37522,37632,53048,26052,26996,660,433,227,19643,10142,9501,1803,895,908
0.5 Scen,2028,497,Wise County,76180,38019,38161,53296,26154,27142,659,431,228,20388,10520,9868,1837,914,923
0.5 Scen,2029,497,Wise County,77211,38529,38682,53525,26250,27275,662,432,230,21155,10915,10240,1869,932,937
0.5 Scen,2030,497,Wise County,78265,39044,39221,53743,26337,27406,670,437,233,21949,11319,10630,1903,951,952
0.5 Scen,2031,497,Wise County,79316,39554,39762,53929,26408,27521,673,437,236,22775,11740,11035,1939,969,970
0.5 Scen,2032,497,Wise County,80378,40081,40297,54114,26485,27629,675,439,236,23619,12172,11447,1970,985,985
0.5 Scen,2033,497,Wise County,81438,40599,40839,54268,26545,27723,676,439,237,24478,12609,11869,2016,1006,1010
0.5 Scen,2034,497,Wise County,82505,41123,41382,54409,26606,27803,678,440,238,25353,13048,12305,2065,1029,1036
0.5 Scen,2035,497,Wise County,83568,41639,41929,54519,26650,27869,681,441,240,26258,13503,12755,2110,1045,1065
0.5 Scen,2036,497,Wise County,84604,42144,42460,54603,26680,27923,681,441,240,27168,13959,13209,2152,1064,1088
0.5 Scen,2037,497,Wise County,85654,42666,42988,54683,26711,27972,684,443,241,28089,14423,13666,2198,1089,1109
0.5 Scen,2038,497,Wise County,86720,43204,43516,54749,26746,28003,686,444,242,29029,14900,14129,2256,1114,1142
0.5 Scen,2039,497,Wise County,87795,43741,44054,54801,26766,28035,684,443,241,29996,15390,14606,2314,1142,1172
0.5 Scen,2040,497,Wise County,88876,44284,44592,54835,26786,28049,681,440,241,30990,15891,15099,2370,1167,1203
0.5 Scen,2041,497,Wise County,89961,44825,45136,54864,26794,28070,679,437,242,31987,16394,15593,2431,1200,1231
0.5 Scen,2042,497,Wise County,91048,45374,45674,54882,26802,28080,679,437,242,33005,16909,16096,2482,1226,1256
0.5 Scen,2043,497,Wise County,92130,45920,46210,54887,26808,28079,671,429,242,34050,17437,16613,2522,1246,1276
0.5 Scen,2044,497,Wise County,93251,46486,46765,54881,26808,28073,663,422,241,35139,17986,17153,2568,1270,1298
0.5 Scen,2045,497,Wise County,94382,47074,47308,54873,26809,28064,663,420,243,36228,18544,17684,2618,1301,1317
0.5 Scen,2046,497,Wise County,95557,47681,47876,54865,26808,28057,660,419,241,37360,19118,18242,2672,1336,1336
0.5 Scen,2047,497,Wise County,96725,48288,48437,54844,26804,28040,653,414,239,38512,19710,18802,2716,1360,1356
0.5 Scen,2048,497,Wise County,97931,48902,49029,54825,26800,28025,648,408,240,39696,20309,19387,2762,1385,1377
0.5 Scen,2049,497,Wise County,99159,49538,49621,54806,26797,28009,645,406,239,40903,20927,19976,2805,1408,1397
0.5 Scen,2050,497,Wise County,100448,50212,50236,54801,26806,27995,639,401,238,42160,21572,20588,2848,1433,1415
0.5 Scen,2010,499,Wood County,41964,20622,21342,35628,17341,18287,1951,975,976,3551,1906,1645,834,400,434
0.5 Scen,2011,499,Wood County,42225,20761,21464,35760,17412,18348,1968,984,984,3653,1959,1694,844,406,438
0.5 Scen,2012,499,Wood County,42493,20887,21606,35898,17471,18427,1982,993,989,3758,2013,1745,855,410,445
0.5 Scen,2013,499,Wood County,42768,21021,21747,36024,17530,18494,2009,1005,1004,3873,2074,1799,862,412,450
0.5 Scen,2014,499,Wood County,43037,21153,21884,36150,17587,18563,2023,1013,1010,3989,2134,1855,875,419,456
0.5 Scen,2015,499,Wood County,43299,21280,22019,36263,17635,18628,2042,1024,1018,4108,2195,1913,886,426,460
0.5 Scen,2016,499,Wood County,43551,21407,22144,36370,17681,18689,2051,1032,1019,4235,2262,1973,895,432,463
0.5 Scen,2017,499,Wood County,43836,21549,22287,36499,17742,18757,2062,1039,1023,4365,2328,2037,910,440,470
0.5 Scen,2018,499,Wood County,44095,21676,22419,36600,17781,18819,2074,1050,1024,4501,2399,2102,920,446,474
0.5 Scen,2019,499,Wood County,44331,21798,22533,36691,17818,18873,2075,1055,1020,4637,2472,2165,928,453,475
0.5 Scen,2020,499,Wood County,44567,21900,22667,36770,17839,18931,2075,1057,1018,4779,2545,2234,943,459,484
0.5 Scen,2021,499,Wood County,44776,22010,22766,36840,17872,18968,2074,1060,1014,4915,2617,2298,947,461,486
0.5 Scen,2022,499,Wood County,45003,22115,22888,36899,17885,19014,2074,1062,1012,5068,2698,2370,962,470,492
0.5 Scen,2023,499,Wood County,45223,22224,22999,36952,17904,19048,2072,1062,1010,5226,2781,2445,973,477,496
0.5 Scen,2024,499,Wood County,45431,22331,23100,36980,17913,19067,2070,1061,1009,5397,2873,2524,984,484,500
0.5 Scen,2025,499,Wood County,45614,22428,23186,36987,17916,19071,2063,1058,1005,5568,2962,2606,996,492,504
0.5 Scen,2026,499,Wood County,45778,22511,23267,36974,17905,19069,2055,1057,998,5743,3054,2689,1006,495,511
0.5 Scen,2027,499,Wood County,45921,22583,23338,36946,17888,19058,2039,1049,990,5915,3142,2773,1021,504,517
0.5 Scen,2028,499,Wood County,46047,22649,23398,36902,17866,19036,2025,1043,982,6089,3229,2860,1031,511,520
0.5 Scen,2029,499,Wood County,46155,22708,23447,36844,17841,19003,2008,1033,975,6262,3317,2945,1041,517,524
0.5 Scen,2030,499,Wood County,46250,22763,23487,36762,17802,18960,1986,1024,962,6451,3415,3036,1051,522,529
0.5 Scen,2031,499,Wood County,46350,22834,23516,36687,17779,18908,1963,1017,946,6634,3507,3127,1066,531,535
0.5 Scen,2032,499,Wood County,46417,22877,23540,36575,17732,18843,1942,1008,934,6818,3597,3221,1082,540,542
0.5 Scen,2033,499,Wood County,46469,22917,23552,36464,17685,18779,1917,998,919,6993,3686,3307,1095,548,547
0.5 Scen,2034,499,Wood County,46505,22954,23551,36336,17634,18702,1889,986,903,7174,3782,3392,1106,552,554
0.5 Scen,2035,499,Wood County,46557,23000,23557,36206,17582,18624,1865,975,890,7368,3882,3486,1118,561,557
0.5 Scen,2036,499,Wood County,46595,23035,23560,36058,17521,18537,1839,965,874,7562,3978,3584,1136,571,565
0.5 Scen,2037,499,Wood County,46636,23072,23564,35919,17464,18455,1814,953,861,7744,4070,3674,1159,585,574
0.5 Scen,2038,499,Wood County,46675,23107,23568,35779,17405,18374,1789,942,847,7930,4163,3767,1177,597,580
0.5 Scen,2039,499,Wood County,46707,23136,23571,35627,17344,18283,1762,929,833,8120,4256,3864,1198,607,591
0.5 Scen,2040,499,Wood County,46751,23174,23577,35482,17287,18195,1737,916,821,8316,4354,3962,1216,617,599
0.5 Scen,2041,499,Wood County,46812,23223,23589,35346,17236,18110,1718,908,810,8510,4449,4061,1238,630,608
0.5 Scen,2042,499,Wood County,46872,23263,23609,35201,17173,18028,1700,898,802,8719,4554,4165,1252,638,614
0.5 Scen,2043,499,Wood County,46958,23326,23632,35071,17124,17947,1682,888,794,8935,4666,4269,1270,648,622
0.5 Scen,2044,499,Wood County,47038,23380,23658,34928,17062,17866,1671,882,789,9151,4778,4373,1288,658,630
0.5 Scen,2045,499,Wood County,47121,23434,23687,34786,17001,17785,1654,872,782,9375,4892,4483,1306,669,637
0.5 Scen,2046,499,Wood County,47230,23501,23729,34650,16947,17703,1640,864,776,9615,5012,4603,1325,678,647
0.5 Scen,2047,499,Wood County,47336,23571,23765,34528,16898,17630,1630,860,770,9838,5127,4711,1340,686,654
0.5 Scen,2048,499,Wood County,47479,23662,23817,34418,16859,17559,1618,857,761,10083,5247,4836,1360,699,661
0.5 Scen,2049,499,Wood County,47635,23762,23873,34321,16823,17498,1609,854,755,10329,5375,4954,1376,710,666
0.5 Scen,2050,499,Wood County,47786,23866,23920,34220,16791,17429,1598,851,747,10576,5504,5072,1392,720,672
0.5 Scen,2010,501,Yoakum County,7879,3899,3980,3090,1504,1586,55,24,31,4622,2318,2304,112,53,59
0.5 Scen,2011,501,Yoakum County,8002,3965,4037,3091,1503,1588,56,25,31,4742,2383,2359,113,54,59
0.5 Scen,2012,501,Yoakum County,8125,4030,4095,3092,1506,1586,57,25,32,4862,2445,2417,114,54,60
0.5 Scen,2013,501,Yoakum County,8247,4096,4151,3087,1503,1584,58,26,32,4987,2512,2475,115,55,60
0.5 Scen,2014,501,Yoakum County,8382,4164,4218,3089,1504,1585,59,26,33,5118,2579,2539,116,55,61
0.5 Scen,2015,501,Yoakum County,8504,4226,4278,3084,1499,1585,60,27,33,5245,2645,2600,115,55,60
0.5 Scen,2016,501,Yoakum County,8635,4297,4338,3076,1496,1580,61,27,34,5382,2719,2663,116,55,61
0.5 Scen,2017,501,Yoakum County,8770,4369,4401,3071,1492,1579,62,28,34,5518,2793,2725,119,56,63
0.5 Scen,2018,501,Yoakum County,8905,4445,4460,3065,1491,1574,62,28,34,5657,2869,2788,121,57,64
0.5 Scen,2019,501,Yoakum County,9036,4522,4514,3053,1491,1562,62,28,34,5798,2945,2853,123,58,65
0.5 Scen,2020,501,Yoakum County,9191,4605,4586,3051,1492,1559,62,28,34,5953,3026,2927,125,59,66
0.5 Scen,2021,501,Yoakum County,9329,4679,4650,3044,1491,1553,62,28,34,6096,3100,2996,127,60,67
0.5 Scen,2022,501,Yoakum County,9467,4759,4708,3041,1494,1547,61,28,33,6235,3175,3060,130,62,68
0.5 Scen,2023,501,Yoakum County,9623,4844,4779,3044,1497,1547,61,28,33,6386,3256,3130,132,63,69
0.5 Scen,2024,501,Yoakum County,9786,4930,4856,3049,1500,1549,61,28,33,6541,3337,3204,135,65,70
0.5 Scen,2025,501,Yoakum County,9950,5018,4932,3049,1501,1548,61,28,33,6703,3423,3280,137,66,71
0.5 Scen,2026,501,Yoakum County,10109,5104,5005,3043,1501,1542,61,28,33,6866,3508,3358,139,67,72
0.5 Scen,2027,501,Yoakum County,10269,5185,5084,3035,1499,1536,60,27,33,7035,3592,3443,139,67,72
0.5 Scen,2028,501,Yoakum County,10420,5263,5157,3035,1500,1535,60,27,33,7184,3668,3516,141,68,73
0.5 Scen,2029,501,Yoakum County,10576,5344,5232,3024,1494,1530,60,27,33,7349,3754,3595,143,69,74
0.5 Scen,2030,501,Yoakum County,10737,5426,5311,3018,1488,1530,60,27,33,7514,3842,3672,145,69,76
0.5 Scen,2031,501,Yoakum County,10902,5514,5388,3016,1487,1529,60,27,33,7678,3929,3749,148,71,77
0.5 Scen,2032,501,Yoakum County,11041,5586,5455,3000,1481,1519,60,27,33,7831,4006,3825,150,72,78
0.5 Scen,2033,501,Yoakum County,11181,5663,5518,2988,1476,1512,61,27,34,7979,4085,3894,153,75,78
0.5 Scen,2034,501,Yoakum County,11334,5741,5593,2976,1472,1504,61,27,34,8142,4167,3975,155,75,80
0.5 Scen,2035,501,Yoakum County,11475,5812,5663,2959,1466,1493,61,27,34,8300,4244,4056,155,75,80
0.5 Scen,2036,501,Yoakum County,11624,5893,5731,2949,1464,1485,60,26,34,8460,4328,4132,155,75,80
0.5 Scen,2037,501,Yoakum County,11773,5978,5795,2932,1458,1474,60,26,34,8625,4418,4207,156,76,80
0.5 Scen,2038,501,Yoakum County,11919,6060,5859,2916,1454,1462,58,25,33,8787,4504,4283,158,77,81
0.5 Scen,2039,501,Yoakum County,12078,6146,5932,2908,1453,1455,58,25,33,8953,4590,4363,159,78,81
0.5 Scen,2040,501,Yoakum County,12225,6228,5997,2892,1450,1442,58,25,33,9115,4675,4440,160,78,82
0.5 Scen,2041,501,Yoakum County,12381,6313,6068,2884,1446,1438,54,24,30,9280,4763,4517,163,80,83
0.5 Scen,2042,501,Yoakum County,12544,6405,6139,2874,1448,1426,54,23,31,9452,4853,4599,164,81,83
0.5 Scen,2043,501,Yoakum County,12708,6496,6212,2864,1443,1421,50,22,28,9629,4950,4679,165,81,84
0.5 Scen,2044,501,Yoakum County,12875,6586,6289,2859,1442,1417,49,22,27,9801,5041,4760,166,81,85
0.5 Scen,2045,501,Yoakum County,13039,6674,6365,2856,1442,1414,49,21,28,9966,5129,4837,168,82,86
0.5 Scen,2046,501,Yoakum County,13203,6767,6436,2848,1445,1403,47,20,27,10139,5219,4920,169,83,86
0.5 Scen,2047,501,Yoakum County,13360,6860,6500,2842,1447,1395,44,19,25,10308,5312,4996,166,82,84
0.5 Scen,2048,501,Yoakum County,13521,6948,6573,2830,1442,1388,42,18,24,10482,5406,5076,167,82,85
0.5 Scen,2049,501,Yoakum County,13704,7039,6665,2829,1441,1388,42,17,25,10666,5499,5167,167,82,85
0.5 Scen,2050,501,Yoakum County,13881,7138,6743,2824,1440,1384,40,17,23,10851,5601,5250,166,80,86
0.5 Scen,2010,503,Young County,18550,9148,9402,14959,7225,7734,220,123,97,3045,1655,1390,326,145,181
0.5 Scen,2011,503,Young County,18644,9207,9437,14964,7235,7729,222,124,98,3127,1700,1427,331,148,183
0.5 Scen,2012,503,Young County,18708,9253,9455,14940,7237,7703,222,125,97,3211,1741,1470,335,150,185
0.5 Scen,2013,503,Young County,18781,9307,9474,14918,7242,7676,224,126,98,3297,1786,1511,342,153,189
0.5 Scen,2014,503,Young County,18875,9366,9509,14917,7248,7669,225,126,99,3385,1836,1549,348,156,192
0.5 Scen,2015,503,Young County,18964,9426,9538,14919,7259,7660,226,127,99,3462,1879,1583,357,161,196
0.5 Scen,2016,503,Young County,19050,9483,9567,14914,7268,7646,226,127,99,3546,1923,1623,364,165,199
0.5 Scen,2017,503,Young County,19146,9553,9593,14908,7279,7629,228,129,99,3640,1976,1664,370,169,201
0.5 Scen,2018,503,Young County,19233,9611,9622,14899,7286,7613,228,128,100,3731,2025,1706,375,172,203
0.5 Scen,2019,503,Young County,19316,9671,9645,14887,7292,7595,229,128,101,3818,2075,1743,382,176,206
0.5 Scen,2020,503,Young County,19408,9742,9666,14890,7312,7578,227,126,101,3902,2124,1778,389,180,209
0.5 Scen,2021,503,Young County,19513,9814,9699,14892,7326,7566,226,126,100,4002,2179,1823,393,183,210
0.5 Scen,2022,503,Young County,19623,9883,9740,14893,7335,7558,223,123,100,4108,2238,1870,399,187,212
0.5 Scen,2023,503,Young County,19745,9963,9782,14902,7353,7549,223,123,100,4213,2295,1918,407,192,215
0.5 Scen,2024,503,Young County,19873,10046,9827,14907,7367,7540,224,124,100,4327,2359,1968,415,196,219
0.5 Scen,2025,503,Young County,19997,10120,9877,14914,7377,7537,223,124,99,4443,2422,2021,417,197,220
0.5 Scen,2026,503,Young County,20121,10201,9920,14906,7384,7522,222,124,98,4571,2492,2079,422,201,221
0.5 Scen,2027,503,Young County,20250,10278,9972,14904,7390,7514,222,124,98,4700,2562,2138,424,202,222
0.5 Scen,2028,503,Young County,20355,10344,10011,14882,7387,7495,222,124,98,4820,2626,2194,431,207,224
0.5 Scen,2029,503,Young County,20463,10404,10059,14867,7383,7484,222,124,98,4937,2688,2249,437,209,228
0.5 Scen,2030,503,Young County,20569,10468,10101,14832,7372,7460,224,125,99,5071,2758,2313,442,213,229
0.5 Scen,2031,503,Young County,20685,10550,10135,14808,7376,7432,223,125,98,5207,2832,2375,447,217,230
0.5 Scen,2032,503,Young County,20801,10620,10181,14788,7373,7415,223,125,98,5338,2903,2435,452,219,233
0.5 Scen,2033,503,Young County,20912,10686,10226,14763,7370,7393,223,125,98,5468,2969,2499,458,222,236
0.5 Scen,2034,503,Young County,20999,10737,10262,14722,7360,7362,223,125,98,5592,3028,2564,462,224,238
0.5 Scen,2035,503,Young County,21077,10789,10288,14682,7348,7334,223,125,98,5710,3091,2619,462,225,237
0.5 Scen,2036,503,Young County,21152,10836,10316,14633,7330,7303,223,125,98,5830,3153,2677,466,228,238
0.5 Scen,2037,503,Young County,21241,10889,10352,14587,7315,7272,224,126,98,5960,3220,2740,470,228,242
0.5 Scen,2038,503,Young County,21311,10937,10374,14537,7296,7241,224,126,98,6079,3285,2794,471,230,241
0.5 Scen,2039,503,Young County,21377,10985,10392,14488,7280,7208,224,127,97,6194,3348,2846,471,230,241
0.5 Scen,2040,503,Young County,21437,11026,10411,14427,7257,7170,224,127,97,6312,3411,2901,474,231,243
0.5 Scen,2041,503,Young County,21512,11076,10436,14376,7236,7140,223,127,96,6438,3480,2958,475,233,242
0.5 Scen,2042,503,Young County,21582,11121,10461,14319,7218,7101,221,126,95,6564,3543,3021,478,234,244
0.5 Scen,2043,503,Young County,21665,11175,10490,14269,7201,7068,218,125,93,6694,3611,3083,484,238,246
0.5 Scen,2044,503,Young County,21736,11216,10520,14208,7175,7033,215,123,92,6823,3676,3147,490,242,248
0.5 Scen,2045,503,Young County,21805,11261,10544,14144,7147,6997,211,121,90,6956,3748,3208,494,245,249
0.5 Scen,2046,503,Young County,21892,11319,10573,14093,7128,6965,208,120,88,7091,3822,3269,500,249,251
0.5 Scen,2047,503,Young County,21968,11372,10596,14038,7112,6926,207,120,87,7223,3890,3333,500,250,250
0.5 Scen,2048,503,Young County,22073,11435,10638,13994,7096,6898,204,118,86,7369,3968,3401,506,253,253
0.5 Scen,2049,503,Young County,22175,11488,10687,13953,7078,6875,200,116,84,7515,4041,3474,507,253,254
0.5 Scen,2050,503,Young County,22277,11550,10727,13907,7066,6841,198,115,83,7661,4114,3547,511,255,256
0.5 Scen,2010,505,Zapata County,14018,7044,6974,861,459,402,11,7,4,13084,6553,6531,62,25,37
0.5 Scen,2011,505,Zapata County,14305,7187,7118,856,455,401,11,7,4,13376,6700,6676,62,25,37
0.5 Scen,2012,505,Zapata County,14584,7328,7256,853,452,401,11,7,4,13658,6844,6814,62,25,37
0.5 Scen,2013,505,Zapata County,14867,7473,7394,844,447,397,11,7,4,13950,6994,6956,62,25,37
0.5 Scen,2014,505,Zapata County,15153,7620,7533,839,442,397,11,7,4,14241,7146,7095,62,25,37
0.5 Scen,2015,505,Zapata County,15432,7765,7667,828,434,394,11,7,4,14531,7299,7232,62,25,37
0.5 Scen,2016,505,Zapata County,15730,7916,7814,821,431,390,11,7,4,14835,7453,7382,63,25,38
0.5 Scen,2017,505,Zapata County,16020,8064,7956,817,429,388,11,7,4,15128,7602,7526,64,26,38
0.5 Scen,2018,505,Zapata County,16313,8220,8093,809,425,384,11,7,4,15428,7762,7666,65,26,39
0.5 Scen,2019,505,Zapata County,16622,8378,8244,802,421,381,11,7,4,15743,7923,7820,66,27,39
0.5 Scen,2020,505,Zapata County,16925,8537,8388,797,418,379,11,7,4,16049,8085,7964,68,27,41
0.5 Scen,2021,505,Zapata County,17234,8703,8531,787,414,373,11,7,4,16366,8253,8113,70,29,41
0.5 Scen,2022,505,Zapata County,17537,8864,8673,777,410,367,11,7,4,16678,8418,8260,71,29,42
0.5 Scen,2023,505,Zapata County,17845,9032,8813,769,406,363,11,7,4,16993,8589,8404,72,30,42
0.5 Scen,2024,505,Zapata County,18132,9178,8954,754,399,355,11,7,4,17294,8742,8552,73,30,43
0.5 Scen,2025,505,Zapata County,18447,9343,9104,744,394,350,11,7,4,17618,8911,8707,74,31,43
0.5 Scen,2026,505,Zapata County,18748,9504,9244,735,390,345,11,7,4,17927,9076,8851,75,31,44
0.5 Scen,2027,505,Zapata County,19059,9674,9385,726,387,339,11,7,4,18247,9248,8999,75,32,43
0.5 Scen,2028,505,Zapata County,19361,9834,9527,715,380,335,11,7,4,18559,9415,9144,76,32,44
0.5 Scen,2029,505,Zapata County,19671,10000,9671,702,374,328,11,7,4,18881,9586,9295,77,33,44
0.5 Scen,2030,505,Zapata County,19983,10171,9812,689,367,322,11,7,4,19205,9764,9441,78,33,45
0.5 Scen,2031,505,Zapata County,20291,10331,9960,678,359,319,11,7,4,19523,9931,9592,79,34,45
0.5 Scen,2032,505,Zapata County,20609,10509,10100,668,357,311,11,7,4,19850,10111,9739,80,34,46
0.5 Scen,2033,505,Zapata County,20927,10681,10246,654,350,304,11,7,4,20182,10290,9892,80,34,46
0.5 Scen,2034,505,Zapata County,21254,10854,10400,644,345,299,11,7,4,20520,10469,10051,79,33,46
0.5 Scen,2035,505,Zapata County,21589,11035,10554,634,340,294,11,7,4,20866,10655,10211,78,33,45
0.5 Scen,2036,505,Zapata County,21933,11221,10712,628,338,290,11,7,4,21216,10843,10373,78,33,45
0.5 Scen,2037,505,Zapata County,22272,11394,10878,621,335,286,11,7,4,21563,11019,10544,77,33,44
0.5 Scen,2038,505,Zapata County,22626,11590,11036,615,333,282,11,7,4,21924,11217,10707,76,33,43
0.5 Scen,2039,505,Zapata County,22983,11784,11199,607,328,279,11,7,4,22290,11416,10874,75,33,42
0.5 Scen,2040,505,Zapata County,23342,11978,11364,597,322,275,10,6,4,22661,11617,11044,74,33,41
0.5 Scen,2041,505,Zapata County,23710,12176,11534,594,321,273,10,6,4,23035,11816,11219,71,33,38
0.5 Scen,2042,505,Zapata County,24092,12376,11716,589,318,271,9,5,4,23424,12020,11404,70,33,37
0.5 Scen,2043,505,Zapata County,24460,12579,11881,580,314,266,9,5,4,23802,12227,11575,69,33,36
0.5 Scen,2044,505,Zapata County,24835,12783,12052,567,308,259,9,5,4,24189,12437,11752,70,33,37
0.5 Scen,2045,505,Zapata County,25236,12999,12237,562,307,255,9,5,4,24596,12655,11941,69,32,37
0.5 Scen,2046,505,Zapata County,25621,13206,12415,555,302,253,9,5,4,24990,12867,12123,67,32,35
0.5 Scen,2047,505,Zapata County,26011,13420,12591,546,295,251,9,5,4,25388,13087,12301,68,33,35
0.5 Scen,2048,505,Zapata County,26416,13633,12783,543,292,251,9,5,4,25796,13303,12493,68,33,35
0.5 Scen,2049,505,Zapata County,26817,13854,12963,536,290,246,9,5,4,26204,13525,12679,68,34,34
0.5 Scen,2050,505,Zapata County,27215,14069,13146,529,287,242,9,5,4,26608,13744,12864,69,33,36
0.5 Scen,2010,507,Zavala County,11677,5760,5917,647,321,326,35,19,16,10961,5405,5556,34,15,19
0.5 Scen,2011,507,Zavala County,11828,5837,5991,649,323,326,35,19,16,11110,5480,5630,34,15,19
0.5 Scen,2012,507,Zavala County,11972,5910,6062,652,324,328,35,19,16,11251,5552,5699,34,15,19
0.5 Scen,2013,507,Zavala County,12123,5988,6135,655,326,329,35,19,16,11399,5628,5771,34,15,19
0.5 Scen,2014,507,Zavala County,12285,6072,6213,658,329,329,35,19,16,11558,5709,5849,34,15,19
0.5 Scen,2015,507,Zavala County,12446,6158,6288,661,332,329,35,19,16,11716,5792,5924,34,15,19
0.5 Scen,2016,507,Zavala County,12598,6241,6357,661,333,328,35,19,16,11869,5874,5995,33,15,18
0.5 Scen,2017,507,Zavala County,12753,6323,6430,661,333,328,35,19,16,12024,5956,6068,33,15,18
0.5 Scen,2018,507,Zavala County,12922,6410,6512,665,336,329,34,18,16,12190,6041,6149,33,15,18
0.5 Scen,2019,507,Zavala County,13086,6496,6590,665,336,329,34,18,16,12355,6128,6227,32,14,18
0.5 Scen,2020,507,Zavala County,13251,6589,6662,667,338,329,34,18,16,12518,6219,6299,32,14,18
0.5 Scen,2021,507,Zavala County,13415,6676,6739,670,341,329,34,18,16,12678,6302,6376,33,15,18
0.5 Scen,2022,507,Zavala County,13581,6773,6808,669,343,326,34,18,16,12844,6397,6447,34,15,19
0.5 Scen,2023,507,Zavala County,13755,6868,6887,670,345,325,35,19,16,13015,6488,6527,35,16,19
0.5 Scen,2024,507,Zavala County,13920,6959,6961,671,346,325,36,19,17,13177,6578,6599,36,16,20
0.5 Scen,2025,507,Zavala County,14103,7054,7049,673,345,328,36,20,16,13357,6672,6685,37,17,20
0.5 Scen,2026,507,Zavala County,14273,7148,7125,674,346,328,37,20,17,13524,6765,6759,38,17,21
0.5 Scen,2027,507,Zavala County,14432,7238,7194,675,346,329,38,21,17,13681,6854,6827,38,17,21
0.5 Scen,2028,507,Zavala County,14603,7329,7274,673,345,328,39,21,18,13852,6946,6906,39,17,22
0.5 Scen,2029,507,Zavala County,14755,7414,7341,670,344,326,40,22,18,14006,7031,6975,39,17,22
0.5 Scen,2030,507,Zavala County,14918,7506,7412,664,342,322,41,22,19,14174,7125,7049,39,17,22
0.5 Scen,2031,507,Zavala County,15068,7589,7479,665,340,325,42,23,19,14322,7209,7113,39,17,22
0.5 Scen,2032,507,Zavala County,15214,7673,7541,664,341,323,42,23,19,14469,7292,7177,39,17,22
0.5 Scen,2033,507,Zavala County,15368,7753,7615,660,339,321,42,23,19,14627,7374,7253,39,17,22
0.5 Scen,2034,507,Zavala County,15512,7829,7683,654,336,318,42,23,19,14777,7453,7324,39,17,22
0.5 Scen,2035,507,Zavala County,15655,7905,7750,649,331,318,42,23,19,14926,7535,7391,38,16,22
0.5 Scen,2036,507,Zavala County,15793,7985,7808,639,327,312,42,23,19,15076,7619,7457,36,16,20
0.5 Scen,2037,507,Zavala County,15941,8067,7874,632,324,308,42,23,19,15231,7704,7527,36,16,20
0.5 Scen,2038,507,Zavala County,16085,8151,7934,628,323,305,42,23,19,15379,7789,7590,36,16,20
0.5 Scen,2039,507,Zavala County,16238,8234,8004,623,320,303,42,23,19,15537,7875,7662,36,16,20
0.5 Scen,2040,507,Zavala County,16384,8312,8072,617,315,302,43,23,20,15688,7958,7730,36,16,20
0.5 Scen,2041,507,Zavala County,16535,8392,8143,617,316,301,43,23,20,15839,8037,7802,36,16,20
0.5 Scen,2042,507,Zavala County,16695,8483,8212,612,314,298,42,22,20,16004,8131,7873,37,16,21
0.5 Scen,2043,507,Zavala County,16850,8569,8281,608,314,294,43,23,20,16162,8216,7946,37,16,21
0.5 Scen,2044,507,Zavala County,16999,8650,8349,601,314,287,43,23,20,16318,8297,8021,37,16,21
0.5 Scen,2045,507,Zavala County,17150,8731,8419,600,313,287,43,23,20,16470,8379,8091,37,16,21
0.5 Scen,2046,507,Zavala County,17298,8809,8489,593,308,285,43,23,20,16624,8461,8163,38,17,21
0.5 Scen,2047,507,Zavala County,17442,8886,8556,580,302,278,43,23,20,16781,8544,8237,38,17,21
0.5 Scen,2048,507,Zavala County,17594,8979,8615,576,300,276,43,23,20,16941,8641,8300,34,15,19
0.5 Scen,2049,507,Zavala County,17742,9058,8684,567,296,271,42,22,20,17099,8725,8374,34,15,19
0.5 Scen,2050,507,Zavala County,17903,9143,8760,560,293,267,42,22,20,17267,8814,8453,34,14,20
1.0 Scen,2010,000,State of Texas,25145561,12472280,12673281,11397345,5632646,5764699,2886825,1392410,1494415,9460921,4763753,4697168,1400470,683471,716999
1.0 Scen,2011,000,State of Texas,25631695,12720170,12911525,11456014,5664002,5792012,2942671,1420383,1522288,9766411,4919840,4846571,1466599,715945,750654
1.0 Scen,2012,000,State of Texas,26130047,12974042,13156005,11513570,5694613,5818957,2999289,1448694,1550595,10081488,5080869,5000619,1535700,749866,785834
1.0 Scen,2013,000,State of Texas,26640165,13233779,13406386,11569937,5724413,5845524,3056518,1477273,1579245,10406070,5246875,5159195,1607640,785218,822422
1.0 Scen,2014,000,State of Texas,27161942,13499310,13662632,11624881,5753306,5871575,3114187,1506024,1608163,10740456,5417985,5322471,1682418,821995,860423
1.0 Scen,2015,000,State of Texas,27695284,13770653,13924631,11678176,5781200,5896976,3172262,1534959,1637303,11084763,5594290,5490473,1760083,860204,899879
1.0 Scen,2016,000,State of Texas,28240245,14047885,14192360,11729618,5808015,5921603,3230618,1564017,1666601,11439402,5776000,5663402,1840607,899853,940754
1.0 Scen,2017,000,State of Texas,28797290,14331168,14466122,11779132,5833702,5945430,3289228,1593167,1696061,11804795,5963298,5841497,1924135,941001,983134
1.0 Scen,2018,000,State of Texas,29366479,14620675,14745804,11826470,5858177,5968293,3348098,1622443,1725655,12181167,6156337,6024830,2010744,983718,1027026
1.0 Scen,2019,000,State of Texas,29948091,14916461,15031630,11871540,5881380,5990160,3407148,1651807,1755341,12568914,6355270,6213644,2100489,1028004,1072485
1.0 Scen,2020,000,State of Texas,30541978,15218498,15323480,11914045,5903228,6010817,3466308,1681212,1785096,12968026,6560070,6407956,2193599,1073988,1119611
1.0 Scen,2021,000,State of Texas,31148299,15526867,15621432,11953986,5923718,6030268,3525577,1710672,1814905,13378583,6770791,6607792,2290153,1121686,1168467
1.0 Scen,2022,000,State of Texas,31767295,15841661,15925634,11991359,5942842,6048517,3584905,1740143,1844762,13800678,6987433,6813245,2390353,1171243,1219110
1.0 Scen,2023,000,State of Texas,32398820,16162953,16235867,12025794,5960484,6065310,3644327,1769675,1874652,14234298,7210030,7024268,2494401,1222764,1271637
1.0 Scen,2024,000,State of Texas,33042844,16490691,16552153,12057225,5976595,6080630,3703725,1799176,1904549,14679473,7438608,7240865,2602421,1276312,1326109
1.0 Scen,2025,000,State of Texas,33699307,16824837,16874470,12085589,5991183,6094406,3763024,1828643,1934381,15135957,7672987,7462970,2714737,1332024,1382713
1.0 Scen,2026,000,State of Texas,34367812,17165290,17202522,12110649,6004136,6106513,3822168,1858059,1964109,15603483,7913054,7690429,2831512,1390041,1441471
1.0 Scen,2027,000,State of Texas,35048139,17511883,17536256,12132382,6015460,6116922,3881057,1887364,1993693,16081696,8158603,7923093,2953004,1450456,1502548
1.0 Scen,2028,000,State of Texas,35739576,17864261,17875315,12150458,6025014,6125444,3939558,1916504,2023054,16570120,8409361,8160759,3079440,1513382,1566058
1.0 Scen,2029,000,State of Texas,36441844,18222319,18219525,12165052,6032908,6132144,3997544,1945411,2052133,17068209,8665050,8403159,3211039,1578950,1632089
1.0 Scen,2030,000,State of Texas,37155084,18586181,18568903,12176401,6039279,6137122,4055033,1974147,2080886,17575656,8925503,8650153,3347994,1647252,1700742
1.0 Scen,2031,000,State of Texas,37879808,18955961,18923847,12185109,6044387,6140722,4112016,2002648,2109368,18092196,9190543,8901653,3490487,1718383,1772104
1.0 Scen,2032,000,State of Texas,38615545,19331594,19283951,12190458,6047960,6142498,4168487,2030952,2137535,18617800,9460193,9157607,3638800,1792489,1846311
1.0 Scen,2033,000,State of Texas,39362271,19713080,19649191,12192535,6050101,6142434,4224360,2059034,2165326,19152311,9734331,9417980,3793065,1869614,1923451
1.0 Scen,2034,000,State of Texas,40120968,20100886,20020082,12191943,6051038,6140905,4279671,2086878,2192793,19695813,10013050,9682763,3953541,1949920,2003621
1.0 Scen,2035,000,State of Texas,40892255,20495389,20396866,12188971,6050954,6138017,4334420,2114502,2219918,20248388,10296413,9951975,4120476,2033520,2086956
1.0 Scen,2036,000,State of Texas,41676432,20896755,20779677,12183782,6049893,6133889,4388542,2141889,2246653,20810204,10584548,10225656,4293904,2120425,2173479
1.0 Scen,2037,000,State of Texas,42474368,21305466,21168902,12176581,6047986,6128595,4442101,2169049,2273052,21381625,10877660,10503965,4474061,2210771,2263290
1.0 Scen,2038,000,State of Texas,43286564,21721829,21564735,12167414,6045218,6122196,4495106,2196007,2299099,21963027,11176015,10787012,4661017,2304589,2356428
1.0 Scen,2039,000,State of Texas,44113564,22146194,21967370,12156377,6041682,6114695,4547602,2222785,2324817,22554664,11479797,11074867,4854921,2401930,2452991
1.0 Scen,2040,000,State of Texas,44955896,22578841,22377055,12143626,6037434,6106192,4599532,2249358,2350174,23156968,11789245,11367723,5055770,2502804,2552966
1.0 Scen,2041,000,State of Texas,45814206,23020095,22794111,12129356,6032526,6096830,4650950,2275762,2375188,23770256,12104564,11665692,5263644,2607243,2656401
1.0 Scen,2042,000,State of Texas,46688598,23470052,23218546,12113334,6026912,6086422,4701884,2302030,2399854,24394892,12425928,11968964,5478488,2715182,2763306
1.0 Scen,2043,000,State of Texas,47579643,23928907,23650736,12095648,6020592,6075056,4752328,2328115,2424213,25031407,12753619,12277788,5700260,2826581,2873679
1.0 Scen,2044,000,State of Texas,48488716,24397529,24091187,12076767,6013830,6062937,4802468,2354170,2448298,25680381,13087952,12592429,5929100,2941577,2987523
1.0 Scen,2045,000,State of Texas,49416165,24875944,24540221,12056664,6006587,6050077,4852239,2380119,2472120,26342195,13429122,12913073,6165067,3060116,3104951
1.0 Scen,2046,000,State of Texas,50363232,25364873,24998359,12035932,5999173,6036759,4901756,2406028,2495728,27017288,13777370,13239918,6408256,3182302,3225954
1.0 Scen,2047,000,State of Texas,51331196,25864904,25466292,12015137,5991845,6023292,4950987,2431874,2519113,27706190,14132944,13573246,6658882,3308241,3350641
1.0 Scen,2048,000,State of Texas,52321084,26376588,25944496,11994551,5984710,6009841,5000087,2457723,2542364,28409218,14496062,13913156,6917228,3438093,3479135
1.0 Scen,2049,000,State of Texas,53333517,26900238,26433279,11974304,5977843,5996461,5049014,2483559,2565455,29126784,14866918,14259866,7183415,3571918,3611497
1.0 Scen,2050,000,State of Texas,54369297,27436299,26932998,11954615,5971297,5983318,5097826,2509436,2588390,29859012,15245609,14613403,7457844,3709957,3747887
1.0 Scen,2010,001,Anderson County,58458,35521,22937,35792,19716,16076,12222,8883,3339,9287,6363,2924,1157,559,598
1.0 Scen,2011,001,Anderson County,58836,35746,23090,35836,19758,16078,12286,8917,3369,9516,6492,3024,1198,579,619
1.0 Scen,2012,001,Anderson County,59232,35974,23258,35892,19799,16093,12336,8949,3387,9755,6623,3132,1249,603,646
1.0 Scen,2013,001,Anderson County,59599,36200,23399,35927,19839,16088,12388,8983,3405,9992,6753,3239,1292,625,667
1.0 Scen,2014,001,Anderson County,59991,36443,23548,35957,19870,16087,12456,9030,3426,10242,6895,3347,1336,648,688
1.0 Scen,2015,001,Anderson County,60367,36684,23683,35964,19895,16069,12507,9070,3437,10506,7041,3465,1390,678,712
1.0 Scen,2016,001,Anderson County,60739,36921,23818,35954,19910,16044,12580,9125,3455,10770,7184,3586,1435,702,733
1.0 Scen,2017,001,Anderson County,61127,37167,23960,35960,19929,16031,12639,9172,3467,11046,7337,3709,1482,729,753
1.0 Scen,2018,001,Anderson County,61477,37398,24079,35924,19927,15997,12694,9219,3475,11329,7497,3832,1530,755,775
1.0 Scen,2019,001,Anderson County,61869,37652,24217,35905,19940,15965,12759,9267,3492,11623,7663,3960,1582,782,800
1.0 Scen,2020,001,Anderson County,62245,37892,24353,35857,19934,15923,12824,9318,3506,11926,7830,4096,1638,810,828
1.0 Scen,2021,001,Anderson County,62607,38105,24502,35813,19917,15896,12871,9358,3513,12231,7995,4236,1692,835,857
1.0 Scen,2022,001,Anderson County,62997,38358,24639,35763,19914,15849,12928,9408,3520,12548,8170,4378,1758,866,892
1.0 Scen,2023,001,Anderson County,63365,38590,24775,35700,19902,15798,12987,9454,3533,12862,8337,4525,1816,897,919
1.0 Scen,2024,001,Anderson County,63726,38811,24915,35609,19874,15735,13056,9502,3554,13187,8504,4683,1874,931,943
1.0 Scen,2025,001,Anderson County,64047,39021,25026,35518,19848,15670,13098,9536,3562,13496,8671,4825,1935,966,969
1.0 Scen,2026,001,Anderson County,64405,39253,25152,35407,19810,15597,13157,9585,3572,13843,8855,4988,1998,1003,995
1.0 Scen,2027,001,Anderson County,64745,39472,25273,35291,19777,15514,13215,9626,3589,14168,9027,5141,2071,1042,1029
1.0 Scen,2028,001,Anderson County,65041,39664,25377,35136,19715,15421,13262,9662,3600,14501,9206,5295,2142,1081,1061
1.0 Scen,2029,001,Anderson County,65317,39851,25466,34975,19649,15326,13301,9700,3601,14828,9381,5447,2213,1121,1092
1.0 Scen,2030,001,Anderson County,65595,40027,25568,34790,19575,15215,13335,9724,3611,15172,9561,5611,2298,1167,1131
1.0 Scen,2031,001,Anderson County,65836,40191,25645,34598,19493,15105,13350,9742,3608,15505,9742,5763,2383,1214,1169
1.0 Scen,2032,001,Anderson County,66063,40338,25725,34375,19399,14976,13367,9756,3611,15850,9922,5928,2471,1261,1210
1.0 Scen,2033,001,Anderson County,66271,40468,25803,34145,19292,14853,13365,9759,3606,16200,10107,6093,2561,1310,1251
1.0 Scen,2034,001,Anderson County,66440,40591,25849,33887,19181,14706,13361,9766,3595,16537,10287,6250,2655,1357,1298
1.0 Scen,2035,001,Anderson County,66586,40688,25898,33622,19060,14562,13342,9751,3591,16875,10468,6407,2747,1409,1338
1.0 Scen,2036,001,Anderson County,66707,40774,25933,33335,18925,14410,13320,9741,3579,17218,10653,6565,2834,1455,1379
1.0 Scen,2037,001,Anderson County,66782,40830,25952,33028,18781,14247,13268,9708,3560,17545,10827,6718,2941,1514,1427
1.0 Scen,2038,001,Anderson County,66869,40891,25978,32718,18633,14085,13220,9677,3543,17888,11011,6877,3043,1570,1473
1.0 Scen,2039,001,Anderson County,66912,40910,26002,32386,18468,13918,13145,9624,3521,18231,11192,7039,3150,1626,1524
1.0 Scen,2040,001,Anderson County,66941,40936,26005,32037,18297,13740,13068,9577,3491,18570,11372,7198,3266,1690,1576
1.0 Scen,2041,001,Anderson County,66954,40943,26011,31679,18118,13561,12980,9517,3463,18912,11553,7359,3383,1755,1628
1.0 Scen,2042,001,Anderson County,66966,40943,26023,31312,17936,13376,12876,9446,3430,19271,11737,7534,3507,1824,1683
1.0 Scen,2043,001,Anderson County,66975,40941,26034,30949,17748,13201,12765,9371,3394,19625,11924,7701,3636,1898,1738
1.0 Scen,2044,001,Anderson County,66959,40924,26035,30562,17550,13012,12643,9288,3355,19980,12112,7868,3774,1974,1800
1.0 Scen,2045,001,Anderson County,66947,40885,26062,30180,17342,12838,12522,9196,3326,20328,12292,8036,3917,2055,1862
1.0 Scen,2046,001,Anderson County,66886,40816,26070,29794,17140,12654,12381,9095,3286,20663,12461,8202,4048,2120,1928
1.0 Scen,2047,001,Anderson County,66867,40778,26089,29401,16932,12469,12248,8999,3249,21033,12648,8385,4185,2199,1986
1.0 Scen,2048,001,Anderson County,66834,40732,26102,29017,16728,12289,12096,8889,3207,21374,12823,8551,4347,2292,2055
1.0 Scen,2049,001,Anderson County,66788,40663,26125,28636,16525,12111,11951,8775,3176,21710,12991,8719,4491,2372,2119
1.0 Scen,2050,001,Anderson County,66754,40603,26151,28267,16333,11934,11794,8660,3134,22052,13157,8895,4641,2453,2188
1.0 Scen,2010,003,Andrews County,14786,7368,7418,7083,3462,3621,199,101,98,7195,3655,3540,309,150,159
1.0 Scen,2011,003,Andrews County,15076,7518,7558,7137,3487,3650,200,102,98,7424,3776,3648,315,153,162
1.0 Scen,2012,003,Andrews County,15343,7661,7682,7171,3506,3665,200,101,99,7649,3897,3752,323,157,166
1.0 Scen,2013,003,Andrews County,15603,7805,7798,7200,3528,3672,200,102,98,7876,4017,3859,327,158,169
1.0 Scen,2014,003,Andrews County,15861,7942,7919,7211,3535,3676,202,103,99,8114,4141,3973,334,163,171
1.0 Scen,2015,003,Andrews County,16133,8080,8053,7244,3545,3699,204,104,100,8340,4262,4078,345,169,176
1.0 Scen,2016,003,Andrews County,16383,8208,8175,7257,3551,3706,206,105,101,8568,4379,4189,352,173,179
1.0 Scen,2017,003,Andrews County,16667,8360,8307,7289,3568,3721,207,107,100,8812,4508,4304,359,177,182
1.0 Scen,2018,003,Andrews County,16936,8497,8439,7306,3575,3731,210,109,101,9055,4633,4422,365,180,185
1.0 Scen,2019,003,Andrews County,17215,8651,8564,7331,3595,3736,210,108,102,9304,4763,4541,370,185,185
1.0 Scen,2020,003,Andrews County,17487,8796,8691,7345,3603,3742,211,109,102,9551,4893,4658,380,191,189
1.0 Scen,2021,003,Andrews County,17744,8934,8810,7348,3610,3738,212,110,102,9797,5018,4779,387,196,191
1.0 Scen,2022,003,Andrews County,18025,9093,8932,7367,3627,3740,215,112,103,10052,5155,4897,391,199,192
1.0 Scen,2023,003,Andrews County,18292,9233,9059,7390,3647,3743,217,113,104,10286,5271,5015,399,202,197
1.0 Scen,2024,003,Andrews County,18574,9385,9189,7411,3665,3746,218,113,105,10540,5400,5140,405,207,198
1.0 Scen,2025,003,Andrews County,18849,9530,9319,7433,3681,3752,221,115,106,10786,5524,5262,409,210,199
1.0 Scen,2026,003,Andrews County,19136,9693,9443,7457,3702,3755,222,116,106,11042,5659,5383,415,216,199
1.0 Scen,2027,003,Andrews County,19405,9837,9568,7470,3710,3760,220,115,105,11295,5793,5502,420,219,201
1.0 Scen,2028,003,Andrews County,19671,9997,9674,7486,3734,3752,219,114,105,11541,5926,5615,425,223,202
1.0 Scen,2029,003,Andrews County,19936,10145,9791,7496,3743,3753,220,114,106,11792,6061,5731,428,227,201
1.0 Scen,2030,003,Andrews County,20222,10308,9914,7514,3760,3754,222,115,107,12052,6202,5850,434,231,203
1.0 Scen,2031,003,Andrews County,20496,10465,10031,7529,3776,3753,219,114,105,12306,6339,5967,442,236,206
1.0 Scen,2032,003,Andrews County,20766,10617,10149,7537,3781,3756,219,114,105,12563,6483,6080,447,239,208
1.0 Scen,2033,003,Andrews County,21016,10766,10250,7544,3797,3747,216,112,104,12804,6615,6189,452,242,210
1.0 Scen,2034,003,Andrews County,21296,10917,10379,7548,3799,3749,217,113,104,13068,6757,6311,463,248,215
1.0 Scen,2035,003,Andrews County,21543,11060,10483,7547,3802,3745,218,114,104,13307,6892,6415,471,252,219
1.0 Scen,2036,003,Andrews County,21785,11200,10585,7538,3804,3734,214,111,103,13557,7029,6528,476,256,220
1.0 Scen,2037,003,Andrews County,22041,11342,10699,7536,3810,3726,211,110,101,13808,7159,6649,486,263,223
1.0 Scen,2038,003,Andrews County,22282,11472,10810,7522,3804,3718,209,109,100,14056,7289,6767,495,270,225
1.0 Scen,2039,003,Andrews County,22510,11614,10896,7505,3807,3698,206,110,96,14301,7423,6878,498,274,224
1.0 Scen,2040,003,Andrews County,22753,11755,10998,7491,3808,3683,202,107,95,14555,7563,6992,505,277,228
1.0 Scen,2041,003,Andrews County,22972,11879,11093,7461,3797,3664,201,107,94,14797,7694,7103,513,281,232
1.0 Scen,2042,003,Andrews County,23185,12004,11181,7423,3786,3637,199,106,93,15048,7830,7218,515,282,233
1.0 Scen,2043,003,Andrews County,23415,12139,11276,7404,3781,3623,199,107,92,15288,7962,7326,524,289,235
1.0 Scen,2044,003,Andrews County,23627,12267,11360,7377,3772,3605,198,107,91,15523,8094,7429,529,294,235
1.0 Scen,2045,003,Andrews County,23824,12397,11427,7333,3763,3570,194,107,87,15761,8226,7535,536,301,235
1.0 Scen,2046,003,Andrews County,24012,12509,11503,7316,3756,3560,190,106,84,15975,8347,7628,531,300,231
1.0 Scen,2047,003,Andrews County,24202,12633,11569,7267,3741,3526,187,105,82,16213,8482,7731,535,305,230
1.0 Scen,2048,003,Andrews County,24405,12751,11654,7241,3732,3509,185,103,82,16440,8609,7831,539,307,232
1.0 Scen,2049,003,Andrews County,24609,12877,11732,7211,3725,3486,180,103,77,16668,8735,7933,550,314,236
1.0 Scen,2050,003,Andrews County,24794,12994,11800,7176,3717,3459,177,100,77,16880,8856,8024,561,321,240
1.0 Scen,2010,005,Angelina County,86771,42515,44256,54889,26691,28198,12840,6048,6792,17145,8899,8246,1897,877,1020
1.0 Scen,2011,005,Angelina County,87510,42958,44552,54860,26724,28136,12971,6129,6842,17703,9190,8513,1976,915,1061
1.0 Scen,2012,005,Angelina County,88292,43411,44881,54865,26769,28096,13099,6208,6891,18267,9480,8787,2061,954,1107
1.0 Scen,2013,005,Angelina County,89069,43863,45206,54841,26800,28041,13223,6284,6939,18852,9782,9070,2153,997,1156
1.0 Scen,2014,005,Angelina County,89854,44325,45529,54815,26830,27985,13348,6365,6983,19441,10082,9359,2250,1048,1202
1.0 Scen,2015,005,Angelina County,90596,44755,45841,54756,26846,27910,13456,6436,7020,20032,10377,9655,2352,1096,1256
1.0 Scen,2016,005,Angelina County,91314,45164,46150,54671,26846,27825,13572,6505,7067,20631,10677,9954,2440,1136,1304
1.0 Scen,2017,005,Angelina County,92034,45585,46449,54567,26839,27728,13681,6569,7112,21248,10990,10258,2538,1187,1351
1.0 Scen,2018,005,Angelina County,92754,46001,46753,54456,26829,27627,13772,6628,7144,21891,11309,10582,2635,1235,1400
1.0 Scen,2019,005,Angelina County,93499,46439,47060,54351,26819,27532,13872,6690,7182,22540,11647,10893,2736,1283,1453
1.0 Scen,2020,005,Angelina County,94245,46872,47373,54217,26793,27424,13963,6747,7216,23215,11999,11216,2850,1333,1517
1.0 Scen,2021,005,Angelina County,95022,47325,47697,54103,26785,27318,14044,6798,7246,23910,12355,11555,2965,1387,1578
1.0 Scen,2022,005,Angelina County,95799,47773,48026,53974,26763,27211,14116,6843,7273,24623,12723,11900,3086,1444,1642
1.0 Scen,2023,005,Angelina County,96532,48209,48323,53800,26719,27081,14175,6884,7291,25348,13100,12248,3209,1506,1703
1.0 Scen,2024,005,Angelina County,97317,48683,48634,53627,26683,26944,14246,6938,7308,26095,13487,12608,3349,1575,1774
1.0 Scen,2025,005,Angelina County,98103,49152,48951,53434,26630,26804,14315,6983,7332,26868,13892,12976,3486,1647,1839
1.0 Scen,2026,005,Angelina County,98874,49608,49266,53218,26573,26645,14362,7014,7348,27655,14297,13358,3639,1724,1915
1.0 Scen,2027,005,Angelina County,99613,50036,49577,52962,26485,26477,14407,7048,7359,28456,14709,13747,3788,1794,1994
1.0 Scen,2028,005,Angelina County,100392,50500,49892,52693,26399,26294,14457,7083,7374,29281,15137,14144,3961,1881,2080
1.0 Scen,2029,005,Angelina County,101122,50929,50193,52411,26298,26113,14489,7107,7382,30096,15558,14538,4126,1966,2160
1.0 Scen,2030,005,Angelina County,101812,51339,50473,52085,26179,25906,14510,7128,7382,30922,15986,14936,4295,2046,2249
1.0 Scen,2031,005,Angelina County,102504,51755,50749,51749,26055,25694,14528,7144,7384,31741,16413,15328,4486,2143,2343
1.0 Scen,2032,005,Angelina County,103131,52143,50988,51368,25913,25455,14525,7150,7375,32552,16832,15720,4686,2248,2438
1.0 Scen,2033,005,Angelina County,103751,52519,51232,50971,25752,25219,14525,7162,7363,33365,17255,16110,4890,2350,2540
1.0 Scen,2034,005,Angelina County,104323,52868,51455,50554,25583,24971,14505,7161,7344,34168,17672,16496,5096,2452,2644
1.0 Scen,2035,005,Angelina County,104876,53205,51671,50118,25406,24712,14473,7150,7323,34974,18093,16881,5311,2556,2755
1.0 Scen,2036,005,Angelina County,105411,53534,51877,49665,25219,24446,14425,7130,7295,35785,18511,17274,5536,2674,2862
1.0 Scen,2037,005,Angelina County,105975,53893,52082,49206,25027,24179,14388,7131,7257,36597,18937,17660,5784,2798,2986
1.0 Scen,2038,005,Angelina County,106488,54217,52271,48717,24821,23896,14347,7121,7226,37403,19354,18049,6021,2921,3100
1.0 Scen,2039,005,Angelina County,107002,54541,52461,48216,24609,23607,14283,7102,7181,38219,19777,18442,6284,3053,3231
1.0 Scen,2040,005,Angelina County,107469,54846,52623,47701,24390,23311,14212,7074,7138,39018,20195,18823,6538,3187,3351
1.0 Scen,2041,005,Angelina County,107945,55149,52796,47170,24167,23003,14132,7043,7089,39830,20619,19211,6813,3320,3493
1.0 Scen,2042,005,Angelina County,108407,55445,52962,46637,23935,22702,14039,7007,7032,40634,21037,19597,7097,3466,3631
1.0 Scen,2043,005,Angelina County,108846,55724,53122,46082,23693,22389,13934,6964,6970,41452,21467,19985,7378,3600,3778
1.0 Scen,2044,005,Angelina County,109301,56021,53280,45509,23437,22072,13839,6924,6915,42268,21901,20367,7685,3759,3926
1.0 Scen,2045,005,Angelina County,109760,56315,53445,44947,23188,21759,13734,6884,6850,43087,22334,20753,7992,3909,4083
1.0 Scen,2046,005,Angelina County,110203,56607,53596,44371,22933,21438,13614,6835,6779,43906,22770,21136,8312,4069,4243
1.0 Scen,2047,005,Angelina County,110714,56939,53775,43821,22698,21123,13511,6790,6721,44734,23212,21522,8648,4239,4409
1.0 Scen,2048,005,Angelina County,111187,57251,53936,43254,22453,20801,13401,6749,6652,45553,23648,21905,8979,4401,4578
1.0 Scen,2049,005,Angelina County,111659,57554,54105,42681,22198,20483,13282,6697,6585,46365,24087,22278,9331,4572,4759
1.0 Scen,2050,005,Angelina County,112170,57887,54283,42127,21953,20174,13166,6652,6514,47197,24532,22665,9680,4750,4930
1.0 Scen,2010,007,Aransas County,23158,11485,11673,16350,8034,8316,258,147,111,5690,2878,2812,860,426,434
1.0 Scen,2011,007,Aransas County,23487,11637,11850,16488,8089,8399,260,148,112,5863,2967,2896,876,433,443
1.0 Scen,2012,007,Aransas County,23794,11770,12024,16620,8131,8489,260,148,112,6021,3047,2974,893,444,449
1.0 Scen,2013,007,Aransas County,24110,11914,12196,16743,8174,8569,262,149,113,6190,3136,3054,915,455,460
1.0 Scen,2014,007,Aransas County,24431,12061,12370,16874,8220,8654,265,150,115,6358,3224,3134,934,467,467
1.0 Scen,2015,007,Aransas County,24738,12201,12537,16999,8264,8735,268,152,116,6523,3310,3213,948,475,473
1.0 Scen,2016,007,Aransas County,25023,12328,12695,17110,8300,8810,270,153,117,6691,3396,3295,952,479,473
1.0 Scen,2017,007,Aransas County,25311,12461,12850,17212,8334,8878,271,153,118,6863,3485,3378,965,489,476
1.0 Scen,2018,007,Aransas County,25551,12564,12987,17292,8357,8935,273,154,119,7013,3559,3454,973,494,479
1.0 Scen,2019,007,Aransas County,25807,12675,13132,17376,8378,8998,275,155,120,7167,3637,3530,989,505,484
1.0 Scen,2020,007,Aransas County,26041,12770,13271,17433,8383,9050,275,156,119,7332,3722,3610,1001,509,492
1.0 Scen,2021,007,Aransas County,26260,12865,13395,17491,8389,9102,277,158,119,7478,3799,3679,1014,519,495
1.0 Scen,2022,007,Aransas County,26482,12969,13513,17537,8394,9143,278,158,120,7631,3882,3749,1036,535,501
1.0 Scen,2023,007,Aransas County,26683,13054,13629,17559,8387,9172,278,158,120,7792,3963,3829,1054,546,508
1.0 Scen,2024,007,Aransas County,26839,13122,13717,17556,8374,9182,280,159,121,7939,4036,3903,1064,553,511
1.0 Scen,2025,007,Aransas County,26993,13191,13802,17544,8354,9190,280,159,121,8095,4118,3977,1074,560,514
1.0 Scen,2026,007,Aransas County,27145,13261,13884,17519,8330,9189,281,161,120,8264,4203,4061,1081,567,514
1.0 Scen,2027,007,Aransas County,27271,13325,13946,17470,8300,9170,281,161,120,8428,4284,4144,1092,580,512
1.0 Scen,2028,007,Aransas County,27386,13383,14003,17419,8266,9153,280,161,119,8584,4366,4218,1103,590,513
1.0 Scen,2029,007,Aransas County,27491,13442,14049,17340,8225,9115,279,160,119,8751,4454,4297,1121,603,518
1.0 Scen,2030,007,Aransas County,27558,13480,14078,17240,8172,9068,280,161,119,8918,4543,4375,1120,604,516
1.0 Scen,2031,007,Aransas County,27597,13512,14085,17113,8114,8999,279,160,119,9070,4623,4447,1135,615,520
1.0 Scen,2032,007,Aransas County,27644,13546,14098,16984,8050,8934,280,161,119,9234,4711,4523,1146,624,522
1.0 Scen,2033,007,Aransas County,27667,13581,14086,16837,7987,8850,276,158,118,9394,4802,4592,1160,634,526
1.0 Scen,2034,007,Aransas County,27654,13591,14063,16669,7917,8752,274,156,118,9539,4877,4662,1172,641,531
1.0 Scen,2035,007,Aransas County,27617,13596,14021,16490,7838,8652,274,156,118,9687,4961,4726,1166,641,525
1.0 Scen,2036,007,Aransas County,27578,13604,13974,16294,7758,8536,272,154,118,9836,5043,4793,1176,649,527
1.0 Scen,2037,007,Aransas County,27525,13605,13920,16091,7664,8427,271,154,117,9984,5131,4853,1179,656,523
1.0 Scen,2038,007,Aransas County,27461,13608,13853,15883,7580,8303,267,152,115,10125,5208,4917,1186,668,518
1.0 Scen,2039,007,Aransas County,27371,13584,13787,15670,7487,8183,262,150,112,10255,5280,4975,1184,667,517
1.0 Scen,2040,007,Aransas County,27296,13578,13718,15457,7405,8052,261,149,112,10390,5352,5038,1188,672,516
1.0 Scen,2041,007,Aransas County,27180,13557,13623,15218,7311,7907,258,147,111,10517,5426,5091,1187,673,514
1.0 Scen,2042,007,Aransas County,27102,13555,13547,15003,7230,7773,254,143,111,10652,5501,5151,1193,681,512
1.0 Scen,2043,007,Aransas County,26995,13538,13457,14777,7137,7640,250,141,109,10772,5574,5198,1196,686,510
1.0 Scen,2044,007,Aransas County,26899,13522,13377,14543,7042,7501,245,139,106,10909,5647,5262,1202,694,508
1.0 Scen,2045,007,Aransas County,26793,13516,13277,14319,6956,7363,240,137,103,11028,5721,5307,1206,702,504
1.0 Scen,2046,007,Aransas County,26682,13498,13184,14087,6865,7222,237,136,101,11157,5794,5363,1201,703,498
1.0 Scen,2047,007,Aransas County,26569,13479,13090,13856,6773,7083,232,133,99,11278,5865,5413,1203,708,495
1.0 Scen,2048,007,Aransas County,26454,13464,12990,13632,6691,6941,227,130,97,11388,5929,5459,1207,714,493
1.0 Scen,2049,007,Aransas County,26363,13459,12904,13434,6614,6820,221,126,95,11496,5995,5501,1212,724,488
1.0 Scen,2050,007,Aransas County,26276,13446,12830,13232,6536,6696,216,122,94,11607,6054,5553,1221,734,487
1.0 Scen,2010,009,Archer County,9054,4563,4491,8182,4101,4081,34,20,14,675,372,303,163,70,93
1.0 Scen,2011,009,Archer County,9166,4608,4558,8267,4131,4136,34,20,14,701,386,315,164,71,93
1.0 Scen,2012,009,Archer County,9246,4646,4600,8319,4154,4165,34,20,14,729,401,328,164,71,93
1.0 Scen,2013,009,Archer County,9333,4677,4656,8378,4170,4208,34,20,14,757,416,341,164,71,93
1.0 Scen,2014,009,Archer County,9416,4711,4705,8437,4192,4245,34,20,14,781,428,353,164,71,93
1.0 Scen,2015,009,Archer County,9502,4743,4759,8491,4208,4283,34,20,14,810,443,367,167,72,95
1.0 Scen,2016,009,Archer County,9567,4775,4792,8523,4222,4301,34,20,14,842,461,381,168,72,96
1.0 Scen,2017,009,Archer County,9641,4809,4832,8564,4237,4327,34,20,14,873,478,395,170,74,96
1.0 Scen,2018,009,Archer County,9706,4842,4864,8598,4251,4347,34,20,14,903,496,407,171,75,96
1.0 Scen,2019,009,Archer County,9775,4879,4896,8637,4270,4367,34,20,14,931,513,418,173,76,97
1.0 Scen,2020,009,Archer County,9847,4921,4926,8673,4290,4383,34,20,14,965,534,431,175,77,98
1.0 Scen,2021,009,Archer County,9930,4963,4967,8722,4311,4411,34,20,14,998,554,444,176,78,98
1.0 Scen,2022,009,Archer County,10002,5002,5000,8758,4329,4429,34,20,14,1033,575,458,177,78,99
1.0 Scen,2023,009,Archer County,10075,5042,5033,8797,4349,4448,34,20,14,1065,594,471,179,79,100
1.0 Scen,2024,009,Archer County,10145,5084,5061,8830,4367,4463,34,20,14,1100,617,483,181,80,101
1.0 Scen,2025,009,Archer County,10237,5141,5096,8876,4394,4482,33,20,13,1145,645,500,183,82,101
1.0 Scen,2026,009,Archer County,10321,5186,5135,8915,4413,4502,33,20,13,1188,670,518,185,83,102
1.0 Scen,2027,009,Archer County,10393,5228,5165,8947,4430,4517,33,20,13,1226,694,532,187,84,103
1.0 Scen,2028,009,Archer County,10474,5271,5203,8984,4449,4535,32,19,13,1270,718,552,188,85,103
1.0 Scen,2029,009,Archer County,10559,5327,5232,9021,4472,4549,33,20,13,1317,749,568,188,86,102
1.0 Scen,2030,009,Archer County,10642,5374,5268,9048,4487,4561,33,20,13,1374,781,593,187,86,101
1.0 Scen,2031,009,Archer County,10731,5424,5307,9081,4506,4575,33,20,13,1434,814,620,183,84,99
1.0 Scen,2032,009,Archer County,10823,5472,5351,9114,4523,4591,33,20,13,1492,846,646,184,83,101
1.0 Scen,2033,009,Archer County,10906,5522,5384,9132,4534,4598,34,20,14,1554,883,671,186,85,101
1.0 Scen,2034,009,Archer County,10977,5559,5418,9140,4533,4607,34,20,14,1616,920,696,187,86,101
1.0 Scen,2035,009,Archer County,11046,5604,5442,9151,4544,4607,34,20,14,1673,953,720,188,87,101
1.0 Scen,2036,009,Archer County,11103,5640,5463,9149,4542,4607,34,20,14,1732,991,741,188,87,101
1.0 Scen,2037,009,Archer County,11171,5683,5488,9143,4539,4604,34,20,14,1805,1036,769,189,88,101
1.0 Scen,2038,009,Archer County,11220,5720,5500,9123,4535,4588,34,20,14,1872,1076,796,191,89,102
1.0 Scen,2039,009,Archer County,11276,5752,5524,9111,4529,4582,34,20,14,1939,1113,826,192,90,102
1.0 Scen,2040,009,Archer County,11312,5772,5540,9087,4517,4570,31,17,14,2001,1148,853,193,90,103
1.0 Scen,2041,009,Archer County,11367,5817,5550,9066,4513,4553,32,18,14,2074,1195,879,195,91,104
1.0 Scen,2042,009,Archer County,11418,5852,5566,9039,4505,4534,31,18,13,2153,1238,915,195,91,104
1.0 Scen,2043,009,Archer County,11462,5881,5581,9011,4495,4516,29,16,13,2230,1281,949,192,89,103
1.0 Scen,2044,009,Archer County,11509,5916,5593,8979,4482,4497,29,16,13,2310,1329,981,191,89,102
1.0 Scen,2045,009,Archer County,11539,5939,5600,8942,4471,4471,28,17,11,2380,1362,1018,189,89,100
1.0 Scen,2046,009,Archer County,11589,5979,5610,8911,4459,4452,28,17,11,2466,1415,1051,184,88,96
1.0 Scen,2047,009,Archer County,11630,6010,5620,8875,4446,4429,28,17,11,2548,1461,1087,179,86,93
1.0 Scen,2048,009,Archer County,11675,6047,5628,8842,4435,4407,27,17,10,2631,1513,1118,175,82,93
1.0 Scen,2049,009,Archer County,11728,6079,5649,8808,4422,4386,26,16,10,2718,1558,1160,176,83,93
1.0 Scen,2050,009,Archer County,11775,6104,5671,8771,4402,4369,26,16,10,2804,1605,1199,174,81,93
1.0 Scen,2010,011,Armstrong County,1901,928,973,1725,844,881,11,6,5,124,61,63,41,17,24
1.0 Scen,2011,011,Armstrong County,1920,940,980,1742,855,887,11,6,5,126,62,64,41,17,24
1.0 Scen,2012,011,Armstrong County,1931,947,984,1751,861,890,11,6,5,128,63,65,41,17,24
1.0 Scen,2013,011,Armstrong County,1944,956,988,1763,869,894,11,6,5,130,64,66,40,17,23
1.0 Scen,2014,011,Armstrong County,1957,967,990,1775,880,895,11,6,5,131,64,67,40,17,23
1.0 Scen,2015,011,Armstrong County,1969,980,989,1785,892,893,11,6,5,133,65,68,40,17,23
1.0 Scen,2016,011,Armstrong County,1980,988,992,1794,899,895,11,6,5,135,66,69,40,17,23
1.0 Scen,2017,011,Armstrong County,1987,998,989,1799,908,891,11,6,5,137,67,70,40,17,23
1.0 Scen,2018,011,Armstrong County,1988,1005,983,1798,914,884,11,6,5,139,68,71,40,17,23
1.0 Scen,2019,011,Armstrong County,1981,1008,973,1788,916,872,11,6,5,141,69,72,41,17,24
1.0 Scen,2020,011,Armstrong County,1970,1008,962,1775,916,859,11,6,5,143,69,74,41,17,24
1.0 Scen,2021,011,Armstrong County,1973,1014,959,1775,920,855,11,6,5,146,71,75,41,17,24
1.0 Scen,2022,011,Armstrong County,1976,1018,958,1774,922,852,11,6,5,150,73,77,41,17,24
1.0 Scen,2023,011,Armstrong County,1975,1018,957,1771,920,851,11,6,5,152,75,77,41,17,24
1.0 Scen,2024,011,Armstrong County,1967,1015,952,1763,917,846,11,6,5,154,75,79,39,17,22
1.0 Scen,2025,011,Armstrong County,1970,1016,954,1763,916,847,11,6,5,156,77,79,40,17,23
1.0 Scen,2026,011,Armstrong County,1969,1017,952,1760,917,843,11,6,5,158,77,81,40,17,23
1.0 Scen,2027,011,Armstrong County,1962,1015,947,1752,915,837,11,6,5,160,78,82,39,16,23
1.0 Scen,2028,011,Armstrong County,1963,1016,947,1751,915,836,11,6,5,162,79,83,39,16,23
1.0 Scen,2029,011,Armstrong County,1965,1023,942,1753,921,832,11,6,5,164,80,84,37,16,21
1.0 Scen,2030,011,Armstrong County,1964,1027,937,1749,924,825,11,6,5,166,81,85,38,16,22
1.0 Scen,2031,011,Armstrong County,1958,1027,931,1741,923,818,11,6,5,168,82,86,38,16,22
1.0 Scen,2032,011,Armstrong County,1949,1024,925,1731,920,811,10,5,5,170,83,87,38,16,22
1.0 Scen,2033,011,Armstrong County,1946,1024,922,1726,919,807,10,5,5,172,84,88,38,16,22
1.0 Scen,2034,011,Armstrong County,1936,1019,917,1714,913,801,10,5,5,174,85,89,38,16,22
1.0 Scen,2035,011,Armstrong County,1922,1012,910,1700,906,794,10,5,5,175,86,89,37,15,22
1.0 Scen,2036,011,Armstrong County,1902,1009,893,1681,903,778,10,5,5,175,86,89,36,15,21
1.0 Scen,2037,011,Armstrong County,1888,1004,884,1666,897,769,10,5,5,176,87,89,36,15,21
1.0 Scen,2038,011,Armstrong County,1869,998,871,1646,890,756,10,5,5,177,88,89,36,15,21
1.0 Scen,2039,011,Armstrong County,1861,1000,861,1637,891,746,10,5,5,178,89,89,36,15,21
1.0 Scen,2040,011,Armstrong County,1852,998,854,1628,888,740,10,5,5,179,90,89,35,15,20
1.0 Scen,2041,011,Armstrong County,1844,998,846,1621,889,732,10,5,5,179,90,89,34,14,20
1.0 Scen,2042,011,Armstrong County,1836,998,838,1612,889,723,10,5,5,180,90,90,34,14,20
1.0 Scen,2043,011,Armstrong County,1833,999,834,1608,889,719,10,5,5,181,91,90,34,14,20
1.0 Scen,2044,011,Armstrong County,1824,1002,822,1601,893,708,10,5,5,180,90,90,33,14,19
1.0 Scen,2045,011,Armstrong County,1811,1002,809,1590,893,697,10,5,5,178,90,88,33,14,19
1.0 Scen,2046,011,Armstrong County,1797,1000,797,1580,892,688,10,5,5,178,90,88,29,13,16
1.0 Scen,2047,011,Armstrong County,1784,999,785,1568,892,676,10,5,5,177,89,88,29,13,16
1.0 Scen,2048,011,Armstrong County,1760,987,773,1548,881,667,10,5,5,174,88,86,28,13,15
1.0 Scen,2049,011,Armstrong County,1745,983,762,1533,877,656,10,5,5,174,88,86,28,13,15
1.0 Scen,2050,011,Armstrong County,1733,980,753,1520,874,646,10,5,5,174,88,86,29,13,16
1.0 Scen,2010,013,Atascosa County,44911,22130,22781,16295,7902,8393,256,142,114,27785,13810,13975,575,276,299
1.0 Scen,2011,013,Atascosa County,45976,22646,23330,16532,8006,8526,258,144,114,28593,14210,14383,593,286,307
1.0 Scen,2012,013,Atascosa County,47019,23138,23881,16748,8092,8656,260,145,115,29406,14606,14800,605,295,310
1.0 Scen,2013,013,Atascosa County,48087,23645,24442,16981,8189,8792,267,149,118,30223,15005,15218,616,302,314
1.0 Scen,2014,013,Atascosa County,49165,24151,25014,17195,8274,8921,273,153,120,31064,15412,15652,633,312,321
1.0 Scen,2015,013,Atascosa County,50278,24694,25584,17430,8379,9051,278,157,121,31923,15840,16083,647,318,329
1.0 Scen,2016,013,Atascosa County,51408,25227,26181,17650,8464,9186,283,160,123,32813,16276,16537,662,327,335
1.0 Scen,2017,013,Atascosa County,52520,25762,26758,17845,8545,9300,288,162,126,33715,16721,16994,672,334,338
1.0 Scen,2018,013,Atascosa County,53655,26297,27358,18060,8629,9431,295,165,130,34620,17162,17458,680,341,339
1.0 Scen,2019,013,Atascosa County,54803,26830,27973,18274,8707,9567,299,165,134,35541,17612,17929,689,346,343
1.0 Scen,2020,013,Atascosa County,55946,27369,28577,18481,8782,9699,300,165,135,36470,18073,18397,695,349,346
1.0 Scen,2021,013,Atascosa County,57123,27909,29214,18687,8856,9831,308,168,140,37420,18530,18890,708,355,353
1.0 Scen,2022,013,Atascosa County,58295,28469,29826,18897,8937,9960,313,171,142,38367,18997,19370,718,364,354
1.0 Scen,2023,013,Atascosa County,59454,29010,30444,19090,9008,10082,318,174,144,39321,19461,19860,725,367,358
1.0 Scen,2024,013,Atascosa County,60619,29567,31052,19284,9080,10204,323,177,146,40280,19937,20343,732,373,359
1.0 Scen,2025,013,Atascosa County,61782,30115,31667,19467,9145,10322,328,180,148,41244,20405,20839,743,385,358
1.0 Scen,2026,013,Atascosa County,62928,30656,32272,19633,9201,10432,338,184,154,42206,20876,21330,751,395,356
1.0 Scen,2027,013,Atascosa County,64095,31203,32892,19795,9256,10539,348,188,160,43190,21355,21835,762,404,358
1.0 Scen,2028,013,Atascosa County,65252,31743,33509,19955,9310,10645,354,190,164,44173,21834,22339,770,409,361
1.0 Scen,2029,013,Atascosa County,66403,32283,34120,20103,9363,10740,361,193,168,45157,22309,22848,782,418,364
1.0 Scen,2030,013,Atascosa County,67524,32806,34718,20228,9405,10823,365,195,170,46141,22785,23356,790,421,369
1.0 Scen,2031,013,Atascosa County,68628,33326,35302,20350,9445,10905,370,199,171,47109,23253,23856,799,429,370
1.0 Scen,2032,013,Atascosa County,69730,33842,35888,20460,9479,10981,378,203,175,48078,23719,24359,814,441,373
1.0 Scen,2033,013,Atascosa County,70806,34358,36448,20571,9519,11052,383,208,175,49032,24183,24849,820,448,372
1.0 Scen,2034,013,Atascosa County,71860,34862,36998,20665,9548,11117,384,208,176,49980,24647,25333,831,459,372
1.0 Scen,2035,013,Atascosa County,72886,35349,37537,20743,9570,11173,388,207,181,50918,25106,25812,837,466,371
1.0 Scen,2036,013,Atascosa County,73909,35844,38065,20828,9597,11231,395,210,185,51848,25564,26284,838,473,365
1.0 Scen,2037,013,Atascosa County,74918,36338,38580,20896,9623,11273,399,211,188,52775,26024,26751,848,480,368
1.0 Scen,2038,013,Atascosa County,75891,36810,39081,20950,9637,11313,403,212,191,53683,26472,27211,855,489,366
1.0 Scen,2039,013,Atascosa County,76838,37278,39560,20993,9652,11341,395,210,185,54592,26921,27671,858,495,363
1.0 Scen,2040,013,Atascosa County,77771,37740,40031,21030,9662,11368,396,208,188,55478,27365,28113,867,505,362
1.0 Scen,2041,013,Atascosa County,78701,38203,40498,21066,9675,11391,402,209,193,56355,27803,28552,878,516,362
1.0 Scen,2042,013,Atascosa County,79590,38649,40941,21086,9677,11409,408,214,194,57221,28240,28981,875,518,357
1.0 Scen,2043,013,Atascosa County,80468,39086,41382,21106,9680,11426,411,216,195,58070,28662,29408,881,528,353
1.0 Scen,2044,013,Atascosa County,81312,39507,41805,21115,9682,11433,407,211,196,58904,29080,29824,886,534,352
1.0 Scen,2045,013,Atascosa County,82150,39940,42210,21117,9679,11438,412,218,194,59722,29498,30224,899,545,354
1.0 Scen,2046,013,Atascosa County,82972,40363,42609,21112,9674,11438,419,222,197,60539,29917,30622,902,550,352
1.0 Scen,2047,013,Atascosa County,83778,40776,43002,21099,9662,11437,423,224,199,61342,30327,31015,914,563,351
1.0 Scen,2048,013,Atascosa County,84573,41183,43390,21083,9650,11433,425,222,203,62144,30738,31406,921,573,348
1.0 Scen,2049,013,Atascosa County,85347,41576,43771,21062,9632,11430,428,222,206,62935,31146,31789,922,576,346
1.0 Scen,2050,013,Atascosa County,86122,41981,44141,21043,9622,11421,428,222,206,63720,31550,32170,931,587,344
1.0 Scen,2010,015,Austin County,28417,14073,14344,18657,9121,9536,2622,1290,1332,6641,3429,3212,497,233,264
1.0 Scen,2011,015,Austin County,29153,14423,14730,18898,9219,9679,2709,1333,1376,7021,3624,3397,525,247,278
1.0 Scen,2012,015,Austin County,29891,14777,15114,19127,9308,9819,2788,1375,1413,7424,3835,3589,552,259,293
1.0 Scen,2013,015,Austin County,30656,15142,15514,19348,9396,9952,2880,1422,1458,7847,4051,3796,581,273,308
1.0 Scen,2014,015,Austin County,31434,15504,15930,19567,9473,10094,2966,1466,1500,8290,4278,4012,611,287,324
1.0 Scen,2015,015,Austin County,32238,15899,16339,19792,9563,10229,3049,1514,1535,8757,4520,4237,640,302,338
1.0 Scen,2016,015,Austin County,33048,16290,16758,19997,9642,10355,3139,1559,1580,9243,4772,4471,669,317,352
1.0 Scen,2017,015,Austin County,33876,16683,17193,20180,9704,10476,3237,1612,1625,9765,5040,4725,694,327,367
1.0 Scen,2018,015,Austin County,34766,17108,17658,20386,9782,10604,3347,1666,1681,10305,5316,4989,728,344,384
1.0 Scen,2019,015,Austin County,35640,17534,18106,20568,9847,10721,3446,1721,1725,10866,5607,5259,760,359,401
1.0 Scen,2020,015,Austin County,36542,17969,18573,20751,9908,10843,3542,1774,1768,11454,5908,5546,795,379,416
1.0 Scen,2021,015,Austin County,37433,18394,19039,20924,9964,10960,3623,1812,1811,12063,6222,5841,823,396,427
1.0 Scen,2022,015,Austin County,38384,18853,19531,21100,10023,11077,3714,1863,1851,12712,6549,6163,858,418,440
1.0 Scen,2023,015,Austin County,39321,19298,20023,21257,10074,11183,3794,1898,1896,13382,6887,6495,888,439,449
1.0 Scen,2024,015,Austin County,40273,19743,20530,21404,10114,11290,3882,1943,1939,14061,7229,6832,926,457,469
1.0 Scen,2025,015,Austin County,41273,20228,21045,21557,10163,11394,3969,1989,1980,14782,7595,7187,965,481,484
1.0 Scen,2026,015,Austin County,42303,20713,21590,21697,10198,11499,4067,2038,2029,15531,7972,7559,1008,505,503
1.0 Scen,2027,015,Austin County,43351,21210,22141,21824,10233,11591,4145,2077,2068,16313,8366,7947,1069,534,535
1.0 Scen,2028,015,Austin County,44408,21712,22696,21941,10265,11676,4224,2113,2111,17119,8774,8345,1124,560,564
1.0 Scen,2029,015,Austin County,45504,22240,23264,22051,10291,11760,4306,2154,2152,17968,9208,8760,1179,587,592
1.0 Scen,2030,015,Austin County,46640,22783,23857,22139,10309,11830,4388,2197,2191,18864,9659,9205,1249,618,631
1.0 Scen,2031,015,Austin County,47797,23338,24459,22220,10324,11896,4474,2239,2235,19787,10128,9659,1316,647,669
1.0 Scen,2032,015,Austin County,49005,23920,25085,22295,10338,11957,4562,2279,2283,20760,10619,10141,1388,684,704
1.0 Scen,2033,015,Austin County,50210,24524,25686,22362,10356,12006,4640,2324,2316,21749,11125,10624,1459,719,740
1.0 Scen,2034,015,Austin County,51488,25146,26342,22424,10360,12064,4736,2368,2368,22779,11655,11124,1549,763,786
1.0 Scen,2035,015,Austin County,52764,25793,26971,22462,10368,12094,4818,2416,2402,23837,12198,11639,1647,811,836
1.0 Scen,2036,015,Austin County,54072,26446,27626,22488,10368,12120,4904,2459,2445,24936,12759,12177,1744,860,884
1.0 Scen,2037,015,Austin County,55405,27108,28297,22513,10366,12147,4980,2497,2483,26077,13336,12741,1835,909,926
1.0 Scen,2038,015,Austin County,56768,27798,28970,22518,10359,12159,5069,2545,2524,27245,13932,13313,1936,962,974
1.0 Scen,2039,015,Austin County,58149,28490,29659,22499,10338,12161,5138,2580,2558,28471,14557,13914,2041,1015,1026
1.0 Scen,2040,015,Austin County,59582,29218,30364,22473,10316,12157,5217,2624,2593,29743,15206,14537,2149,1072,1077
1.0 Scen,2041,015,Austin County,61034,29945,31089,22439,10292,12147,5288,2658,2630,31043,15865,15178,2264,1130,1134
1.0 Scen,2042,015,Austin County,62524,30698,31826,22387,10256,12131,5361,2695,2666,32388,16555,15833,2388,1192,1196
1.0 Scen,2043,015,Austin County,64061,31473,32588,22348,10231,12117,5416,2725,2691,33784,17264,16520,2513,1253,1260
1.0 Scen,2044,015,Austin County,65628,32272,33356,22285,10193,12092,5487,2761,2726,35218,18002,17216,2638,1316,1322
1.0 Scen,2045,015,Austin County,67244,33100,34144,22234,10167,12067,5546,2795,2751,36696,18757,17939,2768,1381,1387
1.0 Scen,2046,015,Austin County,68884,33931,34953,22164,10127,12037,5610,2826,2784,38212,19531,18681,2898,1447,1451
1.0 Scen,2047,015,Austin County,70581,34801,35780,22111,10106,12005,5662,2850,2812,39789,20344,19445,3019,1501,1518
1.0 Scen,2048,015,Austin County,72355,35720,36635,22045,10072,11973,5731,2892,2839,41420,21184,20236,3159,1572,1587
1.0 Scen,2049,015,Austin County,74160,36650,37510,21980,10043,11937,5793,2925,2868,43091,22041,21050,3296,1641,1655
1.0 Scen,2050,015,Austin County,76037,37626,38411,21919,10021,11898,5848,2956,2892,44820,22933,21887,3450,1716,1734
1.0 Scen,2010,017,Bailey County,7165,3621,3544,2745,1320,1425,67,42,25,4283,2227,2056,70,32,38
1.0 Scen,2011,017,Bailey County,7299,3692,3607,2746,1322,1424,68,43,25,4414,2294,2120,71,33,38
1.0 Scen,2012,017,Bailey County,7420,3758,3662,2741,1323,1418,69,43,26,4538,2359,2179,72,33,39
1.0 Scen,2013,017,Bailey County,7546,3826,3720,2732,1321,1411,70,44,26,4672,2428,2244,72,33,39
1.0 Scen,2014,017,Bailey County,7670,3899,3771,2719,1324,1395,70,43,27,4808,2499,2309,73,33,40
1.0 Scen,2015,017,Bailey County,7799,3971,3828,2707,1320,1387,71,44,27,4947,2573,2374,74,34,40
1.0 Scen,2016,017,Bailey County,7914,4036,3878,2684,1314,1370,71,44,27,5083,2643,2440,76,35,41
1.0 Scen,2017,017,Bailey County,8029,4099,3930,2666,1306,1360,72,45,27,5213,2711,2502,78,37,41
1.0 Scen,2018,017,Bailey County,8150,4166,3984,2648,1299,1349,70,44,26,5352,2785,2567,80,38,42
1.0 Scen,2019,017,Bailey County,8288,4241,4047,2637,1295,1342,70,44,26,5500,2863,2637,81,39,42
1.0 Scen,2020,017,Bailey County,8426,4318,4108,2613,1285,1328,70,44,26,5660,2949,2711,83,40,43
1.0 Scen,2021,017,Bailey County,8560,4396,4164,2589,1276,1313,69,44,25,5818,3035,2783,84,41,43
1.0 Scen,2022,017,Bailey County,8700,4473,4227,2576,1271,1305,69,45,24,5970,3116,2854,85,41,44
1.0 Scen,2023,017,Bailey County,8845,4552,4293,2560,1264,1296,69,45,24,6130,3201,2929,86,42,44
1.0 Scen,2024,017,Bailey County,8992,4633,4359,2545,1259,1286,69,45,24,6291,3287,3004,87,42,45
1.0 Scen,2025,017,Bailey County,9130,4720,4410,2524,1255,1269,70,45,25,6448,3377,3071,88,43,45
1.0 Scen,2026,017,Bailey County,9291,4810,4481,2505,1249,1256,70,45,25,6628,3473,3155,88,43,45
1.0 Scen,2027,017,Bailey County,9443,4899,4544,2493,1247,1246,70,45,25,6791,3563,3228,89,44,45
1.0 Scen,2028,017,Bailey County,9597,4979,4618,2473,1237,1236,70,45,25,6965,3654,3311,89,43,46
1.0 Scen,2029,017,Bailey County,9740,5064,4676,2456,1233,1223,68,45,23,7126,3742,3384,90,44,46
1.0 Scen,2030,017,Bailey County,9885,5141,4744,2423,1219,1204,69,45,24,7302,3833,3469,91,44,47
1.0 Scen,2031,017,Bailey County,10032,5225,4807,2416,1218,1198,68,44,24,7457,3919,3538,91,44,47
1.0 Scen,2032,017,Bailey County,10179,5301,4878,2398,1210,1188,65,43,22,7625,4005,3620,91,43,48
1.0 Scen,2033,017,Bailey County,10328,5382,4946,2380,1202,1178,65,42,23,7792,4095,3697,91,43,48
1.0 Scen,2034,017,Bailey County,10470,5463,5007,2357,1196,1161,65,42,23,7957,4183,3774,91,42,49
1.0 Scen,2035,017,Bailey County,10618,5552,5066,2340,1192,1148,64,41,23,8123,4276,3847,91,43,48
1.0 Scen,2036,017,Bailey County,10759,5636,5123,2323,1188,1135,64,41,23,8281,4364,3917,91,43,48
1.0 Scen,2037,017,Bailey County,10914,5725,5189,2308,1183,1125,61,41,20,8453,4457,3996,92,44,48
1.0 Scen,2038,017,Bailey County,11048,5804,5244,2289,1177,1112,60,40,20,8607,4543,4064,92,44,48
1.0 Scen,2039,017,Bailey County,11186,5889,5297,2267,1169,1098,59,39,20,8767,4636,4131,93,45,48
1.0 Scen,2040,017,Bailey County,11338,5976,5362,2248,1162,1086,60,39,21,8936,4730,4206,94,45,49
1.0 Scen,2041,017,Bailey County,11468,6049,5419,2220,1149,1071,58,37,21,9096,4818,4278,94,45,49
1.0 Scen,2042,017,Bailey County,11604,6130,5474,2200,1142,1058,56,36,20,9253,4907,4346,95,45,50
1.0 Scen,2043,017,Bailey County,11747,6211,5536,2184,1135,1049,55,35,20,9413,4995,4418,95,46,49
1.0 Scen,2044,017,Bailey County,11878,6291,5587,2156,1128,1028,54,34,20,9572,5083,4489,96,46,50
1.0 Scen,2045,017,Bailey County,12011,6372,5639,2128,1115,1013,53,33,20,9734,5177,4557,96,47,49
1.0 Scen,2046,017,Bailey County,12148,6446,5702,2106,1102,1004,52,32,20,9895,5266,4629,95,46,49
1.0 Scen,2047,017,Bailey County,12287,6526,5761,2085,1097,988,51,31,20,10058,5353,4705,93,45,48
1.0 Scen,2048,017,Bailey County,12419,6603,5816,2056,1082,974,50,30,20,10219,5446,4773,94,45,49
1.0 Scen,2049,017,Bailey County,12570,6695,5875,2047,1084,963,49,29,20,10379,5535,4844,95,47,48
1.0 Scen,2050,017,Bailey County,12711,6781,5930,2028,1081,947,49,29,20,10541,5626,4915,93,45,48
1.0 Scen,2010,019,Bandera County,20485,10172,10313,16576,8200,8376,90,50,40,3415,1739,1676,404,183,221
1.0 Scen,2011,019,Bandera County,20939,10385,10554,16878,8336,8542,90,50,40,3560,1814,1746,411,185,226
1.0 Scen,2012,019,Bandera County,21393,10597,10796,17179,8469,8710,90,50,40,3704,1890,1814,420,188,232
1.0 Scen,2013,019,Bandera County,21860,10821,11039,17490,8614,8876,90,50,40,3851,1964,1887,429,193,236
1.0 Scen,2014,019,Bandera County,22335,11049,11286,17804,8759,9045,88,49,39,4007,2045,1962,436,196,240
1.0 Scen,2015,019,Bandera County,22792,11275,11517,18095,8900,9195,88,49,39,4165,2128,2037,444,198,246
1.0 Scen,2016,019,Bandera County,23255,11493,11762,18393,9033,9360,88,49,39,4325,2211,2114,449,200,249
1.0 Scen,2017,019,Bandera County,23725,11715,12010,18684,9164,9520,89,50,39,4498,2297,2201,454,204,250
1.0 Scen,2018,019,Bandera County,24187,11938,12249,18973,9297,9676,90,50,40,4666,2384,2282,458,207,251
1.0 Scen,2019,019,Bandera County,24632,12148,12484,19251,9423,9828,89,51,38,4834,2467,2367,458,207,251
1.0 Scen,2020,019,Bandera County,25100,12379,12721,19537,9559,9978,90,51,39,5009,2560,2449,464,209,255
1.0 Scen,2021,019,Bandera County,25550,12599,12951,19795,9679,10116,93,52,41,5191,2657,2534,471,211,260
1.0 Scen,2022,019,Bandera County,25978,12805,13173,20056,9801,10255,94,52,42,5355,2741,2614,473,211,262
1.0 Scen,2023,019,Bandera County,26394,13016,13378,20309,9928,10381,95,53,42,5520,2824,2696,470,211,259
1.0 Scen,2024,019,Bandera County,26818,13230,13588,20547,10041,10506,96,53,43,5702,2920,2782,473,216,257
1.0 Scen,2025,019,Bandera County,27228,13439,13789,20766,10152,10614,97,54,43,5893,3017,2876,472,216,256
1.0 Scen,2026,019,Bandera County,27618,13637,13981,20958,10250,10708,98,54,44,6084,3113,2971,478,220,258
1.0 Scen,2027,019,Bandera County,28008,13839,14169,21152,10345,10807,100,55,45,6274,3216,3058,482,223,259
1.0 Scen,2028,019,Bandera County,28372,14030,14342,21313,10430,10883,101,55,46,6472,3319,3153,486,226,260
1.0 Scen,2029,019,Bandera County,28734,14222,14512,21469,10509,10960,103,56,47,6669,3426,3243,493,231,262
1.0 Scen,2030,019,Bandera County,29059,14388,14671,21588,10564,11024,104,56,48,6869,3534,3335,498,234,264
1.0 Scen,2031,019,Bandera County,29371,14564,14807,21696,10629,11067,104,56,48,7071,3645,3426,500,234,266
1.0 Scen,2032,019,Bandera County,29653,14720,14933,21763,10668,11095,104,55,49,7280,3759,3521,506,238,268
1.0 Scen,2033,019,Bandera County,29922,14867,15055,21815,10698,11117,104,56,48,7493,3873,3620,510,240,270
1.0 Scen,2034,019,Bandera County,30167,15012,15155,21839,10721,11118,104,55,49,7710,3994,3716,514,242,272
1.0 Scen,2035,019,Bandera County,30394,15144,15250,21842,10732,11110,104,55,49,7930,4113,3817,518,244,274
1.0 Scen,2036,019,Bandera County,30616,15282,15334,21824,10738,11086,105,55,50,8157,4239,3918,530,250,280
1.0 Scen,2037,019,Bandera County,30799,15395,15404,21776,10720,11056,104,55,49,8379,4362,4017,540,258,282
1.0 Scen,2038,019,Bandera County,30975,15505,15470,21718,10700,11018,104,55,49,8608,4486,4122,545,264,281
1.0 Scen,2039,019,Bandera County,31118,15606,15512,21635,10674,10961,103,55,48,8832,4608,4224,548,269,279
1.0 Scen,2040,019,Bandera County,31255,15707,15548,21534,10643,10891,104,55,49,9058,4733,4325,559,276,283
1.0 Scen,2041,019,Bandera County,31346,15780,15566,21396,10588,10808,104,55,49,9276,4852,4424,570,285,285
1.0 Scen,2042,019,Bandera County,31428,15853,15575,21249,10532,10717,100,53,47,9502,4979,4523,577,289,288
1.0 Scen,2043,019,Bandera County,31501,15915,15586,21092,10464,10628,97,51,46,9729,5106,4623,583,294,289
1.0 Scen,2044,019,Bandera County,31571,15989,15582,20919,10397,10522,93,50,43,9960,5237,4723,599,305,294
1.0 Scen,2045,019,Bandera County,31632,16061,15571,20741,10328,10413,89,48,41,10192,5371,4821,610,314,296
1.0 Scen,2046,019,Bandera County,31710,16143,15567,20560,10260,10300,88,47,41,10442,5513,4929,620,323,297
1.0 Scen,2047,019,Bandera County,31747,16208,15539,20364,10185,10179,86,46,40,10673,5649,5024,624,328,296
1.0 Scen,2048,019,Bandera County,31816,16287,15529,20180,10119,10061,82,43,39,10922,5792,5130,632,333,299
1.0 Scen,2049,019,Bandera County,31882,16360,15522,19982,10041,9941,81,42,39,11176,5940,5236,643,337,306
1.0 Scen,2050,019,Bandera County,31965,16442,15523,19804,9974,9830,79,40,39,11425,6080,5345,657,348,309
1.0 Scen,2010,021,Bastrop County,74171,37997,36174,42446,21197,21249,5535,2969,2566,24190,12833,11357,2000,998,1002
1.0 Scen,2011,021,Bastrop County,76383,39033,37350,43022,21399,21623,5694,3047,2647,25563,13538,12025,2104,1049,1055
1.0 Scen,2012,021,Bastrop County,78694,40117,38577,43600,21597,22003,5852,3126,2726,27021,14287,12734,2221,1107,1114
1.0 Scen,2013,021,Bastrop County,81093,41257,39836,44178,21797,22381,5990,3198,2792,28580,15098,13482,2345,1164,1181
1.0 Scen,2014,021,Bastrop County,83586,42440,41146,44729,21982,22747,6151,3275,2876,30236,15951,14285,2470,1232,1238
1.0 Scen,2015,021,Bastrop County,86175,43673,42502,45267,22163,23104,6312,3352,2960,31996,16859,15137,2600,1299,1301
1.0 Scen,2016,021,Bastrop County,88852,44951,43901,45813,22344,23469,6459,3429,3030,33856,17821,16035,2724,1357,1367
1.0 Scen,2017,021,Bastrop County,91637,46286,45351,46330,22515,23815,6617,3507,3110,35823,18834,16989,2867,1430,1437
1.0 Scen,2018,021,Bastrop County,94545,47688,46857,46842,22673,24169,6775,3588,3187,37910,19923,17987,3018,1504,1514
1.0 Scen,2019,021,Bastrop County,97578,49155,48423,47355,22832,24523,6934,3673,3261,40117,21068,19049,3172,1582,1590
1.0 Scen,2020,021,Bastrop County,100746,50685,50061,47861,22989,24872,7115,3763,3352,42435,22268,20167,3335,1665,1670
1.0 Scen,2021,021,Bastrop County,104066,52290,51776,48342,23132,25210,7308,3859,3449,44895,23542,21353,3521,1757,1764
1.0 Scen,2022,021,Bastrop County,107519,53961,53558,48814,23267,25547,7499,3952,3547,47483,24880,22603,3723,1862,1861
1.0 Scen,2023,021,Bastrop County,111132,55730,55402,49278,23405,25873,7687,4051,3636,50243,26308,23935,3924,1966,1958
1.0 Scen,2024,021,Bastrop County,114887,57575,57312,49732,23532,26200,7883,4148,3735,53141,27816,25325,4131,2079,2052
1.0 Scen,2025,021,Bastrop County,118785,59498,59287,50152,23646,26506,8075,4244,3831,56202,29414,26788,4356,2194,2162
1.0 Scen,2026,021,Bastrop County,122822,61491,61331,50554,23757,26797,8264,4334,3930,59410,31081,28329,4594,2319,2275
1.0 Scen,2027,021,Bastrop County,126992,63549,63443,50911,23836,27075,8465,4439,4026,62772,32828,29944,4844,2446,2398
1.0 Scen,2028,021,Bastrop County,131332,65702,65630,51252,23916,27336,8658,4531,4127,66316,34673,31643,5106,2582,2524
1.0 Scen,2029,021,Bastrop County,135822,67937,67885,51551,23973,27578,8865,4637,4228,70036,36611,33425,5370,2716,2654
1.0 Scen,2030,021,Bastrop County,140463,70269,70194,51815,24022,27793,9056,4730,4326,73944,38654,35290,5648,2863,2785
1.0 Scen,2031,021,Bastrop County,145237,72672,72565,52035,24046,27989,9253,4831,4422,78007,40775,37232,5942,3020,2922
1.0 Scen,2032,021,Bastrop County,150174,75166,75008,52225,24058,28167,9445,4927,4518,82243,42998,39245,6261,3183,3078
1.0 Scen,2033,021,Bastrop County,155233,77728,77505,52366,24050,28316,9638,5029,4609,86655,45305,41350,6574,3344,3230
1.0 Scen,2034,021,Bastrop County,160438,80375,80063,52461,24019,28442,9837,5130,4707,91228,47706,43522,6912,3520,3392
1.0 Scen,2035,021,Bastrop County,165796,83098,82698,52535,23987,28548,10027,5223,4804,95985,50197,45788,7249,3691,3558
1.0 Scen,2036,021,Bastrop County,171321,85917,85404,52558,23932,28626,10228,5326,4902,100925,52779,48146,7610,3880,3730
1.0 Scen,2037,021,Bastrop County,177047,88859,88188,52551,23874,28677,10423,5424,4999,106094,55493,50601,7979,4068,3911
1.0 Scen,2038,021,Bastrop County,182948,91893,91055,52489,23789,28700,10608,5514,5094,111472,58314,53158,8379,4276,4103
1.0 Scen,2039,021,Bastrop County,189085,95052,94033,52417,23701,28716,10795,5600,5195,117085,61263,55822,8788,4488,4300
1.0 Scen,2040,021,Bastrop County,195452,98366,97086,52306,23607,28699,10970,5687,5283,122949,64352,58597,9227,4720,4507
1.0 Scen,2041,021,Bastrop County,202059,101805,100254,52160,23498,28662,11164,5786,5378,129045,67560,61485,9690,4961,4729
1.0 Scen,2042,021,Bastrop County,208901,105380,103521,51990,23381,28609,11339,5872,5467,135399,70911,64488,10173,5216,4957
1.0 Scen,2043,021,Bastrop County,215948,109076,106872,51787,23257,28530,11508,5960,5548,141979,74383,67596,10674,5476,5198
1.0 Scen,2044,021,Bastrop County,223246,112892,110354,51554,23118,28436,11679,6036,5643,148812,77986,70826,11201,5752,5449
1.0 Scen,2045,021,Bastrop County,230794,116874,113920,51300,22983,28317,11842,6119,5723,155906,81734,74172,11746,6038,5708
1.0 Scen,2046,021,Bastrop County,238604,120979,117625,51055,22847,28208,12006,6198,5808,163235,85606,77629,12308,6328,5980
1.0 Scen,2047,021,Bastrop County,246702,125256,121446,50791,22707,28084,12171,6280,5891,170852,89638,81214,12888,6631,6257
1.0 Scen,2048,021,Bastrop County,255082,129685,125397,50519,22559,27960,12334,6361,5973,178738,93818,84920,13491,6947,6544
1.0 Scen,2049,021,Bastrop County,263761,134273,129488,50243,22414,27829,12486,6435,6051,186904,98152,88752,14128,7272,6856
1.0 Scen,2050,021,Bastrop County,272723,139046,133677,49950,22260,27690,12643,6519,6124,195348,102652,92696,14782,7615,7167
1.0 Scen,2010,023,Baylor County,3726,1795,1931,3147,1527,1620,71,38,33,455,208,247,53,22,31
1.0 Scen,2011,023,Baylor County,3727,1796,1931,3141,1524,1617,71,38,33,462,212,250,53,22,31
1.0 Scen,2012,023,Baylor County,3729,1797,1932,3134,1521,1613,71,38,33,471,216,255,53,22,31
1.0 Scen,2013,023,Baylor County,3727,1798,1929,3123,1518,1605,71,38,33,481,220,261,52,22,30
1.0 Scen,2014,023,Baylor County,3729,1800,1929,3115,1515,1600,71,38,33,491,225,266,52,22,30
1.0 Scen,2015,023,Baylor County,3721,1805,1916,3097,1516,1581,70,37,33,502,230,272,52,22,30
1.0 Scen,2016,023,Baylor County,3721,1810,1911,3086,1515,1571,69,37,32,514,236,278,52,22,30
1.0 Scen,2017,023,Baylor County,3709,1806,1903,3063,1506,1557,69,37,32,524,241,283,53,22,31
1.0 Scen,2018,023,Baylor County,3709,1809,1900,3056,1503,1553,69,37,32,533,247,286,51,22,29
1.0 Scen,2019,023,Baylor County,3708,1810,1898,3046,1499,1547,68,36,32,542,253,289,52,22,30
1.0 Scen,2020,023,Baylor County,3715,1810,1905,3042,1495,1547,67,35,32,552,258,294,54,22,32
1.0 Scen,2021,023,Baylor County,3725,1820,1905,3038,1499,1539,68,35,33,564,264,300,55,22,33
1.0 Scen,2022,023,Baylor County,3735,1827,1908,3035,1500,1535,70,36,34,575,269,306,55,22,33
1.0 Scen,2023,023,Baylor County,3737,1831,1906,3030,1500,1530,69,35,34,584,274,310,54,22,32
1.0 Scen,2024,023,Baylor County,3743,1842,1901,3027,1505,1522,71,36,35,591,279,312,54,22,32
1.0 Scen,2025,023,Baylor County,3738,1840,1898,3018,1500,1518,68,35,33,598,283,315,54,22,32
1.0 Scen,2026,023,Baylor County,3739,1843,1896,3008,1497,1511,70,36,34,607,288,319,54,22,32
1.0 Scen,2027,023,Baylor County,3731,1842,1889,2999,1494,1505,66,34,32,613,293,320,53,21,32
1.0 Scen,2028,023,Baylor County,3735,1847,1888,2986,1490,1496,68,35,33,628,301,327,53,21,32
1.0 Scen,2029,023,Baylor County,3728,1850,1878,2973,1487,1486,67,35,32,640,307,333,48,21,27
1.0 Scen,2030,023,Baylor County,3722,1853,1869,2960,1487,1473,65,34,31,651,313,338,46,19,27
1.0 Scen,2031,023,Baylor County,3726,1860,1866,2955,1488,1467,64,34,30,660,318,342,47,20,27
1.0 Scen,2032,023,Baylor County,3706,1856,1850,2936,1483,1453,63,34,29,660,319,341,47,20,27
1.0 Scen,2033,023,Baylor County,3701,1857,1844,2927,1483,1444,61,33,28,666,321,345,47,20,27
1.0 Scen,2034,023,Baylor County,3699,1860,1839,2922,1485,1437,59,32,27,672,323,349,46,20,26
1.0 Scen,2035,023,Baylor County,3685,1855,1830,2903,1479,1424,58,32,26,679,325,354,45,19,26
1.0 Scen,2036,023,Baylor County,3671,1853,1818,2886,1475,1411,57,31,26,682,328,354,46,19,27
1.0 Scen,2037,023,Baylor County,3659,1850,1809,2872,1468,1404,57,31,26,682,330,352,48,21,27
1.0 Scen,2038,023,Baylor County,3646,1849,1797,2857,1467,1390,56,31,25,687,332,355,46,19,27
1.0 Scen,2039,023,Baylor County,3632,1846,1786,2835,1463,1372,55,30,25,692,332,360,50,21,29
1.0 Scen,2040,023,Baylor County,3614,1838,1776,2817,1456,1361,54,29,25,694,334,360,49,19,30
1.0 Scen,2041,023,Baylor County,3607,1836,1771,2804,1451,1353,54,29,25,701,337,364,48,19,29
1.0 Scen,2042,023,Baylor County,3612,1841,1771,2802,1453,1349,52,28,24,708,341,367,50,19,31
1.0 Scen,2043,023,Baylor County,3602,1840,1762,2789,1454,1335,51,27,24,713,341,372,49,18,31
1.0 Scen,2044,023,Baylor County,3587,1834,1753,2774,1449,1325,49,26,23,715,341,374,49,18,31
1.0 Scen,2045,023,Baylor County,3571,1827,1744,2756,1441,1315,47,26,21,718,342,376,50,18,32
1.0 Scen,2046,023,Baylor County,3548,1816,1732,2739,1434,1305,45,25,20,716,339,377,48,18,30
1.0 Scen,2047,023,Baylor County,3544,1813,1731,2729,1430,1299,42,24,18,723,341,382,50,18,32
1.0 Scen,2048,023,Baylor County,3534,1808,1726,2722,1428,1294,41,23,18,723,340,383,48,17,31
1.0 Scen,2049,023,Baylor County,3533,1816,1717,2719,1433,1286,40,22,18,726,344,382,48,17,31
1.0 Scen,2050,023,Baylor County,3522,1815,1707,2713,1433,1280,37,20,17,724,345,379,48,17,31
1.0 Scen,2010,025,Bee County,31861,19063,12798,10967,6679,4288,2525,2334,191,17906,9817,8089,463,233,230
1.0 Scen,2011,025,Bee County,32050,19168,12882,10986,6691,4295,2525,2333,192,18067,9906,8161,472,238,234
1.0 Scen,2012,025,Bee County,32201,19258,12943,10976,6693,4283,2524,2330,194,18219,9991,8228,482,244,238
1.0 Scen,2013,025,Bee County,32362,19360,13002,10960,6695,4265,2525,2327,198,18380,10085,8295,497,253,244
1.0 Scen,2014,025,Bee County,32536,19459,13077,10973,6703,4270,2522,2322,200,18530,10170,8360,511,264,247
1.0 Scen,2015,025,Bee County,32698,19557,13141,10977,6708,4269,2523,2319,204,18678,10261,8417,520,269,251
1.0 Scen,2016,025,Bee County,32842,19633,13209,10966,6704,4262,2516,2310,206,18827,10343,8484,533,276,257
1.0 Scen,2017,025,Bee County,33009,19737,13272,10970,6712,4258,2516,2308,208,18980,10435,8545,543,282,261
1.0 Scen,2018,025,Bee County,33135,19823,13312,10957,6718,4239,2514,2305,209,19112,10513,8599,552,287,265
1.0 Scen,2019,025,Bee County,33280,19902,13378,10948,6717,4231,2507,2296,211,19266,10597,8669,559,292,267
1.0 Scen,2020,025,Bee County,33428,19991,13437,10935,6718,4217,2499,2287,212,19429,10690,8739,565,296,269
1.0 Scen,2021,025,Bee County,33556,20074,13482,10915,6717,4198,2496,2283,213,19576,10775,8801,569,299,270
1.0 Scen,2022,025,Bee County,33688,20150,13538,10903,6716,4187,2493,2279,214,19720,10855,8865,572,300,272
1.0 Scen,2023,025,Bee County,33798,20219,13579,10871,6705,4166,2477,2264,213,19869,10943,8926,581,307,274
1.0 Scen,2024,025,Bee County,33896,20271,13625,10850,6697,4153,2470,2256,214,19997,11012,8985,579,306,273
1.0 Scen,2025,025,Bee County,34002,20340,13662,10839,6703,4136,2456,2243,213,20126,11087,9039,581,307,274
1.0 Scen,2026,025,Bee County,34070,20388,13682,10799,6691,4108,2444,2232,212,20240,11151,9089,587,314,273
1.0 Scen,2027,025,Bee County,34159,20451,13708,10779,6691,4088,2441,2229,212,20351,11215,9136,588,316,272
1.0 Scen,2028,025,Bee County,34224,20497,13727,10748,6684,4064,2428,2215,213,20452,11275,9177,596,323,273
1.0 Scen,2029,025,Bee County,34253,20533,13720,10696,6666,4030,2413,2200,213,20538,11332,9206,606,335,271
1.0 Scen,2030,025,Bee County,34292,20572,13720,10666,6661,4005,2405,2192,213,20612,11378,9234,609,341,268
1.0 Scen,2031,025,Bee County,34314,20593,13721,10617,6642,3975,2392,2180,212,20687,11422,9265,618,349,269
1.0 Scen,2032,025,Bee County,34306,20605,13701,10562,6623,3939,2381,2168,213,20742,11460,9282,621,354,267
1.0 Scen,2033,025,Bee County,34289,20612,13677,10503,6597,3906,2369,2159,210,20787,11496,9291,630,360,270
1.0 Scen,2034,025,Bee County,34250,20605,13645,10452,6579,3873,2350,2143,207,20808,11515,9293,640,368,272
1.0 Scen,2035,025,Bee County,34204,20608,13596,10394,6562,3832,2330,2127,203,20828,11541,9287,652,378,274
1.0 Scen,2036,025,Bee County,34125,20578,13547,10320,6525,3795,2310,2108,202,20831,11556,9275,664,389,275
1.0 Scen,2037,025,Bee County,34048,20569,13479,10249,6501,3748,2290,2095,195,20835,11578,9257,674,395,279
1.0 Scen,2038,025,Bee County,33952,20530,13422,10181,6469,3712,2266,2075,191,20828,11587,9241,677,399,278
1.0 Scen,2039,025,Bee County,33822,20464,13358,10088,6424,3664,2232,2048,184,20819,11589,9230,683,403,280
1.0 Scen,2040,025,Bee County,33716,20418,13298,10020,6398,3622,2210,2028,182,20801,11588,9213,685,404,281
1.0 Scen,2041,025,Bee County,33583,20361,13222,9921,6352,3569,2186,2007,179,20784,11595,9189,692,407,285
1.0 Scen,2042,025,Bee County,33450,20299,13151,9838,6311,3527,2162,1986,176,20749,11590,9159,701,412,289
1.0 Scen,2043,025,Bee County,33307,20225,13082,9753,6266,3487,2139,1965,174,20707,11578,9129,708,416,292
1.0 Scen,2044,025,Bee County,33132,20151,12981,9650,6220,3430,2111,1939,172,20658,11571,9087,713,421,292
1.0 Scen,2045,025,Bee County,32975,20070,12905,9565,6173,3392,2077,1911,166,20611,11557,9054,722,429,293
1.0 Scen,2046,025,Bee County,32785,19991,12794,9452,6115,3337,2053,1894,159,20559,11546,9013,721,436,285
1.0 Scen,2047,025,Bee County,32597,19897,12700,9355,6063,3292,2020,1866,154,20494,11526,8968,728,442,286
1.0 Scen,2048,025,Bee County,32398,19800,12598,9245,6001,3244,1991,1841,150,20431,11511,8920,731,447,284
1.0 Scen,2049,025,Bee County,32204,19699,12505,9140,5938,3202,1968,1819,149,20352,11486,8866,744,456,288
1.0 Scen,2050,025,Bee County,32001,19583,12418,9042,5878,3164,1938,1792,146,20273,11457,8816,748,456,292
1.0 Scen,2010,027,Bell County,310235,153464,156771,157289,78356,78933,63380,31551,31829,67010,33574,33436,22556,9983,12573
1.0 Scen,2011,027,Bell County,318193,157530,160663,159917,79787,80130,64809,32260,32549,69777,34958,34819,23690,10525,13165
1.0 Scen,2012,027,Bell County,326491,161775,164716,162761,81325,81436,66232,32964,33268,72655,36402,36253,24843,11084,13759
1.0 Scen,2013,027,Bell County,334999,166095,168904,165595,82849,82746,67678,33691,33987,75610,37888,37722,26116,11667,14449
1.0 Scen,2014,027,Bell County,343587,170500,173087,168415,84361,84054,69119,34429,34690,78654,39413,39241,27399,12297,15102
1.0 Scen,2015,027,Bell County,352210,174860,177350,171110,85794,85316,70594,35151,35443,81771,40981,40790,28735,12934,15801
1.0 Scen,2016,027,Bell County,360731,179171,181560,173596,87124,86472,72031,35867,36164,84984,42589,42395,30120,13591,16529
1.0 Scen,2017,027,Bell County,369159,183466,185693,175933,88376,87557,73442,36565,36877,88276,44252,44024,31508,14273,17235
1.0 Scen,2018,027,Bell County,377611,187717,189894,178106,89552,88554,74835,37254,37581,91688,45963,45725,32982,14948,18034
1.0 Scen,2019,027,Bell County,386014,192011,194003,180096,90637,89459,76206,37946,38260,95212,47746,47466,34500,15682,18818
1.0 Scen,2020,027,Bell County,394509,196411,198098,181957,91679,90278,77654,38688,38966,98846,49589,49257,36052,16455,19597
1.0 Scen,2021,027,Bell County,403129,200776,202353,183759,92698,91061,79051,39371,39680,102592,51464,51128,37727,17243,20484
1.0 Scen,2022,027,Bell County,411802,205197,206605,185436,93652,91784,80443,40035,40408,106493,53449,53044,39430,18061,21369
1.0 Scen,2023,027,Bell County,420459,209680,210779,186960,94518,92442,81858,40776,41082,110517,55487,55030,41124,18899,22225
1.0 Scen,2024,027,Bell County,429232,214167,215065,188372,95327,93045,83225,41449,41776,114658,57593,57065,42977,19798,23179
1.0 Scen,2025,027,Bell County,438028,218698,219330,189687,96092,93595,84549,42129,42420,118917,59755,59162,44875,20722,24153
1.0 Scen,2026,027,Bell County,446992,223244,223748,190934,96813,94121,85844,42763,43081,123307,61992,61315,46907,21676,25231
1.0 Scen,2027,027,Bell County,456028,227884,228144,192071,97475,94596,87162,43432,43730,127827,64288,63539,48968,22689,26279
1.0 Scen,2028,027,Bell County,465174,232561,232613,193158,98109,95049,88400,44067,44333,132488,66665,65823,51128,23720,27408
1.0 Scen,2029,027,Bell County,474436,237327,237109,194153,98700,95453,89622,44673,44949,137278,69114,68164,53383,24840,28543
1.0 Scen,2030,027,Bell County,483841,242122,241719,195085,99261,95824,90782,45263,45519,142176,71614,70562,55798,25984,29814
1.0 Scen,2031,027,Bell County,493338,246988,246350,195993,99817,96176,91883,45814,46069,147192,74170,73022,58270,27187,31083
1.0 Scen,2032,027,Bell County,503012,251962,251050,196888,100373,96515,92951,46359,46592,152284,76777,75507,60889,28453,32436
1.0 Scen,2033,027,Bell County,512762,256993,255769,197778,100923,96855,93966,46890,47076,157459,79427,78032,63559,29753,33806
1.0 Scen,2034,027,Bell County,522730,262108,260622,198696,101502,97194,94929,47386,47543,162704,82109,80595,66401,31111,35290
1.0 Scen,2035,027,Bell County,532876,267332,265544,199640,102084,97556,95934,47905,48029,168009,84826,83183,69293,32517,36776
1.0 Scen,2036,027,Bell County,543205,272656,270549,200638,102704,97934,96860,48395,48465,173375,87579,85796,72332,33978,38354
1.0 Scen,2037,027,Bell County,553648,278021,275627,201676,103345,98331,97706,48831,48875,178801,90361,88440,75465,35484,39981
1.0 Scen,2038,027,Bell County,564351,283554,280797,202756,104011,98745,98534,49290,49244,184310,93189,91121,78751,37064,41687
1.0 Scen,2039,027,Bell County,575275,289180,286095,203880,104718,99162,99322,49704,49618,189909,96066,93843,82164,38692,43472
1.0 Scen,2040,027,Bell County,586329,294816,291513,205015,105423,99592,100042,50044,49998,195559,98973,96586,85713,40376,45337
1.0 Scen,2041,027,Bell County,597503,300635,296868,206139,106134,100005,100739,50468,50271,201288,101928,99360,89337,42105,47232
1.0 Scen,2042,027,Bell County,608879,306519,302360,207258,106860,100398,101375,50826,50549,207092,104927,102165,93154,43906,49248
1.0 Scen,2043,027,Bell County,620244,312374,307870,208318,107547,100771,101958,51129,50829,212964,107974,104990,97004,45724,51280
1.0 Scen,2044,027,Bell County,631884,318399,313485,209346,108221,101125,102598,51482,51116,218924,111065,107859,101016,47631,53385
1.0 Scen,2045,027,Bell County,643497,324443,319054,210290,108862,101428,103092,51780,51312,224977,114219,110758,105138,49582,55556
1.0 Scen,2046,027,Bell County,655253,330522,324731,211175,109474,101701,103574,52036,51538,231128,117428,113700,109376,51584,57792
1.0 Scen,2047,027,Bell County,667068,336668,330400,211983,110051,101932,104054,52338,51716,237375,120694,116681,113656,53585,60071
1.0 Scen,2048,027,Bell County,678967,342876,336091,212718,110593,102125,104434,52589,51845,243726,124017,119709,118089,55677,62412
1.0 Scen,2049,027,Bell County,690979,349124,341855,213381,111101,102280,104815,52811,52004,250179,127399,122780,122604,57813,64791
1.0 Scen,2050,027,Bell County,703159,355469,347690,213975,111574,102401,105147,53028,52119,256737,130844,125893,127300,60023,67277
1.0 Scen,2010,029,Bexar County,1714773,840840,873933,519123,257680,261443,118460,58934,59526,1006958,491194,515764,70232,33032,37200
1.0 Scen,2011,029,Bexar County,1746784,857663,889121,519483,258331,261152,120882,60267,60615,1032562,504245,528317,73857,34820,39037
1.0 Scen,2012,029,Bexar County,1780293,875226,905067,520289,259270,261019,123361,61660,61701,1059062,517585,541477,77581,36711,40870
1.0 Scen,2013,029,Bexar County,1814174,892994,921180,520836,259992,260844,125796,63001,62795,1085839,531287,554552,81703,38714,42989
1.0 Scen,2014,029,Bexar County,1847931,910828,937103,521326,260815,260511,128356,64364,63992,1112464,544876,567588,85785,40773,45012
1.0 Scen,2015,029,Bexar County,1882834,929195,953639,521597,261456,260141,130832,65728,65104,1140304,559092,581212,90101,42919,47182
1.0 Scen,2016,029,Bexar County,1917932,947785,970147,521695,262046,259649,133393,67179,66214,1168117,573346,594771,94727,45214,49513
1.0 Scen,2017,029,Bexar County,1953028,966193,986835,521539,262431,259108,135907,68575,67332,1196125,587606,608519,99457,47581,51876
1.0 Scen,2018,029,Bexar County,1988364,984997,1003367,521289,262729,258560,138307,69920,68387,1224470,602329,622141,104298,50019,54279
1.0 Scen,2019,029,Bexar County,2025211,1004425,1020786,520831,262961,257870,140776,71294,69482,1254037,617507,636530,109567,52663,56904
1.0 Scen,2020,029,Bexar County,2062088,1024009,1038079,520396,263227,257169,143321,72686,70635,1283460,632672,650788,114911,55424,59487
1.0 Scen,2021,029,Bexar County,2098785,1043611,1055174,519594,263257,256337,145752,74114,71638,1312895,647947,664948,120544,58293,62251
1.0 Scen,2022,029,Bexar County,2135608,1063062,1072546,518671,263264,255407,148082,75363,72719,1342487,663211,679276,126368,61224,65144
1.0 Scen,2023,029,Bexar County,2173454,1083235,1090219,517565,263204,254361,150547,76816,73731,1372719,678840,693879,132623,64375,68248
1.0 Scen,2024,029,Bexar County,2211499,1103539,1107960,516156,262942,253214,153043,78217,74826,1403437,694774,708663,138863,67606,71257
1.0 Scen,2025,029,Bexar County,2249392,1123644,1125748,514595,262623,251972,155317,79524,75793,1433773,710481,723292,145707,71016,74691
1.0 Scen,2026,029,Bexar County,2287634,1143973,1143661,512818,262173,250645,157596,80814,76782,1464542,726362,738180,152678,74624,78054
1.0 Scen,2027,029,Bexar County,2326008,1164597,1161411,510811,261610,249201,159940,82215,77725,1495299,742465,752834,159958,78307,81651
1.0 Scen,2028,029,Bexar County,2364052,1184919,1179133,508533,260896,247637,162214,83509,78705,1525608,758270,767338,167697,82244,85453
1.0 Scen,2029,029,Bexar County,2402028,1205321,1196707,505966,260043,245923,164321,84769,79552,1556143,774254,781889,175598,86255,89343
1.0 Scen,2030,029,Bexar County,2439700,1225505,1214195,503143,259045,244098,166426,85928,80498,1586294,790070,796224,183837,90462,93375
1.0 Scen,2031,029,Bexar County,2477100,1245664,1231436,500174,257956,242218,168477,87154,81323,1616060,805723,810337,192389,94831,97558
1.0 Scen,2032,029,Bexar County,2514537,1265954,1248583,496990,256778,240212,170424,88310,82114,1645812,821437,824375,201311,99429,101882
1.0 Scen,2033,029,Bexar County,2551541,1286076,1265465,493698,255536,238162,172307,89459,82848,1675025,836940,838085,210511,104141,106370
1.0 Scen,2034,029,Bexar County,2588616,1306180,1282436,490337,254252,236085,174127,90547,83580,1703945,852301,851644,220207,109080,111127
1.0 Scen,2035,029,Bexar County,2625647,1326402,1299245,486978,252999,233979,176047,91717,84330,1732370,867420,864950,230252,114266,115986
1.0 Scen,2036,029,Bexar County,2662709,1346624,1316085,483601,251714,231887,177837,92828,85009,1760544,882462,878082,240727,119620,121107
1.0 Scen,2037,029,Bexar County,2699570,1366775,1332795,480182,250403,229779,179479,93814,85665,1788272,897381,890891,251637,125177,126460
1.0 Scen,2038,029,Bexar County,2736474,1387089,1349385,476776,249119,227657,181188,94886,86302,1815640,912175,903465,262870,130909,131961
1.0 Scen,2039,029,Bexar County,2773342,1407433,1365909,473435,247868,225567,182759,95868,86891,1842522,926750,915772,274626,136947,137679
1.0 Scen,2040,029,Bexar County,2809942,1427736,1382206,470092,246621,223471,184225,96822,87403,1868904,941120,927784,286721,143173,143548
1.0 Scen,2041,029,Bexar County,2846725,1448176,1398549,466768,245373,221395,185626,97743,87883,1894967,955380,939587,299364,149680,149684
1.0 Scen,2042,029,Bexar County,2883555,1468654,1414901,463466,244136,219330,186978,98633,88345,1920511,969428,951083,312600,156457,156143
1.0 Scen,2043,029,Bexar County,2920289,1489036,1431253,460188,242901,217287,188316,99425,88891,1945678,983271,962407,326107,163439,162668
1.0 Scen,2044,029,Bexar County,2957164,1509640,1447524,456947,241677,215270,189582,100311,89271,1970443,996972,973471,340192,170680,169512
1.0 Scen,2045,029,Bexar County,2994116,1530329,1463787,453727,240474,213253,190787,101117,89670,1994823,1010567,984256,354779,178171,176608
1.0 Scen,2046,029,Bexar County,3031115,1551099,1480016,450490,239257,211233,192009,101969,90040,2018723,1023948,994775,369893,185925,183968
1.0 Scen,2047,029,Bexar County,3068153,1571843,1496310,447278,238030,209248,193160,102716,90444,2042182,1037145,1005037,385533,193952,191581
1.0 Scen,2048,029,Bexar County,3105335,1592716,1512619,444039,236789,207250,194302,103503,90799,2065228,1050168,1015060,401766,202256,199510
1.0 Scen,2049,029,Bexar County,3142376,1613650,1528726,440796,235532,205264,195306,104239,91067,2087854,1063044,1024810,418420,210835,207585
1.0 Scen,2050,029,Bexar County,3179649,1634600,1545049,437549,234257,203292,196294,104912,91382,2109989,1075721,1034268,435817,219710,216107
1.0 Scen,2010,031,Blanco County,10497,5300,5197,8336,4146,4190,62,41,21,1909,1029,880,190,84,106
1.0 Scen,2011,031,Blanco County,10762,5439,5323,8526,4244,4282,62,41,21,1980,1068,912,194,86,108
1.0 Scen,2012,031,Blanco County,11006,5570,5436,8696,4334,4362,61,40,21,2051,1108,943,198,88,110
1.0 Scen,2013,031,Blanco County,11242,5691,5551,8859,4417,4442,61,40,21,2120,1143,977,202,91,111
1.0 Scen,2014,031,Blanco County,11478,5811,5667,9024,4499,4525,60,40,20,2189,1180,1009,205,92,113
1.0 Scen,2015,031,Blanco County,11742,5944,5798,9206,4583,4623,61,41,20,2267,1226,1041,208,94,114
1.0 Scen,2016,031,Blanco County,11988,6070,5918,9375,4666,4709,61,41,20,2341,1267,1074,211,96,115
1.0 Scen,2017,031,Blanco County,12244,6200,6044,9548,4747,4801,62,42,20,2420,1312,1108,214,99,115
1.0 Scen,2018,031,Blanco County,12503,6334,6169,9717,4830,4887,62,42,20,2504,1360,1144,220,102,118
1.0 Scen,2019,031,Blanco County,12752,6462,6290,9881,4909,4972,62,42,20,2584,1404,1180,225,107,118
1.0 Scen,2020,031,Blanco County,13018,6597,6421,10056,4995,5061,62,42,20,2667,1449,1218,233,111,122
1.0 Scen,2021,031,Blanco County,13283,6733,6550,10226,5074,5152,62,42,20,2757,1502,1255,238,115,123
1.0 Scen,2022,031,Blanco County,13536,6854,6682,10388,5143,5245,62,42,20,2845,1553,1292,241,116,125
1.0 Scen,2023,031,Blanco County,13817,7001,6816,10562,5231,5331,62,42,20,2949,1610,1339,244,118,126
1.0 Scen,2024,031,Blanco County,14066,7136,6930,10721,5313,5408,62,42,20,3038,1662,1376,245,119,126
1.0 Scen,2025,031,Blanco County,14317,7269,7048,10870,5383,5487,62,42,20,3136,1722,1414,249,122,127
1.0 Scen,2026,031,Blanco County,14564,7402,7162,10999,5450,5549,62,42,20,3245,1782,1463,258,128,130
1.0 Scen,2027,031,Blanco County,14809,7533,7276,11130,5520,5610,62,42,20,3353,1839,1514,264,132,132
1.0 Scen,2028,031,Blanco County,15036,7651,7385,11239,5572,5667,63,42,21,3464,1900,1564,270,137,133
1.0 Scen,2029,031,Blanco County,15261,7774,7487,11351,5631,5720,63,42,21,3576,1963,1613,271,138,133
1.0 Scen,2030,031,Blanco County,15460,7886,7574,11445,5682,5763,64,43,21,3680,2023,1657,271,138,133
1.0 Scen,2031,031,Blanco County,15659,8003,7656,11529,5729,5800,64,43,21,3790,2089,1701,276,142,134
1.0 Scen,2032,031,Blanco County,15840,8102,7738,11604,5771,5833,62,43,19,3896,2144,1752,278,144,134
1.0 Scen,2033,031,Blanco County,16021,8207,7814,11664,5810,5854,62,43,19,4012,2207,1805,283,147,136
1.0 Scen,2034,031,Blanco County,16202,8313,7889,11723,5848,5875,61,42,19,4132,2274,1858,286,149,137
1.0 Scen,2035,031,Blanco County,16360,8416,7944,11770,5885,5885,60,42,18,4243,2339,1904,287,150,137
1.0 Scen,2036,031,Blanco County,16486,8498,7988,11777,5902,5875,58,41,17,4360,2402,1958,291,153,138
1.0 Scen,2037,031,Blanco County,16626,8589,8037,11794,5921,5873,57,41,16,4480,2471,2009,295,156,139
1.0 Scen,2038,031,Blanco County,16748,8666,8082,11794,5936,5858,55,40,15,4600,2531,2069,299,159,140
1.0 Scen,2039,031,Blanco County,16849,8739,8110,11768,5940,5828,55,39,16,4721,2597,2124,305,163,142
1.0 Scen,2040,031,Blanco County,16937,8814,8123,11742,5947,5795,52,37,15,4836,2664,2172,307,166,141
1.0 Scen,2041,031,Blanco County,17027,8879,8148,11710,5949,5761,51,36,15,4958,2727,2231,308,167,141
1.0 Scen,2042,031,Blanco County,17113,8948,8165,11678,5951,5727,49,35,14,5074,2790,2284,312,172,140
1.0 Scen,2043,031,Blanco County,17181,9016,8165,11631,5949,5682,44,31,13,5193,2861,2332,313,175,138
1.0 Scen,2044,031,Blanco County,17258,9090,8168,11572,5942,5630,43,30,13,5328,2940,2388,315,178,137
1.0 Scen,2045,031,Blanco County,17323,9153,8170,11509,5934,5575,43,30,13,5455,3008,2447,316,181,135
1.0 Scen,2046,031,Blanco County,17395,9218,8177,11458,5926,5532,42,30,12,5588,3082,2506,307,180,127
1.0 Scen,2047,031,Blanco County,17458,9289,8169,11400,5920,5480,41,29,12,5720,3163,2557,297,177,120
1.0 Scen,2048,031,Blanco County,17529,9348,8181,11347,5915,5432,38,27,11,5855,3236,2619,289,170,119
1.0 Scen,2049,031,Blanco County,17595,9407,8188,11277,5897,5380,37,26,11,5993,3315,2678,288,169,119
1.0 Scen,2050,031,Blanco County,17697,9482,8215,11233,5895,5338,36,25,11,6139,3392,2747,289,170,119
1.0 Scen,2010,033,Borden County,641,335,306,539,280,259,0,0,0,95,53,42,7,2,5
1.0 Scen,2011,033,Borden County,647,339,308,544,283,261,0,0,0,96,54,42,7,2,5
1.0 Scen,2012,033,Borden County,655,345,310,551,289,262,0,0,0,97,54,43,7,2,5
1.0 Scen,2013,033,Borden County,662,352,310,557,295,262,0,0,0,98,55,43,7,2,5
1.0 Scen,2014,033,Borden County,668,357,311,563,300,263,0,0,0,98,55,43,7,2,5
1.0 Scen,2015,033,Borden County,673,361,312,568,304,264,0,0,0,98,55,43,7,2,5
1.0 Scen,2016,033,Borden County,680,365,315,574,308,266,0,0,0,99,55,44,7,2,5
1.0 Scen,2017,033,Borden County,686,369,317,579,311,268,0,0,0,100,56,44,7,2,5
1.0 Scen,2018,033,Borden County,690,371,319,582,313,269,0,0,0,101,56,45,7,2,5
1.0 Scen,2019,033,Borden County,694,377,317,585,318,267,0,0,0,102,57,45,7,2,5
1.0 Scen,2020,033,Borden County,698,379,319,588,320,268,0,0,0,103,57,46,7,2,5
1.0 Scen,2021,033,Borden County,706,384,322,594,324,270,0,0,0,105,58,47,7,2,5
1.0 Scen,2022,033,Borden County,709,386,323,596,326,270,0,0,0,106,58,48,7,2,5
1.0 Scen,2023,033,Borden County,710,390,320,595,328,267,0,0,0,108,60,48,7,2,5
1.0 Scen,2024,033,Borden County,712,391,321,596,329,267,0,0,0,109,60,49,7,2,5
1.0 Scen,2025,033,Borden County,712,393,319,595,330,265,0,0,0,110,61,49,7,2,5
1.0 Scen,2026,033,Borden County,713,397,316,594,333,261,0,0,0,112,62,50,7,2,5
1.0 Scen,2027,033,Borden County,711,397,314,590,332,258,0,0,0,114,63,51,7,2,5
1.0 Scen,2028,033,Borden County,709,395,314,586,329,257,0,0,0,116,64,52,7,2,5
1.0 Scen,2029,033,Borden County,699,390,309,574,323,251,0,0,0,118,65,53,7,2,5
1.0 Scen,2030,033,Borden County,692,384,308,565,316,249,0,0,0,120,66,54,7,2,5
1.0 Scen,2031,033,Borden County,684,379,305,555,310,245,0,0,0,122,67,55,7,2,5
1.0 Scen,2032,033,Borden County,682,375,307,551,305,246,0,0,0,124,68,56,7,2,5
1.0 Scen,2033,033,Borden County,671,370,301,538,299,239,0,0,0,126,69,57,7,2,5
1.0 Scen,2034,033,Borden County,667,369,298,532,297,235,0,0,0,128,70,58,7,2,5
1.0 Scen,2035,033,Borden County,649,364,285,512,291,221,0,0,0,130,71,59,7,2,5
1.0 Scen,2036,033,Borden County,639,359,280,502,286,216,0,0,0,130,71,59,7,2,5
1.0 Scen,2037,033,Borden County,635,358,277,497,285,212,0,0,0,131,71,60,7,2,5
1.0 Scen,2038,033,Borden County,634,358,276,494,284,210,0,0,0,133,72,61,7,2,5
1.0 Scen,2039,033,Borden County,631,359,272,490,284,206,0,0,0,134,73,61,7,2,5
1.0 Scen,2040,033,Borden County,629,358,271,489,284,205,0,0,0,133,72,61,7,2,5
1.0 Scen,2041,033,Borden County,622,355,267,482,281,201,0,0,0,133,72,61,7,2,5
1.0 Scen,2042,033,Borden County,612,349,263,473,276,197,0,0,0,132,71,61,7,2,5
1.0 Scen,2043,033,Borden County,606,347,259,468,275,193,0,0,0,131,70,61,7,2,5
1.0 Scen,2044,033,Borden County,599,344,255,462,272,190,0,0,0,130,70,60,7,2,5
1.0 Scen,2045,033,Borden County,581,337,244,448,266,182,0,0,0,128,69,59,5,2,3
1.0 Scen,2046,033,Borden County,569,330,239,438,261,177,0,0,0,126,67,59,5,2,3
1.0 Scen,2047,033,Borden County,551,325,226,421,256,165,0,0,0,125,67,58,5,2,3
1.0 Scen,2048,033,Borden County,539,318,221,410,249,161,0,0,0,125,67,58,4,2,2
1.0 Scen,2049,033,Borden County,534,315,219,405,246,159,0,0,0,125,67,58,4,2,2
1.0 Scen,2050,033,Borden County,527,311,216,399,243,156,0,0,0,125,67,58,3,1,2
1.0 Scen,2010,035,Bosque County,18212,9053,9159,14701,7204,7497,277,153,124,2926,1555,1371,308,141,167
1.0 Scen,2011,035,Bosque County,18429,9185,9244,14804,7272,7532,279,155,124,3036,1616,1420,310,142,168
1.0 Scen,2012,035,Bosque County,18628,9300,9328,14880,7321,7559,282,156,126,3152,1678,1474,314,145,169
1.0 Scen,2013,035,Bosque County,18869,9431,9438,14996,7383,7613,286,158,128,3267,1743,1524,320,147,173
1.0 Scen,2014,035,Bosque County,19095,9553,9542,15097,7437,7660,288,161,127,3386,1807,1579,324,148,176
1.0 Scen,2015,035,Bosque County,19338,9698,9640,15204,7506,7698,292,163,129,3513,1878,1635,329,151,178
1.0 Scen,2016,035,Bosque County,19576,9836,9740,15310,7567,7743,296,165,131,3635,1950,1685,335,154,181
1.0 Scen,2017,035,Bosque County,19808,9968,9840,15407,7623,7784,300,167,133,3759,2021,1738,342,157,185
1.0 Scen,2018,035,Bosque County,20038,10097,9941,15503,7680,7823,303,169,134,3887,2088,1799,345,160,185
1.0 Scen,2019,035,Bosque County,20277,10236,10041,15599,7739,7860,308,171,137,4020,2164,1856,350,162,188
1.0 Scen,2020,035,Bosque County,20522,10367,10155,15698,7793,7905,312,173,139,4158,2238,1920,354,163,191
1.0 Scen,2021,035,Bosque County,20767,10504,10263,15787,7848,7939,312,172,140,4306,2318,1988,362,166,196
1.0 Scen,2022,035,Bosque County,21012,10651,10361,15868,7902,7966,316,174,142,4458,2406,2052,370,169,201
1.0 Scen,2023,035,Bosque County,21245,10786,10459,15944,7950,7994,318,176,142,4606,2486,2120,377,174,203
1.0 Scen,2024,035,Bosque County,21474,10920,10554,16001,7991,8010,320,177,143,4772,2576,2196,381,176,205
1.0 Scen,2025,035,Bosque County,21696,11049,10647,16057,8031,8026,321,178,143,4937,2663,2274,381,177,204
1.0 Scen,2026,035,Bosque County,21915,11176,10739,16112,8065,8047,320,179,141,5095,2751,2344,388,181,207
1.0 Scen,2027,035,Bosque County,22101,11293,10808,16136,8092,8044,321,180,141,5253,2838,2415,391,183,208
1.0 Scen,2028,035,Bosque County,22291,11408,10883,16162,8116,8046,323,180,143,5413,2925,2488,393,187,206
1.0 Scen,2029,035,Bosque County,22460,11523,10937,16164,8131,8033,325,183,142,5573,3017,2556,398,192,206
1.0 Scen,2030,035,Bosque County,22632,11630,11002,16156,8139,8017,326,184,142,5743,3112,2631,407,195,212
1.0 Scen,2031,035,Bosque County,22778,11725,11053,16129,8138,7991,328,186,142,5910,3205,2705,411,196,215
1.0 Scen,2032,035,Bosque County,22942,11832,11110,16116,8148,7968,325,185,140,6084,3301,2783,417,198,219
1.0 Scen,2033,035,Bosque County,23067,11922,11145,16063,8136,7927,324,185,139,6254,3399,2855,426,202,224
1.0 Scen,2034,035,Bosque County,23193,11999,11194,16008,8122,7886,324,185,139,6429,3489,2940,432,203,229
1.0 Scen,2035,035,Bosque County,23314,12082,11232,15942,8100,7842,325,186,139,6608,3587,3021,439,209,230
1.0 Scen,2036,035,Bosque County,23416,12147,11269,15863,8069,7794,325,186,139,6786,3682,3104,442,210,232
1.0 Scen,2037,035,Bosque County,23508,12207,11301,15775,8036,7739,321,184,137,6966,3777,3189,446,210,236
1.0 Scen,2038,035,Bosque County,23592,12274,11318,15680,8004,7676,321,182,139,7145,3877,3268,446,211,235
1.0 Scen,2039,035,Bosque County,23668,12322,11346,15580,7962,7618,317,180,137,7324,3967,3357,447,213,234
1.0 Scen,2040,035,Bosque County,23757,12390,11367,15476,7924,7552,311,175,136,7516,4076,3440,454,215,239
1.0 Scen,2041,035,Bosque County,23830,12450,11380,15365,7883,7482,309,174,135,7694,4175,3519,462,218,244
1.0 Scen,2042,035,Bosque County,23907,12509,11398,15239,7835,7404,308,173,135,7889,4281,3608,471,220,251
1.0 Scen,2043,035,Bosque County,23968,12571,11397,15114,7787,7327,307,172,135,8069,4388,3681,478,224,254
1.0 Scen,2044,035,Bosque County,24039,12632,11407,14979,7734,7245,303,168,135,8267,4504,3763,490,226,264
1.0 Scen,2045,035,Bosque County,24091,12686,11405,14837,7678,7159,297,165,132,8461,4616,3845,496,227,269
1.0 Scen,2046,035,Bosque County,24143,12751,11392,14701,7630,7071,288,163,125,8653,4730,3923,501,228,273
1.0 Scen,2047,035,Bosque County,24204,12796,11408,14563,7570,6993,277,155,122,8857,4843,4014,507,228,279
1.0 Scen,2048,035,Bosque County,24278,12858,11420,14438,7524,6914,271,150,121,9061,4958,4103,508,226,282
1.0 Scen,2049,035,Bosque County,24329,12912,11417,14299,7471,6828,265,148,117,9257,5067,4190,508,226,282
1.0 Scen,2050,035,Bosque County,24395,12969,11426,14166,7416,6750,258,143,115,9460,5184,4276,511,226,285
1.0 Scen,2010,037,Bowie County,92565,46758,45807,61343,30197,31146,22230,11207,11023,6062,3892,2170,2930,1462,1468
1.0 Scen,2011,037,Bowie County,92884,46987,45897,61146,30150,30996,22451,11332,11119,6237,3985,2252,3050,1520,1530
1.0 Scen,2012,037,Bowie County,93148,47188,45960,60912,30086,30826,22657,11447,11210,6402,4073,2329,3177,1582,1595
1.0 Scen,2013,037,Bowie County,93370,47373,45997,60637,30006,30631,22865,11565,11300,6569,4153,2416,3299,1649,1650
1.0 Scen,2014,037,Bowie County,93608,47571,46037,60375,29929,30446,23073,11686,11387,6738,4242,2496,3422,1714,1708
1.0 Scen,2015,037,Bowie County,93848,47770,46078,60102,29852,30250,23291,11809,11482,6910,4328,2582,3545,1781,1764
1.0 Scen,2016,037,Bowie County,94087,47957,46130,59812,29765,30047,23515,11924,11591,7093,4425,2668,3667,1843,1824
1.0 Scen,2017,037,Bowie County,94325,48138,46187,59529,29674,29855,23729,12042,11687,7273,4516,2757,3794,1906,1888
1.0 Scen,2018,037,Bowie County,94579,48340,46239,59232,29585,29647,23940,12157,11783,7454,4614,2840,3953,1984,1969
1.0 Scen,2019,037,Bowie County,94864,48572,46292,58952,29500,29452,24140,12281,11859,7658,4722,2936,4114,2069,2045
1.0 Scen,2020,037,Bowie County,95118,48770,46348,58647,29399,29248,24336,12396,11940,7862,4826,3036,4273,2149,2124
1.0 Scen,2021,037,Bowie County,95395,48980,46415,58360,29303,29057,24519,12510,12009,8066,4933,3133,4450,2234,2216
1.0 Scen,2022,037,Bowie County,95625,49173,46452,58036,29194,28842,24702,12619,12083,8276,5043,3233,4611,2317,2294
1.0 Scen,2023,037,Bowie County,95888,49370,46518,57705,29075,28630,24882,12719,12163,8494,5157,3337,4807,2419,2388
1.0 Scen,2024,037,Bowie County,96139,49544,46595,57380,28953,28427,25041,12810,12231,8707,5261,3446,5011,2520,2491
1.0 Scen,2025,037,Bowie County,96362,49714,46648,57027,28822,28205,25193,12895,12298,8925,5368,3557,5217,2629,2588
1.0 Scen,2026,037,Bowie County,96591,49886,46705,56671,28687,27984,25338,12984,12354,9156,5484,3672,5426,2731,2695
1.0 Scen,2027,037,Bowie County,96815,50055,46760,56287,28538,27749,25486,13069,12417,9381,5594,3787,5661,2854,2807
1.0 Scen,2028,037,Bowie County,96995,50191,46804,55872,28371,27501,25599,13141,12458,9623,5707,3916,5901,2972,2929
1.0 Scen,2029,037,Bowie County,97151,50328,46823,55448,28206,27242,25693,13199,12494,9854,5822,4032,6156,3101,3055
1.0 Scen,2030,037,Bowie County,97314,50459,46855,55007,28028,26979,25778,13251,12527,10102,5944,4158,6427,3236,3191
1.0 Scen,2031,037,Bowie County,97432,50574,46858,54545,27838,26707,25835,13300,12535,10353,6065,4288,6699,3371,3328
1.0 Scen,2032,037,Bowie County,97557,50678,46879,54072,27644,26428,25888,13336,12552,10607,6188,4419,6990,3510,3480
1.0 Scen,2033,037,Bowie County,97650,50770,46880,53575,27442,26133,25919,13365,12554,10873,6311,4562,7283,3652,3631
1.0 Scen,2034,037,Bowie County,97748,50857,46891,53082,27232,25850,25941,13392,12549,11135,6434,4701,7590,3799,3791
1.0 Scen,2035,037,Bowie County,97814,50933,46881,52576,27024,25552,25937,13402,12535,11405,6559,4846,7896,3948,3948
1.0 Scen,2036,037,Bowie County,97831,50964,46867,52039,26793,25246,25914,13392,12522,11665,6680,4985,8213,4099,4114
1.0 Scen,2037,037,Bowie County,97908,51059,46849,51517,26574,24943,25927,13430,12497,11931,6804,5127,8533,4251,4282
1.0 Scen,2038,037,Bowie County,97940,51115,46825,50974,26351,24623,25898,13425,12473,12206,6929,5277,8862,4410,4452
1.0 Scen,2039,037,Bowie County,97944,51157,46787,50422,26116,24306,25863,13424,12439,12463,7049,5414,9196,4568,4628
1.0 Scen,2040,037,Bowie County,97949,51214,46735,49865,25876,23989,25823,13426,12397,12721,7173,5548,9540,4739,4801
1.0 Scen,2041,037,Bowie County,97957,51266,46691,49299,25633,23666,25772,13419,12353,12991,7302,5689,9895,4912,4983
1.0 Scen,2042,037,Bowie County,97956,51315,46641,48724,25383,23341,25720,13408,12312,13261,7432,5829,10251,5092,5159
1.0 Scen,2043,037,Bowie County,97975,51370,46605,48162,25142,23020,25665,13397,12268,13523,7557,5966,10625,5274,5351
1.0 Scen,2044,037,Bowie County,97989,51428,46561,47599,24898,22701,25601,13385,12216,13794,7689,6105,10995,5456,5539
1.0 Scen,2045,037,Bowie County,97976,51465,46511,47034,24654,22380,25516,13361,12155,14055,7809,6246,11371,5641,5730
1.0 Scen,2046,037,Bowie County,97965,51491,46474,46468,24406,22062,25432,13331,12101,14318,7933,6385,11747,5821,5926
1.0 Scen,2047,037,Bowie County,97984,51544,46440,45903,24156,21747,25358,13314,12044,14585,8061,6524,12138,6013,6125
1.0 Scen,2048,037,Bowie County,97996,51595,46401,45347,23913,21434,25261,13285,11976,14852,8189,6663,12536,6208,6328
1.0 Scen,2049,037,Bowie County,98006,51632,46374,44802,23672,21130,25158,13247,11911,15117,8316,6801,12929,6397,6532
1.0 Scen,2050,037,Bowie County,98030,51678,46352,44256,23432,20824,25044,13205,11839,15402,8452,6950,13328,6589,6739
1.0 Scen,2010,039,Brazoria County,313166,159000,154166,166674,83696,82978,36880,19378,17502,86643,44846,41797,22969,11080,11889
1.0 Scen,2011,039,Brazoria County,321705,163037,158668,168234,84393,83841,38561,20160,18401,90373,46625,43748,24537,11859,12678
1.0 Scen,2012,039,Brazoria County,330665,167227,163438,169834,85093,84741,40330,20974,19356,94320,48494,45826,26181,12666,13515
1.0 Scen,2013,039,Brazoria County,339775,171527,168248,171362,85790,85572,42154,21816,20338,98390,50418,47972,27869,13503,14366
1.0 Scen,2014,039,Brazoria County,349214,175987,173227,172811,86451,86360,44086,22699,21387,102628,52423,50205,29689,14414,15275
1.0 Scen,2015,039,Brazoria County,358855,180478,178377,174134,87036,87098,46081,23590,22491,107038,54502,52536,31602,15350,16252
1.0 Scen,2016,039,Brazoria County,368706,185141,183565,175407,87605,87802,48143,24539,23604,111601,56679,54922,33555,16318,17237
1.0 Scen,2017,039,Brazoria County,378766,189818,188948,176569,88119,88450,50268,25494,24774,116331,58896,57435,35598,17309,18289
1.0 Scen,2018,039,Brazoria County,389066,194629,194437,177606,88572,89034,52500,26488,26012,121259,61231,60028,37701,18338,19363
1.0 Scen,2019,039,Brazoria County,399681,199601,200080,178566,88981,89585,54795,27528,27267,126365,63638,62727,39955,19454,20501
1.0 Scen,2020,039,Brazoria County,410571,204692,205879,179419,89343,90076,57178,28590,28588,131636,66135,65501,42338,20624,21714
1.0 Scen,2021,039,Brazoria County,421853,209940,211913,180284,89706,90578,59613,29673,29940,137150,68725,68425,44806,21836,22970
1.0 Scen,2022,039,Brazoria County,433475,215356,218119,181076,90032,91044,62139,30782,31357,142825,71403,71422,47435,23139,24296
1.0 Scen,2023,039,Brazoria County,445525,220988,224537,181833,90352,91481,64797,31990,32807,148719,74163,74556,50176,24483,25693
1.0 Scen,2024,039,Brazoria County,457948,226823,231125,182527,90643,91884,67509,33172,34337,154851,77047,77804,53061,25961,27100
1.0 Scen,2025,039,Brazoria County,470735,232814,237921,183136,90887,92249,70333,34449,35884,161175,80026,81149,56091,27452,28639
1.0 Scen,2026,039,Brazoria County,483952,238988,244964,183677,91102,92575,73206,35730,37476,167685,83080,84605,59384,29076,30308
1.0 Scen,2027,039,Brazoria County,497476,245338,252138,184124,91280,92844,76161,37048,39113,174408,86248,88160,62783,30762,32021
1.0 Scen,2028,039,Brazoria County,511274,251779,259495,184499,91429,93070,79134,38360,40774,181338,89502,91836,66303,32488,33815
1.0 Scen,2029,039,Brazoria County,525747,258596,267151,184812,91553,93259,82284,39776,42508,188472,92851,95621,70179,34416,35763
1.0 Scen,2030,039,Brazoria County,540453,265492,274961,185082,91656,93426,85426,41166,44260,195799,96287,99512,74146,36383,37763
1.0 Scen,2031,039,Brazoria County,555577,272692,282885,185271,91731,93540,88666,42661,46005,203317,99805,103512,78323,38495,39828
1.0 Scen,2032,039,Brazoria County,571166,280002,291164,185421,91782,93639,91997,44132,47865,211012,103392,107620,82736,40696,42040
1.0 Scen,2033,039,Brazoria County,587155,287570,299585,185518,91817,93701,95396,45649,49747,218913,107096,111817,87328,43008,44320
1.0 Scen,2034,039,Brazoria County,603564,295340,308224,185528,91815,93713,98829,47191,51638,226988,110871,116117,92219,45463,46756
1.0 Scen,2035,039,Brazoria County,620528,303426,317102,185489,91800,93689,102416,48818,53598,235283,114742,120541,97340,48066,49274
1.0 Scen,2036,039,Brazoria County,637832,311686,326146,185364,91747,93617,106034,50453,55581,243732,118689,125043,102702,50797,51905
1.0 Scen,2037,039,Brazoria County,655424,320108,335316,185154,91658,93496,109653,52093,57560,252376,122726,129650,108241,53631,54610
1.0 Scen,2038,039,Brazoria County,673547,328778,344769,184892,91550,93342,113316,53704,59612,261180,126845,134335,114159,56679,57480
1.0 Scen,2039,039,Brazoria County,692089,337674,354415,184538,91394,93144,117079,55435,61644,270167,131053,139114,120305,59792,60513
1.0 Scen,2040,039,Brazoria County,711049,346772,364277,184144,91232,92912,120906,57147,63759,279318,135337,143981,126681,63056,63625
1.0 Scen,2041,039,Brazoria County,730394,356102,374292,183681,91048,92633,124744,58884,65860,288639,139705,148934,133330,66465,66865
1.0 Scen,2042,039,Brazoria County,750169,365667,384502,183163,90839,92324,128617,60617,68000,298098,144144,153954,140291,70067,70224
1.0 Scen,2043,039,Brazoria County,770464,375441,395023,182587,90603,91984,132640,62380,70260,307747,148679,159068,147490,73779,73711
1.0 Scen,2044,039,Brazoria County,791039,385430,405609,181936,90338,91598,136635,64210,72425,317558,153297,164261,154910,77585,77325
1.0 Scen,2045,039,Brazoria County,812134,395660,416474,181264,90067,91197,140704,66015,74689,327523,157996,169527,162643,81582,81061
1.0 Scen,2046,039,Brazoria County,833664,406221,427443,180560,89783,90777,144793,67904,76889,337652,162773,174879,170659,85761,84898
1.0 Scen,2047,039,Brazoria County,855619,416915,438704,179824,89493,90331,148950,69774,79176,347970,167660,180310,178875,89988,88887
1.0 Scen,2048,039,Brazoria County,878081,427911,450170,179064,89188,89876,153083,71634,81449,358454,172634,185820,187480,94455,93025
1.0 Scen,2049,039,Brazoria County,901049,439175,461874,178271,88871,89400,157361,73588,83773,369124,177686,191438,196293,99030,97263
1.0 Scen,2050,039,Brazoria County,924456,450637,473819,177458,88546,88912,161586,75513,86073,379949,182829,197120,205463,103749,101714
1.0 Scen,2010,041,Brazos County,194851,98630,96221,115252,57972,57280,20827,9967,10860,45405,23529,21876,13367,7162,6205
1.0 Scen,2011,041,Brazos County,199531,101108,98423,116717,58770,57947,21288,10210,11078,47530,24627,22903,13996,7501,6495
1.0 Scen,2012,041,Brazos County,203211,103077,100134,117303,59130,58173,21710,10435,11275,49614,25700,23914,14584,7812,6772
1.0 Scen,2013,041,Brazos County,206809,105004,101805,117740,59420,58320,22136,10666,11470,51762,26801,24961,15171,8117,7054
1.0 Scen,2014,041,Brazos County,210570,106997,103573,118233,59712,58521,22575,10904,11671,53964,27936,26028,15798,8445,7353
1.0 Scen,2015,041,Brazos County,214672,109153,105519,118981,60127,58854,23004,11140,11864,56246,29111,27135,16441,8775,7666
1.0 Scen,2016,041,Brazos County,219410,111660,107750,120153,60794,59359,23465,11383,12082,58637,30342,28295,17155,9141,8014
1.0 Scen,2017,041,Brazos County,224255,114237,110018,121384,61504,59880,23894,11620,12274,61104,31609,29495,17873,9504,8369
1.0 Scen,2018,041,Brazos County,229259,116890,112369,122633,62221,60412,24355,11869,12486,63659,32920,30739,18612,9880,8732
1.0 Scen,2019,041,Brazos County,234351,119613,114738,123884,62950,60934,24788,12107,12681,66287,34264,32023,19392,10292,9100
1.0 Scen,2020,041,Brazos County,239527,122371,117156,125110,63674,61436,25220,12353,12867,68987,35633,33354,20210,10711,9499
1.0 Scen,2021,041,Brazos County,244655,125105,119550,126235,64335,61900,25655,12599,13056,71749,37044,34705,21016,11127,9889
1.0 Scen,2022,041,Brazos County,249837,127866,121971,127321,64986,62335,26085,12841,13244,74564,38482,36082,21867,11557,10310
1.0 Scen,2023,041,Brazos County,255037,130625,124412,128361,65610,62751,26499,13069,13430,77459,39959,37500,22718,11987,10731
1.0 Scen,2024,041,Brazos County,260298,133454,126844,129377,66232,63145,26940,13319,13621,80416,41476,38940,23565,12427,11138
1.0 Scen,2025,041,Brazos County,265619,136300,129319,130372,66850,63522,27362,13558,13804,83441,43021,40420,24444,12871,11573
1.0 Scen,2026,041,Brazos County,271013,139169,131844,131314,67438,63876,27776,13786,13990,86570,44623,41947,25353,13322,12031
1.0 Scen,2027,041,Brazos County,276374,142034,134340,132193,67988,64205,28193,14028,14165,89746,46244,43502,26242,13774,12468
1.0 Scen,2028,041,Brazos County,281750,144905,136845,132996,68501,64495,28580,14250,14330,93015,47912,45103,27159,14242,12917
1.0 Scen,2029,041,Brazos County,287039,147735,139304,133654,68935,64719,28968,14479,14489,96354,49625,46729,28063,14696,13367
1.0 Scen,2030,041,Brazos County,292333,150554,141779,134196,69302,64894,29358,14704,14654,99816,51399,48417,28963,15149,13814
1.0 Scen,2031,041,Brazos County,297637,153388,144249,134664,69626,65038,29727,14923,14804,103372,53234,50138,29874,15605,14269
1.0 Scen,2032,041,Brazos County,302942,156245,146697,135014,69901,65113,30105,15155,14950,107044,55130,51914,30779,16059,14720
1.0 Scen,2033,041,Brazos County,308325,159119,149206,135326,70146,65180,30457,15368,15089,110828,57087,53741,31714,16518,15196
1.0 Scen,2034,041,Brazos County,313755,162015,151740,135603,70379,65224,30788,15568,15220,114706,59089,55617,32658,16979,15679
1.0 Scen,2035,041,Brazos County,319276,164963,154313,135865,70609,65256,31112,15760,15352,118692,61153,57539,33607,17441,16166
1.0 Scen,2036,041,Brazos County,324926,167999,156927,136127,70837,65290,31443,15970,15473,122770,63276,59494,34586,17916,16670
1.0 Scen,2037,041,Brazos County,330676,171082,159594,136420,71090,65330,31731,16155,15576,126943,65439,61504,35582,18398,17184
1.0 Scen,2038,041,Brazos County,336546,174227,162319,136716,71336,65380,32014,16335,15679,131239,67663,63576,36577,18893,17684
1.0 Scen,2039,041,Brazos County,342575,177475,165100,137042,71600,65442,32296,16523,15773,135628,69941,65687,37609,19411,18198
1.0 Scen,2040,041,Brazos County,348817,180833,167984,137439,71906,65533,32562,16698,15864,140146,72286,67860,38670,19943,18727
1.0 Scen,2041,041,Brazos County,355221,184285,170936,137881,72239,65642,32797,16860,15937,144777,74698,70079,39766,20488,19278
1.0 Scen,2042,041,Brazos County,361788,187842,173946,138367,72604,65763,33000,17011,15989,149498,77156,72342,40923,21071,19852
1.0 Scen,2043,041,Brazos County,368527,191460,177067,138900,72996,65904,33221,17154,16067,154322,79665,74657,42084,21645,20439
1.0 Scen,2044,041,Brazos County,375464,195244,180220,139462,73410,66052,33432,17311,16121,159257,82247,77010,43313,22276,21037
1.0 Scen,2045,041,Brazos County,382460,199042,183418,140048,73848,66200,33606,17444,16162,164283,84865,79418,44523,22885,21638
1.0 Scen,2046,041,Brazos County,389642,202948,186694,140654,74303,66351,33776,17578,16198,169398,87535,81863,45814,23532,22282
1.0 Scen,2047,041,Brazos County,396913,206922,189991,141284,74786,66498,33928,17703,16225,174600,90256,84344,47101,24177,22924
1.0 Scen,2048,041,Brazos County,404249,210932,193317,141883,75253,66630,34066,17820,16246,179887,93023,86864,48413,24836,23577
1.0 Scen,2049,041,Brazos County,411661,214998,196663,142450,75707,66743,34190,17935,16255,185257,95835,89422,49764,25521,24243
1.0 Scen,2050,041,Brazos County,419114,219070,200044,142995,76146,66849,34305,18038,16267,190697,98686,92011,51117,26200,24917
1.0 Scen,2010,043,Brewster County,9232,4636,4596,5011,2528,2483,79,62,17,3918,1939,1979,224,107,117
1.0 Scen,2011,043,Brewster County,9374,4708,4666,5079,2560,2519,79,62,17,3987,1976,2011,229,110,119
1.0 Scen,2012,043,Brewster County,9493,4766,4727,5128,2579,2549,79,62,17,4053,2012,2041,233,113,120
1.0 Scen,2013,043,Brewster County,9586,4825,4761,5160,2602,2558,79,62,17,4108,2045,2063,239,116,123
1.0 Scen,2014,043,Brewster County,9668,4877,4791,5193,2624,2569,79,62,17,4152,2072,2080,244,119,125
1.0 Scen,2015,043,Brewster County,9752,4924,4828,5216,2637,2579,79,62,17,4208,2103,2105,249,122,127
1.0 Scen,2016,043,Brewster County,9854,4969,4885,5248,2647,2601,79,62,17,4273,2135,2138,254,125,129
1.0 Scen,2017,043,Brewster County,9971,5031,4940,5295,2667,2628,79,62,17,4338,2174,2164,259,128,131
1.0 Scen,2018,043,Brewster County,10053,5079,4974,5315,2681,2634,80,62,18,4394,2205,2189,264,131,133
1.0 Scen,2019,043,Brewster County,10132,5119,5013,5334,2687,2647,81,63,18,4450,2236,2214,267,133,134
1.0 Scen,2020,043,Brewster County,10226,5178,5048,5364,2709,2655,82,63,19,4507,2269,2238,273,137,136
1.0 Scen,2021,043,Brewster County,10322,5231,5091,5402,2728,2674,82,63,19,4561,2300,2261,277,140,137
1.0 Scen,2022,043,Brewster County,10403,5277,5126,5435,2745,2690,83,63,20,4603,2326,2277,282,143,139
1.0 Scen,2023,043,Brewster County,10479,5320,5159,5463,2758,2705,84,64,20,4646,2352,2294,286,146,140
1.0 Scen,2024,043,Brewster County,10546,5344,5202,5487,2759,2728,84,63,21,4687,2375,2312,288,147,141
1.0 Scen,2025,043,Brewster County,10603,5378,5225,5500,2769,2731,85,64,21,4727,2396,2331,291,149,142
1.0 Scen,2026,043,Brewster County,10660,5404,5256,5524,2777,2747,84,63,21,4756,2412,2344,296,152,144
1.0 Scen,2027,043,Brewster County,10705,5432,5273,5523,2778,2745,86,65,21,4795,2435,2360,301,154,147
1.0 Scen,2028,043,Brewster County,10757,5455,5302,5538,2784,2754,86,64,22,4831,2452,2379,302,155,147
1.0 Scen,2029,043,Brewster County,10809,5487,5322,5548,2792,2756,87,65,22,4867,2474,2393,307,156,151
1.0 Scen,2030,043,Brewster County,10854,5521,5333,5558,2800,2758,88,66,22,4902,2495,2407,306,160,146
1.0 Scen,2031,043,Brewster County,10893,5546,5347,5566,2805,2761,88,66,22,4935,2517,2418,304,158,146
1.0 Scen,2032,043,Brewster County,10907,5553,5354,5554,2802,2752,87,65,22,4962,2528,2434,304,158,146
1.0 Scen,2033,043,Brewster County,10934,5576,5358,5547,2803,2744,87,65,22,4995,2548,2447,305,160,145
1.0 Scen,2034,043,Brewster County,10953,5588,5365,5546,2802,2744,87,65,22,5014,2560,2454,306,161,145
1.0 Scen,2035,043,Brewster County,10954,5589,5365,5529,2797,2732,87,65,22,5032,2566,2466,306,161,145
1.0 Scen,2036,043,Brewster County,10976,5610,5366,5514,2794,2720,87,65,22,5068,2588,2480,307,163,144
1.0 Scen,2037,043,Brewster County,10982,5621,5361,5492,2789,2703,86,64,22,5091,2601,2490,313,167,146
1.0 Scen,2038,043,Brewster County,10984,5632,5352,5469,2782,2687,85,63,22,5115,2618,2497,315,169,146
1.0 Scen,2039,043,Brewster County,10966,5635,5331,5435,2771,2664,85,63,22,5131,2630,2501,315,171,144
1.0 Scen,2040,043,Brewster County,10952,5632,5320,5406,2759,2647,85,62,23,5144,2638,2506,317,173,144
1.0 Scen,2041,043,Brewster County,10932,5631,5301,5372,2747,2625,83,61,22,5159,2649,2510,318,174,144
1.0 Scen,2042,043,Brewster County,10909,5619,5290,5336,2731,2605,85,62,23,5174,2657,2517,314,169,145
1.0 Scen,2043,043,Brewster County,10897,5627,5270,5314,2729,2585,83,61,22,5183,2667,2516,317,170,147
1.0 Scen,2044,043,Brewster County,10878,5619,5259,5274,2709,2565,85,61,24,5196,2675,2521,323,174,149
1.0 Scen,2045,043,Brewster County,10852,5612,5240,5241,2700,2541,82,59,23,5201,2676,2525,328,177,151
1.0 Scen,2046,043,Brewster County,10821,5601,5220,5206,2681,2525,83,59,24,5207,2682,2525,325,179,146
1.0 Scen,2047,043,Brewster County,10794,5591,5203,5166,2662,2504,82,59,23,5218,2690,2528,328,180,148
1.0 Scen,2048,043,Brewster County,10772,5591,5181,5137,2652,2485,84,59,25,5215,2696,2519,336,184,152
1.0 Scen,2049,043,Brewster County,10762,5591,5171,5108,2639,2469,84,60,24,5229,2705,2524,341,187,154
1.0 Scen,2050,043,Brewster County,10739,5588,5151,5081,2633,2448,85,60,25,5228,2705,2523,345,190,155
1.0 Scen,2010,045,Briscoe County,1637,815,822,1163,574,589,40,17,23,411,211,200,23,13,10
1.0 Scen,2011,045,Briscoe County,1650,823,827,1167,577,590,40,17,23,420,216,204,23,13,10
1.0 Scen,2012,045,Briscoe County,1656,827,829,1167,577,590,40,17,23,426,220,206,23,13,10
1.0 Scen,2013,045,Briscoe County,1665,832,833,1167,577,590,40,17,23,435,225,210,23,13,10
1.0 Scen,2014,045,Briscoe County,1672,838,834,1167,579,588,40,17,23,442,229,213,23,13,10
1.0 Scen,2015,045,Briscoe County,1676,841,835,1163,577,586,39,17,22,451,234,217,23,13,10
1.0 Scen,2016,045,Briscoe County,1676,843,833,1156,575,581,39,17,22,458,238,220,23,13,10
1.0 Scen,2017,045,Briscoe County,1679,845,834,1151,573,578,39,17,22,466,242,224,23,13,10
1.0 Scen,2018,045,Briscoe County,1677,845,832,1142,570,572,39,17,22,473,245,228,23,13,10
1.0 Scen,2019,045,Briscoe County,1674,849,825,1131,570,561,39,17,22,481,249,232,23,13,10
1.0 Scen,2020,045,Briscoe County,1672,849,823,1125,569,556,38,16,22,487,252,235,22,12,10
1.0 Scen,2021,045,Briscoe County,1675,851,824,1120,568,552,39,16,23,494,255,239,22,12,10
1.0 Scen,2022,045,Briscoe County,1671,850,821,1109,562,547,38,16,22,502,260,242,22,12,10
1.0 Scen,2023,045,Briscoe County,1668,849,819,1099,556,543,38,16,22,509,265,244,22,12,10
1.0 Scen,2024,045,Briscoe County,1666,848,818,1093,551,542,38,16,22,513,269,244,22,12,10
1.0 Scen,2025,045,Briscoe County,1658,846,812,1080,545,535,36,16,20,520,273,247,22,12,10
1.0 Scen,2026,045,Briscoe County,1655,844,811,1068,539,529,37,16,21,528,277,251,22,12,10
1.0 Scen,2027,045,Briscoe County,1645,838,807,1050,530,520,37,16,21,536,280,256,22,12,10
1.0 Scen,2028,045,Briscoe County,1641,839,802,1039,526,513,37,16,21,544,285,259,21,12,9
1.0 Scen,2029,045,Briscoe County,1637,837,800,1028,521,507,37,16,21,551,288,263,21,12,9
1.0 Scen,2030,045,Briscoe County,1628,834,794,1014,514,500,35,16,19,558,292,266,21,12,9
1.0 Scen,2031,045,Briscoe County,1627,834,793,1005,510,495,36,16,20,565,296,269,21,12,9
1.0 Scen,2032,045,Briscoe County,1620,833,787,992,506,486,35,16,19,572,299,273,21,12,9
1.0 Scen,2033,045,Briscoe County,1613,835,778,981,504,477,33,15,18,578,304,274,21,12,9
1.0 Scen,2034,045,Briscoe County,1612,837,775,973,501,472,33,16,17,585,308,277,21,12,9
1.0 Scen,2035,045,Briscoe County,1599,831,768,955,491,464,33,16,17,590,312,278,21,12,9
1.0 Scen,2036,045,Briscoe County,1582,821,761,945,485,460,33,16,17,583,308,275,21,12,9
1.0 Scen,2037,045,Briscoe County,1564,814,750,934,480,454,32,16,16,578,307,271,20,11,9
1.0 Scen,2038,045,Briscoe County,1558,815,743,923,477,446,32,16,16,583,311,272,20,11,9
1.0 Scen,2039,045,Briscoe County,1546,810,736,908,470,438,32,16,16,586,313,273,20,11,9
1.0 Scen,2040,045,Briscoe County,1519,800,719,890,461,429,29,14,15,580,314,266,20,11,9
1.0 Scen,2041,045,Briscoe County,1498,793,705,877,457,420,28,13,15,573,312,261,20,11,9
1.0 Scen,2042,045,Briscoe County,1485,788,697,860,450,410,29,14,15,576,313,263,20,11,9
1.0 Scen,2043,045,Briscoe County,1482,787,695,854,447,407,26,12,14,582,317,265,20,11,9
1.0 Scen,2044,045,Briscoe County,1471,783,688,847,444,403,23,11,12,582,317,265,19,11,8
1.0 Scen,2045,045,Briscoe County,1461,781,680,836,439,397,22,11,11,585,321,264,18,10,8
1.0 Scen,2046,045,Briscoe County,1452,777,675,827,435,392,22,11,11,585,321,264,18,10,8
1.0 Scen,2047,045,Briscoe County,1444,776,668,817,434,383,22,11,11,587,321,266,18,10,8
1.0 Scen,2048,045,Briscoe County,1440,774,666,810,430,380,23,12,11,589,322,267,18,10,8
1.0 Scen,2049,045,Briscoe County,1441,775,666,805,427,378,23,12,11,595,326,269,18,10,8
1.0 Scen,2050,045,Briscoe County,1436,772,664,798,425,373,23,12,11,597,325,272,18,10,8
1.0 Scen,2010,047,Brooks County,7223,3579,3644,573,277,296,19,11,8,6590,3273,3317,41,18,23
1.0 Scen,2011,047,Brooks County,7300,3624,3676,579,281,298,19,11,8,6661,3314,3347,41,18,23
1.0 Scen,2012,047,Brooks County,7357,3660,3697,583,283,300,19,11,8,6713,3348,3365,42,18,24
1.0 Scen,2013,047,Brooks County,7410,3694,3716,586,286,300,19,11,8,6762,3378,3384,43,19,24
1.0 Scen,2014,047,Brooks County,7460,3725,3735,587,288,299,19,11,8,6809,3406,3403,45,20,25
1.0 Scen,2015,047,Brooks County,7502,3754,3748,588,290,298,19,11,8,6850,3433,3417,45,20,25
1.0 Scen,2016,047,Brooks County,7533,3773,3760,590,293,297,19,11,8,6878,3449,3429,46,20,26
1.0 Scen,2017,047,Brooks County,7567,3796,3771,591,295,296,19,11,8,6910,3469,3441,47,21,26
1.0 Scen,2018,047,Brooks County,7577,3808,3769,591,296,295,18,11,7,6920,3480,3440,48,21,27
1.0 Scen,2019,047,Brooks County,7600,3830,3770,586,296,290,18,11,7,6947,3501,3446,49,22,27
1.0 Scen,2020,047,Brooks County,7619,3850,3769,587,299,288,18,11,7,6964,3518,3446,50,22,28
1.0 Scen,2021,047,Brooks County,7633,3865,3768,584,300,284,18,11,7,6980,3531,3449,51,23,28
1.0 Scen,2022,047,Brooks County,7662,3886,3776,583,300,283,18,11,7,7009,3552,3457,52,23,29
1.0 Scen,2023,047,Brooks County,7698,3907,3791,583,301,282,18,11,7,7044,3571,3473,53,24,29
1.0 Scen,2024,047,Brooks County,7729,3929,3800,581,300,281,18,11,7,7077,3594,3483,53,24,29
1.0 Scen,2025,047,Brooks County,7745,3947,3798,573,300,273,18,11,7,7101,3612,3489,53,24,29
1.0 Scen,2026,047,Brooks County,7763,3962,3801,570,297,273,18,11,7,7122,3630,3492,53,24,29
1.0 Scen,2027,047,Brooks County,7782,3983,3799,564,296,268,18,11,7,7148,3652,3496,52,24,28
1.0 Scen,2028,047,Brooks County,7793,3992,3801,560,294,266,18,11,7,7163,3663,3500,52,24,28
1.0 Scen,2029,047,Brooks County,7805,4010,3795,554,290,264,18,11,7,7181,3685,3496,52,24,28
1.0 Scen,2030,047,Brooks County,7803,4021,3782,545,289,256,18,11,7,7188,3697,3491,52,24,28
1.0 Scen,2031,047,Brooks County,7805,4032,3773,539,285,254,18,11,7,7198,3712,3486,50,24,26
1.0 Scen,2032,047,Brooks County,7813,4038,3775,530,279,251,18,11,7,7215,3725,3490,50,23,27
1.0 Scen,2033,047,Brooks County,7794,4041,3753,520,274,246,18,11,7,7205,3732,3473,51,24,27
1.0 Scen,2034,047,Brooks County,7790,4040,3750,520,273,247,18,11,7,7200,3732,3468,52,24,28
1.0 Scen,2035,047,Brooks County,7768,4037,3731,511,272,239,18,11,7,7187,3730,3457,52,24,28
1.0 Scen,2036,047,Brooks County,7762,4042,3720,507,270,237,18,11,7,7184,3737,3447,53,24,29
1.0 Scen,2037,047,Brooks County,7747,4032,3715,502,267,235,18,11,7,7173,3729,3444,54,25,29
1.0 Scen,2038,047,Brooks County,7730,4037,3693,501,268,233,18,11,7,7157,3733,3424,54,25,29
1.0 Scen,2039,047,Brooks County,7717,4041,3676,496,267,229,19,11,8,7147,3737,3410,55,26,29
1.0 Scen,2040,047,Brooks County,7695,4030,3665,488,264,224,19,11,8,7132,3729,3403,56,26,30
1.0 Scen,2041,047,Brooks County,7666,4030,3636,482,259,223,19,11,8,7108,3733,3375,57,27,30
1.0 Scen,2042,047,Brooks County,7633,4020,3613,470,257,213,19,11,8,7086,3725,3361,58,27,31
1.0 Scen,2043,047,Brooks County,7601,4017,3584,458,254,204,19,11,8,7066,3724,3342,58,28,30
1.0 Scen,2044,047,Brooks County,7563,4004,3559,448,248,200,19,11,8,7037,3717,3320,59,28,31
1.0 Scen,2045,047,Brooks County,7523,3987,3536,435,240,195,19,11,8,7009,3707,3302,60,29,31
1.0 Scen,2046,047,Brooks County,7478,3970,3508,430,237,193,17,11,6,6972,3693,3279,59,29,30
1.0 Scen,2047,047,Brooks County,7447,3964,3483,426,237,189,17,11,6,6946,3688,3258,58,28,30
1.0 Scen,2048,047,Brooks County,7402,3951,3451,422,235,187,17,11,6,6905,3677,3228,58,28,30
1.0 Scen,2049,047,Brooks County,7371,3939,3432,422,235,187,17,11,6,6875,3665,3210,57,28,29
1.0 Scen,2050,047,Brooks County,7329,3926,3403,421,234,187,17,11,6,6836,3654,3182,55,27,28
1.0 Scen,2010,049,Brown County,38106,18838,19268,28478,13923,14555,1303,716,587,7453,3764,3689,872,435,437
1.0 Scen,2011,049,Brown County,38365,19002,19363,28482,13950,14532,1317,724,593,7669,3879,3790,897,449,448
1.0 Scen,2012,049,Brown County,38660,19175,19485,28507,13982,14525,1337,736,601,7890,3993,3897,926,464,462
1.0 Scen,2013,049,Brown County,38940,19340,19600,28513,14001,14512,1358,748,610,8109,4109,4000,960,482,478
1.0 Scen,2014,049,Brown County,39224,19516,19708,28518,14026,14492,1378,761,617,8336,4227,4109,992,502,490
1.0 Scen,2015,049,Brown County,39488,19680,19808,28504,14042,14462,1404,776,628,8558,4343,4215,1022,519,503
1.0 Scen,2016,049,Brown County,39746,19834,19912,28492,14056,14436,1424,787,637,8785,4459,4326,1045,532,513
1.0 Scen,2017,049,Brown County,39995,19986,20009,28467,14057,14410,1447,800,647,9009,4578,4431,1072,551,521
1.0 Scen,2018,049,Brown County,40221,20114,20107,28425,14047,14378,1466,810,656,9237,4691,4546,1093,566,527
1.0 Scen,2019,049,Brown County,40404,20231,20173,28361,14031,14330,1474,814,660,9456,4805,4651,1113,581,532
1.0 Scen,2020,049,Brown County,40617,20353,20264,28310,14019,14291,1485,820,665,9685,4919,4766,1137,595,542
1.0 Scen,2021,049,Brown County,40814,20471,20343,28241,13998,14243,1498,828,670,9905,5028,4877,1170,617,553
1.0 Scen,2022,049,Brown County,40993,20584,20409,28164,13969,14195,1501,835,666,10128,5146,4982,1200,634,566
1.0 Scen,2023,049,Brown County,41162,20681,20481,28071,13930,14141,1512,845,667,10350,5256,5094,1229,650,579
1.0 Scen,2024,049,Brown County,41342,20802,20540,27979,13905,14074,1527,859,668,10577,5371,5206,1259,667,592
1.0 Scen,2025,049,Brown County,41516,20919,20597,27863,13859,14004,1541,870,671,10818,5502,5316,1294,688,606
1.0 Scen,2026,049,Brown County,41678,21030,20648,27731,13812,13919,1550,876,674,11057,5628,5429,1340,714,626
1.0 Scen,2027,049,Brown County,41825,21123,20702,27577,13750,13827,1564,886,678,11301,5752,5549,1383,735,648
1.0 Scen,2028,049,Brown County,41958,21214,20744,27397,13674,13723,1576,895,681,11560,5889,5671,1425,756,669
1.0 Scen,2029,049,Brown County,42058,21286,20772,27206,13590,13616,1579,897,682,11803,6019,5784,1470,780,690
1.0 Scen,2030,049,Brown County,42131,21355,20776,26997,13501,13496,1589,906,683,12036,6144,5892,1509,804,705
1.0 Scen,2031,049,Brown County,42211,21421,20790,26778,13409,13369,1589,907,682,12283,6274,6009,1561,831,730
1.0 Scen,2032,049,Brown County,42264,21477,20787,26538,13306,13232,1593,909,684,12521,6401,6120,1612,861,751
1.0 Scen,2033,049,Brown County,42282,21519,20763,26289,13199,13090,1589,910,679,12748,6522,6226,1656,888,768
1.0 Scen,2034,049,Brown County,42288,21554,20734,26027,13089,12938,1584,905,679,12975,6646,6329,1702,914,788
1.0 Scen,2035,049,Brown County,42292,21581,20711,25756,12972,12784,1570,897,673,13207,6768,6439,1759,944,815
1.0 Scen,2036,049,Brown County,42279,21598,20681,25472,12850,12622,1562,892,670,13428,6882,6546,1817,974,843
1.0 Scen,2037,049,Brown County,42251,21616,20635,25173,12724,12449,1541,874,667,13650,7006,6644,1887,1012,875
1.0 Scen,2038,049,Brown County,42236,21641,20595,24875,12595,12280,1529,871,658,13873,7120,6753,1959,1055,904
1.0 Scen,2039,049,Brown County,42206,21658,20548,24567,12462,12105,1518,865,653,14091,7238,6853,2030,1093,937
1.0 Scen,2040,049,Brown County,42188,21683,20505,24262,12329,11933,1512,866,646,14305,7353,6952,2109,1135,974
1.0 Scen,2041,049,Brown County,42154,21704,20450,23938,12188,11750,1500,863,637,14533,7473,7060,2183,1180,1003
1.0 Scen,2042,049,Brown County,42102,21725,20377,23615,12047,11568,1489,864,625,14740,7591,7149,2258,1223,1035
1.0 Scen,2043,049,Brown County,42046,21731,20315,23282,11900,11382,1479,860,619,14935,7695,7240,2350,1276,1074
1.0 Scen,2044,049,Brown County,41993,21742,20251,22953,11755,11198,1470,856,614,15140,7811,7329,2430,1320,1110
1.0 Scen,2045,049,Brown County,41919,21752,20167,22611,11606,11005,1461,852,609,15342,7925,7417,2505,1369,1136
1.0 Scen,2046,049,Brown County,41848,21759,20089,22280,11463,10817,1458,852,606,15530,8026,7504,2580,1418,1162
1.0 Scen,2047,049,Brown County,41791,21768,20023,21941,11316,10625,1449,849,600,15726,8133,7593,2675,1470,1205
1.0 Scen,2048,049,Brown County,41711,21758,19953,21609,11166,10443,1440,844,596,15893,8226,7667,2769,1522,1247
1.0 Scen,2049,049,Brown County,41648,21767,19881,21282,11024,10258,1431,844,587,16080,8325,7755,2855,1574,1281
1.0 Scen,2050,049,Brown County,41595,21768,19827,20971,10883,10088,1425,841,584,16251,8417,7834,2948,1627,1321
1.0 Scen,2010,051,Burleson County,17187,8504,8683,11696,5725,5971,2064,990,1074,3166,1661,1505,261,128,133
1.0 Scen,2011,051,Burleson County,17457,8634,8823,11817,5780,6037,2092,1004,1088,3285,1721,1564,263,129,134
1.0 Scen,2012,051,Burleson County,17698,8760,8938,11898,5824,6074,2127,1022,1105,3407,1783,1624,266,131,135
1.0 Scen,2013,051,Burleson County,17962,8885,9077,11996,5862,6134,2157,1037,1120,3539,1851,1688,270,135,135
1.0 Scen,2014,051,Burleson County,18224,9008,9216,12089,5902,6187,2195,1055,1140,3663,1912,1751,277,139,138
1.0 Scen,2015,051,Burleson County,18482,9140,9342,12166,5939,6227,2237,1077,1160,3796,1982,1814,283,142,141
1.0 Scen,2016,051,Burleson County,18721,9266,9455,12236,5970,6266,2271,1099,1172,3927,2054,1873,287,143,144
1.0 Scen,2017,051,Burleson County,18980,9393,9587,12318,6009,6309,2304,1117,1187,4066,2121,1945,292,146,146
1.0 Scen,2018,051,Burleson County,19257,9535,9722,12414,6062,6352,2339,1132,1207,4210,2196,2014,294,145,149
1.0 Scen,2019,051,Burleson County,19498,9651,9847,12482,6087,6395,2363,1146,1217,4356,2271,2085,297,147,150
1.0 Scen,2020,051,Burleson County,19763,9792,9971,12557,6129,6428,2393,1162,1231,4509,2350,2159,304,151,153
1.0 Scen,2021,051,Burleson County,20015,9929,10086,12619,6162,6457,2426,1180,1246,4664,2432,2232,306,155,151
1.0 Scen,2022,051,Burleson County,20267,10068,10199,12675,6190,6485,2457,1200,1257,4825,2519,2306,310,159,151
1.0 Scen,2023,051,Burleson County,20508,10195,10313,12738,6222,6516,2483,1217,1266,4971,2592,2379,316,164,152
1.0 Scen,2024,051,Burleson County,20742,10316,10426,12777,6238,6539,2516,1232,1284,5128,2679,2449,321,167,154
1.0 Scen,2025,051,Burleson County,20982,10440,10542,12836,6269,6567,2540,1247,1293,5283,2755,2528,323,169,154
1.0 Scen,2026,051,Burleson County,21232,10568,10664,12877,6292,6585,2573,1261,1312,5455,2843,2612,327,172,155
1.0 Scen,2027,051,Burleson County,21484,10696,10788,12917,6311,6606,2610,1283,1327,5628,2930,2698,329,172,157
1.0 Scen,2028,051,Burleson County,21722,10826,10896,12951,6332,6619,2637,1301,1336,5802,3019,2783,332,174,158
1.0 Scen,2029,051,Burleson County,21958,10946,11012,12974,6341,6633,2660,1313,1347,5988,3116,2872,336,176,160
1.0 Scen,2030,051,Burleson County,22160,11046,11114,12984,6347,6637,2676,1322,1354,6159,3196,2963,341,181,160
1.0 Scen,2031,051,Burleson County,22343,11140,11203,12991,6351,6640,2679,1324,1355,6330,3281,3049,343,184,159
1.0 Scen,2032,051,Burleson County,22540,11240,11300,12981,6347,6634,2698,1334,1364,6517,3373,3144,344,186,158
1.0 Scen,2033,051,Burleson County,22722,11338,11384,12969,6348,6621,2720,1349,1371,6685,3453,3232,348,188,160
1.0 Scen,2034,051,Burleson County,22888,11434,11454,12954,6345,6609,2733,1358,1375,6853,3542,3311,348,189,159
1.0 Scen,2035,051,Burleson County,23081,11530,11551,12932,6340,6592,2765,1371,1394,7033,3628,3405,351,191,160
1.0 Scen,2036,051,Burleson County,23250,11626,11624,12897,6330,6567,2789,1383,1406,7214,3722,3492,350,191,159
1.0 Scen,2037,051,Burleson County,23419,11719,11700,12862,6318,6544,2806,1393,1413,7398,3814,3584,353,194,159
1.0 Scen,2038,051,Burleson County,23563,11792,11771,12812,6296,6516,2817,1397,1420,7581,3906,3675,353,193,160
1.0 Scen,2039,051,Burleson County,23691,11869,11822,12753,6275,6478,2835,1408,1427,7751,3993,3758,352,193,159
1.0 Scen,2040,051,Burleson County,23843,11961,11882,12709,6264,6445,2849,1416,1433,7929,4085,3844,356,196,160
1.0 Scen,2041,051,Burleson County,23965,12035,11930,12639,6237,6402,2850,1423,1427,8113,4174,3939,363,201,162
1.0 Scen,2042,051,Burleson County,24107,12125,11982,12571,6218,6353,2862,1429,1433,8305,4274,4031,369,204,165
1.0 Scen,2043,051,Burleson County,24226,12205,12021,12500,6197,6303,2861,1430,1431,8485,4365,4120,380,213,167
1.0 Scen,2044,051,Burleson County,24354,12293,12061,12423,6170,6253,2878,1443,1435,8667,4462,4205,386,218,168
1.0 Scen,2045,051,Burleson County,24457,12359,12098,12344,6146,6198,2884,1451,1433,8835,4539,4296,394,223,171
1.0 Scen,2046,051,Burleson County,24564,12441,12123,12275,6127,6148,2894,1461,1433,9008,4628,4380,387,225,162
1.0 Scen,2047,051,Burleson County,24658,12504,12154,12194,6100,6094,2896,1469,1427,9176,4708,4468,392,227,165
1.0 Scen,2048,051,Burleson County,24766,12582,12184,12114,6075,6039,2903,1480,1423,9354,4797,4557,395,230,165
1.0 Scen,2049,051,Burleson County,24858,12640,12218,12038,6057,5981,2895,1474,1421,9523,4875,4648,402,234,168
1.0 Scen,2050,051,Burleson County,24931,12698,12233,11952,6026,5926,2894,1477,1417,9684,4960,4724,401,235,166
1.0 Scen,2010,053,Burnet County,42750,20989,21761,32530,15745,16785,700,365,335,8652,4481,4171,868,398,470
1.0 Scen,2011,053,Burnet County,43619,21397,22222,32976,15931,17045,716,376,340,9035,4680,4355,892,410,482
1.0 Scen,2012,053,Burnet County,44521,21828,22693,33436,16129,17307,733,388,345,9435,4889,4546,917,422,495
1.0 Scen,2013,053,Burnet County,45448,22268,23180,33916,16333,17583,752,402,350,9838,5100,4738,942,433,509
1.0 Scen,2014,053,Burnet County,46398,22721,23677,34395,16535,17860,775,419,356,10266,5323,4943,962,444,518
1.0 Scen,2015,053,Burnet County,47386,23195,24191,34887,16747,18140,797,433,364,10713,5558,5155,989,457,532
1.0 Scen,2016,053,Burnet County,48377,23670,24707,35368,16950,18418,817,445,372,11176,5802,5374,1016,473,543
1.0 Scen,2017,053,Burnet County,49390,24144,25246,35858,17154,18704,838,459,379,11656,6050,5606,1038,481,557
1.0 Scen,2018,053,Burnet County,50386,24618,25768,36322,17342,18980,856,472,384,12151,6311,5840,1057,493,564
1.0 Scen,2019,053,Burnet County,51424,25118,26306,36798,17541,19257,872,485,387,12669,6583,6086,1085,509,576
1.0 Scen,2020,053,Burnet County,52456,25615,26841,37267,17740,19527,894,500,394,13188,6853,6335,1107,522,585
1.0 Scen,2021,053,Burnet County,53509,26113,27396,37723,17923,19800,916,514,402,13728,7134,6594,1142,542,600
1.0 Scen,2022,053,Burnet County,54561,26618,27943,38176,18109,20067,925,524,401,14287,7424,6863,1173,561,612
1.0 Scen,2023,053,Burnet County,55643,27149,28494,38617,18293,20324,944,538,406,14870,7733,7137,1212,585,627
1.0 Scen,2024,053,Burnet County,56717,27662,29055,39033,18458,20575,959,550,409,15471,8049,7422,1254,605,649
1.0 Scen,2025,053,Burnet County,57772,28188,29584,39423,18621,20802,974,562,412,16082,8379,7703,1293,626,667
1.0 Scen,2026,053,Burnet County,58843,28719,30124,39813,18780,21033,993,577,416,16699,8708,7991,1338,654,684
1.0 Scen,2027,053,Burnet County,59874,29236,30638,40150,18910,21240,1008,594,414,17328,9048,8280,1388,684,704
1.0 Scen,2028,053,Burnet County,60888,29736,31152,40459,19028,21431,1017,607,410,17972,9387,8585,1440,714,726
1.0 Scen,2029,053,Burnet County,61887,30243,31644,40730,19125,21605,1029,619,410,18635,9753,8882,1493,746,747
1.0 Scen,2030,053,Burnet County,62876,30740,32136,40968,19212,21756,1037,630,407,19322,10118,9204,1549,780,769
1.0 Scen,2031,053,Burnet County,63840,31226,32614,41156,19275,21881,1059,646,413,20021,10492,9529,1604,813,791
1.0 Scen,2032,053,Burnet County,64767,31713,33054,41304,19334,21970,1069,658,411,20722,10873,9849,1672,848,824
1.0 Scen,2033,053,Burnet County,65672,32192,33480,41407,19367,22040,1083,672,411,21442,11267,10175,1740,886,854
1.0 Scen,2034,053,Burnet County,66569,32654,33915,41474,19385,22089,1103,689,414,22185,11662,10523,1807,918,889
1.0 Scen,2035,053,Burnet County,67447,33119,34328,41516,19393,22123,1118,703,415,22936,12065,10871,1877,958,919
1.0 Scen,2036,053,Burnet County,68306,33579,34727,41519,19384,22135,1137,720,417,23691,12473,11218,1959,1002,957
1.0 Scen,2037,053,Burnet County,69146,34033,35113,41491,19363,22128,1153,734,419,24468,12891,11577,2034,1045,989
1.0 Scen,2038,053,Burnet County,69976,34482,35494,41427,19328,22099,1167,748,419,25261,13315,11946,2121,1091,1030
1.0 Scen,2039,053,Burnet County,70790,34927,35863,41343,19286,22057,1185,763,422,26052,13737,12315,2210,1141,1069
1.0 Scen,2040,053,Burnet County,71614,35380,36234,41226,19235,21991,1201,776,425,26882,14179,12703,2305,1190,1115
1.0 Scen,2041,053,Burnet County,72412,35832,36580,41076,19166,21910,1222,794,428,27719,14632,13087,2395,1240,1155
1.0 Scen,2042,053,Burnet County,73225,36305,36920,40906,19095,21811,1232,804,428,28584,15105,13479,2503,1301,1202
1.0 Scen,2043,053,Burnet County,74052,36793,37259,40713,19017,21696,1251,821,430,29473,15588,13885,2615,1367,1248
1.0 Scen,2044,053,Burnet County,74856,37262,37594,40502,18923,21579,1263,831,432,30368,16079,14289,2723,1429,1294
1.0 Scen,2045,053,Burnet County,75678,37747,37931,40283,18837,21446,1271,842,429,31279,16574,14705,2845,1494,1351
1.0 Scen,2046,053,Burnet County,76499,38239,38260,40050,18744,21306,1277,854,423,32208,17081,15127,2964,1560,1404
1.0 Scen,2047,053,Burnet County,77342,38744,38598,39816,18652,21164,1277,863,414,33158,17602,15556,3091,1627,1464
1.0 Scen,2048,053,Burnet County,78208,39270,38938,39575,18558,21017,1288,872,416,34121,18137,15984,3224,1703,1521
1.0 Scen,2049,053,Burnet County,79092,39792,39300,39335,18466,20869,1301,885,416,35102,18668,16434,3354,1773,1581
1.0 Scen,2050,053,Burnet County,79985,40334,39651,39106,18382,20724,1305,893,412,36080,19212,16868,3494,1847,1647
1.0 Scen,2010,055,Caldwell County,38066,19180,18886,16841,8457,8384,2456,1261,1195,17922,9036,8886,847,426,421
1.0 Scen,2011,055,Caldwell County,39055,19657,19398,17055,8539,8516,2515,1292,1223,18616,9388,9228,869,438,431
1.0 Scen,2012,055,Caldwell County,40065,20145,19920,17279,8621,8658,2569,1326,1243,19325,9747,9578,892,451,441
1.0 Scen,2013,055,Caldwell County,41134,20667,20467,17510,8711,8799,2627,1360,1267,20077,10132,9945,920,464,456
1.0 Scen,2014,055,Caldwell County,42215,21204,21011,17739,8796,8943,2683,1396,1287,20849,10534,10315,944,478,466
1.0 Scen,2015,055,Caldwell County,43322,21743,21579,17977,8889,9088,2734,1427,1307,21638,10934,10704,973,493,480
1.0 Scen,2016,055,Caldwell County,44428,22292,22136,18194,8969,9225,2780,1453,1327,22453,11360,11093,1001,510,491
1.0 Scen,2017,055,Caldwell County,45569,22846,22723,18417,9053,9364,2838,1485,1353,23288,11785,11503,1026,523,503
1.0 Scen,2018,055,Caldwell County,46748,23416,23332,18625,9125,9500,2900,1520,1380,24165,12230,11935,1058,541,517
1.0 Scen,2019,055,Caldwell County,47975,24018,23957,18843,9208,9635,2954,1548,1406,25088,12700,12388,1090,562,528
1.0 Scen,2020,055,Caldwell County,49202,24625,24577,19059,9288,9771,2993,1576,1417,26026,13180,12846,1124,581,543
1.0 Scen,2021,055,Caldwell County,50460,25240,25220,19277,9370,9907,3046,1611,1435,26977,13661,13316,1160,598,562
1.0 Scen,2022,055,Caldwell County,51782,25896,25886,19517,9463,10054,3108,1647,1461,27951,14162,13789,1206,624,582
1.0 Scen,2023,055,Caldwell County,53105,26540,26565,19735,9544,10191,3162,1678,1484,28960,14669,14291,1248,649,599
1.0 Scen,2024,055,Caldwell County,54461,27208,27253,19954,9621,10333,3212,1708,1504,30004,15205,14799,1291,674,617
1.0 Scen,2025,055,Caldwell County,55862,27907,27955,20176,9706,10470,3266,1743,1523,31073,15752,15321,1347,706,641
1.0 Scen,2026,055,Caldwell County,57256,28598,28658,20367,9771,10596,3315,1770,1545,32175,16321,15854,1399,736,663
1.0 Scen,2027,055,Caldwell County,58685,29296,29389,20570,9841,10729,3350,1790,1560,33308,16897,16411,1457,768,689
1.0 Scen,2028,055,Caldwell County,60129,29995,30134,20752,9900,10852,3390,1810,1580,34466,17481,16985,1521,804,717
1.0 Scen,2029,055,Caldwell County,61566,30709,30857,20924,9958,10966,3414,1827,1587,35631,18076,17555,1597,848,749
1.0 Scen,2030,055,Caldwell County,63015,31424,31591,21082,10010,11072,3447,1845,1602,36820,18680,18140,1666,889,777
1.0 Scen,2031,055,Caldwell County,64436,32131,32305,21220,10056,11164,3458,1856,1602,38018,19289,18729,1740,930,810
1.0 Scen,2032,055,Caldwell County,65869,32845,33024,21347,10093,11254,3484,1879,1605,39223,19902,19321,1815,971,844
1.0 Scen,2033,055,Caldwell County,67323,33571,33752,21454,10124,11330,3517,1898,1619,40447,20527,19920,1905,1022,883
1.0 Scen,2034,055,Caldwell County,68753,34284,34469,21548,10147,11401,3544,1911,1633,41674,21158,20516,1987,1068,919
1.0 Scen,2035,055,Caldwell County,70177,35004,35173,21626,10167,11459,3567,1924,1643,42904,21789,21115,2080,1124,956
1.0 Scen,2036,055,Caldwell County,71603,35728,35875,21691,10178,11513,3584,1943,1641,44151,22426,21725,2177,1181,996
1.0 Scen,2037,055,Caldwell County,73039,36449,36590,21750,10184,11566,3612,1957,1655,45413,23076,22337,2264,1232,1032
1.0 Scen,2038,055,Caldwell County,74470,37168,37302,21790,10181,11609,3637,1974,1663,46684,23726,22958,2359,1287,1072
1.0 Scen,2039,055,Caldwell County,75892,37884,38008,21816,10175,11641,3641,1975,1666,47980,24389,23591,2455,1345,1110
1.0 Scen,2040,055,Caldwell County,77373,38645,38728,21850,10177,11673,3665,1992,1673,49303,25071,24232,2555,1405,1150
1.0 Scen,2041,055,Caldwell County,78835,39400,39435,21864,10168,11696,3686,2007,1679,50621,25753,24868,2664,1472,1192
1.0 Scen,2042,055,Caldwell County,80313,40169,40144,21870,10163,11707,3720,2029,1691,51957,26447,25510,2766,1530,1236
1.0 Scen,2043,055,Caldwell County,81749,40910,40839,21865,10150,11715,3718,2031,1687,53299,27141,26158,2867,1588,1279
1.0 Scen,2044,055,Caldwell County,83238,41685,41553,21865,10144,11721,3734,2041,1693,54662,27849,26813,2977,1651,1326
1.0 Scen,2045,055,Caldwell County,84710,42458,42252,21848,10125,11723,3749,2055,1694,56026,28560,27466,3087,1718,1369
1.0 Scen,2046,055,Caldwell County,86195,43232,42963,21825,10100,11725,3759,2067,1692,57410,29282,28128,3201,1783,1418
1.0 Scen,2047,055,Caldwell County,87676,44012,43664,21805,10089,11716,3770,2071,1699,58783,29997,28786,3318,1855,1463
1.0 Scen,2048,055,Caldwell County,89158,44789,44369,21779,10074,11705,3774,2074,1700,60166,30716,29450,3439,1925,1514
1.0 Scen,2049,055,Caldwell County,90672,45585,45087,21768,10064,11704,3786,2076,1710,61540,31441,30099,3578,2004,1574
1.0 Scen,2050,055,Caldwell County,92180,46369,45811,21753,10044,11709,3786,2076,1710,62937,32169,30768,3704,2080,1624
1.0 Scen,2010,057,Calhoun County,21381,10847,10534,9794,4927,4867,519,263,256,9922,5026,4896,1146,631,515
1.0 Scen,2011,057,Calhoun County,21783,11045,10738,9835,4946,4889,521,265,256,10251,5188,5063,1176,646,530
1.0 Scen,2012,057,Calhoun County,22155,11238,10917,9826,4948,4878,529,272,257,10587,5351,5236,1213,667,546
1.0 Scen,2013,057,Calhoun County,22519,11410,11109,9832,4944,4888,535,275,260,10905,5503,5402,1247,688,559
1.0 Scen,2014,057,Calhoun County,22896,11581,11315,9838,4935,4903,542,279,263,11239,5665,5574,1277,702,575
1.0 Scen,2015,057,Calhoun County,23298,11777,11521,9849,4942,4907,547,283,264,11588,5830,5758,1314,722,592
1.0 Scen,2016,057,Calhoun County,23670,11960,11710,9833,4932,4901,550,286,264,11944,6000,5944,1343,742,601
1.0 Scen,2017,057,Calhoun County,24071,12162,11909,9835,4932,4903,557,290,267,12301,6175,6126,1378,765,613
1.0 Scen,2018,057,Calhoun County,24472,12368,12104,9831,4934,4897,560,292,268,12670,6357,6313,1411,785,626
1.0 Scen,2019,057,Calhoun County,24862,12564,12298,9824,4932,4892,564,296,268,13029,6527,6502,1445,809,636
1.0 Scen,2020,057,Calhoun County,25263,12766,12497,9794,4917,4877,570,300,270,13415,6716,6699,1484,833,651
1.0 Scen,2021,057,Calhoun County,25660,12962,12698,9769,4906,4863,574,303,271,13796,6901,6895,1521,852,669
1.0 Scen,2022,057,Calhoun County,26080,13177,12903,9739,4890,4849,576,303,273,14203,7105,7098,1562,879,683
1.0 Scen,2023,057,Calhoun County,26502,13401,13101,9708,4878,4830,575,304,271,14613,7310,7303,1606,909,697
1.0 Scen,2024,057,Calhoun County,26924,13616,13308,9679,4862,4817,573,304,269,15027,7515,7512,1645,935,710
1.0 Scen,2025,057,Calhoun County,27366,13845,13521,9644,4846,4798,575,306,269,15464,7734,7730,1683,959,724
1.0 Scen,2026,057,Calhoun County,27814,14082,13732,9605,4831,4774,573,306,267,15894,7953,7941,1742,992,750
1.0 Scen,2027,057,Calhoun County,28263,14323,13940,9560,4813,4747,573,306,267,16334,8177,8157,1796,1027,769
1.0 Scen,2028,057,Calhoun County,28710,14554,14156,9507,4791,4716,578,309,269,16772,8397,8375,1853,1057,796
1.0 Scen,2029,057,Calhoun County,29140,14771,14369,9436,4754,4682,578,310,268,17226,8625,8601,1900,1082,818
1.0 Scen,2030,057,Calhoun County,29570,14993,14577,9366,4723,4643,578,309,269,17675,8850,8825,1951,1111,840
1.0 Scen,2031,057,Calhoun County,29994,15213,14781,9298,4692,4606,574,307,267,18119,9070,9049,2003,1144,859
1.0 Scen,2032,057,Calhoun County,30443,15454,14989,9236,4670,4566,572,307,265,18578,9305,9273,2057,1172,885
1.0 Scen,2033,057,Calhoun County,30863,15664,15199,9149,4628,4521,568,306,262,19027,9527,9500,2119,1203,916
1.0 Scen,2034,057,Calhoun County,31320,15904,15416,9079,4602,4477,566,306,260,19484,9752,9732,2191,1244,947
1.0 Scen,2035,057,Calhoun County,31734,16123,15611,8987,4559,4428,559,303,256,19934,9980,9954,2254,1281,973
1.0 Scen,2036,057,Calhoun County,32171,16350,15821,8909,4530,4379,554,302,252,20383,10200,10183,2325,1318,1007
1.0 Scen,2037,057,Calhoun County,32602,16576,16026,8823,4495,4328,545,295,250,20843,10430,10413,2391,1356,1035
1.0 Scen,2038,057,Calhoun County,33013,16796,16217,8723,4448,4275,536,291,245,21288,10661,10627,2466,1396,1070
1.0 Scen,2039,057,Calhoun County,33414,16997,16417,8625,4403,4222,517,278,239,21753,10892,10861,2519,1424,1095
1.0 Scen,2040,057,Calhoun County,33816,17216,16600,8523,4363,4160,506,271,235,22194,11114,11080,2593,1468,1125
1.0 Scen,2041,057,Calhoun County,34246,17431,16815,8434,4320,4114,499,263,236,22653,11345,11308,2660,1503,1157
1.0 Scen,2042,057,Calhoun County,34651,17652,16999,8329,4276,4053,495,259,236,23096,11575,11521,2731,1542,1189
1.0 Scen,2043,057,Calhoun County,35056,17871,17185,8227,4235,3992,492,256,236,23544,11804,11740,2793,1576,1217
1.0 Scen,2044,057,Calhoun County,35464,18091,17373,8118,4186,3932,480,251,229,23999,12038,11961,2867,1616,1251
1.0 Scen,2045,057,Calhoun County,35873,18312,17561,8021,4147,3874,474,247,227,24444,12264,12180,2934,1654,1280
1.0 Scen,2046,057,Calhoun County,36267,18516,17751,7914,4095,3819,467,245,222,24883,12485,12398,3003,1691,1312
1.0 Scen,2047,057,Calhoun County,36678,18748,17930,7801,4047,3754,455,240,215,25335,12723,12612,3087,1738,1349
1.0 Scen,2048,057,Calhoun County,37079,18971,18108,7697,4003,3694,444,234,210,25775,12952,12823,3163,1782,1381
1.0 Scen,2049,057,Calhoun County,37487,19199,18288,7605,3963,3642,435,231,204,26201,13173,13028,3246,1832,1414
1.0 Scen,2050,057,Calhoun County,37899,19423,18476,7514,3923,3591,424,227,197,26633,13396,13237,3328,1877,1451
1.0 Scen,2010,059,Callahan County,13544,6607,6937,12065,5863,6202,135,68,67,1025,528,497,319,148,171
1.0 Scen,2011,059,Callahan County,13676,6617,7059,12153,5848,6305,136,69,67,1061,548,513,326,152,174
1.0 Scen,2012,059,Callahan County,13772,6616,7156,12196,5818,6378,137,69,68,1102,571,531,337,158,179
1.0 Scen,2013,059,Callahan County,13893,6613,7280,12267,5787,6480,137,70,67,1142,591,551,347,165,182
1.0 Scen,2014,059,Callahan County,14014,6621,7393,12334,5762,6572,138,70,68,1184,617,567,358,172,186
1.0 Scen,2015,059,Callahan County,14129,6627,7502,12394,5735,6659,139,71,68,1229,643,586,367,178,189
1.0 Scen,2016,059,Callahan County,14238,6632,7606,12452,5713,6739,141,71,70,1268,663,605,377,185,192
1.0 Scen,2017,059,Callahan County,14351,6636,7715,12514,5688,6826,142,72,70,1311,687,624,384,189,195
1.0 Scen,2018,059,Callahan County,14488,6658,7830,12589,5674,6915,143,72,71,1360,715,645,396,197,199
1.0 Scen,2019,059,Callahan County,14622,6684,7938,12665,5660,7005,143,73,70,1407,747,660,407,204,203
1.0 Scen,2020,059,Callahan County,14768,6706,8062,12743,5641,7102,144,74,70,1461,779,682,420,212,208
1.0 Scen,2021,059,Callahan County,14921,6733,8188,12828,5626,7202,145,75,70,1513,811,702,435,221,214
1.0 Scen,2022,059,Callahan County,15077,6764,8313,12914,5617,7297,147,76,71,1572,842,730,444,229,215
1.0 Scen,2023,059,Callahan County,15230,6789,8441,13000,5605,7395,149,77,72,1631,873,758,450,234,216
1.0 Scen,2024,059,Callahan County,15403,6830,8573,13100,5600,7500,149,78,71,1698,913,785,456,239,217
1.0 Scen,2025,059,Callahan County,15569,6867,8702,13197,5599,7598,150,79,71,1760,947,813,462,242,220
1.0 Scen,2026,059,Callahan County,15747,6911,8836,13306,5602,7704,151,80,71,1822,982,840,468,247,221
1.0 Scen,2027,059,Callahan County,15898,6944,8954,13403,5601,7802,153,81,72,1870,1011,859,472,251,221
1.0 Scen,2028,059,Callahan County,16060,6983,9077,13493,5594,7899,156,83,73,1929,1048,881,482,258,224
1.0 Scen,2029,059,Callahan County,16218,7026,9192,13576,5591,7985,157,84,73,1995,1088,907,490,263,227
1.0 Scen,2030,059,Callahan County,16383,7068,9315,13658,5587,8071,158,85,73,2066,1127,939,501,269,232
1.0 Scen,2031,059,Callahan County,16547,7104,9443,13737,5579,8158,159,85,74,2141,1167,974,510,273,237
1.0 Scen,2032,059,Callahan County,16712,7138,9574,13813,5570,8243,162,86,76,2220,1206,1014,517,276,241
1.0 Scen,2033,059,Callahan County,16881,7185,9696,13887,5565,8322,162,86,76,2302,1247,1055,530,287,243
1.0 Scen,2034,059,Callahan County,17031,7223,9808,13951,5555,8396,164,88,76,2375,1285,1090,541,295,246
1.0 Scen,2035,059,Callahan County,17195,7267,9928,14013,5544,8469,165,88,77,2457,1327,1130,560,308,252
1.0 Scen,2036,059,Callahan County,17339,7303,10036,14070,5533,8537,165,88,77,2535,1369,1166,569,313,256
1.0 Scen,2037,059,Callahan County,17506,7350,10156,14131,5521,8610,165,89,76,2621,1415,1206,589,325,264
1.0 Scen,2038,059,Callahan County,17665,7393,10272,14182,5509,8673,164,88,76,2711,1460,1251,608,336,272
1.0 Scen,2039,059,Callahan County,17816,7435,10381,14226,5491,8735,162,89,73,2802,1511,1291,626,344,282
1.0 Scen,2040,059,Callahan County,17961,7476,10485,14262,5473,8789,160,88,72,2890,1558,1332,649,357,292
1.0 Scen,2041,059,Callahan County,18116,7526,10590,14305,5459,8846,161,90,71,2974,1603,1371,676,374,302
1.0 Scen,2042,059,Callahan County,18275,7577,10698,14354,5445,8909,160,89,71,3055,1651,1404,706,392,314
1.0 Scen,2043,059,Callahan County,18434,7622,10812,14406,5435,8971,159,89,70,3133,1689,1444,736,409,327
1.0 Scen,2044,059,Callahan County,18603,7682,10921,14451,5424,9027,162,91,71,3223,1738,1485,767,429,338
1.0 Scen,2045,059,Callahan County,18771,7750,11021,14504,5417,9087,160,92,68,3312,1793,1519,795,448,347
1.0 Scen,2046,059,Callahan County,18931,7816,11115,14556,5414,9142,160,93,67,3395,1840,1555,820,469,351
1.0 Scen,2047,059,Callahan County,19085,7874,11211,14608,5411,9197,157,93,64,3475,1884,1591,845,486,359
1.0 Scen,2048,059,Callahan County,19275,7946,11329,14671,5414,9257,155,91,64,3580,1940,1640,869,501,368
1.0 Scen,2049,059,Callahan County,19461,8028,11433,14738,5421,9317,155,92,63,3669,1990,1679,899,525,374
1.0 Scen,2050,059,Callahan County,19667,8116,11551,14806,5425,9381,156,93,63,3776,2048,1728,929,550,379
1.0 Scen,2010,061,Cameron County,406220,195394,210826,43427,21930,21497,1192,703,489,357747,170860,186887,3854,1901,1953
1.0 Scen,2011,061,Cameron County,414563,199726,214837,43126,21774,21352,1216,718,498,366177,175238,190939,4044,1996,2048
1.0 Scen,2012,061,Cameron County,423150,204097,219053,42859,21655,21204,1248,738,510,374816,179615,195201,4227,2089,2138
1.0 Scen,2013,061,Cameron County,431736,208597,223139,42592,21522,21070,1271,753,518,383468,184143,199325,4405,2179,2226
1.0 Scen,2014,061,Cameron County,440498,213099,227399,42330,21399,20931,1293,769,524,392279,188658,203621,4596,2273,2323
1.0 Scen,2015,061,Cameron County,449166,217659,231507,42080,21284,20796,1319,785,534,400962,193207,207755,4805,2383,2422
1.0 Scen,2016,061,Cameron County,457823,222171,235652,41805,21161,20644,1344,799,545,409668,197725,211943,5006,2486,2520
1.0 Scen,2017,061,Cameron County,466790,226768,240022,41548,21048,20500,1368,810,558,418652,202317,216335,5222,2593,2629
1.0 Scen,2018,061,Cameron County,475631,231484,244147,41277,20927,20350,1392,825,567,427534,207037,220497,5428,2695,2733
1.0 Scen,2019,061,Cameron County,484593,236193,248400,40993,20805,20188,1416,843,573,436508,211720,224788,5676,2825,2851
1.0 Scen,2020,061,Cameron County,493571,240800,252771,40700,20671,20029,1434,850,584,445528,216333,229195,5909,2946,2963
1.0 Scen,2021,061,Cameron County,502593,245559,257034,40404,20546,19858,1454,861,593,454569,221078,233491,6166,3074,3092
1.0 Scen,2022,061,Cameron County,511997,250550,261447,40077,20402,19675,1474,876,598,464027,226065,237962,6419,3207,3212
1.0 Scen,2023,061,Cameron County,521149,255429,265720,39749,20254,19495,1494,888,606,473224,230945,242279,6682,3342,3340
1.0 Scen,2024,061,Cameron County,530508,260328,270180,39389,20093,19296,1510,898,612,482655,235849,246806,6954,3488,3466
1.0 Scen,2025,061,Cameron County,539676,265195,274481,39022,19923,19099,1530,912,618,491879,240723,251156,7245,3637,3608
1.0 Scen,2026,061,Cameron County,548834,270051,278783,38616,19731,18885,1544,921,623,501138,245608,255530,7536,3791,3745
1.0 Scen,2027,061,Cameron County,558057,274974,283083,38181,19525,18656,1563,936,627,510475,250566,259909,7838,3947,3891
1.0 Scen,2028,061,Cameron County,567109,279786,287323,37727,19312,18415,1580,946,634,519644,255410,264234,8158,4118,4040
1.0 Scen,2029,061,Cameron County,576100,284600,291500,37245,19072,18173,1593,953,640,528777,260275,268502,8485,4300,4185
1.0 Scen,2030,061,Cameron County,584883,289353,295530,36737,18829,17908,1611,962,649,537706,265078,272628,8829,4484,4345
1.0 Scen,2031,061,Cameron County,593638,294051,299587,36216,18582,17634,1619,963,656,546626,269834,276792,9177,4672,4505
1.0 Scen,2032,061,Cameron County,602308,298710,303598,35679,18318,17361,1627,965,662,555462,274558,280904,9540,4869,4671
1.0 Scen,2033,061,Cameron County,610931,303408,307523,35115,18045,17070,1624,959,665,564278,279333,284945,9914,5071,4843
1.0 Scen,2034,061,Cameron County,619435,308061,311374,34520,17752,16768,1628,960,668,572994,284069,288925,10293,5280,5013
1.0 Scen,2035,061,Cameron County,627835,312656,315179,33922,17453,16469,1628,958,670,581609,288750,292859,10676,5495,5181
1.0 Scen,2036,061,Cameron County,636183,317252,318931,33322,17156,16166,1631,958,673,590141,293422,296719,11089,5716,5373
1.0 Scen,2037,061,Cameron County,644401,321794,322607,32703,16852,15851,1638,955,683,598560,298050,300510,11500,5937,5563
1.0 Scen,2038,061,Cameron County,652514,326321,326193,32080,16545,15535,1640,957,683,606874,302654,304220,11920,6165,5755
1.0 Scen,2039,061,Cameron County,660455,330764,329691,31444,16227,15217,1643,958,685,615015,307181,307834,12353,6398,5955
1.0 Scen,2040,061,Cameron County,668322,335201,333121,30824,15924,14900,1652,964,688,623051,311679,311372,12795,6634,6161
1.0 Scen,2041,061,Cameron County,676063,339579,336484,30211,15621,14590,1650,963,687,630956,316121,314835,13246,6874,6372
1.0 Scen,2042,061,Cameron County,683713,343943,339770,29607,15327,14280,1655,965,690,638745,320534,318211,13706,7117,6589
1.0 Scen,2043,061,Cameron County,691264,348256,343008,29012,15030,13982,1651,965,686,646426,324895,321531,14175,7366,6809
1.0 Scen,2044,061,Cameron County,698786,352569,346217,28418,14732,13686,1662,972,690,654031,329235,324796,14675,7630,7045
1.0 Scen,2045,061,Cameron County,706203,356853,349350,27835,14439,13396,1667,975,692,661518,333541,327977,15183,7898,7285
1.0 Scen,2046,061,Cameron County,713479,361056,352423,27264,14155,13109,1663,970,693,668851,337761,331090,15701,8170,7531
1.0 Scen,2047,061,Cameron County,720767,365315,355452,26724,13888,12836,1661,968,693,676145,342010,334135,16237,8449,7788
1.0 Scen,2048,061,Cameron County,727917,369494,358423,26206,13631,12575,1654,959,695,683282,346172,337110,16775,8732,8043
1.0 Scen,2049,061,Cameron County,734960,373639,361321,25704,13382,12322,1650,955,695,690273,350276,339997,17333,9026,8307
1.0 Scen,2050,061,Cameron County,741902,377762,364140,25240,13157,12083,1645,950,695,697109,354325,342784,17908,9330,8578
1.0 Scen,2010,063,Camp County,12401,6086,6315,7298,3519,3779,2133,991,1142,2648,1417,1231,322,159,163
1.0 Scen,2011,063,Camp County,12609,6192,6417,7382,3559,3823,2161,1009,1152,2739,1462,1277,327,162,165
1.0 Scen,2012,063,Camp County,12812,6307,6505,7447,3600,3847,2197,1032,1165,2833,1509,1324,335,166,169
1.0 Scen,2013,063,Camp County,13009,6410,6599,7500,3634,3866,2227,1048,1179,2932,1554,1378,350,174,176
1.0 Scen,2014,063,Camp County,13214,6511,6703,7565,3662,3903,2251,1063,1188,3036,1605,1431,362,181,181
1.0 Scen,2015,063,Camp County,13421,6612,6809,7628,3690,3938,2274,1080,1194,3142,1655,1487,377,187,190
1.0 Scen,2016,063,Camp County,13611,6715,6896,7682,3721,3961,2294,1093,1201,3243,1706,1537,392,195,197
1.0 Scen,2017,063,Camp County,13809,6812,6997,7730,3746,3984,2313,1102,1211,3357,1759,1598,409,205,204
1.0 Scen,2018,063,Camp County,14013,6922,7091,7777,3776,4001,2337,1116,1221,3475,1817,1658,424,213,211
1.0 Scen,2019,063,Camp County,14223,7030,7193,7834,3808,4026,2350,1127,1223,3601,1875,1726,438,220,218
1.0 Scen,2020,063,Camp County,14442,7143,7299,7892,3842,4050,2365,1138,1227,3734,1935,1799,451,228,223
1.0 Scen,2021,063,Camp County,14655,7245,7410,7933,3862,4071,2380,1147,1233,3874,1999,1875,468,237,231
1.0 Scen,2022,063,Camp County,14840,7343,7497,7968,3883,4085,2379,1150,1229,4012,2067,1945,481,243,238
1.0 Scen,2023,063,Camp County,15048,7459,7589,8009,3915,4094,2384,1155,1229,4159,2134,2025,496,255,241
1.0 Scen,2024,063,Camp County,15272,7572,7700,8040,3931,4109,2399,1166,1233,4322,2212,2110,511,263,248
1.0 Scen,2025,063,Camp County,15487,7684,7803,8071,3952,4119,2410,1173,1237,4486,2289,2197,520,270,250
1.0 Scen,2026,063,Camp County,15708,7793,7915,8101,3969,4132,2416,1177,1239,4657,2369,2288,534,278,256
1.0 Scen,2027,063,Camp County,15935,7905,8030,8132,3991,4141,2417,1176,1241,4836,2450,2386,550,288,262
1.0 Scen,2028,063,Camp County,16155,8018,8137,8157,4002,4155,2413,1178,1235,5023,2539,2484,562,299,263
1.0 Scen,2029,063,Camp County,16357,8128,8229,8176,4019,4157,2404,1178,1226,5197,2622,2575,580,309,271
1.0 Scen,2030,063,Camp County,16551,8233,8318,8190,4035,4155,2384,1171,1213,5380,2707,2673,597,320,277
1.0 Scen,2031,063,Camp County,16764,8349,8415,8205,4047,4158,2373,1169,1204,5567,2797,2770,619,336,283
1.0 Scen,2032,063,Camp County,16953,8452,8501,8200,4053,4147,2362,1164,1198,5745,2883,2862,646,352,294
1.0 Scen,2033,063,Camp County,17144,8543,8601,8195,4052,4143,2356,1163,1193,5926,2965,2961,667,363,304
1.0 Scen,2034,063,Camp County,17319,8646,8673,8177,4056,4121,2345,1163,1182,6103,3046,3057,694,381,313
1.0 Scen,2035,063,Camp County,17502,8744,8758,8156,4054,4102,2338,1161,1177,6286,3129,3157,722,400,322
1.0 Scen,2036,063,Camp County,17710,8850,8860,8146,4059,4087,2326,1159,1167,6483,3216,3267,755,416,339
1.0 Scen,2037,063,Camp County,17887,8946,8941,8120,4053,4067,2304,1151,1153,6671,3303,3368,792,439,353
1.0 Scen,2038,063,Camp County,18049,9038,9011,8087,4049,4038,2287,1148,1139,6853,3385,3468,822,456,366
1.0 Scen,2039,063,Camp County,18253,9145,9108,8069,4049,4020,2279,1145,1134,7041,3471,3570,864,480,384
1.0 Scen,2040,063,Camp County,18428,9243,9185,8031,4039,3992,2265,1147,1118,7232,3554,3678,900,503,397
1.0 Scen,2041,063,Camp County,18624,9349,9275,7995,4027,3968,2247,1143,1104,7438,3649,3789,944,530,414
1.0 Scen,2042,063,Camp County,18815,9468,9347,7945,4022,3923,2240,1146,1094,7643,3742,3901,987,558,429
1.0 Scen,2043,063,Camp County,19019,9584,9435,7912,4016,3896,2225,1148,1077,7850,3836,4014,1032,584,448
1.0 Scen,2044,063,Camp County,19226,9694,9532,7860,4000,3860,2217,1145,1072,8061,3933,4128,1088,616,472
1.0 Scen,2045,063,Camp County,19426,9808,9618,7814,3988,3826,2210,1144,1066,8268,4031,4237,1134,645,489
1.0 Scen,2046,063,Camp County,19653,9936,9717,7768,3976,3792,2208,1148,1060,8496,4139,4357,1181,673,508
1.0 Scen,2047,063,Camp County,19884,10065,9819,7726,3966,3760,2198,1148,1050,8723,4244,4479,1237,707,530
1.0 Scen,2048,063,Camp County,20102,10186,9916,7683,3954,3729,2180,1145,1035,8949,4347,4602,1290,740,550
1.0 Scen,2049,063,Camp County,20326,10304,10022,7634,3939,3695,2169,1144,1025,9180,4450,4730,1343,771,572
1.0 Scen,2050,063,Camp County,20569,10435,10134,7596,3928,3668,2151,1142,1009,9421,4562,4859,1401,803,598
1.0 Scen,2010,065,Carson County,6182,3042,3140,5473,2690,2783,35,17,18,525,253,272,149,82,67
1.0 Scen,2011,065,Carson County,6241,3073,3168,5518,2713,2805,35,17,18,538,260,278,150,83,67
1.0 Scen,2012,065,Carson County,6274,3084,3190,5541,2720,2821,35,17,18,548,264,284,150,83,67
1.0 Scen,2013,065,Carson County,6299,3102,3197,5552,2730,2822,35,17,18,561,271,290,151,84,67
1.0 Scen,2014,065,Carson County,6330,3115,3215,5568,2736,2832,35,17,18,576,279,297,151,83,68
1.0 Scen,2015,065,Carson County,6354,3126,3228,5576,2739,2837,34,17,17,590,285,305,154,85,69
1.0 Scen,2016,065,Carson County,6392,3142,3250,5599,2747,2852,34,17,17,604,293,311,155,85,70
1.0 Scen,2017,065,Carson County,6418,3159,3259,5611,2757,2854,34,17,17,617,299,318,156,86,70
1.0 Scen,2018,065,Carson County,6451,3174,3277,5631,2766,2865,34,17,17,629,305,324,157,86,71
1.0 Scen,2019,065,Carson County,6489,3197,3292,5657,2782,2875,34,17,17,640,311,329,158,87,71
1.0 Scen,2020,065,Carson County,6526,3222,3304,5680,2800,2880,34,17,17,654,318,336,158,87,71
1.0 Scen,2021,065,Carson County,6562,3239,3323,5700,2810,2890,34,17,17,670,325,345,158,87,71
1.0 Scen,2022,065,Carson County,6589,3255,3334,5716,2819,2897,34,17,17,680,332,348,159,87,72
1.0 Scen,2023,065,Carson County,6631,3282,3349,5744,2837,2907,34,17,17,693,340,353,160,88,72
1.0 Scen,2024,065,Carson County,6660,3303,3357,5761,2850,2911,34,17,17,706,348,358,159,88,71
1.0 Scen,2025,065,Carson County,6697,3326,3371,5783,2866,2917,34,17,17,721,356,365,159,87,72
1.0 Scen,2026,065,Carson County,6739,3352,3387,5810,2883,2927,34,17,17,735,364,371,160,88,72
1.0 Scen,2027,065,Carson County,6778,3375,3403,5831,2898,2933,35,17,18,750,371,379,162,89,73
1.0 Scen,2028,065,Carson County,6833,3408,3425,5864,2918,2946,35,17,18,771,383,388,163,90,73
1.0 Scen,2029,065,Carson County,6879,3435,3444,5890,2935,2955,35,17,18,790,393,397,164,90,74
1.0 Scen,2030,065,Carson County,6924,3460,3464,5913,2949,2964,35,17,18,812,404,408,164,90,74
1.0 Scen,2031,065,Carson County,6970,3492,3478,5943,2971,2972,35,17,18,828,415,413,164,89,75
1.0 Scen,2032,065,Carson County,6996,3508,3488,5956,2981,2975,35,17,18,842,420,422,163,90,73
1.0 Scen,2033,065,Carson County,7034,3534,3500,5980,3000,2980,35,17,18,858,428,430,161,89,72
1.0 Scen,2034,065,Carson County,7057,3541,3516,5988,3002,2986,34,16,18,874,435,439,161,88,73
1.0 Scen,2035,065,Carson County,7089,3560,3529,5995,3010,2985,35,17,18,897,445,452,162,88,74
1.0 Scen,2036,065,Carson County,7125,3578,3547,6013,3021,2992,35,17,18,916,453,463,161,87,74
1.0 Scen,2037,065,Carson County,7151,3592,3559,6010,3020,2990,35,17,18,945,468,477,161,87,74
1.0 Scen,2038,065,Carson County,7191,3619,3572,6022,3031,2991,35,17,18,972,483,489,162,88,74
1.0 Scen,2039,065,Carson County,7208,3633,3575,6018,3036,2982,35,17,18,993,493,500,162,87,75
1.0 Scen,2040,065,Carson County,7213,3641,3572,6012,3037,2975,34,17,17,1008,502,506,159,85,74
1.0 Scen,2041,065,Carson County,7216,3641,3575,5996,3027,2969,34,17,17,1028,512,516,158,85,73
1.0 Scen,2042,065,Carson County,7245,3655,3590,5998,3030,2968,34,17,17,1054,523,531,159,85,74
1.0 Scen,2043,065,Carson County,7257,3662,3595,5982,3023,2959,34,17,17,1083,537,546,158,85,73
1.0 Scen,2044,065,Carson County,7276,3677,3599,5971,3021,2950,34,17,17,1114,556,558,157,83,74
1.0 Scen,2045,065,Carson County,7300,3694,3606,5967,3023,2944,32,16,16,1145,572,573,156,83,73
1.0 Scen,2046,065,Carson County,7311,3699,3612,5956,3015,2941,32,16,16,1169,587,582,154,81,73
1.0 Scen,2047,065,Carson County,7327,3714,3613,5948,3017,2931,31,15,16,1194,601,593,154,81,73
1.0 Scen,2048,065,Carson County,7331,3720,3611,5934,3010,2924,27,12,15,1217,617,600,153,81,72
1.0 Scen,2049,065,Carson County,7354,3738,3616,5928,3013,2915,26,11,15,1250,634,616,150,80,70
1.0 Scen,2050,065,Carson County,7370,3750,3620,5913,3006,2907,25,10,15,1285,655,630,147,79,68
1.0 Scen,2010,067,Cass County,30464,14777,15687,23522,11485,12037,5299,2471,2828,1053,550,503,590,271,319
1.0 Scen,2011,067,Cass County,30645,14891,15754,23613,11542,12071,5331,2497,2834,1095,572,523,606,280,326
1.0 Scen,2012,067,Cass County,30854,15005,15849,23733,11606,12127,5350,2515,2835,1149,598,551,622,286,336
1.0 Scen,2013,067,Cass County,31002,15103,15899,23819,11659,12160,5351,2531,2820,1193,620,573,639,293,346
1.0 Scen,2014,067,Cass County,31141,15187,15954,23895,11707,12188,5354,2536,2818,1239,644,595,653,300,353
1.0 Scen,2015,067,Cass County,31323,15288,16035,23996,11762,12234,5370,2550,2820,1288,668,620,669,308,361
1.0 Scen,2016,067,Cass County,31473,15377,16096,24069,11802,12267,5380,2566,2814,1338,693,645,686,316,370
1.0 Scen,2017,067,Cass County,31624,15480,16144,24142,11853,12289,5385,2577,2808,1394,725,669,703,325,378
1.0 Scen,2018,067,Cass County,31760,15572,16188,24205,11895,12310,5384,2586,2798,1454,759,695,717,332,385
1.0 Scen,2019,067,Cass County,31910,15663,16247,24277,11942,12335,5381,2591,2790,1519,793,726,733,337,396
1.0 Scen,2020,067,Cass County,32050,15744,16306,24322,11972,12350,5389,2600,2789,1585,827,758,754,345,409
1.0 Scen,2021,067,Cass County,32180,15830,16350,24375,12006,12369,5386,2608,2778,1655,863,792,764,353,411
1.0 Scen,2022,067,Cass County,32310,15916,16394,24429,12043,12386,5388,2615,2773,1721,899,822,772,359,413
1.0 Scen,2023,067,Cass County,32428,15993,16435,24468,12074,12394,5386,2619,2767,1792,935,857,782,365,417
1.0 Scen,2024,067,Cass County,32553,16080,16473,24507,12106,12401,5382,2626,2756,1866,972,894,798,376,422
1.0 Scen,2025,067,Cass County,32634,16130,16504,24521,12123,12398,5371,2618,2753,1931,1006,925,811,383,428
1.0 Scen,2026,067,Cass County,32726,16190,16536,24536,12134,12402,5356,2615,2741,2003,1046,957,831,395,436
1.0 Scen,2027,067,Cass County,32820,16249,16571,24529,12138,12391,5349,2614,2735,2089,1090,999,853,407,446
1.0 Scen,2028,067,Cass County,32896,16299,16597,24513,12138,12375,5334,2608,2726,2173,1133,1040,876,420,456
1.0 Scen,2029,067,Cass County,32959,16347,16612,24477,12122,12355,5323,2611,2712,2258,1179,1079,901,435,466
1.0 Scen,2030,067,Cass County,33012,16399,16613,24429,12111,12318,5313,2612,2701,2351,1229,1122,919,447,472
1.0 Scen,2031,067,Cass County,33054,16440,16614,24372,12090,12282,5299,2614,2685,2437,1272,1165,946,464,482
1.0 Scen,2032,067,Cass County,33092,16481,16611,24298,12064,12234,5285,2612,2673,2534,1327,1207,975,478,497
1.0 Scen,2033,067,Cass County,33127,16518,16609,24219,12034,12185,5263,2610,2653,2641,1380,1261,1004,494,510
1.0 Scen,2034,067,Cass County,33146,16541,16605,24119,11999,12120,5250,2606,2644,2738,1424,1314,1039,512,527
1.0 Scen,2035,067,Cass County,33144,16567,16577,24023,11968,12055,5219,2599,2620,2834,1477,1357,1068,523,545
1.0 Scen,2036,067,Cass County,33135,16583,16552,23924,11926,11998,5175,2587,2588,2932,1530,1402,1104,540,564
1.0 Scen,2037,067,Cass County,33159,16618,16541,23834,11899,11935,5150,2580,2570,3040,1583,1457,1135,556,579
1.0 Scen,2038,067,Cass County,33129,16615,16514,23711,11850,11861,5114,2560,2554,3141,1634,1507,1163,571,592
1.0 Scen,2039,067,Cass County,33081,16617,16464,23585,11799,11786,5052,2540,2512,3254,1693,1561,1190,585,605
1.0 Scen,2040,067,Cass County,33060,16630,16430,23454,11747,11707,5019,2526,2493,3370,1753,1617,1217,604,613
1.0 Scen,2041,067,Cass County,33044,16649,16395,23325,11701,11624,4976,2512,2464,3495,1815,1680,1248,621,627
1.0 Scen,2042,067,Cass County,32996,16649,16347,23182,11639,11543,4919,2495,2424,3612,1875,1737,1283,640,643
1.0 Scen,2043,067,Cass County,32975,16672,16303,23029,11581,11448,4884,2486,2398,3738,1942,1796,1324,663,661
1.0 Scen,2044,067,Cass County,32952,16686,16266,22878,11517,11361,4827,2466,2361,3879,2013,1866,1368,690,678
1.0 Scen,2045,067,Cass County,32905,16682,16223,22721,11445,11276,4771,2445,2326,4005,2081,1924,1408,711,697
1.0 Scen,2046,067,Cass County,32868,16691,16177,22558,11378,11180,4722,2426,2296,4146,2155,1991,1442,732,710
1.0 Scen,2047,067,Cass County,32852,16708,16144,22411,11314,11097,4668,2406,2262,4283,2230,2053,1490,758,732
1.0 Scen,2048,067,Cass County,32856,16739,16117,22265,11254,11011,4624,2396,2228,4435,2310,2125,1532,779,753
1.0 Scen,2049,067,Cass County,32853,16765,16088,22125,11196,10929,4570,2379,2191,4579,2389,2190,1579,801,778
1.0 Scen,2050,067,Cass County,32834,16786,16048,21967,11127,10840,4511,2363,2148,4733,2469,2264,1623,827,796
1.0 Scen,2010,069,Castro County,8062,4084,3978,3004,1495,1509,149,76,73,4828,2475,2353,81,38,43
1.0 Scen,2011,069,Castro County,8167,4144,4023,3000,1498,1502,150,77,73,4935,2530,2405,82,39,43
1.0 Scen,2012,069,Castro County,8247,4190,4057,2992,1499,1493,151,77,74,5021,2575,2446,83,39,44
1.0 Scen,2013,069,Castro County,8337,4247,4090,2985,1503,1482,152,78,74,5116,2626,2490,84,40,44
1.0 Scen,2014,069,Castro County,8428,4300,4128,2977,1505,1472,152,78,74,5214,2677,2537,85,40,45
1.0 Scen,2015,069,Castro County,8500,4351,4149,2949,1505,1444,153,78,75,5312,2727,2585,86,41,45
1.0 Scen,2016,069,Castro County,8586,4402,4184,2938,1507,1431,155,79,76,5406,2775,2631,87,41,46
1.0 Scen,2017,069,Castro County,8662,4447,4215,2911,1497,1414,158,81,77,5505,2827,2678,88,42,46
1.0 Scen,2018,069,Castro County,8740,4484,4256,2904,1494,1410,160,83,77,5588,2865,2723,88,42,46
1.0 Scen,2019,069,Castro County,8814,4528,4286,2885,1488,1397,162,84,78,5678,2913,2765,89,43,46
1.0 Scen,2020,069,Castro County,8901,4577,4324,2869,1483,1386,163,85,78,5778,2966,2812,91,43,48
1.0 Scen,2021,069,Castro County,8967,4611,4356,2846,1470,1376,165,86,79,5864,3011,2853,92,44,48
1.0 Scen,2022,069,Castro County,9035,4642,4393,2837,1466,1371,168,87,81,5937,3045,2892,93,44,49
1.0 Scen,2023,069,Castro County,9106,4679,4427,2815,1456,1359,170,88,82,6027,3090,2937,94,45,49
1.0 Scen,2024,069,Castro County,9172,4713,4459,2800,1451,1349,172,89,83,6105,3128,2977,95,45,50
1.0 Scen,2025,069,Castro County,9227,4743,4484,2785,1445,1340,174,90,84,6174,3163,3011,94,45,49
1.0 Scen,2026,069,Castro County,9274,4771,4503,2756,1434,1322,176,91,85,6248,3202,3046,94,44,50
1.0 Scen,2027,069,Castro County,9328,4799,4529,2735,1424,1311,176,90,86,6321,3239,3082,96,46,50
1.0 Scen,2028,069,Castro County,9369,4822,4547,2712,1415,1297,178,91,87,6381,3270,3111,98,46,52
1.0 Scen,2029,069,Castro County,9424,4860,4564,2696,1413,1283,179,91,88,6452,3311,3141,97,45,52
1.0 Scen,2030,069,Castro County,9453,4874,4579,2673,1400,1273,180,91,89,6501,3337,3164,99,46,53
1.0 Scen,2031,069,Castro County,9494,4904,4590,2644,1392,1252,180,92,88,6571,3373,3198,99,47,52
1.0 Scen,2032,069,Castro County,9533,4921,4612,2619,1379,1240,182,93,89,6633,3403,3230,99,46,53
1.0 Scen,2033,069,Castro County,9563,4943,4620,2587,1367,1220,182,94,88,6695,3436,3259,99,46,53
1.0 Scen,2034,069,Castro County,9581,4962,4619,2548,1355,1193,184,95,89,6748,3465,3283,101,47,54
1.0 Scen,2035,069,Castro County,9596,4981,4615,2518,1343,1175,184,94,90,6791,3495,3296,103,49,54
1.0 Scen,2036,069,Castro County,9623,5001,4622,2486,1330,1156,184,94,90,6848,3527,3321,105,50,55
1.0 Scen,2037,069,Castro County,9651,5022,4629,2469,1326,1143,184,94,90,6892,3551,3341,106,51,55
1.0 Scen,2038,069,Castro County,9655,5028,4627,2429,1304,1125,184,94,90,6934,3578,3356,108,52,56
1.0 Scen,2039,069,Castro County,9664,5038,4626,2399,1292,1107,183,94,89,6972,3599,3373,110,53,57
1.0 Scen,2040,069,Castro County,9656,5043,4613,2357,1275,1082,182,93,89,7008,3622,3386,109,53,56
1.0 Scen,2041,069,Castro County,9650,5048,4602,2314,1258,1056,181,92,89,7046,3644,3402,109,54,55
1.0 Scen,2042,069,Castro County,9659,5057,4602,2286,1248,1038,181,92,89,7082,3663,3419,110,54,56
1.0 Scen,2043,069,Castro County,9660,5060,4600,2249,1228,1021,178,90,88,7122,3687,3435,111,55,56
1.0 Scen,2044,069,Castro County,9655,5060,4595,2221,1216,1005,176,90,86,7147,3700,3447,111,54,57
1.0 Scen,2045,069,Castro County,9671,5082,4589,2193,1207,986,176,90,86,7190,3730,3460,112,55,57
1.0 Scen,2046,069,Castro County,9655,5077,4578,2160,1192,968,175,90,85,7212,3742,3470,108,53,55
1.0 Scen,2047,069,Castro County,9643,5073,4570,2121,1169,952,173,89,84,7240,3761,3479,109,54,55
1.0 Scen,2048,069,Castro County,9635,5070,4565,2093,1156,937,171,88,83,7261,3772,3489,110,54,56
1.0 Scen,2049,069,Castro County,9625,5073,4552,2062,1144,918,171,88,83,7281,3786,3495,111,55,56
1.0 Scen,2050,069,Castro County,9612,5068,4544,2028,1124,904,169,86,83,7306,3804,3502,109,54,55
1.0 Scen,2010,071,Chambers County,35096,17661,17435,24767,12357,12410,2817,1426,1391,6635,3454,3181,877,424,453
1.0 Scen,2011,071,Chambers County,36218,18205,18013,25303,12599,12704,2914,1477,1437,7083,3684,3399,918,445,473
1.0 Scen,2012,071,Chambers County,37369,18764,18605,25827,12838,12989,3020,1533,1487,7560,3926,3634,962,467,495
1.0 Scen,2013,071,Chambers County,38529,19335,19194,26341,13072,13269,3121,1586,1535,8063,4187,3876,1004,490,514
1.0 Scen,2014,071,Chambers County,39739,19918,19821,26866,13311,13555,3220,1635,1585,8608,4459,4149,1045,513,532
1.0 Scen,2015,071,Chambers County,40945,20513,20432,27386,13552,13834,3304,1681,1623,9171,4747,4424,1084,533,551
1.0 Scen,2016,071,Chambers County,42211,21136,21075,27897,13787,14110,3406,1731,1675,9780,5061,4719,1128,557,571
1.0 Scen,2017,071,Chambers County,43513,21775,21738,28398,14013,14385,3498,1777,1721,10439,5399,5040,1178,586,592
1.0 Scen,2018,071,Chambers County,44844,22414,22430,28890,14231,14659,3594,1820,1774,11131,5750,5381,1229,613,616
1.0 Scen,2019,071,Chambers County,46196,23071,23125,29358,14435,14923,3693,1871,1822,11862,6125,5737,1283,640,643
1.0 Scen,2020,071,Chambers County,47621,23760,23861,29843,14649,15194,3781,1913,1868,12653,6527,6126,1344,671,673
1.0 Scen,2021,071,Chambers County,49071,24448,24623,30322,14850,15472,3872,1959,1913,13473,6941,6532,1404,698,706
1.0 Scen,2022,071,Chambers County,50577,25167,25410,30804,15048,15756,3954,1998,1956,14356,7395,6961,1463,726,737
1.0 Scen,2023,071,Chambers County,52095,25896,26199,31266,15247,16019,4019,2032,1987,15287,7864,7423,1523,753,770
1.0 Scen,2024,071,Chambers County,53686,26664,27022,31739,15451,16288,4101,2072,2029,16258,8349,7909,1588,792,796
1.0 Scen,2025,071,Chambers County,55343,27454,27889,32203,15646,16557,4185,2115,2070,17294,8864,8430,1661,829,832
1.0 Scen,2026,071,Chambers County,57043,28264,28779,32673,15852,16821,4264,2155,2109,18372,9393,8979,1734,864,870
1.0 Scen,2027,071,Chambers County,58822,29117,29705,33139,16047,17092,4354,2205,2149,19518,9961,9557,1811,904,907
1.0 Scen,2028,071,Chambers County,60655,29996,30659,33593,16243,17350,4428,2236,2192,20736,10567,10169,1898,950,948
1.0 Scen,2029,071,Chambers County,62535,30907,31628,34051,16445,17606,4503,2272,2231,22004,11198,10806,1977,992,985
1.0 Scen,2030,071,Chambers County,64504,31855,32649,34503,16641,17862,4579,2309,2270,23352,11868,11484,2070,1037,1033
1.0 Scen,2031,071,Chambers County,66529,32838,33691,34953,16835,18118,4654,2350,2304,24753,12567,12186,2169,1086,1083
1.0 Scen,2032,071,Chambers County,68621,33863,34758,35398,17036,18362,4734,2387,2347,26225,13309,12916,2264,1131,1133
1.0 Scen,2033,071,Chambers County,70781,34922,35859,35830,17226,18604,4812,2431,2381,27776,14084,13692,2363,1181,1182
1.0 Scen,2034,071,Chambers County,73058,36049,37009,36262,17417,18845,4905,2481,2424,29413,14905,14508,2478,1246,1232
1.0 Scen,2035,071,Chambers County,75373,37199,38174,36678,17602,19076,4981,2530,2451,31117,15760,15357,2597,1307,1290
1.0 Scen,2036,071,Chambers County,77781,38400,39381,37083,17783,19300,5073,2582,2491,32903,16659,16244,2722,1376,1346
1.0 Scen,2037,071,Chambers County,80233,39606,40627,37477,17954,19523,5142,2619,2523,34767,17588,17179,2847,1445,1402
1.0 Scen,2038,071,Chambers County,82765,40853,41912,37849,18117,19732,5241,2675,2566,36707,18556,18151,2968,1505,1463
1.0 Scen,2039,071,Chambers County,85359,42148,43211,38211,18290,19921,5326,2718,2608,38736,19576,19160,3086,1564,1522
1.0 Scen,2040,071,Chambers County,88058,43488,44570,38564,18450,20114,5424,2776,2648,40842,20626,20216,3228,1636,1592
1.0 Scen,2041,071,Chambers County,90806,44849,45957,38910,18608,20302,5497,2814,2683,43035,21719,21316,3364,1708,1656
1.0 Scen,2042,071,Chambers County,93645,46271,47374,39238,18761,20477,5582,2861,2721,45321,22871,22450,3504,1778,1726
1.0 Scen,2043,071,Chambers County,96580,47734,48846,39563,18912,20651,5670,2907,2763,47699,24064,23635,3648,1851,1797
1.0 Scen,2044,071,Chambers County,99594,49251,50343,39878,19062,20816,5748,2945,2803,50178,25313,24865,3790,1931,1859
1.0 Scen,2045,071,Chambers County,102677,50801,51876,40167,19201,20966,5818,2981,2837,52744,26601,26143,3948,2018,1930
1.0 Scen,2046,071,Chambers County,105853,52379,53474,40471,19341,21130,5882,3004,2878,55408,27938,27470,4092,2096,1996
1.0 Scen,2047,071,Chambers County,109130,54017,55113,40747,19474,21273,5944,3035,2909,58182,29328,28854,4257,2180,2077
1.0 Scen,2048,071,Chambers County,112514,55722,56792,41028,19608,21420,6014,3074,2940,61052,30775,30277,4420,2265,2155
1.0 Scen,2049,071,Chambers County,116001,57472,58529,41304,19737,21567,6070,3100,2970,64045,32285,31760,4582,2350,2232
1.0 Scen,2050,071,Chambers County,119555,59274,60281,41574,19869,21705,6110,3120,2990,67136,33848,33288,4735,2437,2298
1.0 Scen,2010,073,Cherokee County,50845,25850,24995,31892,15561,16331,7401,3982,3419,10499,5826,4673,1053,481,572
1.0 Scen,2011,073,Cherokee County,51445,26202,25243,31963,15627,16336,7468,4022,3446,10928,6055,4873,1086,498,588
1.0 Scen,2012,073,Cherokee County,52069,26553,25516,32035,15678,16357,7521,4058,3463,11383,6297,5086,1130,520,610
1.0 Scen,2013,073,Cherokee County,52733,26924,25809,32134,15744,16390,7576,4091,3485,11845,6546,5299,1178,543,635
1.0 Scen,2014,073,Cherokee County,53403,27296,26107,32198,15792,16406,7632,4126,3506,12351,6812,5539,1222,566,656
1.0 Scen,2015,073,Cherokee County,54099,27699,26400,32269,15856,16413,7695,4164,3531,12865,7089,5776,1270,590,680
1.0 Scen,2016,073,Cherokee County,54785,28093,26692,32326,15906,16420,7749,4205,3544,13396,7370,6026,1314,612,702
1.0 Scen,2017,073,Cherokee County,55487,28489,26998,32364,15942,16422,7795,4238,3557,13967,7672,6295,1361,637,724
1.0 Scen,2018,073,Cherokee County,56215,28911,27304,32408,15991,16417,7849,4276,3573,14552,7983,6569,1406,661,745
1.0 Scen,2019,073,Cherokee County,56923,29301,27622,32411,16006,16405,7895,4305,3590,15168,8308,6860,1449,682,767
1.0 Scen,2020,073,Cherokee County,57663,29728,27935,32436,16042,16394,7935,4335,3600,15797,8642,7155,1495,709,786
1.0 Scen,2021,073,Cherokee County,58403,30137,28266,32437,16067,16370,7973,4358,3615,16453,8982,7471,1540,730,810
1.0 Scen,2022,073,Cherokee County,59162,30570,28592,32432,16090,16342,8009,4386,3623,17133,9340,7793,1588,754,834
1.0 Scen,2023,073,Cherokee County,59930,30989,28941,32415,16097,16318,8036,4407,3629,17833,9699,8134,1646,786,860
1.0 Scen,2024,073,Cherokee County,60729,31430,29299,32389,16105,16284,8080,4436,3644,18562,10075,8487,1698,814,884
1.0 Scen,2025,073,Cherokee County,61522,31872,29650,32343,16110,16233,8109,4450,3659,19315,10468,8847,1755,844,911
1.0 Scen,2026,073,Cherokee County,62324,32304,30020,32271,16091,16180,8143,4471,3672,20089,10860,9229,1821,882,939
1.0 Scen,2027,073,Cherokee County,63128,32751,30377,32188,16076,16112,8168,4483,3685,20885,11270,9615,1887,922,965
1.0 Scen,2028,073,Cherokee County,63930,33208,30722,32079,16052,16027,8194,4503,3691,21702,11694,10008,1955,959,996
1.0 Scen,2029,073,Cherokee County,64728,33648,31080,31956,16014,15942,8207,4516,3691,22538,12121,10417,2027,997,1030
1.0 Scen,2030,073,Cherokee County,65537,34094,31443,31811,15970,15841,8223,4521,3702,23399,12567,10832,2104,1036,1068
1.0 Scen,2031,073,Cherokee County,66316,34525,31791,31646,15914,15732,8221,4518,3703,24265,13019,11246,2184,1074,1110
1.0 Scen,2032,073,Cherokee County,67103,34975,32128,31460,15854,15606,8220,4519,3701,25146,13477,11669,2277,1125,1152
1.0 Scen,2033,073,Cherokee County,67859,35401,32458,31258,15779,15479,8200,4505,3695,26034,13942,12092,2367,1175,1192
1.0 Scen,2034,073,Cherokee County,68644,35857,32787,31047,15701,15346,8184,4503,3681,26944,14423,12521,2469,1230,1239
1.0 Scen,2035,073,Cherokee County,69402,36278,33124,30813,15610,15203,8153,4484,3669,27872,14907,12965,2564,1277,1287
1.0 Scen,2036,073,Cherokee County,70188,36717,33471,30586,15524,15062,8124,4466,3658,28810,15398,13412,2668,1329,1339
1.0 Scen,2037,073,Cherokee County,70955,37159,33796,30316,15418,14898,8103,4460,3643,29764,15897,13867,2772,1384,1388
1.0 Scen,2038,073,Cherokee County,71781,37619,34162,30068,15319,14749,8074,4447,3627,30749,16405,14344,2890,1448,1442
1.0 Scen,2039,073,Cherokee County,72578,38055,34523,29782,15203,14579,8048,4435,3613,31748,16914,14834,3000,1503,1497
1.0 Scen,2040,073,Cherokee County,73442,38531,34911,29504,15087,14417,8016,4420,3596,32788,17453,15335,3134,1571,1563
1.0 Scen,2041,073,Cherokee County,74274,38982,35292,29212,14958,14254,7963,4396,3567,33841,17991,15850,3258,1637,1621
1.0 Scen,2042,073,Cherokee County,75171,39473,35698,28919,14835,14084,7939,4385,3554,34928,18550,16378,3385,1703,1682
1.0 Scen,2043,073,Cherokee County,76081,39959,36122,28612,14696,13916,7904,4366,3538,36044,19125,16919,3521,1772,1749
1.0 Scen,2044,073,Cherokee County,77019,40467,36552,28305,14564,13741,7861,4346,3515,37189,19714,17475,3664,1843,1821
1.0 Scen,2045,073,Cherokee County,77962,40969,36993,27987,14423,13564,7808,4316,3492,38360,20318,18042,3807,1912,1895
1.0 Scen,2046,073,Cherokee County,78967,41510,37457,27676,14282,13394,7761,4296,3465,39584,20947,18637,3946,1985,1961
1.0 Scen,2047,073,Cherokee County,79981,42054,37927,27367,14147,13220,7708,4267,3441,40816,21582,19234,4090,2058,2032
1.0 Scen,2048,073,Cherokee County,81049,42632,38417,27065,14011,13054,7648,4237,3411,42105,22257,19848,4231,2127,2104
1.0 Scen,2049,073,Cherokee County,82143,43227,38916,26760,13878,12882,7596,4207,3389,43413,22941,20472,4374,2201,2173
1.0 Scen,2050,073,Cherokee County,83259,43832,39427,26460,13740,12720,7531,4176,3355,44748,23637,21111,4520,2279,2241
1.0 Scen,2010,075,Childress County,7041,4121,2920,4327,2232,2095,684,552,132,1885,1262,623,145,75,70
1.0 Scen,2011,075,Childress County,7098,4163,2935,4350,2252,2098,685,554,131,1915,1280,635,148,77,71
1.0 Scen,2012,075,Childress County,7155,4196,2959,4364,2262,2102,690,557,133,1951,1299,652,150,78,72
1.0 Scen,2013,075,Childress County,7208,4234,2974,4376,2276,2100,694,559,135,1985,1319,666,153,80,73
1.0 Scen,2014,075,Childress County,7231,4263,2968,4362,2287,2075,697,560,137,2017,1336,681,155,80,75
1.0 Scen,2015,075,Childress County,7262,4282,2980,4362,2289,2073,695,557,138,2047,1354,693,158,82,76
1.0 Scen,2016,075,Childress County,7298,4305,2993,4362,2293,2069,698,559,139,2075,1369,706,163,84,79
1.0 Scen,2017,075,Childress County,7341,4334,3007,4368,2301,2067,699,559,140,2108,1388,720,166,86,80
1.0 Scen,2018,075,Childress County,7385,4362,3023,4375,2309,2066,703,561,142,2138,1405,733,169,87,82
1.0 Scen,2019,075,Childress County,7421,4381,3040,4382,2313,2069,704,560,144,2163,1419,744,172,89,83
1.0 Scen,2020,075,Childress County,7460,4412,3048,4390,2327,2063,702,558,144,2193,1437,756,175,90,85
1.0 Scen,2021,075,Childress County,7495,4434,3061,4394,2336,2058,696,551,145,2227,1455,772,178,92,86
1.0 Scen,2022,075,Childress County,7545,4466,3079,4403,2343,2060,698,552,146,2264,1479,785,180,92,88
1.0 Scen,2023,075,Childress County,7594,4505,3089,4410,2360,2050,697,549,148,2305,1502,803,182,94,88
1.0 Scen,2024,075,Childress County,7633,4536,3097,4409,2369,2040,696,547,149,2342,1524,818,186,96,90
1.0 Scen,2025,075,Childress County,7694,4575,3119,4424,2379,2045,694,546,148,2385,1552,833,191,98,93
1.0 Scen,2026,075,Childress County,7725,4601,3124,4428,2388,2040,690,542,148,2412,1571,841,195,100,95
1.0 Scen,2027,075,Childress County,7772,4638,3134,4432,2398,2034,687,539,148,2456,1600,856,197,101,96
1.0 Scen,2028,075,Childress County,7818,4674,3144,4434,2407,2027,685,538,147,2500,1627,873,199,102,97
1.0 Scen,2029,075,Childress County,7875,4712,3163,4442,2418,2024,683,536,147,2548,1655,893,202,103,99
1.0 Scen,2030,075,Childress County,7916,4748,3168,4439,2428,2011,678,530,148,2595,1685,910,204,105,99
1.0 Scen,2031,075,Childress County,7967,4785,3182,4448,2439,2009,678,531,147,2637,1709,928,204,106,98
1.0 Scen,2032,075,Childress County,8010,4816,3194,4450,2447,2003,678,530,148,2678,1735,943,204,104,100
1.0 Scen,2033,075,Childress County,8044,4841,3203,4444,2447,1997,672,525,147,2721,1763,958,207,106,101
1.0 Scen,2034,075,Childress County,8085,4884,3201,4437,2455,1982,670,521,149,2768,1801,967,210,107,103
1.0 Scen,2035,075,Childress County,8112,4912,3200,4421,2455,1966,669,522,147,2810,1826,984,212,109,103
1.0 Scen,2036,075,Childress County,8140,4932,3208,4410,2452,1958,662,516,146,2854,1854,1000,214,110,104
1.0 Scen,2037,075,Childress County,8174,4956,3218,4401,2451,1950,660,514,146,2897,1880,1017,216,111,105
1.0 Scen,2038,075,Childress County,8189,4979,3210,4367,2445,1922,659,515,144,2944,1907,1037,219,112,107
1.0 Scen,2039,075,Childress County,8213,5009,3204,4353,2442,1911,654,513,141,2986,1941,1045,220,113,107
1.0 Scen,2040,075,Childress County,8240,5030,3210,4334,2434,1900,651,511,140,3033,1971,1062,222,114,108
1.0 Scen,2041,075,Childress County,8282,5058,3224,4325,2432,1893,649,510,139,3083,2001,1082,225,115,110
1.0 Scen,2042,075,Childress County,8292,5074,3218,4299,2426,1873,645,508,137,3122,2024,1098,226,116,110
1.0 Scen,2043,075,Childress County,8315,5085,3230,4288,2420,1868,635,499,136,3164,2049,1115,228,117,111
1.0 Scen,2044,075,Childress County,8319,5092,3227,4263,2403,1860,626,493,133,3201,2079,1122,229,117,112
1.0 Scen,2045,075,Childress County,8337,5112,3225,4240,2393,1847,625,493,132,3246,2108,1138,226,118,108
1.0 Scen,2046,075,Childress County,8356,5129,3227,4229,2389,1840,620,492,128,3284,2128,1156,223,120,103
1.0 Scen,2047,075,Childress County,8352,5133,3219,4208,2383,1825,606,479,127,3323,2152,1171,215,119,96
1.0 Scen,2048,075,Childress County,8372,5137,3235,4193,2377,1816,597,470,127,3368,2174,1194,214,116,98
1.0 Scen,2049,075,Childress County,8379,5142,3237,4173,2370,1803,588,462,126,3408,2196,1212,210,114,96
1.0 Scen,2050,075,Childress County,8409,5167,3242,4164,2366,1798,581,457,124,3450,2226,1224,214,118,96
1.0 Scen,2010,077,Clay County,10752,5283,5469,9941,4896,5045,53,32,21,467,216,251,291,139,152
1.0 Scen,2011,077,Clay County,10864,5336,5528,10040,4942,5098,53,32,21,475,220,255,296,142,154
1.0 Scen,2012,077,Clay County,10946,5382,5564,10105,4980,5125,53,32,21,484,223,261,304,147,157
1.0 Scen,2013,077,Clay County,11027,5416,5611,10170,5007,5163,53,32,21,494,228,266,310,149,161
1.0 Scen,2014,077,Clay County,11132,5463,5669,10251,5043,5208,53,32,21,508,235,273,320,153,167
1.0 Scen,2015,077,Clay County,11224,5507,5717,10325,5078,5247,53,32,21,517,240,277,329,157,172
1.0 Scen,2016,077,Clay County,11306,5542,5764,10387,5105,5282,53,32,21,528,245,283,338,160,178
1.0 Scen,2017,077,Clay County,11389,5581,5808,10452,5134,5318,53,32,21,541,253,288,343,162,181
1.0 Scen,2018,077,Clay County,11487,5629,5858,10527,5172,5355,53,32,21,553,259,294,354,166,188
1.0 Scen,2019,077,Clay County,11573,5677,5896,10593,5209,5384,53,32,21,566,267,299,361,169,192
1.0 Scen,2020,077,Clay County,11655,5715,5940,10652,5236,5416,53,32,21,581,274,307,369,173,196
1.0 Scen,2021,077,Clay County,11730,5753,5977,10712,5266,5446,53,32,21,592,280,312,373,175,198
1.0 Scen,2022,077,Clay County,11809,5791,6018,10766,5292,5474,53,32,21,608,288,320,382,179,203
1.0 Scen,2023,077,Clay County,11880,5825,6055,10810,5312,5498,53,32,21,625,297,328,392,184,208
1.0 Scen,2024,077,Clay County,11947,5862,6085,10859,5340,5519,53,32,21,637,304,333,398,186,212
1.0 Scen,2025,077,Clay County,12005,5889,6116,10900,5358,5542,52,31,21,651,313,338,402,187,215
1.0 Scen,2026,077,Clay County,12062,5915,6147,10931,5371,5560,53,32,21,666,322,344,412,190,222
1.0 Scen,2027,077,Clay County,12121,5940,6181,10966,5386,5580,53,32,21,681,330,351,421,192,229
1.0 Scen,2028,077,Clay County,12190,5979,6211,11009,5414,5595,53,32,21,699,339,360,429,194,235
1.0 Scen,2029,077,Clay County,12238,6000,6238,11033,5422,5611,53,32,21,719,349,370,433,197,236
1.0 Scen,2030,077,Clay County,12278,6021,6257,11059,5439,5620,53,32,21,728,350,378,438,200,238
1.0 Scen,2031,077,Clay County,12323,6051,6272,11081,5460,5621,53,32,21,743,357,386,446,202,244
1.0 Scen,2032,077,Clay County,12355,6071,6284,11099,5469,5630,53,32,21,751,365,386,452,205,247
1.0 Scen,2033,077,Clay County,12391,6101,6290,11113,5484,5629,52,32,20,766,375,391,460,210,250
1.0 Scen,2034,077,Clay County,12411,6114,6297,11118,5491,5627,52,32,20,779,380,399,462,211,251
1.0 Scen,2035,077,Clay County,12432,6129,6303,11121,5495,5626,52,32,20,796,390,406,463,212,251
1.0 Scen,2036,077,Clay County,12447,6146,6301,11115,5500,5615,52,32,20,810,400,410,470,214,256
1.0 Scen,2037,077,Clay County,12463,6160,6303,11109,5501,5608,52,32,20,827,411,416,475,216,259
1.0 Scen,2038,077,Clay County,12473,6166,6307,11100,5502,5598,52,32,20,839,415,424,482,217,265
1.0 Scen,2039,077,Clay County,12477,6170,6307,11077,5494,5583,51,31,20,863,427,436,486,218,268
1.0 Scen,2040,077,Clay County,12480,6183,6297,11056,5497,5559,50,30,20,882,435,447,492,221,271
1.0 Scen,2041,077,Clay County,12478,6191,6287,11039,5496,5543,50,30,20,892,441,451,497,224,273
1.0 Scen,2042,077,Clay County,12482,6195,6287,11018,5488,5530,49,29,20,913,453,460,502,225,277
1.0 Scen,2043,077,Clay County,12498,6208,6290,11003,5487,5516,48,28,20,936,464,472,511,229,282
1.0 Scen,2044,077,Clay County,12494,6226,6268,10980,5485,5495,46,27,19,954,478,476,514,236,278
1.0 Scen,2045,077,Clay County,12503,6238,6265,10962,5480,5482,46,27,19,975,489,486,520,242,278
1.0 Scen,2046,077,Clay County,12496,6254,6242,10948,5487,5461,46,27,19,989,497,492,513,243,270
1.0 Scen,2047,077,Clay County,12479,6252,6227,10924,5476,5448,46,27,19,999,505,494,510,244,266
1.0 Scen,2048,077,Clay County,12491,6263,6228,10920,5480,5440,43,25,18,1013,511,502,515,247,268
1.0 Scen,2049,077,Clay County,12507,6282,6225,10910,5482,5428,43,25,18,1037,524,513,517,251,266
1.0 Scen,2050,077,Clay County,12503,6286,6217,10893,5478,5415,41,23,18,1048,531,517,521,254,267
1.0 Scen,2010,079,Cochran County,3127,1535,1592,1329,651,678,110,50,60,1654,820,834,34,14,20
1.0 Scen,2011,079,Cochran County,3161,1555,1606,1333,653,680,111,51,60,1683,837,846,34,14,20
1.0 Scen,2012,079,Cochran County,3195,1572,1623,1339,657,682,111,51,60,1711,850,861,34,14,20
1.0 Scen,2013,079,Cochran County,3232,1592,1640,1344,660,684,112,52,60,1742,866,876,34,14,20
1.0 Scen,2014,079,Cochran County,3270,1616,1654,1351,667,684,113,52,61,1772,883,889,34,14,20
1.0 Scen,2015,079,Cochran County,3302,1632,1670,1351,667,684,116,53,63,1801,898,903,34,14,20
1.0 Scen,2016,079,Cochran County,3343,1656,1687,1356,671,685,118,54,64,1835,917,918,34,14,20
1.0 Scen,2017,079,Cochran County,3374,1673,1701,1350,667,683,120,55,65,1870,937,933,34,14,20
1.0 Scen,2018,079,Cochran County,3403,1694,1709,1347,670,677,122,56,66,1901,955,946,33,13,20
1.0 Scen,2019,079,Cochran County,3432,1714,1718,1342,671,671,123,57,66,1935,973,962,32,13,19
1.0 Scen,2020,079,Cochran County,3458,1735,1723,1334,672,662,122,57,65,1970,993,977,32,13,19
1.0 Scen,2021,079,Cochran County,3478,1748,1730,1330,670,660,120,56,64,1995,1009,986,33,13,20
1.0 Scen,2022,079,Cochran County,3501,1764,1737,1320,667,653,119,55,64,2029,1029,1000,33,13,20
1.0 Scen,2023,079,Cochran County,3525,1784,1741,1314,669,645,119,56,63,2059,1046,1013,33,13,20
1.0 Scen,2024,079,Cochran County,3553,1798,1755,1311,668,643,119,56,63,2089,1060,1029,34,14,20
1.0 Scen,2025,079,Cochran County,3560,1805,1755,1299,662,637,119,57,62,2108,1072,1036,34,14,20
1.0 Scen,2026,079,Cochran County,3576,1817,1759,1283,655,628,118,56,62,2141,1092,1049,34,14,20
1.0 Scen,2027,079,Cochran County,3596,1828,1768,1274,650,624,117,56,61,2171,1108,1063,34,14,20
1.0 Scen,2028,079,Cochran County,3605,1831,1774,1262,645,617,117,56,61,2194,1118,1076,32,12,20
1.0 Scen,2029,079,Cochran County,3630,1848,1782,1257,644,613,118,57,61,2223,1135,1088,32,12,20
1.0 Scen,2030,079,Cochran County,3644,1856,1788,1246,640,606,117,56,61,2249,1148,1101,32,12,20
1.0 Scen,2031,079,Cochran County,3648,1859,1789,1232,633,599,117,56,61,2268,1158,1110,31,12,19
1.0 Scen,2032,079,Cochran County,3633,1857,1776,1215,627,588,114,55,59,2274,1163,1111,30,12,18
1.0 Scen,2033,079,Cochran County,3632,1859,1773,1201,620,581,113,55,58,2289,1173,1116,29,11,18
1.0 Scen,2034,079,Cochran County,3633,1861,1772,1186,612,574,113,54,59,2305,1184,1121,29,11,18
1.0 Scen,2035,079,Cochran County,3632,1863,1769,1174,606,568,112,55,57,2317,1191,1126,29,11,18
1.0 Scen,2036,079,Cochran County,3638,1867,1771,1162,601,561,111,54,57,2337,1201,1136,28,11,17
1.0 Scen,2037,079,Cochran County,3640,1872,1768,1149,595,554,111,55,56,2354,1211,1143,26,11,15
1.0 Scen,2038,079,Cochran County,3628,1862,1766,1130,584,546,112,55,57,2360,1212,1148,26,11,15
1.0 Scen,2039,079,Cochran County,3623,1859,1764,1117,577,540,111,55,56,2368,1216,1152,27,11,16
1.0 Scen,2040,079,Cochran County,3619,1858,1761,1107,570,537,112,55,57,2373,1222,1151,27,11,16
1.0 Scen,2041,079,Cochran County,3608,1860,1748,1082,560,522,110,55,55,2390,1235,1155,26,10,16
1.0 Scen,2042,079,Cochran County,3599,1851,1748,1067,551,516,109,54,55,2397,1236,1161,26,10,16
1.0 Scen,2043,079,Cochran County,3596,1855,1741,1054,546,508,108,54,54,2409,1245,1164,25,10,15
1.0 Scen,2044,079,Cochran County,3579,1850,1729,1042,543,499,105,52,53,2407,1245,1162,25,10,15
1.0 Scen,2045,079,Cochran County,3560,1845,1715,1019,537,482,103,52,51,2415,1246,1169,23,10,13
1.0 Scen,2046,079,Cochran County,3554,1840,1714,1007,532,475,103,51,52,2422,1248,1174,22,9,13
1.0 Scen,2047,079,Cochran County,3534,1835,1699,993,524,469,101,51,50,2419,1251,1168,21,9,12
1.0 Scen,2048,079,Cochran County,3530,1834,1696,984,518,466,99,49,50,2426,1258,1168,21,9,12
1.0 Scen,2049,079,Cochran County,3527,1835,1692,975,513,462,98,49,49,2435,1265,1170,19,8,11
1.0 Scen,2050,079,Cochran County,3527,1837,1690,967,511,456,97,49,48,2444,1269,1175,19,8,11
1.0 Scen,2010,081,Coke County,3320,1626,1694,2651,1279,1372,7,5,2,602,312,290,60,30,30
1.0 Scen,2011,081,Coke County,3305,1619,1686,2628,1267,1361,7,5,2,609,316,293,61,31,30
1.0 Scen,2012,081,Coke County,3287,1609,1678,2601,1254,1347,7,5,2,618,319,299,61,31,30
1.0 Scen,2013,081,Coke County,3268,1602,1666,2572,1242,1330,7,5,2,627,323,304,62,32,30
1.0 Scen,2014,081,Coke County,3247,1595,1652,2541,1230,1311,7,5,2,636,328,308,63,32,31
1.0 Scen,2015,081,Coke County,3213,1586,1627,2498,1215,1283,7,5,2,644,333,311,64,33,31
1.0 Scen,2016,081,Coke County,3193,1574,1619,2467,1198,1269,7,5,2,653,338,315,66,33,33
1.0 Scen,2017,081,Coke County,3158,1569,1589,2422,1187,1235,7,5,2,662,343,319,67,34,33
1.0 Scen,2018,081,Coke County,3136,1559,1577,2390,1172,1218,7,5,2,671,348,323,68,34,34
1.0 Scen,2019,081,Coke County,3116,1549,1567,2358,1156,1202,7,5,2,682,353,329,69,35,34
1.0 Scen,2020,081,Coke County,3095,1539,1556,2327,1140,1187,7,5,2,691,359,332,70,35,35
1.0 Scen,2021,081,Coke County,3079,1535,1544,2301,1129,1172,7,5,2,700,365,335,71,36,35
1.0 Scen,2022,081,Coke County,3063,1526,1537,2273,1114,1159,7,5,2,711,371,340,72,36,36
1.0 Scen,2023,081,Coke County,3051,1523,1528,2248,1105,1143,7,5,2,723,376,347,73,37,36
1.0 Scen,2024,081,Coke County,3034,1516,1518,2220,1091,1129,7,5,2,733,383,350,74,37,37
1.0 Scen,2025,081,Coke County,3025,1515,1510,2196,1081,1115,7,5,2,747,391,356,75,38,37
1.0 Scen,2026,081,Coke County,2999,1503,1496,2160,1063,1097,7,5,2,757,397,360,75,38,37
1.0 Scen,2027,081,Coke County,2983,1497,1486,2133,1051,1082,7,5,2,768,403,365,75,38,37
1.0 Scen,2028,081,Coke County,2970,1491,1479,2109,1039,1070,7,5,2,778,409,369,76,38,38
1.0 Scen,2029,081,Coke County,2952,1487,1465,2083,1030,1053,7,5,2,786,414,372,76,38,38
1.0 Scen,2030,081,Coke County,2925,1479,1446,2047,1017,1030,7,5,2,797,419,378,74,38,36
1.0 Scen,2031,081,Coke County,2894,1468,1426,2014,1007,1007,7,5,2,799,418,381,74,38,36
1.0 Scen,2032,081,Coke County,2862,1457,1405,1985,995,990,7,5,2,796,419,377,74,38,36
1.0 Scen,2033,081,Coke County,2831,1444,1387,1955,979,976,7,5,2,798,423,375,71,37,34
1.0 Scen,2034,081,Coke County,2796,1429,1367,1919,965,954,7,5,2,801,424,377,69,35,34
1.0 Scen,2035,081,Coke County,2766,1416,1350,1887,950,937,7,5,2,803,426,377,69,35,34
1.0 Scen,2036,081,Coke County,2737,1403,1334,1856,936,920,7,5,2,804,426,378,70,36,34
1.0 Scen,2037,081,Coke County,2709,1396,1313,1825,925,900,7,5,2,807,430,377,70,36,34
1.0 Scen,2038,081,Coke County,2677,1381,1296,1795,912,883,7,5,2,805,428,377,70,36,34
1.0 Scen,2039,081,Coke County,2646,1369,1277,1763,901,862,7,5,2,808,429,379,68,34,34
1.0 Scen,2040,081,Coke County,2610,1354,1256,1725,885,840,7,5,2,810,429,381,68,35,33
1.0 Scen,2041,081,Coke County,2584,1345,1239,1696,874,822,7,5,2,813,431,382,68,35,33
1.0 Scen,2042,081,Coke County,2559,1331,1228,1666,858,808,7,5,2,818,433,385,68,35,33
1.0 Scen,2043,081,Coke County,2527,1319,1208,1632,844,788,6,4,2,821,436,385,68,35,33
1.0 Scen,2044,081,Coke County,2508,1314,1194,1610,837,773,6,4,2,824,438,386,68,35,33
1.0 Scen,2045,081,Coke County,2477,1297,1180,1582,823,759,6,4,2,821,435,386,68,35,33
1.0 Scen,2046,081,Coke County,2448,1282,1166,1553,808,745,6,4,2,823,436,387,66,34,32
1.0 Scen,2047,081,Coke County,2430,1276,1154,1531,799,732,6,4,2,827,439,388,66,34,32
1.0 Scen,2048,081,Coke County,2409,1266,1143,1509,789,720,6,4,2,829,440,389,65,33,32
1.0 Scen,2049,081,Coke County,2390,1262,1128,1491,782,709,5,4,1,829,442,387,65,34,31
1.0 Scen,2050,081,Coke County,2361,1257,1104,1464,776,688,5,4,1,826,443,383,66,34,32
1.0 Scen,2010,083,Coleman County,8895,4416,4479,7123,3542,3581,186,95,91,1419,697,722,167,82,85
1.0 Scen,2011,083,Coleman County,8939,4464,4475,7129,3564,3565,188,96,92,1452,720,732,170,84,86
1.0 Scen,2012,083,Coleman County,8965,4505,4460,7113,3575,3538,189,97,92,1493,749,744,170,84,86
1.0 Scen,2013,083,Coleman County,8988,4545,4443,7090,3583,3507,191,98,93,1534,778,756,173,86,87
1.0 Scen,2014,083,Coleman County,9020,4585,4435,7078,3593,3485,193,99,94,1572,805,767,177,88,89
1.0 Scen,2015,083,Coleman County,9061,4628,4433,7065,3599,3466,196,100,96,1620,839,781,180,90,90
1.0 Scen,2016,083,Coleman County,9100,4677,4423,7055,3611,3444,198,101,97,1665,874,791,182,91,91
1.0 Scen,2017,083,Coleman County,9147,4730,4417,7052,3625,3427,199,102,97,1712,911,801,184,92,92
1.0 Scen,2018,083,Coleman County,9188,4782,4406,7040,3637,3403,200,102,98,1762,950,812,186,93,93
1.0 Scen,2019,083,Coleman County,9236,4836,4400,7034,3649,3385,199,103,96,1815,990,825,188,94,94
1.0 Scen,2020,083,Coleman County,9274,4888,4386,7024,3662,3362,200,103,97,1861,1028,833,189,95,94
1.0 Scen,2021,083,Coleman County,9320,4938,4382,7015,3668,3347,201,104,97,1911,1068,843,193,98,95
1.0 Scen,2022,083,Coleman County,9353,4987,4366,6996,3678,3318,201,105,96,1962,1106,856,194,98,96
1.0 Scen,2023,083,Coleman County,9400,5045,4355,6991,3695,3296,201,106,95,2012,1144,868,196,100,96
1.0 Scen,2024,083,Coleman County,9447,5103,4344,6990,3713,3277,201,106,95,2061,1185,876,195,99,96
1.0 Scen,2025,083,Coleman County,9480,5151,4329,6980,3728,3252,202,106,96,2102,1217,885,196,100,96
1.0 Scen,2026,083,Coleman County,9500,5188,4312,6970,3741,3229,202,106,96,2131,1241,890,197,100,97
1.0 Scen,2027,083,Coleman County,9527,5229,4298,6962,3752,3210,203,106,97,2166,1271,895,196,100,96
1.0 Scen,2028,083,Coleman County,9550,5272,4278,6943,3760,3183,203,106,97,2208,1307,901,196,99,97
1.0 Scen,2029,083,Coleman County,9568,5306,4262,6923,3762,3161,202,106,96,2248,1339,909,195,99,96
1.0 Scen,2030,083,Coleman County,9586,5340,4246,6894,3760,3134,202,106,96,2295,1374,921,195,100,95
1.0 Scen,2031,083,Coleman County,9598,5371,4227,6862,3755,3107,202,106,96,2341,1411,930,193,99,94
1.0 Scen,2032,083,Coleman County,9592,5390,4202,6829,3749,3080,202,106,96,2372,1437,935,189,98,91
1.0 Scen,2033,083,Coleman County,9598,5413,4185,6805,3748,3057,202,106,96,2403,1461,942,188,98,90
1.0 Scen,2034,083,Coleman County,9594,5435,4159,6764,3739,3025,203,106,97,2436,1491,945,191,99,92
1.0 Scen,2035,083,Coleman County,9598,5458,4140,6733,3732,3001,202,105,97,2471,1521,950,192,100,92
1.0 Scen,2036,083,Coleman County,9600,5488,4112,6708,3734,2974,201,104,97,2499,1549,950,192,101,91
1.0 Scen,2037,083,Coleman County,9596,5510,4086,6669,3721,2948,201,104,97,2531,1581,950,195,104,91
1.0 Scen,2038,083,Coleman County,9598,5540,4058,6635,3717,2918,198,102,96,2567,1614,953,198,107,91
1.0 Scen,2039,083,Coleman County,9596,5553,4043,6604,3704,2900,196,102,94,2596,1637,959,200,110,90
1.0 Scen,2040,083,Coleman County,9613,5588,4025,6577,3699,2878,194,101,93,2636,1674,962,206,114,92
1.0 Scen,2041,083,Coleman County,9595,5603,3992,6535,3689,2846,190,99,91,2662,1698,964,208,117,91
1.0 Scen,2042,083,Coleman County,9587,5611,3976,6500,3672,2828,188,97,91,2689,1723,966,210,119,91
1.0 Scen,2043,083,Coleman County,9583,5635,3948,6472,3670,2802,186,97,89,2715,1747,968,210,121,89
1.0 Scen,2044,083,Coleman County,9580,5652,3928,6434,3655,2779,184,95,89,2750,1779,971,212,123,89
1.0 Scen,2045,083,Coleman County,9585,5677,3908,6413,3651,2762,182,95,87,2776,1804,972,214,127,87
1.0 Scen,2046,083,Coleman County,9579,5689,3890,6382,3639,2743,180,93,87,2801,1827,974,216,130,86
1.0 Scen,2047,083,Coleman County,9561,5692,3869,6352,3627,2725,176,90,86,2820,1847,973,213,128,85
1.0 Scen,2048,083,Coleman County,9552,5701,3851,6321,3617,2704,171,86,85,2846,1869,977,214,129,85
1.0 Scen,2049,083,Coleman County,9556,5714,3842,6307,3613,2694,167,85,82,2868,1886,982,214,130,84
1.0 Scen,2050,083,Coleman County,9555,5732,3823,6278,3604,2674,163,81,82,2898,1916,982,216,131,85
1.0 Scen,2010,085,Collin County,782341,384363,397978,493492,242557,250935,64715,30250,34465,115354,58542,56812,108780,53014,55766
1.0 Scen,2011,085,Collin County,813335,399472,413863,505380,248459,256921,68696,32078,36618,123324,62449,60875,115935,56486,59449
1.0 Scen,2012,085,Collin County,845661,415119,430542,517353,254360,262993,72967,34023,38944,131902,66642,65260,123439,60094,63345
1.0 Scen,2013,085,Collin County,879031,431284,447747,529323,260241,269082,77414,36066,41348,141117,71129,69988,131177,63848,67329
1.0 Scen,2014,085,Collin County,913737,448102,465635,541132,266052,275080,82217,38263,43954,150942,75912,75030,139446,67875,71571
1.0 Scen,2015,085,Collin County,949673,465438,484235,552846,271860,280986,87272,40568,46704,161432,81000,80432,148123,72010,76113
1.0 Scen,2016,085,Collin County,986904,483426,503478,564534,277612,286922,92598,42976,49622,172624,86454,86170,157148,76384,80764
1.0 Scen,2017,085,Collin County,1025618,502176,523442,576113,283365,292748,98271,45554,52717,184608,92267,92341,166626,80990,85636
1.0 Scen,2018,085,Collin County,1065557,521493,544064,587538,289037,298501,104150,48226,55924,197424,98461,98963,176445,85769,90676
1.0 Scen,2019,085,Collin County,1107017,541535,565482,598808,294654,304154,110383,51052,59331,211008,105045,105963,186818,90784,96034
1.0 Scen,2020,085,Collin County,1150398,562384,588014,609949,300160,309789,116997,54033,62964,225614,112123,113491,197838,96068,101770
1.0 Scen,2021,085,Collin County,1195426,584137,611289,621278,305815,315463,123951,57184,66767,241097,119600,121497,209100,101538,107562
1.0 Scen,2022,085,Collin County,1242932,607081,635851,632686,311494,321192,131240,60443,70797,257663,127672,129991,221343,107472,113871
1.0 Scen,2023,085,Collin County,1292798,631145,661653,644093,317166,326927,138958,63970,74988,275249,136185,139064,234498,113824,120674
1.0 Scen,2024,085,Collin County,1344620,656062,688558,655551,322870,332681,147021,67572,79449,294033,145279,148754,248015,120341,127674
1.0 Scen,2025,085,Collin County,1398711,682372,716339,667089,328631,338458,155551,71405,84146,313940,154929,159011,262131,127407,134724
1.0 Scen,2026,085,Collin County,1455679,709756,745923,678801,334513,344288,164315,75354,88961,335155,165200,169955,277408,134689,142719
1.0 Scen,2027,085,Collin County,1515543,738614,776929,690609,340456,350153,173672,79546,94126,357652,176109,181543,293610,142503,151107
1.0 Scen,2028,085,Collin County,1578030,769084,808946,702559,346492,356067,183367,83919,99448,381533,187704,193829,310571,150969,159602
1.0 Scen,2029,085,Collin County,1643592,800643,842949,714712,352654,362058,193357,88374,104983,406771,199937,206834,328752,159678,169074
1.0 Scen,2030,085,Collin County,1712183,834037,878146,726971,358908,368063,203855,93130,110725,433495,212869,220626,347862,169130,178732
1.0 Scen,2031,085,Collin County,1783702,868811,914891,739251,365216,374035,214516,97962,116554,461772,226590,235182,368163,179043,189120
1.0 Scen,2032,085,Collin County,1858560,904985,953575,751651,371582,380069,225782,102980,122802,491548,240980,250568,389579,189443,200136
1.0 Scen,2033,085,Collin County,1936740,942931,993809,763911,377934,385977,237388,108200,129188,523012,256205,266807,412429,200592,211837
1.0 Scen,2034,085,Collin County,2017974,982484,1035490,776102,384330,391772,249459,113672,135787,556148,272209,283939,436265,212273,223992
1.0 Scen,2035,085,Collin County,2102453,1023507,1078946,788224,390718,397506,261899,119241,142658,590957,288987,301970,461373,224561,236812
1.0 Scen,2036,085,Collin County,2190531,1066090,1124441,800218,397075,403143,274727,124988,149739,627629,306650,320979,487957,237377,250580
1.0 Scen,2037,085,Collin County,2281878,1110384,1171494,812056,403370,408686,287838,130841,156997,666123,325152,340971,515861,251021,264840
1.0 Scen,2038,085,Collin County,2376312,1156248,1220064,823750,409610,414140,301244,136913,164331,706534,344543,361991,544784,265182,279602
1.0 Scen,2039,085,Collin County,2474648,1203748,1270900,835138,415711,419427,315291,143287,172004,748917,364870,384047,575302,279880,295422
1.0 Scen,2040,085,Collin County,2575965,1252699,1323266,846192,421664,424528,329595,149685,179910,793366,386122,407244,606812,295228,311584
1.0 Scen,2041,085,Collin County,2681208,1303672,1377536,856917,427473,429444,344468,156532,187936,839935,408363,431572,639888,311304,328584
1.0 Scen,2042,085,Collin County,2790001,1356244,1433757,867272,433139,434133,359519,163324,196195,888752,431639,457113,674458,328142,346316
1.0 Scen,2043,085,Collin County,2902548,1410386,1492162,877156,438579,438577,375247,170359,204888,939831,455973,483858,710314,345475,364839
1.0 Scen,2044,085,Collin County,3018684,1466367,1552317,886546,443805,442741,391170,177695,213475,993281,481410,511871,747687,363457,384230
1.0 Scen,2045,085,Collin County,3138155,1523914,1614241,895528,448836,446692,407539,185152,222387,1049246,508018,541228,785842,381908,403934
1.0 Scen,2046,085,Collin County,3262189,1583637,1678552,904011,453668,450343,424418,192804,231614,1107758,535848,571910,826002,401317,424685
1.0 Scen,2047,085,Collin County,3390469,1645659,1744810,912105,458339,453766,441731,200780,240951,1169033,565043,603990,867600,421497,446103
1.0 Scen,2048,085,Collin County,3522893,1709588,1813305,919888,462889,456999,459324,208901,250423,1233042,595523,637519,910639,442275,468364
1.0 Scen,2049,085,Collin County,3659927,1775826,1884101,927290,467299,459991,477467,217272,260195,1300025,627444,672581,955145,463811,491334
1.0 Scen,2050,085,Collin County,3801840,1844405,1957435,934408,471589,462819,496168,225890,270278,1370061,660845,709216,1001203,486081,515122
1.0 Scen,2010,087,Collingsworth County,3057,1498,1559,1937,954,983,122,52,70,916,452,464,82,40,42
1.0 Scen,2011,087,Collingsworth County,3075,1510,1565,1931,951,980,122,53,69,939,465,474,83,41,42
1.0 Scen,2012,087,Collingsworth County,3099,1522,1577,1928,949,979,121,53,68,967,479,488,83,41,42
1.0 Scen,2013,087,Collingsworth County,3114,1535,1579,1915,946,969,121,54,67,994,493,501,84,42,42
1.0 Scen,2014,087,Collingsworth County,3130,1544,1586,1901,940,961,121,53,68,1023,509,514,85,42,43
1.0 Scen,2015,087,Collingsworth County,3147,1557,1590,1891,939,952,122,54,68,1049,522,527,85,42,43
1.0 Scen,2016,087,Collingsworth County,3163,1567,1596,1880,937,943,123,54,69,1075,534,541,85,42,43
1.0 Scen,2017,087,Collingsworth County,3183,1580,1603,1870,935,935,125,55,70,1102,548,554,86,42,44
1.0 Scen,2018,087,Collingsworth County,3200,1595,1605,1858,937,921,126,56,70,1129,560,569,87,42,45
1.0 Scen,2019,087,Collingsworth County,3221,1612,1609,1849,935,914,127,57,70,1156,576,580,89,44,45
1.0 Scen,2020,087,Collingsworth County,3243,1624,1619,1839,931,908,128,57,71,1186,592,594,90,44,46
1.0 Scen,2021,087,Collingsworth County,3255,1636,1619,1822,924,898,128,58,70,1214,609,605,91,45,46
1.0 Scen,2022,087,Collingsworth County,3266,1640,1626,1802,913,889,127,56,71,1245,626,619,92,45,47
1.0 Scen,2023,087,Collingsworth County,3290,1657,1633,1791,911,880,129,58,71,1277,642,635,93,46,47
1.0 Scen,2024,087,Collingsworth County,3310,1667,1643,1779,904,875,128,57,71,1309,660,649,94,46,48
1.0 Scen,2025,087,Collingsworth County,3326,1675,1651,1761,894,867,128,58,70,1343,677,666,94,46,48
1.0 Scen,2026,087,Collingsworth County,3343,1684,1659,1748,888,860,127,57,70,1373,693,680,95,46,49
1.0 Scen,2027,087,Collingsworth County,3350,1692,1658,1742,883,859,126,57,69,1387,705,682,95,47,48
1.0 Scen,2028,087,Collingsworth County,3373,1710,1663,1731,884,847,125,56,69,1422,723,699,95,47,48
1.0 Scen,2029,087,Collingsworth County,3395,1723,1672,1719,877,842,124,56,68,1457,743,714,95,47,48
1.0 Scen,2030,087,Collingsworth County,3420,1741,1679,1704,874,830,124,56,68,1497,764,733,95,47,48
1.0 Scen,2031,087,Collingsworth County,3435,1753,1682,1684,865,819,124,57,67,1533,783,750,94,48,46
1.0 Scen,2032,087,Collingsworth County,3452,1763,1689,1666,859,807,123,57,66,1567,798,769,96,49,47
1.0 Scen,2033,087,Collingsworth County,3487,1784,1703,1660,857,803,123,58,65,1607,819,788,97,50,47
1.0 Scen,2034,087,Collingsworth County,3505,1795,1710,1647,849,798,123,58,65,1637,838,799,98,50,48
1.0 Scen,2035,087,Collingsworth County,3523,1812,1711,1634,843,791,122,58,64,1667,859,808,100,52,48
1.0 Scen,2036,087,Collingsworth County,3544,1829,1715,1618,839,779,120,56,64,1705,882,823,101,52,49
1.0 Scen,2037,087,Collingsworth County,3579,1854,1725,1609,838,771,119,56,63,1749,907,842,102,53,49
1.0 Scen,2038,087,Collingsworth County,3596,1865,1731,1593,832,761,118,55,63,1783,925,858,102,53,49
1.0 Scen,2039,087,Collingsworth County,3620,1877,1743,1577,824,753,117,55,62,1823,944,879,103,54,49
1.0 Scen,2040,087,Collingsworth County,3626,1882,1744,1551,814,737,116,54,62,1855,960,895,104,54,50
1.0 Scen,2041,087,Collingsworth County,3649,1901,1748,1539,812,727,114,54,60,1892,981,911,104,54,50
1.0 Scen,2042,087,Collingsworth County,3686,1923,1763,1525,807,718,114,53,61,1943,1009,934,104,54,50
1.0 Scen,2043,087,Collingsworth County,3707,1944,1763,1506,801,705,113,53,60,1984,1036,948,104,54,50
1.0 Scen,2044,087,Collingsworth County,3732,1955,1777,1488,791,697,113,53,60,2027,1057,970,104,54,50
1.0 Scen,2045,087,Collingsworth County,3756,1973,1783,1480,785,695,110,53,57,2062,1080,982,104,55,49
1.0 Scen,2046,087,Collingsworth County,3792,1994,1798,1471,782,689,109,52,57,2114,1108,1006,98,52,46
1.0 Scen,2047,087,Collingsworth County,3808,2010,1798,1453,774,679,108,52,56,2152,1134,1018,95,50,45
1.0 Scen,2048,087,Collingsworth County,3826,2018,1808,1437,765,672,105,50,55,2189,1153,1036,95,50,45
1.0 Scen,2049,087,Collingsworth County,3880,2048,1832,1430,760,670,105,50,55,2251,1187,1064,94,51,43
1.0 Scen,2050,087,Collingsworth County,3908,2074,1834,1417,760,657,102,48,54,2294,1215,1079,95,51,44
1.0 Scen,2010,089,Colorado County,20874,10347,10527,12496,6119,6377,2636,1259,1377,5452,2831,2621,290,138,152
1.0 Scen,2011,089,Colorado County,21083,10473,10610,12489,6128,6361,2677,1285,1392,5621,2919,2702,296,141,155
1.0 Scen,2012,089,Colorado County,21238,10584,10654,12424,6116,6308,2721,1314,1407,5788,3010,2778,305,144,161
1.0 Scen,2013,089,Colorado County,21432,10696,10736,12397,6109,6288,2761,1339,1422,5963,3102,2861,311,146,165
1.0 Scen,2014,089,Colorado County,21602,10806,10796,12363,6105,6258,2795,1361,1434,6127,3192,2935,317,148,169
1.0 Scen,2015,089,Colorado County,21785,10930,10855,12333,6112,6221,2819,1380,1439,6308,3288,3020,325,150,175
1.0 Scen,2016,089,Colorado County,21978,11045,10933,12309,6108,6201,2843,1399,1444,6493,3385,3108,333,153,180
1.0 Scen,2017,089,Colorado County,22151,11154,10997,12277,6107,6170,2855,1411,1444,6678,3479,3199,341,157,184
1.0 Scen,2018,089,Colorado County,22327,11258,11069,12245,6103,6142,2874,1420,1454,6859,3573,3286,349,162,187
1.0 Scen,2019,089,Colorado County,22506,11370,11136,12207,6096,6111,2899,1436,1463,7044,3673,3371,356,165,191
1.0 Scen,2020,089,Colorado County,22688,11484,11204,12170,6084,6086,2914,1451,1463,7242,3781,3461,362,168,194
1.0 Scen,2021,089,Colorado County,22860,11585,11275,12129,6074,6055,2941,1466,1475,7425,3877,3548,365,168,197
1.0 Scen,2022,089,Colorado County,23014,11685,11329,12071,6052,6019,2959,1482,1477,7613,3979,3634,371,172,199
1.0 Scen,2023,089,Colorado County,23190,11795,11395,12027,6039,5988,2979,1496,1483,7807,4085,3722,377,175,202
1.0 Scen,2024,089,Colorado County,23347,11886,11461,11967,6011,5956,2998,1512,1486,8001,4185,3816,381,178,203
1.0 Scen,2025,089,Colorado County,23503,11987,11516,11901,5991,5910,3007,1520,1487,8211,4297,3914,384,179,205
1.0 Scen,2026,089,Colorado County,23646,12075,11571,11830,5967,5863,3017,1529,1488,8412,4399,4013,387,180,207
1.0 Scen,2027,089,Colorado County,23780,12162,11618,11753,5937,5816,3015,1535,1480,8622,4509,4113,390,181,209
1.0 Scen,2028,089,Colorado County,23891,12241,11650,11667,5905,5762,3002,1532,1470,8829,4620,4209,393,184,209
1.0 Scen,2029,089,Colorado County,24025,12323,11702,11566,5860,5706,3013,1543,1470,9047,4732,4315,399,188,211
1.0 Scen,2030,089,Colorado County,24152,12420,11732,11467,5820,5647,3009,1550,1459,9270,4858,4412,406,192,214
1.0 Scen,2031,089,Colorado County,24265,12495,11770,11351,5770,5581,3022,1560,1462,9481,4971,4510,411,194,217
1.0 Scen,2032,089,Colorado County,24372,12575,11797,11230,5718,5512,3020,1567,1453,9705,5093,4612,417,197,220
1.0 Scen,2033,089,Colorado County,24467,12650,11817,11111,5673,5438,3015,1568,1447,9918,5209,4709,423,200,223
1.0 Scen,2034,089,Colorado County,24562,12720,11842,10973,5614,5359,3022,1578,1444,10137,5325,4812,430,203,227
1.0 Scen,2035,089,Colorado County,24618,12783,11835,10827,5551,5276,3002,1579,1423,10352,5446,4906,437,207,230
1.0 Scen,2036,089,Colorado County,24715,12851,11864,10682,5488,5194,3010,1594,1416,10574,5558,5016,449,211,238
1.0 Scen,2037,089,Colorado County,24800,12913,11887,10535,5416,5119,3011,1604,1407,10796,5680,5116,458,213,245
1.0 Scen,2038,089,Colorado County,24865,12970,11895,10373,5346,5027,3008,1607,1401,11015,5800,5215,469,217,252
1.0 Scen,2039,089,Colorado County,24926,13024,11902,10205,5274,4931,3006,1609,1397,11234,5920,5314,481,221,260
1.0 Scen,2040,089,Colorado County,24964,13068,11896,10035,5200,4835,2986,1606,1380,11451,6034,5417,492,228,264
1.0 Scen,2041,089,Colorado County,25015,13116,11899,9862,5122,4740,2973,1609,1364,11676,6152,5524,504,233,271
1.0 Scen,2042,089,Colorado County,25047,13158,11889,9688,5047,4641,2953,1602,1351,11890,6272,5618,516,237,279
1.0 Scen,2043,089,Colorado County,25090,13199,11891,9510,4967,4543,2942,1600,1342,12107,6390,5717,531,242,289
1.0 Scen,2044,089,Colorado County,25136,13248,11888,9341,4897,4444,2923,1596,1327,12324,6506,5818,548,249,299
1.0 Scen,2045,089,Colorado County,25179,13291,11888,9166,4817,4349,2899,1589,1310,12553,6630,5923,561,255,306
1.0 Scen,2046,089,Colorado County,25231,13341,11890,8991,4740,4251,2880,1587,1293,12786,6755,6031,574,259,315
1.0 Scen,2047,089,Colorado County,25291,13400,11891,8828,4669,4159,2866,1586,1280,13009,6882,6127,588,263,325
1.0 Scen,2048,089,Colorado County,25352,13445,11907,8661,4592,4069,2854,1580,1274,13235,7007,6228,602,266,336
1.0 Scen,2049,089,Colorado County,25425,13517,11908,8508,4530,3978,2843,1582,1261,13461,7134,6327,613,271,342
1.0 Scen,2050,089,Colorado County,25492,13571,11921,8364,4467,3897,2824,1577,1247,13685,7256,6429,619,271,348
1.0 Scen,2010,091,Comal County,108472,53254,55218,77387,38020,39367,1606,859,747,26989,13247,13742,2490,1128,1362
1.0 Scen,2011,091,Comal County,112256,55148,57108,79831,39258,40573,1685,900,785,28092,13787,14305,2648,1203,1445
1.0 Scen,2012,091,Comal County,116131,57088,59043,82320,40516,41804,1771,946,825,29228,14344,14884,2812,1282,1530
1.0 Scen,2013,091,Comal County,120101,59079,61022,84853,41801,43052,1860,991,869,30404,14923,15481,2984,1364,1620
1.0 Scen,2014,091,Comal County,124179,61128,63051,87447,43111,44336,1960,1045,915,31609,15515,16094,3163,1457,1706
1.0 Scen,2015,091,Comal County,128347,63204,65143,90076,44431,45645,2053,1095,958,32870,16134,16736,3348,1544,1804
1.0 Scen,2016,091,Comal County,132578,65326,67252,92724,45763,46961,2146,1147,999,34169,16778,17391,3539,1638,1901
1.0 Scen,2017,091,Comal County,136927,67500,69427,95411,47117,48294,2247,1202,1045,35530,17447,18083,3739,1734,2005
1.0 Scen,2018,091,Comal County,141332,69704,71628,98103,48475,49628,2356,1257,1099,36931,18140,18791,3942,1832,2110
1.0 Scen,2019,091,Comal County,145804,71949,73855,100823,49852,50971,2452,1304,1148,38371,18855,19516,4158,1938,2220
1.0 Scen,2020,091,Comal County,150366,74231,76135,103559,51228,52331,2558,1356,1202,39865,19599,20266,4384,2048,2336
1.0 Scen,2021,091,Comal County,155034,76592,78442,106345,52649,53696,2645,1402,1243,41419,20375,21044,4625,2166,2459
1.0 Scen,2022,091,Comal County,159757,78962,80795,109129,54062,55067,2754,1455,1299,43014,21165,21849,4860,2280,2580
1.0 Scen,2023,091,Comal County,164535,81359,83176,111926,55481,56445,2855,1501,1354,44647,21973,22674,5107,2404,2703
1.0 Scen,2024,091,Comal County,169469,83839,85630,114779,56933,57846,2957,1545,1412,46351,22826,23525,5382,2535,2847
1.0 Scen,2025,091,Comal County,174432,86357,88075,117628,58393,59235,3063,1597,1466,48080,23691,24389,5661,2676,2985
1.0 Scen,2026,091,Comal County,179441,88893,90548,120480,59856,60624,3164,1646,1518,49860,24572,25288,5937,2819,3118
1.0 Scen,2027,091,Comal County,184513,91474,93039,123328,61324,62004,3262,1696,1566,51689,25486,26203,6234,2968,3266
1.0 Scen,2028,091,Comal County,189598,94077,95521,126173,62800,63373,3350,1740,1610,53546,26417,27129,6529,3120,3409
1.0 Scen,2029,091,Comal County,194738,96709,98029,129002,64276,64726,3442,1787,1655,55455,27364,28091,6839,3282,3557
1.0 Scen,2030,091,Comal County,199936,99373,100563,131826,65753,66073,3542,1834,1708,57400,28332,29068,7168,3454,3714
1.0 Scen,2031,091,Comal County,205129,102049,103080,134626,67226,67400,3637,1889,1748,59348,29299,30049,7518,3635,3883
1.0 Scen,2032,091,Comal County,210345,104753,105592,137377,68686,68691,3746,1944,1802,61351,30305,31046,7871,3818,4053
1.0 Scen,2033,091,Comal County,215560,107461,108099,140073,70126,69947,3848,1998,1850,63390,31324,32066,8249,4013,4236
1.0 Scen,2034,091,Comal County,220773,110197,110576,142741,71562,71179,3943,2049,1894,65463,32366,33097,8626,4220,4406
1.0 Scen,2035,091,Comal County,226007,112935,113072,145345,72978,72367,4049,2104,1945,67577,33419,34158,9036,4434,4602
1.0 Scen,2036,091,Comal County,231257,115691,115566,147915,74382,73533,4156,2163,1993,69722,34486,35236,9464,4660,4804
1.0 Scen,2037,091,Comal County,236494,118460,118034,150440,75775,74665,4257,2216,2041,71902,35577,36325,9895,4892,5003
1.0 Scen,2038,091,Comal County,241753,121243,120510,152921,77150,75771,4355,2264,2091,74126,36698,37428,10351,5131,5220
1.0 Scen,2039,091,Comal County,247001,124049,122952,155346,78507,76839,4456,2319,2137,76373,37832,38541,10826,5391,5435
1.0 Scen,2040,091,Comal County,252268,126865,125403,157705,79840,77865,4567,2376,2191,78665,38987,39678,11331,5662,5669
1.0 Scen,2041,091,Comal County,257550,129698,127852,160017,81149,78868,4670,2429,2241,81008,40177,40831,11855,5943,5912
1.0 Scen,2042,091,Comal County,262819,132552,130267,162272,82443,79829,4771,2482,2289,83374,41390,41984,12402,6237,6165
1.0 Scen,2043,091,Comal County,268098,135421,132677,164475,83716,80759,4869,2537,2332,85782,42623,43159,12972,6545,6427
1.0 Scen,2044,091,Comal County,273405,138326,135079,166627,84964,81663,4978,2602,2376,88241,43890,44351,13559,6870,6689
1.0 Scen,2045,091,Comal County,278744,141236,137508,168736,86199,82537,5089,2657,2432,90746,45176,45570,14173,7204,6969
1.0 Scen,2046,091,Comal County,284083,144170,139913,170813,87423,83390,5187,2714,2473,93276,46482,46794,14807,7551,7256
1.0 Scen,2047,091,Comal County,289487,147139,142348,172858,88630,84228,5294,2775,2519,95860,47817,48043,15475,7917,7558
1.0 Scen,2048,091,Comal County,294932,150140,144792,174889,89832,85057,5406,2837,2569,98481,49177,49304,16156,8294,7862
1.0 Scen,2049,091,Comal County,300414,153172,147242,176901,91041,85860,5504,2892,2612,101145,50562,50583,16864,8677,8187
1.0 Scen,2050,091,Comal County,305977,156243,149734,178917,92249,86668,5618,2955,2663,103856,51975,51881,17586,9064,8522
1.0 Scen,2010,093,Comanche County,13974,6885,7089,10145,4922,5223,25,11,14,3605,1865,1740,199,87,112
1.0 Scen,2011,093,Comanche County,14081,6951,7130,10150,4934,5216,25,11,14,3705,1918,1787,201,88,113
1.0 Scen,2012,093,Comanche County,14146,7012,7134,10110,4935,5175,25,11,14,3810,1978,1832,201,88,113
1.0 Scen,2013,093,Comanche County,14241,7064,7177,10102,4930,5172,25,11,14,3909,2032,1877,205,91,114
1.0 Scen,2014,093,Comanche County,14335,7118,7217,10078,4921,5157,25,11,14,4022,2094,1928,210,92,118
1.0 Scen,2015,093,Comanche County,14425,7183,7242,10055,4921,5134,25,11,14,4132,2157,1975,213,94,119
1.0 Scen,2016,093,Comanche County,14505,7242,7263,10028,4921,5107,25,11,14,4236,2215,2021,216,95,121
1.0 Scen,2017,093,Comanche County,14577,7293,7284,10005,4916,5089,25,11,14,4331,2271,2060,216,95,121
1.0 Scen,2018,093,Comanche County,14677,7353,7324,9989,4914,5075,25,11,14,4444,2332,2112,219,96,123
1.0 Scen,2019,093,Comanche County,14778,7422,7356,9961,4907,5054,25,11,14,4572,2406,2166,220,98,122
1.0 Scen,2020,093,Comanche County,14855,7473,7382,9918,4895,5023,25,11,14,4689,2468,2221,223,99,124
1.0 Scen,2021,093,Comanche County,14954,7539,7415,9885,4889,4996,24,11,13,4820,2539,2281,225,100,125
1.0 Scen,2022,093,Comanche County,15031,7590,7441,9841,4874,4967,25,11,14,4938,2604,2334,227,101,126
1.0 Scen,2023,093,Comanche County,15110,7642,7468,9798,4858,4940,27,12,15,5057,2670,2387,228,102,126
1.0 Scen,2024,093,Comanche County,15215,7712,7503,9762,4852,4910,28,12,16,5198,2747,2451,227,101,126
1.0 Scen,2025,093,Comanche County,15301,7769,7532,9715,4836,4879,28,12,16,5328,2818,2510,230,103,127
1.0 Scen,2026,093,Comanche County,15367,7824,7543,9657,4822,4835,29,12,17,5449,2886,2563,232,104,128
1.0 Scen,2027,093,Comanche County,15438,7864,7574,9598,4797,4801,30,13,17,5577,2949,2628,233,105,128
1.0 Scen,2028,093,Comanche County,15502,7911,7591,9536,4779,4757,31,13,18,5699,3013,2686,236,106,130
1.0 Scen,2029,093,Comanche County,15557,7956,7601,9463,4749,4714,31,13,18,5826,3088,2738,237,106,131
1.0 Scen,2030,093,Comanche County,15632,8010,7622,9403,4729,4674,31,13,18,5960,3160,2800,238,108,130
1.0 Scen,2031,093,Comanche County,15671,8040,7631,9329,4700,4629,31,13,18,6073,3219,2854,238,108,130
1.0 Scen,2032,093,Comanche County,15726,8078,7648,9263,4676,4587,30,13,17,6198,3281,2917,235,108,127
1.0 Scen,2033,093,Comanche County,15779,8118,7661,9198,4653,4545,30,13,17,6315,3343,2972,236,109,127
1.0 Scen,2034,093,Comanche County,15789,8135,7654,9102,4619,4483,30,13,17,6419,3394,3025,238,109,129
1.0 Scen,2035,093,Comanche County,15835,8175,7660,9029,4592,4437,30,13,17,6536,3459,3077,240,111,129
1.0 Scen,2036,093,Comanche County,15851,8196,7655,8932,4549,4383,30,13,17,6647,3521,3126,242,113,129
1.0 Scen,2037,093,Comanche County,15883,8225,7658,8853,4523,4330,30,13,17,6757,3575,3182,243,114,129
1.0 Scen,2038,093,Comanche County,15921,8258,7663,8780,4493,4287,31,14,17,6864,3635,3229,246,116,130
1.0 Scen,2039,093,Comanche County,15936,8274,7662,8683,4454,4229,31,14,17,6976,3691,3285,246,115,131
1.0 Scen,2040,093,Comanche County,15966,8300,7666,8596,4419,4177,31,14,17,7091,3751,3340,248,116,132
1.0 Scen,2041,093,Comanche County,15981,8324,7657,8507,4383,4124,31,14,17,7193,3810,3383,250,117,133
1.0 Scen,2042,093,Comanche County,15991,8351,7640,8406,4347,4059,31,14,17,7302,3871,3431,252,119,133
1.0 Scen,2043,093,Comanche County,15994,8366,7628,8308,4306,4002,29,12,17,7405,3929,3476,252,119,133
1.0 Scen,2044,093,Comanche County,16007,8388,7619,8214,4267,3947,29,12,17,7512,3990,3522,252,119,133
1.0 Scen,2045,093,Comanche County,16012,8408,7604,8107,4219,3888,29,12,17,7626,4057,3569,250,120,130
1.0 Scen,2046,093,Comanche County,16014,8423,7591,8013,4178,3835,30,13,17,7729,4114,3615,242,118,124
1.0 Scen,2047,093,Comanche County,16027,8456,7571,7920,4145,3775,30,13,17,7843,4181,3662,234,117,117
1.0 Scen,2048,093,Comanche County,16036,8472,7564,7826,4106,3720,30,13,17,7950,4242,3708,230,111,119
1.0 Scen,2049,093,Comanche County,16057,8500,7557,7738,4069,3669,28,12,16,8062,4309,3753,229,110,119
1.0 Scen,2050,093,Comanche County,16052,8515,7537,7633,4027,3606,27,11,16,8170,4371,3799,222,106,116
1.0 Scen,2010,095,Concho County,4087,2793,1294,1810,928,882,57,53,4,2173,1783,390,47,29,18
1.0 Scen,2011,095,Concho County,4117,2811,1306,1821,933,888,57,53,4,2192,1796,396,47,29,18
1.0 Scen,2012,095,Concho County,4144,2829,1315,1825,935,890,57,53,4,2215,1812,403,47,29,18
1.0 Scen,2013,095,Concho County,4169,2840,1329,1828,933,895,57,53,4,2237,1825,412,47,29,18
1.0 Scen,2014,095,Concho County,4188,2850,1338,1827,934,893,57,53,4,2257,1834,423,47,29,18
1.0 Scen,2015,095,Concho County,4207,2861,1346,1825,932,893,57,53,4,2277,1846,431,48,30,18
1.0 Scen,2016,095,Concho County,4237,2879,1358,1825,930,895,57,53,4,2306,1866,440,49,30,19
1.0 Scen,2017,095,Concho County,4256,2893,1363,1818,927,891,57,53,4,2331,1882,449,50,31,19
1.0 Scen,2018,095,Concho County,4264,2898,1366,1807,922,885,57,53,4,2349,1892,457,51,31,20
1.0 Scen,2019,095,Concho County,4281,2912,1369,1800,920,880,57,53,4,2372,1907,465,52,32,20
1.0 Scen,2020,095,Concho County,4299,2922,1377,1793,915,878,57,53,4,2396,1922,474,53,32,21
1.0 Scen,2021,095,Concho County,4307,2927,1380,1776,904,872,57,53,4,2420,1937,483,54,33,21
1.0 Scen,2022,095,Concho County,4328,2942,1386,1771,901,870,57,53,4,2445,1955,490,55,33,22
1.0 Scen,2023,095,Concho County,4338,2949,1389,1760,896,864,57,53,4,2466,1967,499,55,33,22
1.0 Scen,2024,095,Concho County,4349,2965,1384,1744,891,853,57,53,4,2493,1988,505,55,33,22
1.0 Scen,2025,095,Concho County,4361,2974,1387,1733,888,845,57,53,4,2516,2000,516,55,33,22
1.0 Scen,2026,095,Concho County,4358,2979,1379,1704,876,828,57,53,4,2542,2017,525,55,33,22
1.0 Scen,2027,095,Concho County,4359,2981,1378,1686,868,818,56,52,4,2562,2028,534,55,33,22
1.0 Scen,2028,095,Concho County,4372,2988,1384,1673,859,814,57,53,4,2587,2043,544,55,33,22
1.0 Scen,2029,095,Concho County,4371,2997,1374,1664,856,808,56,52,4,2596,2056,540,55,33,22
1.0 Scen,2030,095,Concho County,4376,3005,1371,1651,849,802,57,53,4,2613,2070,543,55,33,22
1.0 Scen,2031,095,Concho County,4384,3018,1366,1640,847,793,56,52,4,2633,2086,547,55,33,22
1.0 Scen,2032,095,Concho County,4397,3029,1368,1628,841,787,56,52,4,2659,2103,556,54,33,21
1.0 Scen,2033,095,Concho County,4389,3033,1356,1606,834,772,55,52,3,2674,2114,560,54,33,21
1.0 Scen,2034,095,Concho County,4394,3042,1352,1587,830,757,55,52,3,2696,2125,571,56,35,21
1.0 Scen,2035,095,Concho County,4395,3047,1348,1567,822,745,56,53,3,2720,2139,581,52,33,19
1.0 Scen,2036,095,Concho County,4405,3049,1356,1550,809,741,56,53,3,2746,2153,593,53,34,19
1.0 Scen,2037,095,Concho County,4406,3048,1358,1533,799,734,54,51,3,2768,2166,602,51,32,19
1.0 Scen,2038,095,Concho County,4408,3051,1357,1515,791,724,53,50,3,2788,2178,610,52,32,20
1.0 Scen,2039,095,Concho County,4405,3049,1356,1499,786,713,53,50,3,2801,2181,620,52,32,20
1.0 Scen,2040,095,Concho County,4381,3039,1342,1473,777,696,51,48,3,2804,2181,623,53,33,20
1.0 Scen,2041,095,Concho County,4376,3034,1342,1460,770,690,50,47,3,2813,2184,629,53,33,20
1.0 Scen,2042,095,Concho County,4355,3023,1332,1433,752,681,47,44,3,2822,2194,628,53,33,20
1.0 Scen,2043,095,Concho County,4337,3016,1321,1403,740,663,48,45,3,2833,2198,635,53,33,20
1.0 Scen,2044,095,Concho County,4317,3012,1305,1377,731,646,49,46,3,2840,2204,636,51,31,20
1.0 Scen,2045,095,Concho County,4306,3007,1299,1359,722,637,48,45,3,2846,2207,639,53,33,20
1.0 Scen,2046,095,Concho County,4305,3009,1296,1348,722,626,49,46,3,2859,2209,650,49,32,17
1.0 Scen,2047,095,Concho County,4300,3001,1299,1332,713,619,48,45,3,2871,2210,661,49,33,16
1.0 Scen,2048,095,Concho County,4301,2993,1308,1326,708,618,47,44,3,2879,2208,671,49,33,16
1.0 Scen,2049,095,Concho County,4290,2984,1306,1314,699,615,48,45,3,2879,2207,672,49,33,16
1.0 Scen,2050,095,Concho County,4277,2973,1304,1305,697,608,47,44,3,2876,2199,677,49,33,16
1.0 Scen,2010,097,Cooke County,38437,19056,19381,30255,14799,15456,1018,557,461,5997,3186,2811,1167,514,653
1.0 Scen,2011,097,Cooke County,38758,19242,19516,30309,14840,15469,1026,563,463,6230,3315,2915,1193,524,669
1.0 Scen,2012,097,Cooke County,39085,19438,19647,30355,14884,15471,1040,570,470,6461,3443,3018,1229,541,688
1.0 Scen,2013,097,Cooke County,39419,19630,19789,30404,14920,15484,1055,579,476,6702,3577,3125,1258,554,704
1.0 Scen,2014,097,Cooke County,39752,19829,19923,30434,14954,15480,1068,586,482,6955,3716,3239,1295,573,722
1.0 Scen,2015,097,Cooke County,40075,20020,20055,30467,14986,15481,1082,596,486,7194,3845,3349,1332,593,739
1.0 Scen,2016,097,Cooke County,40388,20211,20177,30469,15004,15465,1095,603,492,7460,3994,3466,1364,610,754
1.0 Scen,2017,097,Cooke County,40726,20416,20310,30472,15020,15452,1107,608,499,7749,4158,3591,1398,630,768
1.0 Scen,2018,097,Cooke County,41073,20623,20450,30470,15035,15435,1118,614,504,8045,4320,3725,1440,654,786
1.0 Scen,2019,097,Cooke County,41413,20829,20584,30461,15047,15414,1126,620,506,8348,4489,3859,1478,673,805
1.0 Scen,2020,097,Cooke County,41744,21033,20711,30427,15048,15379,1136,627,509,8658,4659,3999,1523,699,824
1.0 Scen,2021,097,Cooke County,42070,21229,20841,30399,15051,15348,1140,632,508,8969,4829,4140,1562,717,845
1.0 Scen,2022,097,Cooke County,42400,21431,20969,30355,15049,15306,1146,637,509,9292,5008,4284,1607,737,870
1.0 Scen,2023,097,Cooke County,42735,21626,21109,30320,15050,15270,1152,641,511,9617,5181,4436,1646,754,892
1.0 Scen,2024,097,Cooke County,43058,21808,21250,30258,15024,15234,1159,644,515,9954,5367,4587,1687,773,914
1.0 Scen,2025,097,Cooke County,43378,22000,21378,30185,15005,15180,1164,647,517,10298,5552,4746,1731,796,935
1.0 Scen,2026,097,Cooke County,43687,22190,21497,30089,14974,15115,1169,652,517,10646,5742,4904,1783,822,961
1.0 Scen,2027,097,Cooke County,43993,22381,21612,29984,14940,15044,1168,655,513,11004,5936,5068,1837,850,987
1.0 Scen,2028,097,Cooke County,44273,22546,21727,29859,14887,14972,1168,658,510,11357,6123,5234,1889,878,1011
1.0 Scen,2029,097,Cooke County,44549,22719,21830,29712,14828,14884,1172,664,508,11722,6318,5404,1943,909,1034
1.0 Scen,2030,097,Cooke County,44816,22887,21929,29559,14770,14789,1173,667,506,12080,6512,5568,2004,938,1066
1.0 Scen,2031,097,Cooke County,45078,23055,22023,29377,14693,14684,1174,672,502,12451,6711,5740,2076,979,1097
1.0 Scen,2032,097,Cooke County,45323,23222,22101,29186,14617,14569,1175,677,498,12821,6912,5909,2141,1016,1125
1.0 Scen,2033,097,Cooke County,45566,23376,22190,28988,14539,14449,1171,673,498,13197,7114,6083,2210,1050,1160
1.0 Scen,2034,097,Cooke County,45823,23542,22281,28770,14450,14320,1173,676,497,13589,7328,6261,2291,1088,1203
1.0 Scen,2035,097,Cooke County,46022,23671,22351,28530,14343,14187,1174,677,497,13953,7527,6426,2365,1124,1241
1.0 Scen,2036,097,Cooke County,46253,23826,22427,28291,14245,14046,1172,680,492,14347,7737,6610,2443,1164,1279
1.0 Scen,2037,097,Cooke County,46454,23974,22480,28031,14134,13897,1175,683,492,14724,7948,6776,2524,1209,1315
1.0 Scen,2038,097,Cooke County,46643,24109,22534,27756,14006,13750,1172,685,487,15108,8163,6945,2607,1255,1352
1.0 Scen,2039,097,Cooke County,46837,24253,22584,27468,13886,13582,1167,683,484,15512,8389,7123,2690,1295,1395
1.0 Scen,2040,097,Cooke County,47022,24386,22636,27179,13754,13425,1160,682,478,15907,8609,7298,2776,1341,1435
1.0 Scen,2041,097,Cooke County,47183,24514,22669,26877,13622,13255,1158,686,472,16297,8825,7472,2851,1381,1470
1.0 Scen,2042,097,Cooke County,47365,24646,22719,26571,13490,13081,1156,689,467,16697,9040,7657,2941,1427,1514
1.0 Scen,2043,097,Cooke County,47533,24776,22757,26266,13356,12910,1151,692,459,17091,9257,7834,3025,1471,1554
1.0 Scen,2044,097,Cooke County,47687,24889,22798,25942,13210,12732,1139,684,455,17479,9469,8010,3127,1526,1601
1.0 Scen,2045,097,Cooke County,47885,25028,22857,25630,13072,12558,1139,686,453,17897,9695,8202,3219,1575,1644
1.0 Scen,2046,097,Cooke County,48072,25168,22904,25327,12946,12381,1138,691,447,18305,9916,8389,3302,1615,1687
1.0 Scen,2047,097,Cooke County,48252,25298,22954,25017,12808,12209,1127,690,437,18711,10139,8572,3397,1661,1736
1.0 Scen,2048,097,Cooke County,48436,25432,23004,24714,12678,12036,1121,686,435,19119,10360,8759,3482,1708,1774
1.0 Scen,2049,097,Cooke County,48665,25590,23075,24426,12560,11866,1118,688,430,19537,10586,8951,3584,1756,1828
1.0 Scen,2050,097,Cooke County,48881,25746,23135,24135,12435,11700,1117,691,426,19954,10815,9139,3675,1805,1870
1.0 Scen,2010,099,Coryell County,75388,36892,38496,46776,22973,23803,11450,5452,5998,11973,6058,5915,5189,2409,2780
1.0 Scen,2011,099,Coryell County,76718,37555,39163,47244,23202,24042,11583,5529,6054,12467,6299,6168,5424,2525,2899
1.0 Scen,2012,099,Coryell County,77979,38163,39816,47641,23367,24274,11692,5593,6099,12978,6550,6428,5668,2653,3015
1.0 Scen,2013,099,Coryell County,79110,38671,40439,47938,23455,24483,11786,5644,6142,13484,6795,6689,5902,2777,3125
1.0 Scen,2014,099,Coryell County,80238,39168,41070,48188,23523,24665,11886,5695,6191,14007,7045,6962,6157,2905,3252
1.0 Scen,2015,099,Coryell County,81321,39660,41661,48382,23574,24808,11978,5737,6241,14550,7308,7242,6411,3041,3370
1.0 Scen,2016,099,Coryell County,82355,40113,42242,48495,23572,24923,12063,5783,6280,15116,7582,7534,6681,3176,3505
1.0 Scen,2017,099,Coryell County,83448,40616,42832,48663,23626,25037,12154,5825,6329,15684,7850,7834,6947,3315,3632
1.0 Scen,2018,099,Coryell County,84483,41099,43384,48769,23647,25122,12224,5862,6362,16276,8134,8142,7214,3456,3758
1.0 Scen,2019,099,Coryell County,85571,41618,43953,48915,23695,25220,12293,5902,6391,16876,8421,8455,7487,3600,3887
1.0 Scen,2020,099,Coryell County,86638,42123,44515,49029,23723,25306,12354,5935,6419,17481,8716,8765,7774,3749,4025
1.0 Scen,2021,099,Coryell County,87713,42629,45084,49148,23759,25389,12406,5964,6442,18090,9007,9083,8069,3899,4170
1.0 Scen,2022,099,Coryell County,88802,43164,45638,49285,23818,25467,12454,5993,6461,18700,9297,9403,8363,4056,4307
1.0 Scen,2023,099,Coryell County,89937,43720,46217,49423,23877,25546,12496,6022,6474,19343,9608,9735,8675,4213,4462
1.0 Scen,2024,099,Coryell County,91085,44285,46800,49538,23930,25608,12547,6048,6499,20002,9930,10072,8998,4377,4621
1.0 Scen,2025,099,Coryell County,92227,44840,47387,49644,23977,25667,12580,6066,6514,20682,10253,10429,9321,4544,4777
1.0 Scen,2026,099,Coryell County,93401,45423,47978,49746,24024,25722,12612,6083,6529,21380,10590,10790,9663,4726,4937
1.0 Scen,2027,099,Coryell County,94599,46021,48578,49840,24075,25765,12640,6099,6541,22101,10939,11162,10018,4908,5110
1.0 Scen,2028,099,Coryell County,95833,46641,49192,49924,24114,25810,12666,6120,6546,22864,11306,11558,10379,5101,5278
1.0 Scen,2029,099,Coryell County,97143,47280,49863,50031,24160,25871,12698,6132,6566,23644,11679,11965,10770,5309,5461
1.0 Scen,2030,099,Coryell County,98517,47946,50571,50142,24193,25949,12743,6154,6589,24459,12073,12386,11173,5526,5647
1.0 Scen,2031,099,Coryell County,99865,48598,51267,50238,24221,26017,12752,6158,6594,25295,12476,12819,11580,5743,5837
1.0 Scen,2032,099,Coryell County,101235,49257,51978,50316,24237,26079,12763,6160,6603,26140,12886,13254,12016,5974,6042
1.0 Scen,2033,099,Coryell County,102633,49938,52695,50374,24252,26122,12778,6168,6610,27023,13310,13713,12458,6208,6250
1.0 Scen,2034,099,Coryell County,103997,50591,53406,50396,24245,26151,12766,6159,6607,27926,13741,14185,12909,6446,6463
1.0 Scen,2035,099,Coryell County,105352,51255,54097,50385,24221,26164,12756,6155,6601,28840,14186,14654,13371,6693,6678
1.0 Scen,2036,099,Coryell County,106718,51931,54787,50355,24200,26155,12727,6145,6582,29799,14649,15150,13837,6937,6900
1.0 Scen,2037,099,Coryell County,108061,52562,55499,50291,24146,26145,12701,6124,6577,30763,15113,15650,14306,7179,7127
1.0 Scen,2038,099,Coryell County,109367,53209,56158,50194,24084,26110,12658,6110,6548,31734,15583,16151,14781,7432,7349
1.0 Scen,2039,099,Coryell County,110642,53823,56819,50074,24018,26056,12588,6071,6517,32718,16050,16668,15262,7684,7578
1.0 Scen,2040,099,Coryell County,111930,54464,57466,49923,23937,25986,12534,6050,6484,33720,16534,17186,15753,7943,7810
1.0 Scen,2041,099,Coryell County,113182,55085,58097,49750,23845,25905,12452,6010,6442,34729,17017,17712,16251,8213,8038
1.0 Scen,2042,099,Coryell County,114441,55708,58733,49543,23737,25806,12383,5979,6404,35754,17506,18248,16761,8486,8275
1.0 Scen,2043,099,Coryell County,115694,56338,59356,49316,23625,25691,12288,5938,6350,36804,18007,18797,17286,8768,8518
1.0 Scen,2044,099,Coryell County,116933,56962,59971,49091,23521,25570,12189,5887,6302,37844,18505,19339,17809,9049,8760
1.0 Scen,2045,099,Coryell County,118150,57569,60581,48827,23388,25439,12077,5838,6239,38906,19016,19890,18340,9327,9013
1.0 Scen,2046,099,Coryell County,119369,58176,61193,48560,23255,25305,11950,5773,6177,39978,19531,20447,18881,9617,9264
1.0 Scen,2047,099,Coryell County,120569,58780,61789,48285,23123,25162,11830,5717,6113,41050,20046,21004,19404,9894,9510
1.0 Scen,2048,099,Coryell County,121777,59399,62378,48009,22999,25010,11698,5656,6042,42139,20571,21568,19931,10173,9758
1.0 Scen,2049,099,Coryell County,123006,60028,62978,47719,22876,24843,11573,5595,5978,43243,21102,22141,20471,10455,10016
1.0 Scen,2050,099,Coryell County,124214,60638,63576,47429,22742,24687,11444,5538,5906,44340,21628,22712,21001,10730,10271
1.0 Scen,2010,101,Cottle County,1505,713,792,1043,492,551,129,59,70,316,151,165,17,11,6
1.0 Scen,2011,101,Cottle County,1519,721,798,1050,496,554,130,60,70,322,154,168,17,11,6
1.0 Scen,2012,101,Cottle County,1529,727,802,1054,499,555,130,60,70,328,157,171,17,11,6
1.0 Scen,2013,101,Cottle County,1545,735,810,1062,503,559,132,61,71,334,160,174,17,11,6
1.0 Scen,2014,101,Cottle County,1559,742,817,1068,507,561,134,61,73,340,163,177,17,11,6
1.0 Scen,2015,101,Cottle County,1572,752,820,1071,510,561,138,65,73,346,166,180,17,11,6
1.0 Scen,2016,101,Cottle County,1578,758,820,1068,512,556,141,66,75,352,169,183,17,11,6
1.0 Scen,2017,101,Cottle County,1583,766,817,1065,515,550,143,67,76,358,173,185,17,11,6
1.0 Scen,2018,101,Cottle County,1583,767,816,1057,511,546,145,68,77,364,177,187,17,11,6
1.0 Scen,2019,101,Cottle County,1579,770,809,1046,509,537,147,69,78,369,181,188,17,11,6
1.0 Scen,2020,101,Cottle County,1578,774,804,1037,508,529,149,70,79,375,185,190,17,11,6
1.0 Scen,2021,101,Cottle County,1580,778,802,1031,507,524,151,71,80,381,189,192,17,11,6
1.0 Scen,2022,101,Cottle County,1580,777,803,1024,503,521,153,72,81,387,192,195,16,10,6
1.0 Scen,2023,101,Cottle County,1583,783,800,1018,503,515,155,73,82,394,197,197,16,10,6
1.0 Scen,2024,101,Cottle County,1579,786,793,1010,504,506,154,72,82,399,200,199,16,10,6
1.0 Scen,2025,101,Cottle County,1578,790,788,1004,504,500,151,72,79,407,204,203,16,10,6
1.0 Scen,2026,101,Cottle County,1581,794,787,1000,504,496,152,72,80,413,208,205,16,10,6
1.0 Scen,2027,101,Cottle County,1578,792,786,992,498,494,153,73,80,418,211,207,15,10,5
1.0 Scen,2028,101,Cottle County,1575,790,785,983,493,490,152,72,80,425,215,210,15,10,5
1.0 Scen,2029,101,Cottle County,1572,788,784,974,486,488,152,73,79,431,219,212,15,10,5
1.0 Scen,2030,101,Cottle County,1570,786,784,965,482,483,151,72,79,439,222,217,15,10,5
1.0 Scen,2031,101,Cottle County,1561,781,780,951,474,477,150,72,78,445,225,220,15,10,5
1.0 Scen,2032,101,Cottle County,1558,780,778,943,470,473,151,72,79,449,228,221,15,10,5
1.0 Scen,2033,101,Cottle County,1559,783,776,939,470,469,151,72,79,454,231,223,15,10,5
1.0 Scen,2034,101,Cottle County,1564,785,779,939,471,468,150,70,80,460,234,226,15,10,5
1.0 Scen,2035,101,Cottle County,1565,786,779,935,468,467,149,70,79,466,238,228,15,10,5
1.0 Scen,2036,101,Cottle County,1560,787,773,929,466,463,147,69,78,469,242,227,15,10,5
1.0 Scen,2037,101,Cottle County,1557,790,767,925,466,459,145,69,76,472,245,227,15,10,5
1.0 Scen,2038,101,Cottle County,1546,791,755,914,466,448,144,68,76,473,247,226,15,10,5
1.0 Scen,2039,101,Cottle County,1540,791,749,909,464,445,145,70,75,471,247,224,15,10,5
1.0 Scen,2040,101,Cottle County,1534,785,749,905,459,446,144,69,75,470,247,223,15,10,5
1.0 Scen,2041,101,Cottle County,1534,786,748,910,463,447,143,69,74,466,244,222,15,10,5
1.0 Scen,2042,101,Cottle County,1524,780,744,908,462,446,142,68,74,459,240,219,15,10,5
1.0 Scen,2043,101,Cottle County,1520,778,742,907,462,445,141,68,73,458,239,219,14,9,5
1.0 Scen,2044,101,Cottle County,1516,771,745,913,462,451,140,67,73,450,233,217,13,9,4
1.0 Scen,2045,101,Cottle County,1505,773,732,907,464,443,139,68,71,446,232,214,13,9,4
1.0 Scen,2046,101,Cottle County,1496,770,726,904,465,439,138,67,71,441,229,212,13,9,4
1.0 Scen,2047,101,Cottle County,1483,769,714,893,462,431,134,67,67,443,231,212,13,9,4
1.0 Scen,2048,101,Cottle County,1474,759,715,889,455,434,132,65,67,440,230,210,13,9,4
1.0 Scen,2049,101,Cottle County,1475,763,712,892,459,433,131,65,66,439,230,209,13,9,4
1.0 Scen,2050,101,Cottle County,1478,765,713,900,465,435,129,64,65,436,227,209,13,9,4
1.0 Scen,2010,103,Crane County,4375,2145,2230,1761,839,922,122,62,60,2409,1202,1207,83,42,41
1.0 Scen,2011,103,Crane County,4470,2201,2269,1779,853,926,123,63,60,2484,1242,1242,84,43,41
1.0 Scen,2012,103,Crane County,4567,2254,2313,1796,864,932,123,63,60,2563,1283,1280,85,44,41
1.0 Scen,2013,103,Crane County,4660,2304,2356,1812,871,941,124,64,60,2638,1324,1314,86,45,41
1.0 Scen,2014,103,Crane County,4760,2356,2404,1834,882,952,125,64,61,2714,1365,1349,87,45,42
1.0 Scen,2015,103,Crane County,4847,2408,2439,1845,895,950,126,64,62,2788,1403,1385,88,46,42
1.0 Scen,2016,103,Crane County,4944,2468,2476,1856,906,950,127,64,63,2872,1452,1420,89,46,43
1.0 Scen,2017,103,Crane County,5054,2531,2523,1872,918,954,128,65,63,2963,1501,1462,91,47,44
1.0 Scen,2018,103,Crane County,5145,2589,2556,1877,927,950,130,66,64,3047,1550,1497,91,46,45
1.0 Scen,2019,103,Crane County,5249,2654,2595,1886,939,947,133,68,65,3138,1600,1538,92,47,45
1.0 Scen,2020,103,Crane County,5349,2712,2637,1888,942,946,135,69,66,3232,1653,1579,94,48,46
1.0 Scen,2021,103,Crane County,5447,2767,2680,1890,944,946,137,70,67,3325,1704,1621,95,49,46
1.0 Scen,2022,103,Crane County,5564,2829,2735,1899,947,952,139,71,68,3429,1760,1669,97,51,46
1.0 Scen,2023,103,Crane County,5652,2874,2778,1901,948,953,140,72,68,3513,1802,1711,98,52,46
1.0 Scen,2024,103,Crane County,5754,2927,2827,1905,949,956,143,73,70,3607,1853,1754,99,52,47
1.0 Scen,2025,103,Crane County,5858,2987,2871,1903,951,952,143,74,69,3712,1909,1803,100,53,47
1.0 Scen,2026,103,Crane County,5972,3054,2918,1904,957,947,144,75,69,3823,1969,1854,101,53,48
1.0 Scen,2027,103,Crane County,6079,3118,2961,1910,962,948,145,76,69,3922,2026,1896,102,54,48
1.0 Scen,2028,103,Crane County,6168,3164,3004,1911,963,948,144,75,69,4011,2072,1939,102,54,48
1.0 Scen,2029,103,Crane County,6278,3225,3053,1916,966,950,146,76,70,4113,2128,1985,103,55,48
1.0 Scen,2030,103,Crane County,6385,3289,3096,1914,969,945,145,75,70,4223,2190,2033,103,55,48
1.0 Scen,2031,103,Crane County,6478,3346,3132,1901,968,933,146,76,70,4328,2246,2082,103,56,47
1.0 Scen,2032,103,Crane County,6570,3404,3166,1892,970,922,147,76,71,4433,2304,2129,98,54,44
1.0 Scen,2033,103,Crane County,6672,3454,3218,1888,968,920,147,77,70,4540,2356,2184,97,53,44
1.0 Scen,2034,103,Crane County,6765,3507,3258,1885,970,915,146,76,70,4636,2409,2227,98,52,46
1.0 Scen,2035,103,Crane County,6863,3565,3298,1873,963,910,143,76,67,4750,2473,2277,97,53,44
1.0 Scen,2036,103,Crane County,6963,3613,3350,1867,960,907,142,75,67,4855,2524,2331,99,54,45
1.0 Scen,2037,103,Crane County,7049,3665,3384,1856,958,898,142,76,66,4952,2577,2375,99,54,45
1.0 Scen,2038,103,Crane County,7136,3710,3426,1840,952,888,139,74,65,5057,2630,2427,100,54,46
1.0 Scen,2039,103,Crane County,7215,3753,3462,1825,947,878,137,74,63,5153,2678,2475,100,54,46
1.0 Scen,2040,103,Crane County,7283,3795,3488,1796,936,860,135,72,63,5255,2736,2519,97,51,46
1.0 Scen,2041,103,Crane County,7375,3851,3524,1781,935,846,134,72,62,5362,2791,2571,98,53,45
1.0 Scen,2042,103,Crane County,7457,3906,3551,1772,938,834,132,71,61,5454,2844,2610,99,53,46
1.0 Scen,2043,103,Crane County,7545,3957,3588,1761,936,825,131,71,60,5554,2897,2657,99,53,46
1.0 Scen,2044,103,Crane County,7643,4012,3631,1755,934,821,130,70,60,5659,2955,2704,99,53,46
1.0 Scen,2045,103,Crane County,7723,4063,3660,1742,933,809,129,70,59,5753,3007,2746,99,53,46
1.0 Scen,2046,103,Crane County,7818,4122,3696,1736,936,800,127,69,58,5857,3064,2793,98,53,45
1.0 Scen,2047,103,Crane County,7911,4181,3730,1729,935,794,127,69,58,5958,3124,2834,97,53,44
1.0 Scen,2048,103,Crane County,7986,4216,3770,1717,931,786,122,64,58,6050,3169,2881,97,52,45
1.0 Scen,2049,103,Crane County,8080,4273,3807,1702,926,776,122,64,58,6160,3231,2929,96,52,44
1.0 Scen,2050,103,Crane County,8147,4316,3831,1685,926,759,120,63,57,6245,3275,2970,97,52,45
1.0 Scen,2010,105,Crockett County,3719,1831,1888,1312,651,661,13,9,4,2352,1144,1208,42,27,15
1.0 Scen,2011,105,Crockett County,3763,1856,1907,1321,657,664,13,9,4,2387,1163,1224,42,27,15
1.0 Scen,2012,105,Crockett County,3807,1882,1925,1330,664,666,13,9,4,2422,1182,1240,42,27,15
1.0 Scen,2013,105,Crockett County,3845,1906,1939,1332,668,664,13,9,4,2458,1202,1256,42,27,15
1.0 Scen,2014,105,Crockett County,3883,1926,1957,1342,673,669,13,9,4,2486,1217,1269,42,27,15
1.0 Scen,2015,105,Crockett County,3918,1946,1972,1346,675,671,13,9,4,2517,1235,1282,42,27,15
1.0 Scen,2016,105,Crockett County,3948,1963,1985,1344,674,670,13,9,4,2549,1253,1296,42,27,15
1.0 Scen,2017,105,Crockett County,3986,1988,1998,1348,679,669,13,9,4,2583,1273,1310,42,27,15
1.0 Scen,2018,105,Crockett County,4019,2011,2008,1346,683,663,13,9,4,2618,1292,1326,42,27,15
1.0 Scen,2019,105,Crockett County,4049,2033,2016,1342,685,657,13,9,4,2652,1312,1340,42,27,15
1.0 Scen,2020,105,Crockett County,4082,2051,2031,1336,682,654,13,9,4,2691,1333,1358,42,27,15
1.0 Scen,2021,105,Crockett County,4097,2062,2035,1325,676,649,13,9,4,2717,1350,1367,42,27,15
1.0 Scen,2022,105,Crockett County,4124,2079,2045,1317,674,643,12,8,4,2753,1370,1383,42,27,15
1.0 Scen,2023,105,Crockett County,4142,2087,2055,1303,665,638,12,8,4,2785,1387,1398,42,27,15
1.0 Scen,2024,105,Crockett County,4145,2091,2054,1288,658,630,12,8,4,2803,1398,1405,42,27,15
1.0 Scen,2025,105,Crockett County,4168,2104,2064,1280,654,626,12,8,4,2835,1416,1419,41,26,15
1.0 Scen,2026,105,Crockett County,4188,2115,2073,1266,648,618,12,8,4,2870,1434,1436,40,25,15
1.0 Scen,2027,105,Crockett County,4199,2121,2078,1250,638,612,12,8,4,2897,1450,1447,40,25,15
1.0 Scen,2028,105,Crockett County,4204,2124,2080,1235,629,606,11,7,4,2918,1463,1455,40,25,15
1.0 Scen,2029,105,Crockett County,4210,2132,2078,1225,626,599,11,7,4,2934,1474,1460,40,25,15
1.0 Scen,2030,105,Crockett County,4203,2127,2076,1216,620,596,11,7,4,2938,1477,1461,38,23,15
1.0 Scen,2031,105,Crockett County,4210,2132,2078,1201,613,588,11,7,4,2959,1488,1471,39,24,15
1.0 Scen,2032,105,Crockett County,4201,2134,2067,1185,608,577,10,7,3,2970,1497,1473,36,22,14
1.0 Scen,2033,105,Crockett County,4191,2133,2058,1169,601,568,10,7,3,2976,1503,1473,36,22,14
1.0 Scen,2034,105,Crockett County,4186,2132,2054,1157,597,560,10,7,3,2984,1507,1477,35,21,14
1.0 Scen,2035,105,Crockett County,4178,2128,2050,1141,591,550,10,7,3,2992,1509,1483,35,21,14
1.0 Scen,2036,105,Crockett County,4169,2127,2042,1128,587,541,10,7,3,2996,1512,1484,35,21,14
1.0 Scen,2037,105,Crockett County,4164,2128,2036,1114,580,534,10,7,3,3006,1521,1485,34,20,14
1.0 Scen,2038,105,Crockett County,4154,2127,2027,1097,573,524,10,7,3,3013,1527,1486,34,20,14
1.0 Scen,2039,105,Crockett County,4147,2124,2023,1084,566,518,10,7,3,3020,1531,1489,33,20,13
1.0 Scen,2040,105,Crockett County,4126,2112,2014,1063,554,509,10,7,3,3021,1532,1489,32,19,13
1.0 Scen,2041,105,Crockett County,4118,2113,2005,1050,547,503,10,7,3,3027,1541,1486,31,18,13
1.0 Scen,2042,105,Crockett County,4110,2110,2000,1034,544,490,10,7,3,3036,1541,1495,30,18,12
1.0 Scen,2043,105,Crockett County,4104,2111,1993,1019,538,481,10,7,3,3045,1548,1497,30,18,12
1.0 Scen,2044,105,Crockett County,4093,2109,1984,1003,530,473,10,7,3,3051,1555,1496,29,17,12
1.0 Scen,2045,105,Crockett County,4068,2105,1963,980,523,457,10,7,3,3048,1557,1491,30,18,12
1.0 Scen,2046,105,Crockett County,4048,2098,1950,967,516,451,10,7,3,3047,1560,1487,24,15,9
1.0 Scen,2047,105,Crockett County,4032,2090,1942,953,509,444,10,7,3,3047,1560,1487,22,14,8
1.0 Scen,2048,105,Crockett County,4021,2093,1928,940,504,436,9,6,3,3050,1569,1481,22,14,8
1.0 Scen,2049,105,Crockett County,4017,2090,1927,929,498,431,9,6,3,3058,1573,1485,21,13,8
1.0 Scen,2050,105,Crockett County,4002,2083,1919,920,493,427,9,6,3,3052,1571,1481,21,13,8
1.0 Scen,2010,107,Crosby County,6059,2917,3142,2625,1245,1380,199,92,107,3171,1547,1624,64,33,31
1.0 Scen,2011,107,Crosby County,6180,2976,3204,2629,1247,1382,201,93,108,3286,1603,1683,64,33,31
1.0 Scen,2012,107,Crosby County,6297,3037,3260,2621,1243,1378,201,93,108,3411,1668,1743,64,33,31
1.0 Scen,2013,107,Crosby County,6403,3092,3311,2610,1236,1374,202,94,108,3527,1729,1798,64,33,31
1.0 Scen,2014,107,Crosby County,6521,3152,3369,2593,1232,1361,202,93,109,3662,1794,1868,64,33,31
1.0 Scen,2015,107,Crosby County,6640,3215,3425,2576,1226,1350,203,95,108,3796,1860,1936,65,34,31
1.0 Scen,2016,107,Crosby County,6746,3271,3475,2554,1217,1337,202,94,108,3925,1926,1999,65,34,31
1.0 Scen,2017,107,Crosby County,6860,3331,3529,2537,1212,1325,202,94,108,4055,1990,2065,66,35,31
1.0 Scen,2018,107,Crosby County,6986,3395,3591,2521,1204,1317,200,93,107,4198,2063,2135,67,35,32
1.0 Scen,2019,107,Crosby County,7116,3457,3659,2510,1197,1313,198,92,106,4340,2132,2208,68,36,32
1.0 Scen,2020,107,Crosby County,7247,3522,3725,2500,1191,1309,199,93,106,4479,2202,2277,69,36,33
1.0 Scen,2021,107,Crosby County,7386,3593,3793,2490,1184,1306,198,94,104,4628,2278,2350,70,37,33
1.0 Scen,2022,107,Crosby County,7511,3651,3860,2477,1174,1303,198,94,104,4765,2346,2419,71,37,34
1.0 Scen,2023,107,Crosby County,7645,3722,3923,2460,1166,1294,200,97,103,4913,2421,2492,72,38,34
1.0 Scen,2024,107,Crosby County,7791,3794,3997,2446,1157,1289,200,97,103,5073,2503,2570,72,37,35
1.0 Scen,2025,107,Crosby County,7928,3859,4069,2433,1151,1282,199,98,101,5225,2574,2651,71,36,35
1.0 Scen,2026,107,Crosby County,8069,3926,4143,2418,1143,1275,199,99,100,5379,2647,2732,73,37,36
1.0 Scen,2027,107,Crosby County,8198,3995,4203,2405,1142,1263,200,100,100,5519,2715,2804,74,38,36
1.0 Scen,2028,107,Crosby County,8358,4069,4289,2394,1135,1259,203,102,101,5688,2796,2892,73,36,37
1.0 Scen,2029,107,Crosby County,8511,4150,4361,2384,1134,1250,204,103,101,5849,2876,2973,74,37,37
1.0 Scen,2030,107,Crosby County,8645,4220,4425,2368,1130,1238,205,105,100,5996,2947,3049,76,38,38
1.0 Scen,2031,107,Crosby County,8795,4299,4496,2351,1127,1224,205,106,99,6162,3027,3135,77,39,38
1.0 Scen,2032,107,Crosby County,8923,4363,4560,2341,1127,1214,205,107,98,6303,3092,3211,74,37,37
1.0 Scen,2033,107,Crosby County,9073,4431,4642,2333,1126,1207,203,106,97,6464,3162,3302,73,37,36
1.0 Scen,2034,107,Crosby County,9206,4504,4702,2318,1126,1192,203,107,96,6612,3234,3378,73,37,36
1.0 Scen,2035,107,Crosby County,9339,4574,4765,2295,1121,1174,203,108,95,6768,3308,3460,73,37,36
1.0 Scen,2036,107,Crosby County,9474,4649,4825,2280,1119,1161,203,108,95,6918,3385,3533,73,37,36
1.0 Scen,2037,107,Crosby County,9602,4721,4881,2255,1112,1143,199,108,91,7076,3465,3611,72,36,36
1.0 Scen,2038,107,Crosby County,9738,4779,4959,2241,1104,1137,199,108,91,7227,3531,3696,71,36,35
1.0 Scen,2039,107,Crosby County,9875,4859,5016,2232,1106,1126,197,109,88,7376,3609,3767,70,35,35
1.0 Scen,2040,107,Crosby County,10023,4931,5092,2219,1104,1115,197,109,88,7537,3683,3854,70,35,35
1.0 Scen,2041,107,Crosby County,10162,5000,5162,2210,1104,1106,196,109,87,7687,3752,3935,69,35,34
1.0 Scen,2042,107,Crosby County,10293,5069,5224,2197,1103,1094,194,107,87,7834,3825,4009,68,34,34
1.0 Scen,2043,107,Crosby County,10423,5130,5293,2178,1095,1083,191,106,85,7989,3897,4092,65,32,33
1.0 Scen,2044,107,Crosby County,10550,5193,5357,2164,1090,1074,191,106,85,8130,3965,4165,65,32,33
1.0 Scen,2045,107,Crosby County,10669,5259,5410,2144,1084,1060,184,106,78,8276,4037,4239,65,32,33
1.0 Scen,2046,107,Crosby County,10793,5321,5472,2129,1079,1050,184,106,78,8418,4105,4313,62,31,31
1.0 Scen,2047,107,Crosby County,10923,5391,5532,2121,1081,1040,181,106,75,8561,4174,4387,60,30,30
1.0 Scen,2048,107,Crosby County,11050,5458,5592,2111,1084,1027,174,99,75,8704,4245,4459,61,30,31
1.0 Scen,2049,107,Crosby County,11180,5526,5654,2104,1083,1021,172,98,74,8846,4316,4530,58,29,29
1.0 Scen,2050,107,Crosby County,11305,5590,5715,2092,1079,1013,171,98,73,8984,4384,4600,58,29,29
1.0 Scen,2010,109,Culberson County,2398,1167,1231,504,263,241,8,5,3,1827,866,961,59,33,26
1.0 Scen,2011,109,Culberson County,2434,1187,1247,507,265,242,8,5,3,1859,883,976,60,34,26
1.0 Scen,2012,109,Culberson County,2470,1206,1264,512,268,244,8,5,3,1889,899,990,61,34,27
1.0 Scen,2013,109,Culberson County,2500,1223,1277,514,271,243,8,5,3,1916,912,1004,62,35,27
1.0 Scen,2014,109,Culberson County,2535,1243,1292,519,274,245,8,5,3,1945,929,1016,63,35,28
1.0 Scen,2015,109,Culberson County,2568,1260,1308,522,275,247,8,5,3,1974,944,1030,64,36,28
1.0 Scen,2016,109,Culberson County,2597,1276,1321,522,275,247,8,5,3,2002,960,1042,65,36,29
1.0 Scen,2017,109,Culberson County,2628,1293,1335,524,275,249,8,5,3,2030,976,1054,66,37,29
1.0 Scen,2018,109,Culberson County,2660,1308,1352,525,274,251,8,5,3,2060,992,1068,67,37,30
1.0 Scen,2019,109,Culberson County,2692,1330,1362,525,275,250,8,5,3,2092,1012,1080,67,38,29
1.0 Scen,2020,109,Culberson County,2722,1346,1376,527,274,253,8,5,3,2118,1029,1089,69,38,31
1.0 Scen,2021,109,Culberson County,2753,1363,1390,530,276,254,8,5,3,2146,1044,1102,69,38,31
1.0 Scen,2022,109,Culberson County,2780,1377,1403,534,278,256,8,5,3,2169,1056,1113,69,38,31
1.0 Scen,2023,109,Culberson County,2807,1394,1413,534,280,254,8,5,3,2196,1071,1125,69,38,31
1.0 Scen,2024,109,Culberson County,2821,1404,1417,531,279,252,8,5,3,2213,1082,1131,69,38,31
1.0 Scen,2025,109,Culberson County,2828,1409,1419,528,280,248,8,5,3,2223,1086,1137,69,38,31
1.0 Scen,2026,109,Culberson County,2848,1423,1425,529,281,248,8,5,3,2242,1099,1143,69,38,31
1.0 Scen,2027,109,Culberson County,2866,1435,1431,527,282,245,8,5,3,2262,1110,1152,69,38,31
1.0 Scen,2028,109,Culberson County,2874,1443,1431,523,280,243,8,5,3,2275,1121,1154,68,37,31
1.0 Scen,2029,109,Culberson County,2894,1456,1438,523,280,243,8,5,3,2295,1134,1161,68,37,31
1.0 Scen,2030,109,Culberson County,2901,1461,1440,520,278,242,8,5,3,2305,1141,1164,68,37,31
1.0 Scen,2031,109,Culberson County,2895,1460,1435,508,273,235,8,5,3,2313,1145,1168,66,37,29
1.0 Scen,2032,109,Culberson County,2899,1464,1435,502,272,230,8,5,3,2324,1151,1173,65,36,29
1.0 Scen,2033,109,Culberson County,2882,1459,1423,491,266,225,7,4,3,2321,1155,1166,63,34,29
1.0 Scen,2034,109,Culberson County,2888,1462,1426,484,259,225,7,4,3,2334,1165,1169,63,34,29
1.0 Scen,2035,109,Culberson County,2892,1471,1421,473,257,216,7,4,3,2349,1176,1173,63,34,29
1.0 Scen,2036,109,Culberson County,2893,1474,1419,461,255,206,7,4,3,2363,1181,1182,62,34,28
1.0 Scen,2037,109,Culberson County,2896,1480,1416,450,250,200,7,4,3,2376,1191,1185,63,35,28
1.0 Scen,2038,109,Culberson County,2892,1479,1413,445,250,195,7,4,3,2377,1190,1187,63,35,28
1.0 Scen,2039,109,Culberson County,2883,1476,1407,441,249,192,6,4,2,2374,1189,1185,62,34,28
1.0 Scen,2040,109,Culberson County,2890,1478,1412,438,246,192,6,4,2,2385,1195,1190,61,33,28
1.0 Scen,2041,109,Culberson County,2893,1482,1411,436,245,191,6,4,2,2391,1201,1190,60,32,28
1.0 Scen,2042,109,Culberson County,2893,1485,1408,431,241,190,6,4,2,2396,1208,1188,60,32,28
1.0 Scen,2043,109,Culberson County,2897,1490,1407,426,242,184,6,4,2,2407,1214,1193,58,30,28
1.0 Scen,2044,109,Culberson County,2892,1490,1402,420,239,181,6,4,2,2410,1218,1192,56,29,27
1.0 Scen,2045,109,Culberson County,2880,1486,1394,408,236,172,6,4,2,2409,1216,1193,57,30,27
1.0 Scen,2046,109,Culberson County,2879,1491,1388,401,232,169,6,4,2,2420,1225,1195,52,30,22
1.0 Scen,2047,109,Culberson County,2876,1493,1383,391,229,162,6,4,2,2428,1233,1195,51,27,24
1.0 Scen,2048,109,Culberson County,2878,1499,1379,390,229,161,6,4,2,2432,1240,1192,50,26,24
1.0 Scen,2049,109,Culberson County,2868,1502,1366,390,229,161,6,4,2,2424,1243,1181,48,26,22
1.0 Scen,2050,109,Culberson County,2867,1503,1364,388,228,160,6,4,2,2423,1243,1180,50,28,22
1.0 Scen,2010,111,Dallam County,6703,3482,3221,3726,1900,1826,81,42,39,2717,1441,1276,179,99,80
1.0 Scen,2011,111,Dallam County,6848,3564,3284,3775,1929,1846,82,43,39,2808,1491,1317,183,101,82
1.0 Scen,2012,111,Dallam County,6995,3650,3345,3818,1958,1860,83,43,40,2908,1546,1362,186,103,83
1.0 Scen,2013,111,Dallam County,7135,3733,3402,3855,1982,1873,84,44,40,3006,1602,1404,190,105,85
1.0 Scen,2014,111,Dallam County,7274,3817,3457,3894,2009,1885,85,44,41,3101,1657,1444,194,107,87
1.0 Scen,2015,111,Dallam County,7407,3901,3506,3926,2035,1891,85,45,40,3199,1712,1487,197,109,88
1.0 Scen,2016,111,Dallam County,7537,3983,3554,3953,2054,1899,86,45,41,3298,1773,1525,200,111,89
1.0 Scen,2017,111,Dallam County,7660,4052,3608,3974,2066,1908,87,46,41,3396,1827,1569,203,113,90
1.0 Scen,2018,111,Dallam County,7789,4128,3661,3996,2080,1916,88,46,42,3501,1887,1614,204,115,89
1.0 Scen,2019,111,Dallam County,7921,4202,3719,4011,2090,1921,88,46,42,3613,1949,1664,209,117,92
1.0 Scen,2020,111,Dallam County,8054,4277,3777,4029,2099,1930,90,46,44,3723,2013,1710,212,119,93
1.0 Scen,2021,111,Dallam County,8194,4359,3835,4040,2107,1933,92,48,44,3847,2083,1764,215,121,94
1.0 Scen,2022,111,Dallam County,8322,4432,3890,4047,2113,1934,93,48,45,3963,2148,1815,219,123,96
1.0 Scen,2023,111,Dallam County,8437,4505,3932,4055,2120,1935,94,49,45,4067,2212,1855,221,124,97
1.0 Scen,2024,111,Dallam County,8580,4592,3988,4067,2133,1934,95,49,46,4193,2283,1910,225,127,98
1.0 Scen,2025,111,Dallam County,8694,4650,4044,4060,2126,1934,96,50,46,4309,2345,1964,229,129,100
1.0 Scen,2026,111,Dallam County,8837,4733,4104,4071,2136,1935,97,50,47,4434,2415,2019,235,132,103
1.0 Scen,2027,111,Dallam County,8965,4810,4155,4078,2144,1934,98,51,47,4550,2482,2068,239,133,106
1.0 Scen,2028,111,Dallam County,9080,4876,4204,4068,2140,1928,99,51,48,4670,2550,2120,243,135,108
1.0 Scen,2029,111,Dallam County,9211,4960,4251,4063,2142,1921,100,52,48,4801,2629,2172,247,137,110
1.0 Scen,2030,111,Dallam County,9333,5033,4300,4074,2154,1920,101,52,49,4909,2687,2222,249,140,109
1.0 Scen,2031,111,Dallam County,9468,5104,4364,4079,2155,1924,100,52,48,5035,2754,2281,254,143,111
1.0 Scen,2032,111,Dallam County,9592,5170,4422,4087,2161,1926,101,52,49,5150,2812,2338,254,145,109
1.0 Scen,2033,111,Dallam County,9725,5251,4474,4095,2169,1926,101,53,48,5274,2883,2391,255,146,109
1.0 Scen,2034,111,Dallam County,9835,5309,4526,4078,2163,1915,102,53,49,5396,2945,2451,259,148,111
1.0 Scen,2035,111,Dallam County,9976,5383,4593,4089,2169,1920,103,54,49,5522,3012,2510,262,148,114
1.0 Scen,2036,111,Dallam County,10094,5454,4640,4074,2169,1905,102,53,49,5655,3084,2571,263,148,115
1.0 Scen,2037,111,Dallam County,10212,5518,4694,4079,2171,1908,101,52,49,5763,3143,2620,269,152,117
1.0 Scen,2038,111,Dallam County,10344,5590,4754,4083,2176,1907,100,51,49,5887,3208,2679,274,155,119
1.0 Scen,2039,111,Dallam County,10461,5651,4810,4076,2173,1903,98,50,48,6008,3270,2738,279,158,121
1.0 Scen,2040,111,Dallam County,10583,5725,4858,4074,2178,1896,96,49,47,6134,3339,2795,279,159,120
1.0 Scen,2041,111,Dallam County,10707,5799,4908,4074,2182,1892,95,49,46,6256,3406,2850,282,162,120
1.0 Scen,2042,111,Dallam County,10806,5850,4956,4060,2175,1885,94,48,46,6375,3470,2905,277,157,120
1.0 Scen,2043,111,Dallam County,10922,5917,5005,4051,2174,1877,94,48,46,6497,3536,2961,280,159,121
1.0 Scen,2044,111,Dallam County,11049,5989,5060,4049,2174,1875,94,47,47,6623,3607,3016,283,161,122
1.0 Scen,2045,111,Dallam County,11167,6063,5104,4039,2176,1863,94,48,46,6749,3677,3072,285,162,123
1.0 Scen,2046,111,Dallam County,11278,6132,5146,4023,2172,1851,93,48,45,6877,3749,3128,285,163,122
1.0 Scen,2047,111,Dallam County,11399,6201,5198,4014,2172,1842,93,48,45,7007,3819,3188,285,162,123
1.0 Scen,2048,111,Dallam County,11502,6271,5231,4001,2169,1832,90,47,43,7123,3891,3232,288,164,124
1.0 Scen,2049,111,Dallam County,11618,6348,5270,3989,2171,1818,90,47,43,7252,3965,3287,287,165,122
1.0 Scen,2050,111,Dallam County,11719,6401,5318,3973,2162,1811,89,46,43,7368,4026,3342,289,167,122
1.0 Scen,2010,113,Dallas County,2368139,1171002,1197137,784693,383504,401189,518732,239252,279480,905940,470056,435884,158774,78190,80584
1.0 Scen,2011,113,Dallas County,2392039,1184164,1207875,768205,375933,392272,526291,243168,283123,933138,484055,449083,164405,81008,83397
1.0 Scen,2012,113,Dallas County,2416916,1198317,1218599,752308,368844,383464,533646,247244,286402,960563,498237,462326,170399,83992,86407
1.0 Scen,2013,113,Dallas County,2443143,1212690,1230453,736555,361560,374995,540930,251146,289784,989091,512906,476185,176567,87078,89489
1.0 Scen,2014,113,Dallas County,2469911,1227331,1242580,721025,354553,366472,548478,254972,293506,1017542,527595,489947,182866,90211,92655
1.0 Scen,2015,113,Dallas County,2496859,1242123,1254736,705658,347532,358126,555277,258491,296786,1046707,542655,504052,189217,93445,95772
1.0 Scen,2016,113,Dallas County,2524470,1257563,1266907,690117,340469,349648,561986,262252,299734,1076336,558013,518323,196031,96829,99202
1.0 Scen,2017,113,Dallas County,2552920,1273449,1279471,674883,333494,341389,568739,265949,302790,1106716,573732,532984,202582,100274,102308
1.0 Scen,2018,113,Dallas County,2581608,1288769,1292839,659565,326500,333065,575179,269247,305932,1137542,589523,548019,209322,103499,105823
1.0 Scen,2019,113,Dallas County,2610267,1304724,1305543,644161,319421,324740,581058,272580,308478,1168855,605707,563148,216193,107016,109177
1.0 Scen,2020,113,Dallas County,2639966,1321335,1318631,628689,312281,316408,587385,276136,311249,1200938,622393,578545,222954,110525,112429
1.0 Scen,2021,113,Dallas County,2669805,1337708,1332097,613226,305121,308105,593428,279379,314049,1233437,639269,594168,229714,113939,115775
1.0 Scen,2022,113,Dallas County,2699778,1354086,1345692,597615,297829,299786,598861,282512,316349,1266579,656297,610282,236723,117448,119275
1.0 Scen,2023,113,Dallas County,2729520,1370446,1359074,581874,290490,291384,603975,285383,318592,1300268,673734,626534,243403,120839,122564
1.0 Scen,2024,113,Dallas County,2759938,1387318,1372620,566204,283152,283052,609334,288454,320880,1334390,691522,642868,250010,124190,125820
1.0 Scen,2025,113,Dallas County,2789908,1403629,1386279,550434,275716,274718,614130,291042,323088,1368857,709431,659426,256487,127440,129047
1.0 Scen,2026,113,Dallas County,2819661,1420092,1399569,534740,268306,266434,618229,293509,324720,1403675,727518,676157,263017,130759,132258
1.0 Scen,2027,113,Dallas County,2850233,1436822,1413411,519165,260941,258224,622777,296152,326625,1438807,745610,693197,269484,134119,135365
1.0 Scen,2028,113,Dallas County,2880493,1453677,1426816,503658,253568,250090,626604,298651,327953,1474139,764041,710098,276092,137417,138675
1.0 Scen,2029,113,Dallas County,2910232,1469987,1440245,488287,246230,242057,630203,300816,329387,1509333,782256,727077,282409,140685,141724
1.0 Scen,2030,113,Dallas County,2939645,1486106,1453539,473069,238960,234109,632888,302592,330296,1544494,800517,743977,289194,144037,145157
1.0 Scen,2031,113,Dallas County,2969778,1502869,1466909,458236,231843,226393,635992,304667,331325,1579639,818864,760775,295911,147495,148416
1.0 Scen,2032,113,Dallas County,2999065,1519061,1480004,443565,224808,218757,637999,306145,331854,1614708,837125,777583,302793,150983,151810
1.0 Scen,2033,113,Dallas County,3028497,1535288,1493209,429282,217940,211342,639995,307655,332340,1649382,855176,794206,309838,154517,155321
1.0 Scen,2034,113,Dallas County,3058232,1551673,1506559,415416,211262,204154,641711,308889,332822,1684025,873263,810762,317080,158259,158821
1.0 Scen,2035,113,Dallas County,3087695,1568142,1519553,401917,204754,197163,643096,310288,332808,1718249,891096,827153,324433,162004,162429
1.0 Scen,2036,113,Dallas County,3117557,1584818,1532739,388803,198423,190380,644157,311485,332672,1752401,908932,843469,332196,165978,166218
1.0 Scen,2037,113,Dallas County,3146762,1600870,1545892,376066,192270,183796,644566,312160,332406,1786072,926520,859552,340058,169920,170138
1.0 Scen,2038,113,Dallas County,3176565,1617557,1559008,363726,186308,177418,645137,313071,332066,1819525,944085,875440,348177,174093,174084
1.0 Scen,2039,113,Dallas County,3205905,1633979,1571926,351760,180520,171240,644911,313494,331417,1852826,961577,891249,356408,178388,178020
1.0 Scen,2040,113,Dallas County,3235511,1650757,1584754,340168,174915,165253,644463,314028,330435,1885904,979042,906862,364976,182772,182204
1.0 Scen,2041,113,Dallas County,3264800,1667288,1597512,328965,169484,159481,643465,314182,329283,1918791,996422,922369,373579,187200,186379
1.0 Scen,2042,113,Dallas County,3294331,1683899,1610432,318085,164222,153863,642765,314402,328363,1951379,1013681,937698,382102,191594,190508
1.0 Scen,2043,113,Dallas County,3323603,1700599,1623004,307546,159114,148432,641177,314395,326782,1983948,1030970,952978,390932,196120,194812
1.0 Scen,2044,113,Dallas County,3352933,1717203,1635730,297311,154155,143156,639527,314155,325372,2016197,1048123,968074,399898,200770,199128
1.0 Scen,2045,113,Dallas County,3382850,1734232,1648618,287370,149334,138036,637952,314019,323933,2048469,1065351,983118,409059,205528,203531
1.0 Scen,2046,113,Dallas County,3411827,1750721,1661106,277702,144636,133066,635431,313438,321993,2080549,1082479,998070,418145,210168,207977
1.0 Scen,2047,113,Dallas County,3441458,1767624,1673834,268314,140064,128250,633300,313049,320251,2112427,1099541,1012886,427417,214970,212447
1.0 Scen,2048,113,Dallas County,3470708,1784464,1686244,259204,135622,123582,630762,312561,318201,2144157,1116608,1027549,436585,219673,216912
1.0 Scen,2049,113,Dallas County,3499929,1800997,1698932,250365,131301,119064,627971,311719,316252,2175653,1133541,1042112,445940,224436,221504
1.0 Scen,2050,113,Dallas County,3528964,1817858,1711106,241801,127092,114709,625012,311059,313953,2206909,1150413,1056496,455242,229294,225948
1.0 Scen,2010,115,Dawson County,13833,7815,6018,5402,2958,2444,860,636,224,7387,4118,3269,184,103,81
1.0 Scen,2011,115,Dawson County,13957,7890,6067,5397,2962,2435,862,638,224,7511,4185,3326,187,105,82
1.0 Scen,2012,115,Dawson County,14075,7966,6109,5392,2969,2423,870,644,226,7625,4247,3378,188,106,82
1.0 Scen,2013,115,Dawson County,14162,8027,6135,5361,2969,2392,873,646,227,7738,4305,3433,190,107,83
1.0 Scen,2014,115,Dawson County,14260,8100,6160,5348,2980,2368,876,648,228,7843,4364,3479,193,108,85
1.0 Scen,2015,115,Dawson County,14359,8161,6198,5318,2971,2347,881,650,231,7964,4431,3533,196,109,87
1.0 Scen,2016,115,Dawson County,14446,8214,6232,5295,2964,2331,883,650,233,8071,4491,3580,197,109,88
1.0 Scen,2017,115,Dawson County,14536,8269,6267,5270,2957,2313,882,649,233,8183,4550,3633,201,113,88
1.0 Scen,2018,115,Dawson County,14610,8316,6294,5238,2941,2297,886,652,234,8284,4610,3674,202,113,89
1.0 Scen,2019,115,Dawson County,14693,8377,6316,5219,2942,2277,886,651,235,8384,4669,3715,204,115,89
1.0 Scen,2020,115,Dawson County,14756,8421,6335,5184,2932,2252,885,649,236,8480,4724,3756,207,116,91
1.0 Scen,2021,115,Dawson County,14828,8470,6358,5159,2925,2234,893,653,240,8567,4775,3792,209,117,92
1.0 Scen,2022,115,Dawson County,14906,8516,6390,5141,2923,2218,895,653,242,8658,4821,3837,212,119,93
1.0 Scen,2023,115,Dawson County,14980,8568,6412,5113,2917,2196,895,652,243,8757,4877,3880,215,122,93
1.0 Scen,2024,115,Dawson County,15059,8618,6441,5087,2910,2177,900,654,246,8854,4931,3923,218,123,95
1.0 Scen,2025,115,Dawson County,15129,8663,6466,5062,2902,2160,901,654,247,8944,4980,3964,222,127,95
1.0 Scen,2026,115,Dawson County,15211,8712,6499,5031,2892,2139,905,657,248,9051,5035,4016,224,128,96
1.0 Scen,2027,115,Dawson County,15271,8752,6519,5004,2880,2124,906,657,249,9134,5084,4050,227,131,96
1.0 Scen,2028,115,Dawson County,15356,8801,6555,4984,2875,2109,906,655,251,9234,5137,4097,232,134,98
1.0 Scen,2029,115,Dawson County,15415,8843,6572,4961,2870,2091,901,652,249,9318,5184,4134,235,137,98
1.0 Scen,2030,115,Dawson County,15491,8895,6596,4936,2866,2070,902,653,249,9416,5237,4179,237,139,98
1.0 Scen,2031,115,Dawson County,15551,8944,6607,4912,2865,2047,897,651,246,9506,5289,4217,236,139,97
1.0 Scen,2032,115,Dawson County,15614,8984,6630,4890,2858,2032,897,651,246,9584,5330,4254,243,145,98
1.0 Scen,2033,115,Dawson County,15681,9043,6638,4871,2857,2014,894,651,243,9668,5386,4282,248,149,99
1.0 Scen,2034,115,Dawson County,15735,9085,6650,4849,2852,1997,887,644,243,9747,5438,4309,252,151,101
1.0 Scen,2035,115,Dawson County,15786,9122,6664,4825,2844,1981,876,639,237,9827,5483,4344,258,156,102
1.0 Scen,2036,115,Dawson County,15834,9163,6671,4804,2842,1962,866,632,234,9903,5531,4372,261,158,103
1.0 Scen,2037,115,Dawson County,15888,9205,6683,4784,2835,1949,868,634,234,9969,5572,4397,267,164,103
1.0 Scen,2038,115,Dawson County,15911,9234,6677,4758,2832,1926,854,625,229,10029,5609,4420,270,168,102
1.0 Scen,2039,115,Dawson County,15936,9266,6670,4737,2824,1913,832,616,216,10090,5651,4439,277,175,102
1.0 Scen,2040,115,Dawson County,15961,9293,6668,4706,2817,1889,824,610,214,10150,5687,4463,281,179,102
1.0 Scen,2041,115,Dawson County,16008,9334,6674,4688,2809,1879,822,607,215,10208,5731,4477,290,187,103
1.0 Scen,2042,115,Dawson County,16023,9361,6662,4657,2801,1856,816,605,211,10257,5765,4492,293,190,103
1.0 Scen,2043,115,Dawson County,16045,9387,6658,4631,2793,1838,807,598,209,10312,5804,4508,295,192,103
1.0 Scen,2044,115,Dawson County,16061,9403,6658,4609,2783,1826,802,596,206,10352,5829,4523,298,195,103
1.0 Scen,2045,115,Dawson County,16069,9422,6647,4580,2773,1807,793,589,204,10393,5860,4533,303,200,103
1.0 Scen,2046,115,Dawson County,16061,9426,6635,4551,2758,1793,780,581,199,10434,5887,4547,296,200,96
1.0 Scen,2047,115,Dawson County,16057,9446,6611,4525,2755,1770,768,573,195,10468,5916,4552,296,202,94
1.0 Scen,2048,115,Dawson County,16053,9456,6597,4497,2743,1754,756,565,191,10508,5949,4559,292,199,93
1.0 Scen,2049,115,Dawson County,16049,9462,6587,4475,2732,1743,742,558,184,10540,5974,4566,292,198,94
1.0 Scen,2050,115,Dawson County,16047,9464,6583,4454,2720,1734,728,549,179,10574,5999,4575,291,196,95
1.0 Scen,2010,117,Deaf Smith County,19372,9652,9720,5939,2855,3084,158,76,82,13039,6610,6429,236,111,125
1.0 Scen,2011,117,Deaf Smith County,19717,9847,9870,5923,2857,3066,160,77,83,13392,6798,6594,242,115,127
1.0 Scen,2012,117,Deaf Smith County,20038,10033,10005,5888,2853,3035,161,77,84,13740,6985,6755,249,118,131
1.0 Scen,2013,117,Deaf Smith County,20342,10202,10140,5839,2839,3000,162,78,84,14084,7162,6922,257,123,134
1.0 Scen,2014,117,Deaf Smith County,20655,10384,10271,5792,2829,2963,164,79,85,14435,7349,7086,264,127,137
1.0 Scen,2015,117,Deaf Smith County,20982,10568,10414,5749,2814,2935,167,81,86,14795,7542,7253,271,131,140
1.0 Scen,2016,117,Deaf Smith County,21311,10748,10563,5712,2803,2909,170,82,88,15151,7728,7423,278,135,143
1.0 Scen,2017,117,Deaf Smith County,21621,10917,10704,5656,2777,2879,171,83,88,15509,7918,7591,285,139,146
1.0 Scen,2018,117,Deaf Smith County,21948,11107,10841,5615,2766,2849,171,82,89,15870,8116,7754,292,143,149
1.0 Scen,2019,117,Deaf Smith County,22261,11300,10961,5578,2763,2815,172,83,89,16214,8309,7905,297,145,152
1.0 Scen,2020,117,Deaf Smith County,22599,11501,11098,5549,2759,2790,172,83,89,16577,8511,8066,301,148,153
1.0 Scen,2021,117,Deaf Smith County,22937,11700,11237,5513,2750,2763,173,84,89,16942,8713,8229,309,153,156
1.0 Scen,2022,117,Deaf Smith County,23288,11909,11379,5476,2745,2731,171,83,88,17326,8924,8402,315,157,158
1.0 Scen,2023,117,Deaf Smith County,23645,12114,11531,5449,2737,2712,171,84,87,17703,9132,8571,322,161,161
1.0 Scen,2024,117,Deaf Smith County,24018,12327,11691,5421,2731,2690,170,84,86,18101,9348,8753,326,164,162
1.0 Scen,2025,117,Deaf Smith County,24383,12544,11839,5397,2730,2667,169,84,85,18488,9566,8922,329,164,165
1.0 Scen,2026,117,Deaf Smith County,24759,12758,12001,5363,2720,2643,169,84,85,18893,9788,9105,334,166,168
1.0 Scen,2027,117,Deaf Smith County,25123,12978,12145,5326,2709,2617,170,85,85,19291,10017,9274,336,167,169
1.0 Scen,2028,117,Deaf Smith County,25484,13180,12304,5281,2690,2591,169,84,85,19694,10237,9457,340,169,171
1.0 Scen,2029,117,Deaf Smith County,25854,13400,12454,5251,2685,2566,168,84,84,20096,10461,9635,339,170,169
1.0 Scen,2030,117,Deaf Smith County,26213,13604,12609,5213,2670,2543,167,83,84,20494,10680,9814,339,171,168
1.0 Scen,2031,117,Deaf Smith County,26579,13814,12765,5170,2653,2517,166,83,83,20905,10909,9996,338,169,169
1.0 Scen,2032,117,Deaf Smith County,26937,14021,12916,5130,2636,2494,166,83,83,21304,11131,10173,337,171,166
1.0 Scen,2033,117,Deaf Smith County,27278,14222,13056,5080,2618,2462,166,84,82,21693,11347,10346,339,173,166
1.0 Scen,2034,117,Deaf Smith County,27610,14417,13193,5035,2602,2433,166,84,82,22069,11556,10513,340,175,165
1.0 Scen,2035,117,Deaf Smith County,27916,14594,13322,4974,2572,2402,165,84,81,22433,11760,10673,344,178,166
1.0 Scen,2036,117,Deaf Smith County,28243,14791,13452,4918,2549,2369,165,84,81,22812,11977,10835,348,181,167
1.0 Scen,2037,117,Deaf Smith County,28557,14967,13590,4870,2532,2338,164,84,80,23171,12170,11001,352,181,171
1.0 Scen,2038,117,Deaf Smith County,28870,15149,13721,4822,2513,2309,163,83,80,23531,12370,11161,354,183,171
1.0 Scen,2039,117,Deaf Smith County,29156,15325,13831,4763,2489,2274,163,83,80,23874,12567,11307,356,186,170
1.0 Scen,2040,117,Deaf Smith County,29432,15489,13943,4695,2458,2237,160,81,79,24218,12762,11456,359,188,171
1.0 Scen,2041,117,Deaf Smith County,29725,15670,14055,4645,2441,2204,158,81,77,24558,12956,11602,364,192,172
1.0 Scen,2042,117,Deaf Smith County,30009,15839,14170,4584,2414,2170,156,80,76,24902,13149,11753,367,196,171
1.0 Scen,2043,117,Deaf Smith County,30296,16012,14284,4536,2394,2142,153,80,73,25232,13338,11894,375,200,175
1.0 Scen,2044,117,Deaf Smith County,30561,16178,14383,4486,2376,2110,153,78,75,25543,13521,12022,379,203,176
1.0 Scen,2045,117,Deaf Smith County,30841,16342,14499,4430,2349,2081,149,76,73,25880,13712,12168,382,205,177
1.0 Scen,2046,117,Deaf Smith County,31103,16503,14600,4376,2326,2050,148,75,73,26197,13896,12301,382,206,176
1.0 Scen,2047,117,Deaf Smith County,31375,16667,14708,4331,2307,2024,145,75,70,26512,14078,12434,387,207,180
1.0 Scen,2048,117,Deaf Smith County,31650,16830,14820,4283,2288,1995,141,72,69,26837,14262,12575,389,208,181
1.0 Scen,2049,117,Deaf Smith County,31918,17000,14918,4244,2273,1971,139,72,67,27141,14446,12695,394,209,185
1.0 Scen,2050,117,Deaf Smith County,32166,17152,15014,4192,2249,1943,139,71,68,27441,14623,12818,394,209,185
1.0 Scen,2010,119,Delta County,5231,2563,2668,4351,2128,2223,375,174,201,288,168,120,217,93,124
1.0 Scen,2011,119,Delta County,5308,2599,2709,4412,2154,2258,379,176,203,296,173,123,221,96,125
1.0 Scen,2012,119,Delta County,5367,2628,2739,4454,2173,2281,385,179,206,304,178,126,224,98,126
1.0 Scen,2013,119,Delta County,5417,2658,2759,4490,2194,2296,387,181,206,312,183,129,228,100,128
1.0 Scen,2014,119,Delta County,5462,2682,2780,4518,2209,2309,394,184,210,320,188,132,230,101,129
1.0 Scen,2015,119,Delta County,5505,2706,2799,4542,2220,2322,401,189,212,328,193,135,234,104,130
1.0 Scen,2016,119,Delta County,5561,2733,2828,4581,2237,2344,407,193,214,336,197,139,237,106,131
1.0 Scen,2017,119,Delta County,5623,2760,2863,4623,2251,2372,415,197,218,345,203,142,240,109,131
1.0 Scen,2018,119,Delta County,5677,2787,2890,4655,2264,2391,422,201,221,354,209,145,246,113,133
1.0 Scen,2019,119,Delta County,5744,2817,2927,4701,2281,2420,427,205,222,365,216,149,251,115,136
1.0 Scen,2020,119,Delta County,5805,2841,2964,4739,2293,2446,433,209,224,378,223,155,255,116,139
1.0 Scen,2021,119,Delta County,5877,2876,3001,4787,2314,2473,440,213,227,390,231,159,260,118,142
1.0 Scen,2022,119,Delta County,5936,2904,3032,4829,2331,2498,443,216,227,400,238,162,264,119,145
1.0 Scen,2023,119,Delta County,5987,2934,3053,4861,2347,2514,447,219,228,412,247,165,267,121,146
1.0 Scen,2024,119,Delta County,6051,2961,3090,4904,2361,2543,453,222,231,425,256,169,269,122,147
1.0 Scen,2025,119,Delta County,6083,2980,3103,4922,2367,2555,452,225,227,437,265,172,272,123,149
1.0 Scen,2026,119,Delta County,6121,2996,3125,4939,2374,2565,455,226,229,449,271,178,278,125,153
1.0 Scen,2027,119,Delta County,6169,3023,3146,4966,2389,2577,455,226,229,463,279,184,285,129,156
1.0 Scen,2028,119,Delta County,6200,3036,3164,4982,2392,2590,458,227,231,473,286,187,287,131,156
1.0 Scen,2029,119,Delta County,6234,3061,3173,5008,2407,2601,459,229,230,482,293,189,285,132,153
1.0 Scen,2030,119,Delta County,6274,3084,3190,5028,2415,2613,461,231,230,496,302,194,289,136,153
1.0 Scen,2031,119,Delta County,6309,3108,3201,5044,2427,2617,463,231,232,510,311,199,292,139,153
1.0 Scen,2032,119,Delta County,6347,3132,3215,5067,2441,2626,463,231,232,523,320,203,294,140,154
1.0 Scen,2033,119,Delta County,6371,3147,3224,5079,2447,2632,461,231,230,532,326,206,299,143,156
1.0 Scen,2034,119,Delta County,6394,3162,3232,5092,2457,2635,461,231,230,539,328,211,302,146,156
1.0 Scen,2035,119,Delta County,6406,3170,3236,5094,2458,2636,455,228,227,549,333,216,308,151,157
1.0 Scen,2036,119,Delta County,6434,3186,3248,5123,2476,2647,451,226,225,551,334,217,309,150,159
1.0 Scen,2037,119,Delta County,6449,3208,3241,5129,2489,2640,447,224,223,558,340,218,315,155,160
1.0 Scen,2038,119,Delta County,6456,3211,3245,5130,2487,2643,441,222,219,570,347,223,315,155,160
1.0 Scen,2039,119,Delta County,6478,3232,3246,5145,2502,2643,423,213,210,585,358,227,325,159,166
1.0 Scen,2040,119,Delta County,6496,3252,3244,5151,2513,2638,420,209,211,595,369,226,330,161,169
1.0 Scen,2041,119,Delta County,6517,3270,3247,5152,2517,2635,416,206,210,612,382,230,337,165,172
1.0 Scen,2042,119,Delta County,6533,3282,3251,5140,2508,2632,411,204,207,639,401,238,343,169,174
1.0 Scen,2043,119,Delta County,6570,3311,3259,5150,2516,2634,407,202,205,662,418,244,351,175,176
1.0 Scen,2044,119,Delta County,6591,3333,3258,5148,2521,2627,404,201,203,682,432,250,357,179,178
1.0 Scen,2045,119,Delta County,6609,3356,3253,5147,2521,2626,397,199,198,702,450,252,363,186,177
1.0 Scen,2046,119,Delta County,6613,3374,3239,5148,2530,2618,393,197,196,712,456,256,360,191,169
1.0 Scen,2047,119,Delta County,6612,3386,3226,5136,2530,2606,388,197,191,730,468,262,358,191,167
1.0 Scen,2048,119,Delta County,6648,3417,3231,5146,2543,2603,381,196,185,758,486,272,363,192,171
1.0 Scen,2049,119,Delta County,6673,3441,3232,5145,2546,2599,375,195,180,782,502,280,371,198,173
1.0 Scen,2050,119,Delta County,6692,3461,3231,5143,2553,2590,369,192,177,798,512,286,382,204,178
1.0 Scen,2010,121,Denton County,662614,325960,336654,426887,209951,216936,54034,25551,28483,120836,61046,59790,60857,29412,31445
1.0 Scen,2011,121,Denton County,685772,337455,348317,435117,214080,221037,56784,26891,29893,128758,64923,63835,65113,31561,33552
1.0 Scen,2012,121,Denton County,710418,349561,360857,443657,218298,225359,59748,28316,31432,137316,69083,68233,69697,33864,35833
1.0 Scen,2013,121,Denton County,735828,362098,373730,451964,222453,229511,62823,29802,33021,146493,73532,72961,74548,36311,38237
1.0 Scen,2014,121,Denton County,762161,375058,387103,460118,226513,233605,66088,31361,34727,156304,78298,78006,79651,38886,40765
1.0 Scen,2015,121,Denton County,789094,388369,400725,467988,230463,237525,69449,32983,36466,166706,83342,83364,84951,41581,43370
1.0 Scen,2016,121,Denton County,817359,402280,415079,475783,234325,241458,72999,34696,38303,177855,88756,89099,90722,44503,46219
1.0 Scen,2017,121,Denton County,846738,416693,430045,483484,238148,245336,76738,36493,40245,189756,94477,95279,96760,47575,49185
1.0 Scen,2018,121,Denton County,877332,431777,445555,491164,241979,249185,80639,38372,42267,202362,100582,101780,103167,50844,52323
1.0 Scen,2019,121,Denton County,909501,447593,461908,498958,245870,253088,84698,40319,44379,215889,107097,108792,109956,54307,55649
1.0 Scen,2020,121,Denton County,943020,464105,478915,506676,249730,256946,88928,42358,46570,230221,114010,116211,117195,58007,59188
1.0 Scen,2021,121,Denton County,977500,481144,496356,514166,253520,260646,93176,44417,48759,245376,121326,124050,124782,61881,62901
1.0 Scen,2022,121,Denton County,1013789,499161,514628,521670,257319,264351,97658,46570,51088,261512,129166,132346,132949,66106,66843
1.0 Scen,2023,121,Denton County,1051729,518161,533568,529255,261179,268076,102337,48883,53454,278650,137441,141209,141487,70658,70829
1.0 Scen,2024,121,Denton County,1091814,537964,553850,536995,265108,271887,107201,51234,55967,296880,146202,150678,150738,75420,75318
1.0 Scen,2025,121,Denton County,1133997,558863,575134,544733,269022,275711,112291,53736,58555,316212,155560,160652,160761,80545,80216
1.0 Scen,2026,121,Denton County,1178218,580841,597377,552610,273039,279571,117523,56261,61262,336745,165446,171299,171340,86095,85245
1.0 Scen,2027,121,Denton County,1224507,603909,620598,560497,277074,283423,123081,58970,64111,358454,175893,182561,182475,91972,90503
1.0 Scen,2028,121,Denton County,1273046,628004,645042,568430,281134,287296,128752,61733,67019,381458,186982,194476,194406,98155,96251
1.0 Scen,2029,121,Denton County,1323916,653373,670543,576340,285206,291134,134582,64546,70036,405796,198686,207110,207198,104935,102263
1.0 Scen,2030,121,Denton County,1377090,679960,697130,584132,289239,294893,140660,67538,73122,431535,211056,220479,220763,112127,108636
1.0 Scen,2031,121,Denton County,1432456,707649,724807,591795,293223,298572,146913,70546,76367,458642,224084,234558,235106,119796,115310
1.0 Scen,2032,121,Denton County,1490339,736553,753786,599347,297157,302190,153286,73651,79635,487166,237748,249418,250540,127997,122543
1.0 Scen,2033,121,Denton County,1550588,766696,783892,606604,300965,305639,159892,76857,83035,517267,252169,265098,266825,136705,130120
1.0 Scen,2034,121,Denton County,1613380,798233,815147,613614,304674,308940,166718,80209,86509,548897,267279,281618,284151,146071,138080
1.0 Scen,2035,121,Denton County,1678705,830907,847798,620463,308341,312122,173738,83579,90159,582135,283124,299011,302369,155863,146506
1.0 Scen,2036,121,Denton County,1746671,864851,881820,627078,311890,315188,180665,86881,93784,617015,299740,317275,321913,166340,155573
1.0 Scen,2037,121,Denton County,1817645,900597,917048,633486,315335,318151,188180,90652,97528,653567,317104,336463,342412,177506,164906
1.0 Scen,2038,121,Denton County,1891454,937490,953964,639698,318699,320999,195678,94298,101380,691827,335239,356588,364251,189254,174997
1.0 Scen,2039,121,Denton County,1967829,975753,992076,645656,321955,323701,203304,98020,105284,731843,354167,377676,387026,201611,185415
1.0 Scen,2040,121,Denton County,2047293,1015547,1031746,651386,325099,326287,210944,101724,109220,773713,373951,399762,411250,214773,196477
1.0 Scen,2041,121,Denton County,2130079,1056908,1073171,656860,328133,328727,219053,105717,113336,817461,394584,422877,436705,228474,208231
1.0 Scen,2042,121,Denton County,2215801,1099917,1115884,662062,331053,331009,227161,109686,117475,863194,416127,447067,463384,243051,220333
1.0 Scen,2043,121,Denton County,2304683,1144384,1160299,666986,333853,333133,235259,113662,121597,910945,438605,472340,491493,258264,233229
1.0 Scen,2044,121,Denton County,2396972,1190514,1206458,671621,336538,335083,243768,117878,125890,960791,462032,498759,520792,274066,246726
1.0 Scen,2045,121,Denton County,2493025,1238529,1254496,675979,339103,336876,252324,122096,130228,1012849,486527,526322,551873,290803,261070
1.0 Scen,2046,121,Denton County,2592622,1288393,1304229,680083,341584,338499,261089,126395,134694,1067213,512083,555130,584237,308331,275906
1.0 Scen,2047,121,Denton County,2695978,1340060,1355918,683953,343968,339985,269870,130736,139134,1123921,538762,585159,618234,326594,291640
1.0 Scen,2048,121,Denton County,2803521,1394034,1409487,687669,346298,341371,278868,135179,143689,1183066,566607,616459,653918,345950,307968
1.0 Scen,2049,121,Denton County,2915268,1450118,1465150,691210,348564,342646,287968,139755,148213,1244805,595718,649087,691285,366081,325204
1.0 Scen,2050,121,Denton County,3031597,1508351,1523246,694621,350784,343837,297272,144316,152956,1309213,626124,683089,730491,387127,343364
1.0 Scen,2010,123,De Witt County,20097,10447,9650,11482,5716,5766,1781,1047,734,6502,3538,2964,332,146,186
1.0 Scen,2011,123,De Witt County,20180,10518,9662,11389,5689,5700,1795,1058,737,6657,3620,3037,339,151,188
1.0 Scen,2012,123,De Witt County,20232,10582,9650,11272,5657,5615,1813,1070,743,6802,3701,3101,345,154,191
1.0 Scen,2013,123,De Witt County,20303,10631,9672,11180,5623,5557,1831,1079,752,6938,3772,3166,354,157,197
1.0 Scen,2014,123,De Witt County,20386,10692,9694,11087,5587,5500,1851,1093,758,7081,3849,3232,367,163,204
1.0 Scen,2015,123,De Witt County,20472,10756,9716,11007,5561,5446,1861,1099,762,7224,3928,3296,380,168,212
1.0 Scen,2016,123,De Witt County,20575,10832,9743,10929,5540,5389,1869,1102,767,7383,4017,3366,394,173,221
1.0 Scen,2017,123,De Witt County,20673,10908,9765,10847,5512,5335,1879,1111,768,7538,4104,3434,409,181,228
1.0 Scen,2018,123,De Witt County,20770,10984,9786,10772,5490,5282,1890,1123,767,7684,4182,3502,424,189,235
1.0 Scen,2019,123,De Witt County,20864,11050,9814,10690,5463,5227,1900,1130,770,7836,4263,3573,438,194,244
1.0 Scen,2020,123,De Witt County,20937,11110,9827,10608,5436,5172,1907,1137,770,7971,4338,3633,451,199,252
1.0 Scen,2021,123,De Witt County,21028,11187,9841,10539,5422,5117,1922,1148,774,8102,4412,3690,465,205,260
1.0 Scen,2022,123,De Witt County,21101,11255,9846,10463,5398,5065,1930,1159,771,8235,4488,3747,473,210,263
1.0 Scen,2023,123,De Witt County,21179,11317,9862,10374,5370,5004,1936,1161,775,8388,4571,3817,481,215,266
1.0 Scen,2024,123,De Witt County,21253,11383,9870,10299,5350,4949,1931,1161,770,8533,4651,3882,490,221,269
1.0 Scen,2025,123,De Witt County,21312,11426,9886,10208,5316,4892,1925,1155,770,8678,4730,3948,501,225,276
1.0 Scen,2026,123,De Witt County,21398,11495,9903,10125,5287,4838,1913,1150,763,8846,4827,4019,514,231,283
1.0 Scen,2027,123,De Witt County,21461,11551,9910,10035,5255,4780,1903,1146,757,8997,4912,4085,526,238,288
1.0 Scen,2028,123,De Witt County,21545,11620,9925,9943,5226,4717,1898,1143,755,9166,5005,4161,538,246,292
1.0 Scen,2029,123,De Witt County,21606,11673,9933,9836,5185,4651,1892,1140,752,9316,5089,4227,562,259,303
1.0 Scen,2030,123,De Witt County,21702,11750,9952,9745,5159,4586,1886,1136,750,9485,5182,4303,586,273,313
1.0 Scen,2031,123,De Witt County,21751,11793,9958,9635,5118,4517,1862,1119,743,9641,5270,4371,613,286,327
1.0 Scen,2032,123,De Witt County,21808,11849,9959,9528,5081,4447,1850,1114,736,9789,5354,4435,641,300,341
1.0 Scen,2033,123,De Witt County,21865,11895,9970,9429,5046,4383,1823,1094,729,9943,5438,4505,670,317,353
1.0 Scen,2034,123,De Witt County,21900,11938,9962,9313,5003,4310,1800,1078,722,10088,5525,4563,699,332,367
1.0 Scen,2035,123,De Witt County,21965,11995,9970,9212,4966,4246,1779,1065,714,10250,5620,4630,724,344,380
1.0 Scen,2036,123,De Witt County,22014,12048,9966,9109,4931,4178,1761,1055,706,10389,5706,4683,755,356,399
1.0 Scen,2037,123,De Witt County,22086,12114,9972,9012,4899,4113,1739,1044,695,10540,5795,4745,795,376,419
1.0 Scen,2038,123,De Witt County,22147,12172,9975,8913,4864,4049,1716,1031,685,10685,5883,4802,833,394,439
1.0 Scen,2039,123,De Witt County,22203,12221,9982,8818,4832,3986,1682,1011,671,10831,5964,4867,872,414,458
1.0 Scen,2040,123,De Witt County,22240,12261,9979,8722,4797,3925,1649,994,655,10963,6041,4922,906,429,477
1.0 Scen,2041,123,De Witt County,22302,12314,9988,8631,4765,3866,1620,979,641,11101,6119,4982,950,451,499
1.0 Scen,2042,123,De Witt County,22354,12356,9998,8538,4726,3812,1594,966,628,11228,6190,5038,994,474,520
1.0 Scen,2043,123,De Witt County,22410,12419,9991,8445,4702,3743,1566,952,614,11353,6269,5084,1046,496,550
1.0 Scen,2044,123,De Witt County,22476,12465,10011,8359,4667,3692,1542,939,603,11476,6339,5137,1099,520,579
1.0 Scen,2045,123,De Witt County,22531,12515,10016,8271,4638,3633,1520,930,590,11593,6405,5188,1147,542,605
1.0 Scen,2046,123,De Witt County,22592,12567,10025,8191,4607,3584,1503,924,579,11707,6476,5231,1191,560,631
1.0 Scen,2047,123,De Witt County,22651,12625,10026,8115,4582,3533,1475,914,561,11827,6549,5278,1234,580,654
1.0 Scen,2048,123,De Witt County,22717,12685,10032,8026,4552,3474,1454,901,553,11944,6619,5325,1293,613,680
1.0 Scen,2049,123,De Witt County,22779,12743,10036,7956,4523,3433,1432,894,538,12044,6683,5361,1347,643,704
1.0 Scen,2050,123,De Witt County,22847,12799,10048,7888,4504,3384,1410,879,531,12155,6749,5406,1394,667,727
1.0 Scen,2010,125,Dickens County,2444,1383,1061,1590,823,767,92,78,14,708,448,260,54,34,20
1.0 Scen,2011,125,Dickens County,2459,1394,1065,1597,829,768,92,78,14,716,453,263,54,34,20
1.0 Scen,2012,125,Dickens County,2469,1401,1068,1597,830,767,92,78,14,726,459,267,54,34,20
1.0 Scen,2013,125,Dickens County,2483,1408,1075,1601,833,768,92,78,14,737,464,273,53,33,20
1.0 Scen,2014,125,Dickens County,2489,1409,1080,1599,830,769,92,78,14,745,468,277,53,33,20
1.0 Scen,2015,125,Dickens County,2493,1413,1080,1595,829,766,92,78,14,754,473,281,52,33,19
1.0 Scen,2016,125,Dickens County,2491,1413,1078,1586,825,761,92,78,14,761,477,284,52,33,19
1.0 Scen,2017,125,Dickens County,2496,1420,1076,1582,826,756,92,78,14,770,483,287,52,33,19
1.0 Scen,2018,125,Dickens County,2491,1421,1070,1568,822,746,91,78,13,780,488,292,52,33,19
1.0 Scen,2019,125,Dickens County,2488,1421,1067,1556,816,740,91,78,13,789,494,295,52,33,19
1.0 Scen,2020,125,Dickens County,2482,1420,1062,1540,809,731,92,79,13,799,500,299,51,32,19
1.0 Scen,2021,125,Dickens County,2481,1425,1056,1528,806,722,92,79,13,810,508,302,51,32,19
1.0 Scen,2022,125,Dickens County,2479,1424,1055,1518,802,716,91,78,13,819,512,307,51,32,19
1.0 Scen,2023,125,Dickens County,2480,1429,1051,1505,799,706,92,79,13,831,519,312,52,32,20
1.0 Scen,2024,125,Dickens County,2477,1431,1046,1491,792,699,93,80,13,842,526,316,51,33,18
1.0 Scen,2025,125,Dickens County,2465,1427,1038,1471,783,688,93,80,13,850,531,319,51,33,18
1.0 Scen,2026,125,Dickens County,2463,1429,1034,1456,777,679,93,80,13,863,539,324,51,33,18
1.0 Scen,2027,125,Dickens County,2458,1429,1029,1441,772,669,93,80,13,874,545,329,50,32,18
1.0 Scen,2028,125,Dickens County,2459,1435,1024,1427,769,658,93,80,13,888,554,334,51,32,19
1.0 Scen,2029,125,Dickens County,2457,1437,1020,1413,763,650,93,80,13,900,562,338,51,32,19
1.0 Scen,2030,125,Dickens County,2449,1441,1008,1394,759,635,93,80,13,911,570,341,51,32,19
1.0 Scen,2031,125,Dickens County,2441,1434,1007,1383,753,630,93,80,13,914,569,345,51,32,19
1.0 Scen,2032,125,Dickens County,2436,1435,1001,1367,747,620,95,81,14,924,576,348,50,31,19
1.0 Scen,2033,125,Dickens County,2421,1428,993,1348,737,611,96,82,14,928,579,349,49,30,19
1.0 Scen,2034,125,Dickens County,2397,1420,977,1327,728,599,98,84,14,925,580,345,47,28,19
1.0 Scen,2035,125,Dickens County,2378,1409,969,1301,712,589,99,85,14,931,584,347,47,28,19
1.0 Scen,2036,125,Dickens County,2356,1400,956,1277,702,575,98,84,14,935,587,348,46,27,19
1.0 Scen,2037,125,Dickens County,2337,1397,940,1261,696,565,98,84,14,933,590,343,45,27,18
1.0 Scen,2038,125,Dickens County,2310,1385,925,1236,685,551,94,82,12,936,592,344,44,26,18
1.0 Scen,2039,125,Dickens County,2289,1376,913,1213,673,540,94,82,12,938,595,343,44,26,18
1.0 Scen,2040,125,Dickens County,2261,1363,898,1190,664,526,93,81,12,935,593,342,43,25,18
1.0 Scen,2041,125,Dickens County,2235,1353,882,1164,653,511,92,80,12,936,595,341,43,25,18
1.0 Scen,2042,125,Dickens County,2222,1345,877,1148,645,503,92,79,13,938,595,343,44,26,18
1.0 Scen,2043,125,Dickens County,2205,1337,868,1129,638,491,89,76,13,947,600,347,40,23,17
1.0 Scen,2044,125,Dickens County,2187,1331,856,1114,633,481,88,76,12,946,600,346,39,22,17
1.0 Scen,2045,125,Dickens County,2175,1322,853,1102,627,475,87,76,11,948,598,350,38,21,17
1.0 Scen,2046,125,Dickens County,2161,1319,842,1091,624,467,85,75,10,949,598,351,36,22,14
1.0 Scen,2047,125,Dickens County,2144,1310,834,1070,615,455,82,72,10,956,602,354,36,21,15
1.0 Scen,2048,125,Dickens County,2124,1305,819,1051,609,442,82,72,10,956,604,352,35,20,15
1.0 Scen,2049,125,Dickens County,2107,1291,816,1040,600,440,78,68,10,956,605,351,33,18,15
1.0 Scen,2050,125,Dickens County,2085,1285,800,1020,593,427,77,67,10,956,606,350,32,19,13
1.0 Scen,2010,127,Dimmit County,9996,4839,5157,1217,620,597,81,44,37,8616,4138,4478,82,37,45
1.0 Scen,2011,127,Dimmit County,10098,4899,5199,1224,628,596,82,45,37,8708,4188,4520,84,38,46
1.0 Scen,2012,127,Dimmit County,10200,4950,5250,1234,635,599,83,45,38,8799,4232,4567,84,38,46
1.0 Scen,2013,127,Dimmit County,10297,5010,5287,1244,644,600,83,46,37,8884,4281,4603,86,39,47
1.0 Scen,2014,127,Dimmit County,10392,5060,5332,1247,649,598,84,46,38,8972,4325,4647,89,40,49
1.0 Scen,2015,127,Dimmit County,10473,5106,5367,1252,656,596,85,47,38,9046,4363,4683,90,40,50
1.0 Scen,2016,127,Dimmit County,10565,5161,5404,1262,663,599,86,47,39,9125,4410,4715,92,41,51
1.0 Scen,2017,127,Dimmit County,10645,5210,5435,1261,663,598,87,48,39,9202,4456,4746,95,43,52
1.0 Scen,2018,127,Dimmit County,10719,5257,5462,1261,668,593,88,48,40,9273,4497,4776,97,44,53
1.0 Scen,2019,127,Dimmit County,10785,5298,5487,1257,669,588,89,49,40,9340,4535,4805,99,45,54
1.0 Scen,2020,127,Dimmit County,10870,5343,5527,1255,672,583,91,49,42,9424,4577,4847,100,45,55
1.0 Scen,2021,127,Dimmit County,10949,5389,5560,1253,675,578,92,50,42,9504,4619,4885,100,45,55
1.0 Scen,2022,127,Dimmit County,11037,5436,5601,1252,674,578,93,50,43,9592,4667,4925,100,45,55
1.0 Scen,2023,127,Dimmit County,11105,5482,5623,1251,679,572,94,51,43,9659,4706,4953,101,46,55
1.0 Scen,2024,127,Dimmit County,11176,5518,5658,1246,678,568,95,51,44,9733,4743,4990,102,46,56
1.0 Scen,2025,127,Dimmit County,11244,5559,5685,1240,677,563,96,52,44,9805,4783,5022,103,47,56
1.0 Scen,2026,127,Dimmit County,11299,5595,5704,1235,675,560,96,52,44,9865,4821,5044,103,47,56
1.0 Scen,2027,127,Dimmit County,11366,5635,5731,1230,671,559,97,53,44,9937,4864,5073,102,47,55
1.0 Scen,2028,127,Dimmit County,11407,5655,5752,1220,663,557,98,53,45,9986,4892,5094,103,47,56
1.0 Scen,2029,127,Dimmit County,11461,5689,5772,1217,665,552,99,54,45,10042,4922,5120,103,48,55
1.0 Scen,2030,127,Dimmit County,11501,5715,5786,1210,662,548,100,54,46,10088,4952,5136,103,47,56
1.0 Scen,2031,127,Dimmit County,11546,5745,5801,1205,660,545,101,55,46,10136,4982,5154,104,48,56
1.0 Scen,2032,127,Dimmit County,11583,5772,5811,1199,660,539,101,55,46,10179,5009,5170,104,48,56
1.0 Scen,2033,127,Dimmit County,11592,5790,5802,1194,660,534,101,56,45,10195,5028,5167,102,46,56
1.0 Scen,2034,127,Dimmit County,11626,5818,5808,1188,660,528,101,55,46,10231,5055,5176,106,48,58
1.0 Scen,2035,127,Dimmit County,11646,5835,5811,1182,654,528,102,56,46,10255,5076,5179,107,49,58
1.0 Scen,2036,127,Dimmit County,11657,5853,5804,1176,651,525,101,55,46,10271,5097,5174,109,50,59
1.0 Scen,2037,127,Dimmit County,11660,5870,5790,1163,646,517,101,55,46,10285,5118,5167,111,51,60
1.0 Scen,2038,127,Dimmit County,11657,5878,5779,1151,641,510,101,54,47,10293,5131,5162,112,52,60
1.0 Scen,2039,127,Dimmit County,11653,5885,5768,1138,633,505,101,54,47,10300,5145,5155,114,53,61
1.0 Scen,2040,127,Dimmit County,11638,5884,5754,1126,626,500,100,53,47,10297,5151,5146,115,54,61
1.0 Scen,2041,127,Dimmit County,11612,5887,5725,1105,619,486,100,53,47,10291,5160,5131,116,55,61
1.0 Scen,2042,127,Dimmit County,11584,5883,5701,1087,611,476,99,52,47,10282,5165,5117,116,55,61
1.0 Scen,2043,127,Dimmit County,11563,5884,5679,1079,605,474,98,52,46,10270,5172,5098,116,55,61
1.0 Scen,2044,127,Dimmit County,11533,5882,5651,1067,601,466,97,51,46,10252,5174,5078,117,56,61
1.0 Scen,2045,127,Dimmit County,11524,5887,5637,1065,599,466,95,51,44,10248,5181,5067,116,56,60
1.0 Scen,2046,127,Dimmit County,11501,5889,5612,1056,595,461,94,50,44,10238,5188,5050,113,56,57
1.0 Scen,2047,127,Dimmit County,11454,5880,5574,1041,592,449,93,49,44,10208,5185,5023,112,54,58
1.0 Scen,2048,127,Dimmit County,11421,5866,5555,1028,583,445,93,48,45,10187,5181,5006,113,54,59
1.0 Scen,2049,127,Dimmit County,11391,5865,5526,1023,583,440,92,47,45,10161,5180,4981,115,55,60
1.0 Scen,2050,127,Dimmit County,11349,5854,5495,1012,580,432,93,47,46,10128,5172,4956,116,55,61
1.0 Scen,2010,129,Donley County,3677,1825,1852,3136,1566,1570,163,75,88,309,157,152,69,27,42
1.0 Scen,2011,129,Donley County,3699,1839,1860,3149,1576,1573,165,76,89,316,160,156,69,27,42
1.0 Scen,2012,129,Donley County,3716,1851,1865,3157,1583,1574,166,77,89,324,164,160,69,27,42
1.0 Scen,2013,129,Donley County,3734,1869,1865,3164,1595,1569,169,79,90,332,168,164,69,27,42
1.0 Scen,2014,129,Donley County,3757,1885,1872,3177,1606,1571,171,80,91,340,172,168,69,27,42
1.0 Scen,2015,129,Donley County,3781,1905,1876,3188,1619,1569,175,82,93,349,177,172,69,27,42
1.0 Scen,2016,129,Donley County,3799,1921,1878,3191,1627,1564,178,84,94,361,183,178,69,27,42
1.0 Scen,2017,129,Donley County,3827,1940,1887,3202,1639,1563,183,86,97,372,187,185,70,28,42
1.0 Scen,2018,129,Donley County,3844,1948,1896,3205,1643,1562,187,88,99,382,190,192,70,27,43
1.0 Scen,2019,129,Donley County,3856,1955,1901,3203,1642,1561,190,91,99,392,194,198,71,28,43
1.0 Scen,2020,129,Donley County,3873,1967,1906,3205,1647,1558,193,92,101,403,200,203,72,28,44
1.0 Scen,2021,129,Donley County,3888,1975,1913,3205,1647,1558,197,94,103,413,205,208,73,29,44
1.0 Scen,2022,129,Donley County,3902,1987,1915,3204,1651,1553,201,96,105,423,210,213,74,30,44
1.0 Scen,2023,129,Donley County,3916,1997,1919,3204,1654,1550,204,98,106,433,214,219,75,31,44
1.0 Scen,2024,129,Donley County,3923,2005,1918,3199,1656,1543,208,100,108,440,218,222,76,31,45
1.0 Scen,2025,129,Donley County,3935,2018,1917,3200,1665,1535,209,101,108,450,222,228,76,30,46
1.0 Scen,2026,129,Donley County,3944,2026,1918,3195,1666,1529,211,103,108,460,226,234,78,31,47
1.0 Scen,2027,129,Donley County,3948,2032,1916,3189,1665,1524,212,104,108,466,230,236,81,33,48
1.0 Scen,2028,129,Donley County,3954,2039,1915,3179,1664,1515,216,106,110,477,235,242,82,34,48
1.0 Scen,2029,129,Donley County,3958,2046,1912,3163,1662,1501,221,110,111,490,239,251,84,35,49
1.0 Scen,2030,129,Donley County,3963,2053,1910,3152,1661,1491,223,112,111,502,244,258,86,36,50
1.0 Scen,2031,129,Donley County,3962,2059,1903,3134,1659,1475,227,115,112,513,248,265,88,37,51
1.0 Scen,2032,129,Donley County,3958,2065,1893,3119,1658,1461,230,117,113,520,252,268,89,38,51
1.0 Scen,2033,129,Donley County,3955,2075,1880,3105,1662,1443,232,119,113,529,256,273,89,38,51
1.0 Scen,2034,129,Donley County,3956,2080,1876,3091,1662,1429,234,120,114,541,260,281,90,38,52
1.0 Scen,2035,129,Donley County,3946,2086,1860,3075,1663,1412,233,120,113,549,264,285,89,39,50
1.0 Scen,2036,129,Donley County,3921,2080,1841,3048,1660,1388,231,118,113,552,263,289,90,39,51
1.0 Scen,2037,129,Donley County,3905,2074,1831,3030,1655,1375,231,118,113,553,261,292,91,40,51
1.0 Scen,2038,129,Donley County,3895,2070,1825,3010,1650,1360,231,117,114,562,263,299,92,40,52
1.0 Scen,2039,129,Donley County,3886,2072,1814,2993,1648,1345,230,117,113,570,266,304,93,41,52
1.0 Scen,2040,129,Donley County,3877,2081,1796,2983,1656,1327,230,117,113,571,267,304,93,41,52
1.0 Scen,2041,129,Donley County,3871,2080,1791,2970,1654,1316,230,117,113,579,268,311,92,41,51
1.0 Scen,2042,129,Donley County,3872,2086,1786,2959,1657,1302,229,118,111,591,270,321,93,41,52
1.0 Scen,2043,129,Donley County,3875,2091,1784,2954,1662,1292,228,118,110,602,271,331,91,40,51
1.0 Scen,2044,129,Donley County,3864,2089,1775,2936,1659,1277,228,118,110,610,273,337,90,39,51
1.0 Scen,2045,129,Donley County,3860,2093,1767,2925,1661,1264,222,116,106,622,276,346,91,40,51
1.0 Scen,2046,129,Donley County,3840,2084,1756,2913,1656,1257,219,115,104,621,274,347,87,39,48
1.0 Scen,2047,129,Donley County,3835,2082,1753,2900,1656,1244,217,113,104,632,274,358,86,39,47
1.0 Scen,2048,129,Donley County,3830,2079,1751,2884,1653,1231,215,113,102,645,275,370,86,38,48
1.0 Scen,2049,129,Donley County,3829,2081,1748,2868,1653,1215,214,113,101,661,277,384,86,38,48
1.0 Scen,2050,129,Donley County,3819,2073,1746,2852,1649,1203,212,111,101,670,276,394,85,37,48
1.0 Scen,2010,131,Duval County,11782,6077,5705,1206,687,519,86,81,5,10424,5279,5145,66,30,36
1.0 Scen,2011,131,Duval County,11897,6144,5753,1214,691,523,86,81,5,10531,5342,5189,66,30,36
1.0 Scen,2012,131,Duval County,12001,6205,5796,1221,694,527,86,81,5,10628,5400,5228,66,30,36
1.0 Scen,2013,131,Duval County,12095,6262,5833,1222,694,528,86,81,5,10722,5457,5265,65,30,35
1.0 Scen,2014,131,Duval County,12182,6315,5867,1228,697,531,86,81,5,10803,5507,5296,65,30,35
1.0 Scen,2015,131,Duval County,12247,6358,5889,1230,700,530,86,81,5,10866,5547,5319,65,30,35
1.0 Scen,2016,131,Duval County,12313,6403,5910,1222,694,528,86,81,5,10940,5598,5342,65,30,35
1.0 Scen,2017,131,Duval County,12398,6460,5938,1227,699,528,86,81,5,11019,5650,5369,66,30,36
1.0 Scen,2018,131,Duval County,12476,6503,5973,1227,698,529,86,81,5,11097,5694,5403,66,30,36
1.0 Scen,2019,131,Duval County,12534,6542,5992,1223,695,528,86,81,5,11159,5736,5423,66,30,36
1.0 Scen,2020,131,Duval County,12596,6584,6012,1212,691,521,86,81,5,11232,5782,5450,66,30,36
1.0 Scen,2021,131,Duval County,12658,6618,6040,1206,687,519,86,81,5,11300,5820,5480,66,30,36
1.0 Scen,2022,131,Duval County,12721,6661,6060,1196,684,512,86,81,5,11373,5866,5507,66,30,36
1.0 Scen,2023,131,Duval County,12780,6708,6072,1198,687,511,86,81,5,11431,5910,5521,65,30,35
1.0 Scen,2024,131,Duval County,12820,6739,6081,1185,681,504,86,81,5,11485,5947,5538,64,30,34
1.0 Scen,2025,131,Duval County,12863,6774,6089,1178,680,498,86,81,5,11535,5983,5552,64,30,34
1.0 Scen,2026,131,Duval County,12893,6800,6093,1168,675,493,86,81,5,11575,6014,5561,64,30,34
1.0 Scen,2027,131,Duval County,12940,6829,6111,1159,668,491,86,81,5,11630,6049,5581,65,31,34
1.0 Scen,2028,131,Duval County,12958,6848,6110,1147,662,485,86,81,5,11659,6074,5585,66,31,35
1.0 Scen,2029,131,Duval County,12989,6874,6115,1139,658,481,86,81,5,11698,6103,5595,66,32,34
1.0 Scen,2030,131,Duval County,12999,6881,6118,1129,650,479,86,81,5,11717,6118,5599,67,32,35
1.0 Scen,2031,131,Duval County,13023,6897,6126,1127,649,478,85,80,5,11744,6136,5608,67,32,35
1.0 Scen,2032,131,Duval County,13030,6905,6125,1114,641,473,85,80,5,11763,6152,5611,68,32,36
1.0 Scen,2033,131,Duval County,13021,6910,6111,1104,637,467,85,80,5,11764,6160,5604,68,33,35
1.0 Scen,2034,131,Duval County,13036,6924,6112,1105,639,466,86,81,5,11777,6172,5605,68,32,36
1.0 Scen,2035,131,Duval County,13025,6929,6096,1094,634,460,86,81,5,11777,6181,5596,68,33,35
1.0 Scen,2036,131,Duval County,13035,6948,6087,1086,632,454,86,81,5,11795,6202,5593,68,33,35
1.0 Scen,2037,131,Duval County,13016,6944,6072,1075,625,450,85,80,5,11788,6206,5582,68,33,35
1.0 Scen,2038,131,Duval County,12995,6937,6058,1062,615,447,85,80,5,11781,6210,5571,67,32,35
1.0 Scen,2039,131,Duval County,12982,6948,6034,1049,610,439,84,79,5,11783,6226,5557,66,33,33
1.0 Scen,2040,131,Duval County,12949,6936,6013,1036,602,434,83,78,5,11765,6223,5542,65,33,32
1.0 Scen,2041,131,Duval County,12919,6930,5989,1018,595,423,81,76,5,11756,6227,5529,64,32,32
1.0 Scen,2042,131,Duval County,12879,6922,5957,1005,591,414,80,75,5,11730,6224,5506,64,32,32
1.0 Scen,2043,131,Duval County,12839,6904,5935,989,578,411,78,73,5,11709,6222,5487,63,31,32
1.0 Scen,2044,131,Duval County,12797,6884,5913,978,569,409,77,72,5,11680,6213,5467,62,30,32
1.0 Scen,2045,131,Duval County,12754,6870,5884,972,566,406,75,70,5,11646,6204,5442,61,30,31
1.0 Scen,2046,131,Duval County,12692,6848,5844,962,558,404,72,68,4,11600,6193,5407,58,29,29
1.0 Scen,2047,131,Duval County,12632,6826,5806,950,554,396,71,67,4,11557,6179,5378,54,26,28
1.0 Scen,2048,131,Duval County,12558,6797,5761,937,551,386,65,61,4,11503,6159,5344,53,26,27
1.0 Scen,2049,131,Duval County,12486,6765,5721,927,545,382,63,59,4,11444,6135,5309,52,26,26
1.0 Scen,2050,131,Duval County,12419,6738,5681,913,538,375,63,59,4,11393,6116,5277,50,25,25
1.0 Scen,2010,133,Eastland County,18583,9071,9512,15271,7342,7929,318,190,128,2673,1380,1293,321,159,162
1.0 Scen,2011,133,Eastland County,18706,9149,9557,15302,7371,7931,322,192,130,2757,1424,1333,325,162,163
1.0 Scen,2012,133,Eastland County,18833,9213,9620,15334,7386,7948,327,195,132,2844,1469,1375,328,163,165
1.0 Scen,2013,133,Eastland County,18969,9293,9676,15371,7411,7960,336,199,137,2927,1516,1411,335,167,168
1.0 Scen,2014,133,Eastland County,19116,9379,9737,15413,7443,7970,342,203,139,3020,1563,1457,341,170,171
1.0 Scen,2015,133,Eastland County,19259,9459,9800,15458,7473,7985,351,207,144,3104,1606,1498,346,173,173
1.0 Scen,2016,133,Eastland County,19385,9541,9844,15489,7498,7991,361,215,146,3186,1653,1533,349,175,174
1.0 Scen,2017,133,Eastland County,19512,9617,9895,15513,7516,7997,369,221,148,3276,1702,1574,354,178,176
1.0 Scen,2018,133,Eastland County,19629,9681,9948,15526,7525,8001,371,222,149,3374,1753,1621,358,181,177
1.0 Scen,2019,133,Eastland County,19748,9751,9997,15547,7542,8005,379,228,151,3460,1797,1663,362,184,178
1.0 Scen,2020,133,Eastland County,19857,9815,10042,15563,7556,8007,380,230,150,3549,1844,1705,365,185,180
1.0 Scen,2021,133,Eastland County,19962,9874,10088,15571,7562,8009,383,233,150,3642,1892,1750,366,187,179
1.0 Scen,2022,133,Eastland County,20051,9929,10122,15567,7567,8000,384,234,150,3732,1940,1792,368,188,180
1.0 Scen,2023,133,Eastland County,20130,9984,10146,15559,7575,7984,385,237,148,3819,1981,1838,367,191,176
1.0 Scen,2024,133,Eastland County,20234,10050,10184,15559,7585,7974,391,241,150,3915,2033,1882,369,191,178
1.0 Scen,2025,133,Eastland County,20319,10106,10213,15541,7586,7955,393,243,150,4014,2082,1932,371,195,176
1.0 Scen,2026,133,Eastland County,20406,10168,10238,15521,7590,7931,400,248,152,4109,2131,1978,376,199,177
1.0 Scen,2027,133,Eastland County,20485,10216,10269,15497,7583,7914,402,248,154,4210,2185,2025,376,200,176
1.0 Scen,2028,133,Eastland County,20547,10253,10294,15460,7569,7891,403,248,155,4306,2236,2070,378,200,178
1.0 Scen,2029,133,Eastland County,20625,10309,10316,15421,7562,7859,401,247,154,4419,2293,2126,384,207,177
1.0 Scen,2030,133,Eastland County,20686,10355,10331,15372,7549,7823,398,245,153,4529,2350,2179,387,211,176
1.0 Scen,2031,133,Eastland County,20712,10384,10328,15313,7527,7786,398,245,153,4609,2396,2213,392,216,176
1.0 Scen,2032,133,Eastland County,20736,10406,10330,15233,7499,7734,394,241,153,4716,2447,2269,393,219,174
1.0 Scen,2033,133,Eastland County,20762,10436,10326,15164,7477,7687,392,241,151,4813,2497,2316,393,221,172
1.0 Scen,2034,133,Eastland County,20770,10456,10314,15076,7446,7630,391,241,150,4906,2545,2361,397,224,173
1.0 Scen,2035,133,Eastland County,20766,10468,10298,14984,7411,7573,388,240,148,4993,2586,2407,401,231,170
1.0 Scen,2036,133,Eastland County,20773,10497,10276,14893,7381,7512,389,240,149,5078,2633,2445,413,243,170
1.0 Scen,2037,133,Eastland County,20765,10508,10257,14790,7339,7451,389,241,148,5162,2676,2486,424,252,172
1.0 Scen,2038,133,Eastland County,20770,10525,10245,14684,7300,7384,396,245,151,5257,2720,2537,433,260,173
1.0 Scen,2039,133,Eastland County,20755,10535,10220,14581,7259,7322,397,247,150,5338,2763,2575,439,266,173
1.0 Scen,2040,133,Eastland County,20757,10561,10196,14477,7218,7259,396,248,148,5436,2821,2615,448,274,174
1.0 Scen,2041,133,Eastland County,20736,10567,10169,14363,7172,7191,395,248,147,5525,2867,2658,453,280,173
1.0 Scen,2042,133,Eastland County,20715,10567,10148,14254,7125,7129,393,246,147,5611,2911,2700,457,285,172
1.0 Scen,2043,133,Eastland County,20696,10589,10107,14140,7082,7058,392,247,145,5699,2967,2732,465,293,172
1.0 Scen,2044,133,Eastland County,20651,10585,10066,14021,7035,6986,391,246,145,5772,3006,2766,467,298,169
1.0 Scen,2045,133,Eastland County,20615,10587,10028,13891,6979,6912,393,249,144,5863,3056,2807,468,303,165
1.0 Scen,2046,133,Eastland County,20570,10588,9982,13771,6931,6840,394,249,145,5944,3103,2841,461,305,156
1.0 Scen,2047,133,Eastland County,20532,10596,9936,13650,6884,6766,392,250,142,6031,3154,2877,459,308,151
1.0 Scen,2048,133,Eastland County,20503,10593,9910,13529,6831,6698,389,247,142,6122,3203,2919,463,312,151
1.0 Scen,2049,133,Eastland County,20479,10612,9867,13415,6793,6622,389,249,140,6209,3254,2955,466,316,150
1.0 Scen,2050,133,Eastland County,20461,10626,9835,13305,6752,6553,389,249,140,6301,3305,2996,466,320,146
1.0 Scen,2010,135,Ector County,137130,67686,69444,56306,27536,28770,5596,2781,2815,72331,35957,36374,2897,1412,1485
1.0 Scen,2011,135,Ector County,139313,68835,70478,55984,27404,28580,5674,2814,2860,74658,37143,37515,2997,1474,1523
1.0 Scen,2012,135,Ector County,141506,69988,71518,55650,27270,28380,5745,2837,2908,77018,38345,38673,3093,1536,1557
1.0 Scen,2013,135,Ector County,143747,71177,72570,55305,27130,28175,5805,2858,2947,79426,39577,39849,3211,1612,1599
1.0 Scen,2014,135,Ector County,146019,72363,73656,54936,26973,27963,5864,2876,2988,81908,40839,41069,3311,1675,1636
1.0 Scen,2015,135,Ector County,148260,73560,74700,54519,26802,27717,5933,2896,3037,84407,42125,42282,3401,1737,1664
1.0 Scen,2016,135,Ector County,150463,74747,75716,54057,26604,27453,5984,2909,3075,86928,43434,43494,3494,1800,1694
1.0 Scen,2017,135,Ector County,152715,75941,76774,53565,26391,27174,6029,2925,3104,89507,44749,44758,3614,1876,1738
1.0 Scen,2018,135,Ector County,154975,77148,77827,53060,26171,26889,6071,2938,3133,92115,46091,46024,3729,1948,1781
1.0 Scen,2019,135,Ector County,157226,78357,78869,52520,25935,26585,6117,2955,3162,94742,47445,47297,3847,2022,1825
1.0 Scen,2020,135,Ector County,159521,79602,79919,51980,25703,26277,6147,2964,3183,97419,48829,48590,3975,2106,1869
1.0 Scen,2021,135,Ector County,161890,80877,81013,51433,25463,25970,6192,2980,3212,100172,50246,49926,4093,2188,1905
1.0 Scen,2022,135,Ector County,164322,82199,82123,50875,25223,25652,6233,2993,3240,102985,51706,51279,4229,2277,1952
1.0 Scen,2023,135,Ector County,166747,83512,83235,50303,24971,25332,6269,3009,3260,105813,53171,52642,4362,2361,2001
1.0 Scen,2024,135,Ector County,169208,84849,84359,49709,24708,25001,6312,3019,3293,108689,54668,54021,4498,2454,2044
1.0 Scen,2025,135,Ector County,171699,86210,85489,49123,24451,24672,6348,3035,3313,111591,56175,55416,4637,2549,2088
1.0 Scen,2026,135,Ector County,174194,87572,86622,48518,24181,24337,6388,3048,3340,114515,57699,56816,4773,2644,2129
1.0 Scen,2027,135,Ector County,176710,88939,87771,47901,23901,24000,6430,3062,3368,117455,59235,58220,4924,2741,2183
1.0 Scen,2028,135,Ector County,179267,90335,88932,47279,23620,23659,6477,3081,3396,120433,60789,59644,5078,2845,2233
1.0 Scen,2029,135,Ector County,181798,91716,90082,46656,23333,23323,6500,3092,3408,123413,62342,61071,5229,2949,2280
1.0 Scen,2030,135,Ector County,184384,93131,91253,46035,23049,22986,6544,3106,3438,126411,63920,62491,5394,3056,2338
1.0 Scen,2031,135,Ector County,186977,94545,92432,45416,22761,22655,6578,3118,3460,129426,65500,63926,5557,3166,2391
1.0 Scen,2032,135,Ector County,189570,95978,93592,44790,22470,22320,6613,3129,3484,132440,67101,65339,5727,3278,2449
1.0 Scen,2033,135,Ector County,192189,97415,94774,44161,22177,21984,6652,3143,3509,135486,68703,66783,5890,3392,2498
1.0 Scen,2034,135,Ector County,194775,98856,95919,43535,21892,21643,6667,3149,3518,138517,70308,68209,6056,3507,2549
1.0 Scen,2035,135,Ector County,197390,100293,97097,42923,21602,21321,6697,3154,3543,141549,71916,69633,6221,3621,2600
1.0 Scen,2036,135,Ector County,199981,101747,98234,42286,21307,20979,6719,3163,3556,144574,73532,71042,6402,3745,2657
1.0 Scen,2037,135,Ector County,202559,103195,99364,41641,21014,20627,6734,3162,3572,147601,75148,72453,6583,3871,2712
1.0 Scen,2038,135,Ector County,205127,104653,100474,40987,20713,20274,6753,3170,3583,150619,76766,73853,6768,4004,2764
1.0 Scen,2039,135,Ector County,207696,106118,101578,40332,20410,19922,6764,3171,3593,153642,78399,75243,6958,4138,2820
1.0 Scen,2040,135,Ector County,210246,107581,102665,39672,20110,19562,6773,3175,3598,156651,80023,76628,7150,4273,2877
1.0 Scen,2041,135,Ector County,212754,109036,103718,38989,19799,19190,6778,3171,3607,159649,81656,77993,7338,4410,2928
1.0 Scen,2042,135,Ector County,215264,110499,104765,38317,19489,18828,6768,3166,3602,162651,83298,79353,7528,4546,2982
1.0 Scen,2043,135,Ector County,217765,111948,105817,37643,19175,18468,6769,3163,3606,165631,84924,80707,7722,4686,3036
1.0 Scen,2044,135,Ector County,220238,113405,106833,36950,18858,18092,6765,3160,3605,168617,86565,82052,7906,4822,3084
1.0 Scen,2045,135,Ector County,222705,114857,107848,36281,18549,17732,6751,3154,3597,171582,88196,83386,8091,4958,3133
1.0 Scen,2046,135,Ector County,225161,116314,108847,35601,18240,17361,6742,3146,3596,174535,89831,84704,8283,5097,3186
1.0 Scen,2047,135,Ector County,227608,117762,109846,34932,17931,17001,6729,3140,3589,177476,91458,86018,8471,5233,3238
1.0 Scen,2048,135,Ector County,230067,119219,110848,34272,17624,16648,6727,3133,3594,180412,93088,87324,8656,5374,3282
1.0 Scen,2049,135,Ector County,232522,120678,111844,33630,17331,16299,6722,3129,3593,183323,94707,88616,8847,5511,3336
1.0 Scen,2050,135,Ector County,234964,122136,112828,32993,17032,15961,6711,3124,3587,186223,96329,89894,9037,5651,3386
1.0 Scen,2010,137,Edwards County,2002,1021,981,947,473,474,10,7,3,1027,533,494,18,8,10
1.0 Scen,2011,137,Edwards County,2026,1035,991,954,476,478,10,7,3,1044,544,500,18,8,10
1.0 Scen,2012,137,Edwards County,2050,1048,1002,960,478,482,10,7,3,1062,555,507,18,8,10
1.0 Scen,2013,137,Edwards County,2075,1061,1014,964,479,485,10,7,3,1083,567,516,18,8,10
1.0 Scen,2014,137,Edwards County,2100,1074,1026,970,481,489,10,7,3,1102,578,524,18,8,10
1.0 Scen,2015,137,Edwards County,2119,1083,1036,972,481,491,10,7,3,1119,587,532,18,8,10
1.0 Scen,2016,137,Edwards County,2136,1094,1042,968,480,488,10,7,3,1140,599,541,18,8,10
1.0 Scen,2017,137,Edwards County,2144,1102,1042,959,478,481,10,7,3,1157,609,548,18,8,10
1.0 Scen,2018,137,Edwards County,2153,1108,1045,950,473,477,10,7,3,1175,620,555,18,8,10
1.0 Scen,2019,137,Edwards County,2158,1114,1044,940,470,470,10,7,3,1190,629,561,18,8,10
1.0 Scen,2020,137,Edwards County,2174,1122,1052,935,466,469,10,7,3,1211,641,570,18,8,10
1.0 Scen,2021,137,Edwards County,2176,1126,1050,921,459,462,10,7,3,1227,652,575,18,8,10
1.0 Scen,2022,137,Edwards County,2174,1126,1048,907,449,458,10,7,3,1239,662,577,18,8,10
1.0 Scen,2023,137,Edwards County,2175,1124,1051,895,440,455,9,6,3,1253,670,583,18,8,10
1.0 Scen,2024,137,Edwards County,2175,1122,1053,884,431,453,9,6,3,1264,677,587,18,8,10
1.0 Scen,2025,137,Edwards County,2177,1124,1053,874,426,448,9,6,3,1276,684,592,18,8,10
1.0 Scen,2026,137,Edwards County,2171,1128,1043,856,419,437,9,6,3,1289,695,594,17,8,9
1.0 Scen,2027,137,Edwards County,2165,1127,1038,837,408,429,9,6,3,1301,705,596,18,8,10
1.0 Scen,2028,137,Edwards County,2158,1124,1034,824,401,423,9,6,3,1307,709,598,18,8,10
1.0 Scen,2029,137,Edwards County,2145,1119,1026,806,393,413,9,6,3,1312,712,600,18,8,10
1.0 Scen,2030,137,Edwards County,2126,1110,1016,795,386,409,9,6,3,1304,710,594,18,8,10
1.0 Scen,2031,137,Edwards County,2117,1109,1008,785,379,406,9,6,3,1305,716,589,18,8,10
1.0 Scen,2032,137,Edwards County,2107,1103,1004,774,374,400,9,6,3,1307,716,591,17,7,10
1.0 Scen,2033,137,Edwards County,2095,1098,997,763,367,396,9,6,3,1308,718,590,15,7,8
1.0 Scen,2034,137,Edwards County,2091,1097,994,758,364,394,9,6,3,1307,719,588,17,8,9
1.0 Scen,2035,137,Edwards County,2087,1092,995,747,357,390,9,6,3,1314,721,593,17,8,9
1.0 Scen,2036,137,Edwards County,2085,1092,993,742,354,388,9,6,3,1319,724,595,15,8,7
1.0 Scen,2037,137,Edwards County,2082,1095,987,737,353,384,9,6,3,1321,728,593,15,8,7
1.0 Scen,2038,137,Edwards County,2070,1091,979,727,350,377,9,6,3,1321,729,592,13,6,7
1.0 Scen,2039,137,Edwards County,2070,1094,976,723,351,372,9,6,3,1325,731,594,13,6,7
1.0 Scen,2040,137,Edwards County,2063,1093,970,717,351,366,9,6,3,1324,730,594,13,6,7
1.0 Scen,2041,137,Edwards County,2051,1088,963,705,348,357,9,6,3,1324,728,596,13,6,7
1.0 Scen,2042,137,Edwards County,2045,1087,958,693,343,350,9,6,3,1331,732,599,12,6,6
1.0 Scen,2043,137,Edwards County,2036,1079,957,683,335,348,9,6,3,1331,731,600,13,7,6
1.0 Scen,2044,137,Edwards County,2024,1073,951,683,335,348,8,6,2,1320,725,595,13,7,6
1.0 Scen,2045,137,Edwards County,2001,1068,933,673,330,343,8,6,2,1307,725,582,13,7,6
1.0 Scen,2046,137,Edwards County,1986,1057,929,675,328,347,8,6,2,1292,718,574,11,5,6
1.0 Scen,2047,137,Edwards County,1977,1057,920,668,327,341,8,6,2,1290,719,571,11,5,6
1.0 Scen,2048,137,Edwards County,1973,1062,911,669,329,340,8,6,2,1285,722,563,11,5,6
1.0 Scen,2049,137,Edwards County,1970,1061,909,667,327,340,8,6,2,1284,723,561,11,5,6
1.0 Scen,2050,137,Edwards County,1966,1061,905,670,330,340,8,6,2,1280,722,558,8,3,5
1.0 Scen,2010,139,Ellis County,149610,73870,75740,97987,47816,50171,13161,6360,6801,35161,18157,17004,3301,1537,1764
1.0 Scen,2011,139,Ellis County,154058,75988,78070,99863,48681,51182,13654,6600,7054,37043,19074,17969,3498,1633,1865
1.0 Scen,2012,139,Ellis County,158640,78178,80462,101728,49533,52195,14173,6856,7317,39031,20049,18982,3708,1740,1968
1.0 Scen,2013,139,Ellis County,163445,80481,82964,103652,50433,53219,14720,7122,7598,41138,21070,20068,3935,1856,2079
1.0 Scen,2014,139,Ellis County,168296,82795,85501,105512,51284,54228,15266,7385,7881,43364,22158,21206,4154,1968,2186
1.0 Scen,2015,139,Ellis County,173277,85167,88110,107347,52127,55220,15831,7658,8173,45707,23297,22410,4392,2085,2307
1.0 Scen,2016,139,Ellis County,178372,87583,90789,109167,52951,56216,16399,7929,8470,48164,24490,23674,4642,2213,2429
1.0 Scen,2017,139,Ellis County,183618,90058,93560,110970,53768,57202,16994,8212,8782,50745,25734,25011,4909,2344,2565
1.0 Scen,2018,139,Ellis County,189032,92620,96412,112768,54581,58187,17603,8501,9102,53482,27060,26422,5179,2478,2701
1.0 Scen,2019,139,Ellis County,194584,95251,99333,114552,55389,59163,18216,8796,9420,56342,28434,27908,5474,2632,2842
1.0 Scen,2020,139,Ellis County,200285,97938,102347,116333,56188,60145,18847,9097,9750,59325,29874,29451,5780,2779,3001
1.0 Scen,2021,139,Ellis County,206237,100762,105475,118139,57009,61130,19495,9404,10091,62489,31399,31090,6114,2950,3164
1.0 Scen,2022,139,Ellis County,212314,103648,108666,119945,57826,62119,20145,9717,10428,65765,32978,32787,6459,3127,3332
1.0 Scen,2023,139,Ellis County,218565,106600,111965,121750,58639,63111,20807,10028,10779,69192,34631,34561,6816,3302,3514
1.0 Scen,2024,139,Ellis County,224976,109636,115340,123536,59447,64089,21468,10338,11130,72774,36346,36428,7198,3505,3693
1.0 Scen,2025,139,Ellis County,231539,112730,118809,125304,60249,65055,22137,10651,11486,76500,38124,38376,7598,3706,3892
1.0 Scen,2026,139,Ellis County,238313,115939,122374,127097,61060,66037,22822,10979,11843,80380,39982,40398,8014,3918,4096
1.0 Scen,2027,139,Ellis County,245268,119231,126037,128878,61873,67005,23504,11304,12200,84428,41907,42521,8458,4147,4311
1.0 Scen,2028,139,Ellis County,252372,122582,129790,130639,62670,67969,24182,11622,12560,88635,43911,44724,8916,4379,4537
1.0 Scen,2029,139,Ellis County,259634,126016,133618,132379,63456,68923,24878,11956,12922,92975,45974,47001,9402,4630,4772
1.0 Scen,2030,139,Ellis County,267038,129519,137519,134102,64244,69858,25560,12279,13281,97469,48108,49361,9907,4888,5019
1.0 Scen,2031,139,Ellis County,274576,133074,141502,135774,65010,70764,26242,12602,13640,102124,50303,51821,10436,5159,5277
1.0 Scen,2032,139,Ellis County,282304,136737,145567,137438,65775,71663,26942,12943,13999,106940,52576,54364,10984,5443,5541
1.0 Scen,2033,139,Ellis County,290158,140457,149701,139028,66503,72525,27651,13283,14368,111915,54926,56989,11564,5745,5819
1.0 Scen,2034,139,Ellis County,298129,144227,153902,140563,67218,73345,28359,13626,14733,117037,57330,59707,12170,6053,6117
1.0 Scen,2035,139,Ellis County,306282,148094,158188,142048,67911,74137,29082,13978,15104,122350,59822,62528,12802,6383,6419
1.0 Scen,2036,139,Ellis County,314533,152011,162522,143485,68585,74900,29794,14330,15464,127821,62388,65433,13433,6708,6725
1.0 Scen,2037,139,Ellis County,323018,156037,166981,144885,69242,75643,30519,14686,15833,133496,65045,68451,14118,7064,7054
1.0 Scen,2038,139,Ellis County,331645,160128,171517,146241,69884,76357,31241,15032,16209,139349,67783,71566,14814,7429,7385
1.0 Scen,2039,139,Ellis County,340445,164308,176137,147532,70494,77038,31975,15393,16582,145394,70616,74778,15544,7805,7739
1.0 Scen,2040,139,Ellis County,349418,168587,180831,148773,71084,77689,32702,15761,16941,151618,73533,78085,16325,8209,8116
1.0 Scen,2041,139,Ellis County,358570,172945,185625,149956,71648,78308,33462,16144,17318,158019,76528,81491,17133,8625,8508
1.0 Scen,2042,139,Ellis County,367891,177392,190499,151086,72187,78899,34213,16524,17689,164615,79615,85000,17977,9066,8911
1.0 Scen,2043,139,Ellis County,377320,181885,195435,152138,72697,79441,34940,16884,18056,171382,82792,88590,18860,9512,9348
1.0 Scen,2044,139,Ellis County,386961,186508,200453,153153,73202,79951,35697,17274,18423,178333,86051,92282,19778,9981,9797
1.0 Scen,2045,139,Ellis County,396792,191235,205557,154123,73687,80436,36431,17646,18785,185499,89422,96077,20739,10480,10259
1.0 Scen,2046,139,Ellis County,406802,196053,210749,155046,74156,80890,37167,18023,19144,192841,92876,99965,21748,10998,10750
1.0 Scen,2047,139,Ellis County,417027,200988,216039,155939,74617,81322,37915,18409,19506,200381,96425,103956,22792,11537,11255
1.0 Scen,2048,139,Ellis County,427439,206014,221425,156812,75070,81742,38638,18785,19853,208119,100073,108046,23870,12086,11784
1.0 Scen,2049,139,Ellis County,438079,211171,226908,157669,75520,82149,39370,19167,20203,216052,103818,112234,24988,12666,12322
1.0 Scen,2050,139,Ellis County,448922,216425,232497,158505,75965,82540,40084,19543,20541,224187,107662,116525,26146,13255,12891
1.0 Scen,2010,141,El Paso County,800647,387876,412771,105246,55990,49256,20649,12015,8634,658134,311906,346228,16618,7965,8653
1.0 Scen,2011,141,El Paso County,814723,395193,419530,104380,55553,48827,20867,12120,8747,672206,319226,352980,17270,8294,8976
1.0 Scen,2012,141,El Paso County,829257,402612,426645,103436,55070,48366,21070,12219,8851,686845,326706,360139,17906,8617,9289
1.0 Scen,2013,141,El Paso County,843572,410014,433558,102412,54531,47881,21262,12310,8952,701290,334212,367078,18608,8961,9647
1.0 Scen,2014,141,El Paso County,858658,417835,440823,101332,53970,47362,21427,12389,9038,716616,342174,374442,19283,9302,9981
1.0 Scen,2015,141,El Paso County,873513,425511,448002,100175,53367,46808,21609,12477,9132,731735,350006,381729,19994,9661,10333
1.0 Scen,2016,141,El Paso County,888912,433620,455292,99153,52850,46303,21809,12577,9232,747249,358173,389076,20701,10020,10681
1.0 Scen,2017,141,El Paso County,904586,441932,462654,98091,52316,45775,21996,12659,9337,763069,366564,396505,21430,10393,11037
1.0 Scen,2018,141,El Paso County,920048,450110,469938,97022,51765,45257,22187,12760,9427,778635,374830,403805,22204,10755,11449
1.0 Scen,2019,141,El Paso County,936055,458542,477513,95949,51208,44741,22362,12850,9512,794742,383325,411417,23002,11159,11843
1.0 Scen,2020,141,El Paso County,952366,467058,485308,94878,50651,44227,22538,12941,9597,811142,391905,419237,23808,11561,12247
1.0 Scen,2021,141,El Paso County,968603,475615,492988,93768,50066,43702,22717,13028,9689,827500,400546,426954,24618,11975,12643
1.0 Scen,2022,141,El Paso County,985144,484420,500724,92632,49462,43170,22875,13094,9781,844159,409467,434692,25478,12397,13081
1.0 Scen,2023,141,El Paso County,1001485,493123,508362,91493,48866,42627,23037,13176,9861,860677,418265,442412,26278,12816,13462
1.0 Scen,2024,141,El Paso County,1017935,501980,515955,90354,48269,42085,23191,13246,9945,877219,427208,450011,27171,13257,13914
1.0 Scen,2025,141,El Paso County,1034352,510681,523671,89198,47663,41535,23336,13307,10029,893752,436007,457745,28066,13704,14362
1.0 Scen,2026,141,El Paso County,1050476,519247,531229,88043,47057,40986,23476,13373,10103,909962,444661,465301,28995,14156,14839
1.0 Scen,2027,141,El Paso County,1066496,527828,538668,86887,46456,40431,23603,13427,10176,926087,453331,472756,29919,14614,15305
1.0 Scen,2028,141,El Paso County,1082279,536369,545910,85722,45846,39876,23700,13463,10237,942005,461970,480035,30852,15090,15762
1.0 Scen,2029,141,El Paso County,1097884,544817,553067,84578,45242,39336,23798,13503,10295,957676,470504,487172,31832,15568,16264
1.0 Scen,2030,141,El Paso County,1113070,552949,560121,83449,44658,38791,23866,13526,10340,972940,478705,494235,32815,16060,16755
1.0 Scen,2031,141,El Paso County,1128105,561190,566915,82339,44069,38270,23923,13545,10378,988009,487008,501001,33834,16568,17266
1.0 Scen,2032,141,El Paso County,1142782,569198,573584,81235,43486,37749,23986,13573,10413,1002692,495062,507630,34869,17077,17792
1.0 Scen,2033,141,El Paso County,1157195,577025,580170,80128,42896,37232,24025,13580,10445,1017103,502939,514164,35939,17610,18329
1.0 Scen,2034,141,El Paso County,1171340,584836,586504,79023,42310,36713,24057,13589,10468,1031237,510792,520445,37023,18145,18878
1.0 Scen,2035,141,El Paso County,1185336,592579,592757,77935,41731,36204,24076,13589,10487,1045192,518570,526622,38133,18689,19444
1.0 Scen,2036,141,El Paso County,1199028,600200,598828,76860,41169,35691,24068,13556,10512,1058829,526226,532603,39271,19249,20022
1.0 Scen,2037,141,El Paso County,1212497,607762,604735,75784,40596,35188,24077,13568,10509,1072193,533776,538417,40443,19822,20621
1.0 Scen,2038,141,El Paso County,1225797,615292,610505,74706,40035,34671,24057,13545,10512,1085381,541299,544082,41653,20413,21240
1.0 Scen,2039,141,El Paso County,1238923,622728,616195,73640,39477,34163,24030,13515,10515,1098352,548716,549636,42901,21020,21881
1.0 Scen,2040,141,El Paso County,1251834,630124,621710,72587,38927,33660,24007,13495,10512,1111046,556053,554993,44194,21649,22545
1.0 Scen,2041,141,El Paso County,1264597,637471,627126,71537,38372,33165,23959,13455,10504,1123570,563334,560236,45531,22310,23221
1.0 Scen,2042,141,El Paso County,1277122,644734,632388,70495,37828,32667,23900,13409,10491,1135831,570523,565308,46896,22974,23922
1.0 Scen,2043,141,El Paso County,1289415,651923,637492,69454,37284,32170,23824,13352,10472,1147840,577618,570222,48297,23669,24628
1.0 Scen,2044,141,El Paso County,1301556,659061,642495,68429,36751,31678,23753,13301,10452,1159636,584639,574997,49738,24370,25368
1.0 Scen,2045,141,El Paso County,1313453,666128,647325,67411,36220,31191,23675,13250,10425,1171168,591570,579598,51199,25088,26111
1.0 Scen,2046,141,El Paso County,1325219,673158,652061,66384,35685,30699,23587,13191,10396,1182552,598465,584087,52696,25817,26879
1.0 Scen,2047,141,El Paso County,1336739,680089,656650,65371,35157,30214,23493,13130,10363,1193648,605234,588414,54227,26568,27659
1.0 Scen,2048,141,El Paso County,1347989,686889,661100,64368,34635,29733,23387,13061,10326,1204464,611879,592585,55770,27314,28456
1.0 Scen,2049,141,El Paso County,1359097,693649,665448,63364,34113,29251,23278,12996,10282,1215110,618461,596649,57345,28079,29266
1.0 Scen,2050,141,El Paso County,1369890,700266,669624,62388,33603,28785,23160,12919,10241,1225404,624889,600515,58938,28855,30083
1.0 Scen,2010,143,Erath County,37890,18605,19285,29382,14155,15227,431,263,168,7279,3783,3496,798,404,394
1.0 Scen,2011,143,Erath County,38224,18795,19429,29456,14205,15251,444,270,174,7504,3904,3600,820,416,404
1.0 Scen,2012,143,Erath County,38549,18970,19579,29509,14232,15277,458,277,181,7734,4028,3706,848,433,415
1.0 Scen,2013,143,Erath County,38869,19142,19727,29555,14257,15298,473,286,187,7965,4150,3815,876,449,427
1.0 Scen,2014,143,Erath County,39198,19322,19876,29600,14292,15308,486,292,194,8205,4274,3931,907,464,443
1.0 Scen,2015,143,Erath County,39534,19508,20026,29641,14319,15322,501,299,202,8449,4407,4042,943,483,460
1.0 Scen,2016,143,Erath County,39942,19706,20236,29735,14356,15379,515,306,209,8717,4547,4170,975,497,478
1.0 Scen,2017,143,Erath County,40353,19909,20444,29839,14392,15447,530,313,217,8981,4694,4287,1003,510,493
1.0 Scen,2018,143,Erath County,40787,20140,20647,29949,14444,15505,546,321,225,9257,4844,4413,1035,531,504
1.0 Scen,2019,143,Erath County,41215,20371,20844,30051,14498,15553,560,327,233,9537,4998,4539,1067,548,519
1.0 Scen,2020,143,Erath County,41649,20594,21055,30151,14544,15607,574,333,241,9824,5153,4671,1100,564,536
1.0 Scen,2021,143,Erath County,42082,20822,21260,30253,14591,15662,588,340,248,10109,5307,4802,1132,584,548
1.0 Scen,2022,143,Erath County,42503,21048,21455,30339,14634,15705,602,347,255,10395,5462,4933,1167,605,562
1.0 Scen,2023,143,Erath County,42918,21270,21648,30421,14675,15746,613,354,259,10671,5608,5063,1213,633,580
1.0 Scen,2024,143,Erath County,43365,21506,21859,30509,14719,15790,625,360,265,10970,5765,5205,1261,662,599
1.0 Scen,2025,143,Erath County,43773,21712,22061,30583,14754,15829,635,365,270,11252,5910,5342,1303,683,620
1.0 Scen,2026,143,Erath County,44188,21935,22253,30651,14795,15856,648,373,275,11537,6058,5479,1352,709,643
1.0 Scen,2027,143,Erath County,44608,22153,22455,30709,14820,15889,664,381,283,11826,6209,5617,1409,743,666
1.0 Scen,2028,143,Erath County,45014,22359,22655,30761,14846,15915,679,389,290,12113,6352,5761,1461,772,689
1.0 Scen,2029,143,Erath County,45409,22574,22835,30779,14857,15922,696,398,298,12402,6507,5895,1532,812,720
1.0 Scen,2030,143,Erath County,45787,22775,23012,30786,14862,15924,714,409,305,12694,6657,6037,1593,847,746
1.0 Scen,2031,143,Erath County,46163,22975,23188,30781,14862,15919,728,418,310,13000,6818,6182,1654,877,777
1.0 Scen,2032,143,Erath County,46492,23164,23328,30747,14853,15894,747,430,317,13288,6975,6313,1710,906,804
1.0 Scen,2033,143,Erath County,46837,23357,23480,30711,14838,15873,764,439,325,13589,7136,6453,1773,944,829
1.0 Scen,2034,143,Erath County,47163,23544,23619,30649,14816,15833,782,451,331,13883,7292,6591,1849,985,864
1.0 Scen,2035,143,Erath County,47493,23735,23758,30588,14789,15799,804,463,341,14174,7452,6722,1927,1031,896
1.0 Scen,2036,143,Erath County,47800,23924,23876,30509,14765,15744,825,478,347,14459,7610,6849,2007,1071,936
1.0 Scen,2037,143,Erath County,48109,24103,24006,30433,14734,15699,833,479,354,14750,7774,6976,2093,1116,977
1.0 Scen,2038,143,Erath County,48390,24277,24113,30340,14698,15642,842,484,358,15033,7933,7100,2175,1162,1013
1.0 Scen,2039,143,Erath County,48678,24456,24222,30242,14661,15581,859,499,360,15317,8092,7225,2260,1204,1056
1.0 Scen,2040,143,Erath County,48976,24639,24337,30148,14628,15520,877,508,369,15606,8253,7353,2345,1250,1095
1.0 Scen,2041,143,Erath County,49275,24821,24454,30044,14588,15456,899,519,380,15889,8411,7478,2443,1303,1140
1.0 Scen,2042,143,Erath County,49578,25013,24565,29947,14549,15398,924,535,389,16167,8571,7596,2540,1358,1182
1.0 Scen,2043,143,Erath County,49874,25192,24682,29832,14503,15329,937,541,396,16461,8731,7730,2644,1417,1227
1.0 Scen,2044,143,Erath County,50200,25396,24804,29739,14476,15263,950,548,402,16752,8891,7861,2759,1481,1278
1.0 Scen,2045,143,Erath County,50508,25578,24930,29618,14423,15195,969,562,407,17041,9044,7997,2880,1549,1331
1.0 Scen,2046,143,Erath County,50803,25760,25043,29501,14380,15121,981,570,411,17324,9194,8130,2997,1616,1381
1.0 Scen,2047,143,Erath County,51109,25945,25164,29392,14343,15049,996,576,420,17599,9343,8256,3122,1683,1439
1.0 Scen,2048,143,Erath County,51424,26129,25295,29290,14304,14986,1006,579,427,17876,9492,8384,3252,1754,1498
1.0 Scen,2049,143,Erath County,51734,26317,25417,29184,14268,14916,1013,580,433,18150,9643,8507,3387,1826,1561
1.0 Scen,2050,143,Erath County,52086,26528,25558,29100,14238,14862,1028,588,440,18426,9798,8628,3532,1904,1628
1.0 Scen,2010,145,Falls County,17866,8494,9372,9381,4463,4918,4463,1921,2542,3716,1956,1760,306,154,152
1.0 Scen,2011,145,Falls County,18050,8593,9457,9407,4472,4935,4524,1956,2568,3809,2008,1801,310,157,153
1.0 Scen,2012,145,Falls County,18187,8676,9511,9400,4475,4925,4567,1979,2588,3903,2061,1842,317,161,156
1.0 Scen,2013,145,Falls County,18331,8751,9580,9409,4473,4936,4606,2003,2603,3994,2111,1883,322,164,158
1.0 Scen,2014,145,Falls County,18489,8832,9657,9419,4471,4948,4652,2028,2624,4089,2164,1925,329,169,160
1.0 Scen,2015,145,Falls County,18632,8916,9716,9438,4478,4960,4684,2047,2637,4174,2216,1958,336,175,161
1.0 Scen,2016,145,Falls County,18752,8986,9766,9427,4470,4957,4723,2070,2653,4257,2265,1992,345,181,164
1.0 Scen,2017,145,Falls County,18879,9060,9819,9423,4464,4959,4752,2092,2660,4350,2318,2032,354,186,168
1.0 Scen,2018,145,Falls County,18995,9123,9872,9418,4461,4957,4773,2105,2668,4441,2366,2075,363,191,172
1.0 Scen,2019,145,Falls County,19123,9196,9927,9420,4456,4964,4794,2123,2671,4536,2420,2116,373,197,176
1.0 Scen,2020,145,Falls County,19236,9269,9967,9418,4451,4967,4800,2133,2667,4638,2482,2156,380,203,177
1.0 Scen,2021,145,Falls County,19358,9334,10024,9407,4443,4964,4815,2138,2677,4749,2548,2201,387,205,182
1.0 Scen,2022,145,Falls County,19478,9403,10075,9400,4434,4966,4832,2153,2679,4853,2609,2244,393,207,186
1.0 Scen,2023,145,Falls County,19557,9452,10105,9384,4423,4961,4833,2161,2672,4947,2663,2284,393,205,188
1.0 Scen,2024,145,Falls County,19664,9522,10142,9362,4413,4949,4851,2178,2673,5052,2722,2330,399,209,190
1.0 Scen,2025,145,Falls County,19756,9574,10182,9339,4398,4941,4854,2184,2670,5163,2782,2381,400,210,190
1.0 Scen,2026,145,Falls County,19835,9620,10215,9306,4373,4933,4856,2195,2661,5271,2839,2432,402,213,189
1.0 Scen,2027,145,Falls County,19933,9690,10243,9284,4367,4917,4870,2209,2661,5373,2898,2475,406,216,190
1.0 Scen,2028,145,Falls County,19997,9737,10260,9246,4347,4899,4868,2216,2652,5472,2956,2516,411,218,193
1.0 Scen,2029,145,Falls County,20052,9779,10273,9203,4325,4878,4856,2220,2636,5578,3012,2566,415,222,193
1.0 Scen,2030,145,Falls County,20121,9839,10282,9161,4306,4855,4856,2230,2626,5684,3075,2609,420,228,192
1.0 Scen,2031,145,Falls County,20160,9871,10289,9106,4274,4832,4847,2233,2614,5780,3130,2650,427,234,193
1.0 Scen,2032,145,Falls County,20198,9913,10285,9041,4240,4801,4850,2247,2603,5880,3188,2692,427,238,189
1.0 Scen,2033,145,Falls County,20231,9938,10293,8990,4215,4775,4842,2245,2597,5968,3237,2731,431,241,190
1.0 Scen,2034,145,Falls County,20263,9975,10288,8919,4180,4739,4837,2251,2586,6069,3299,2770,438,245,193
1.0 Scen,2035,145,Falls County,20270,9988,10282,8841,4138,4703,4830,2250,2580,6156,3355,2801,443,245,198
1.0 Scen,2036,145,Falls County,20257,9988,10269,8751,4088,4663,4817,2252,2565,6242,3401,2841,447,247,200
1.0 Scen,2037,145,Falls County,20278,10020,10258,8678,4054,4624,4817,2259,2558,6326,3453,2873,457,254,203
1.0 Scen,2038,145,Falls County,20261,10032,10229,8585,4010,4575,4790,2254,2536,6424,3508,2916,462,260,202
1.0 Scen,2039,145,Falls County,20237,10036,10201,8488,3965,4523,4786,2260,2526,6501,3550,2951,462,261,201
1.0 Scen,2040,145,Falls County,20213,10039,10174,8384,3917,4467,4780,2260,2520,6584,3597,2987,465,265,200
1.0 Scen,2041,145,Falls County,20171,10050,10121,8271,3867,4404,4762,2263,2499,6666,3650,3016,472,270,202
1.0 Scen,2042,145,Falls County,20132,10052,10080,8158,3811,4347,4739,2265,2474,6762,3706,3056,473,270,203
1.0 Scen,2043,145,Falls County,20092,10053,10039,8041,3760,4281,4726,2263,2463,6836,3750,3086,489,280,209
1.0 Scen,2044,145,Falls County,20036,10051,9985,7920,3710,4210,4698,2258,2440,6911,3794,3117,507,289,218
1.0 Scen,2045,145,Falls County,20002,10060,9942,7809,3659,4150,4683,2260,2423,6991,3843,3148,519,298,221
1.0 Scen,2046,145,Falls County,19921,10044,9877,7690,3606,4084,4650,2252,2398,7056,3880,3176,525,306,219
1.0 Scen,2047,145,Falls County,19874,10045,9829,7583,3561,4022,4624,2244,2380,7126,3925,3201,541,315,226
1.0 Scen,2048,145,Falls County,19803,10034,9769,7458,3506,3952,4588,2239,2349,7202,3968,3234,555,321,234
1.0 Scen,2049,145,Falls County,19748,10038,9710,7353,3465,3888,4552,2227,2325,7277,4016,3261,566,330,236
1.0 Scen,2050,145,Falls County,19673,10031,9642,7238,3421,3817,4514,2215,2299,7345,4061,3284,576,334,242
1.0 Scen,2010,147,Fannin County,33915,17988,15927,27433,13941,13492,2273,1556,717,3226,2010,1216,983,481,502
1.0 Scen,2011,147,Fannin County,34270,18189,16081,27619,14046,13573,2292,1571,721,3348,2074,1274,1011,498,513
1.0 Scen,2012,147,Fannin County,34651,18393,16258,27823,14153,13670,2309,1583,726,3479,2143,1336,1040,514,526
1.0 Scen,2013,147,Fannin County,35015,18587,16428,28024,14262,13762,2318,1586,732,3605,2211,1394,1068,528,540
1.0 Scen,2014,147,Fannin County,35409,18795,16614,28240,14375,13865,2331,1592,739,3746,2286,1460,1092,542,550
1.0 Scen,2015,147,Fannin County,35790,18998,16792,28438,14480,13958,2345,1601,744,3886,2359,1527,1121,558,563
1.0 Scen,2016,147,Fannin County,36169,19197,16972,28631,14583,14048,2355,1604,751,4032,2439,1593,1151,571,580
1.0 Scen,2017,147,Fannin County,36571,19414,17157,28829,14691,14138,2370,1616,754,4187,2518,1669,1185,589,596
1.0 Scen,2018,147,Fannin County,36962,19628,17334,29019,14790,14229,2368,1618,750,4362,2612,1750,1213,608,605
1.0 Scen,2019,147,Fannin County,37342,19823,17519,29184,14873,14311,2377,1623,754,4541,2703,1838,1240,624,616
1.0 Scen,2020,147,Fannin County,37727,20026,17701,29352,14961,14391,2377,1621,756,4726,2801,1925,1272,643,629
1.0 Scen,2021,147,Fannin County,38124,20238,17886,29526,15051,14475,2376,1619,757,4923,2907,2016,1299,661,638
1.0 Scen,2022,147,Fannin County,38515,20445,18070,29686,15137,14549,2383,1623,760,5119,3010,2109,1327,675,652
1.0 Scen,2023,147,Fannin County,38893,20647,18246,29823,15210,14613,2381,1619,762,5329,3126,2203,1360,692,668
1.0 Scen,2024,147,Fannin County,39303,20866,18437,29969,15288,14681,2387,1623,764,5553,3242,2311,1394,713,681
1.0 Scen,2025,147,Fannin County,39698,21083,18615,30095,15359,14736,2382,1620,762,5788,3367,2421,1433,737,696
1.0 Scen,2026,147,Fannin County,40093,21293,18800,30216,15425,14791,2378,1617,761,6021,3489,2532,1478,762,716
1.0 Scen,2027,147,Fannin County,40484,21506,18978,30318,15478,14840,2376,1616,760,6268,3623,2645,1522,789,733
1.0 Scen,2028,147,Fannin County,40873,21720,19153,30402,15530,14872,2379,1620,759,6527,3754,2773,1565,816,749
1.0 Scen,2029,147,Fannin County,41247,21925,19322,30470,15568,14902,2381,1620,761,6796,3900,2896,1600,837,763
1.0 Scen,2030,147,Fannin County,41603,22128,19475,30520,15606,14914,2372,1611,761,7072,4048,3024,1639,863,776
1.0 Scen,2031,147,Fannin County,41953,22322,19631,30537,15627,14910,2362,1605,757,7360,4197,3163,1694,893,801
1.0 Scen,2032,147,Fannin County,42274,22495,19779,30546,15640,14906,2342,1588,754,7647,4348,3299,1739,919,820
1.0 Scen,2033,147,Fannin County,42592,22669,19923,30531,15639,14892,2327,1578,749,7945,4503,3442,1789,949,840
1.0 Scen,2034,147,Fannin County,42884,22841,20043,30481,15628,14853,2313,1570,743,8248,4662,3586,1842,981,861
1.0 Scen,2035,147,Fannin County,43164,23004,20160,30404,15600,14804,2299,1563,736,8564,4826,3738,1897,1015,882
1.0 Scen,2036,147,Fannin County,43461,23172,20289,30327,15572,14755,2280,1554,726,8888,4991,3897,1966,1055,911
1.0 Scen,2037,147,Fannin County,43715,23325,20390,30218,15536,14682,2256,1540,716,9218,5163,4055,2023,1086,937
1.0 Scen,2038,147,Fannin County,43978,23475,20503,30093,15478,14615,2236,1530,706,9563,5345,4218,2086,1122,964
1.0 Scen,2039,147,Fannin County,44257,23646,20611,29953,15422,14531,2229,1528,701,9923,5539,4384,2152,1157,995
1.0 Scen,2040,147,Fannin County,44507,23787,20720,29808,15358,14450,2206,1511,695,10278,5727,4551,2215,1191,1024
1.0 Scen,2041,147,Fannin County,44766,23932,20834,29625,15271,14354,2186,1498,688,10664,5930,4734,2291,1233,1058
1.0 Scen,2042,147,Fannin County,44999,24080,20919,29440,15189,14251,2159,1492,667,11036,6124,4912,2364,1275,1089
1.0 Scen,2043,147,Fannin County,45242,24221,21021,29231,15092,14139,2138,1478,660,11428,6328,5100,2445,1323,1122
1.0 Scen,2044,147,Fannin County,45505,24384,21121,29027,15007,14020,2122,1466,656,11832,6545,5287,2524,1366,1158
1.0 Scen,2045,147,Fannin County,45771,24555,21216,28813,14917,13896,2108,1458,650,12241,6766,5475,2609,1414,1195
1.0 Scen,2046,147,Fannin County,46045,24725,21320,28588,14818,13770,2094,1451,643,12671,6999,5672,2692,1457,1235
1.0 Scen,2047,147,Fannin County,46321,24911,21410,28351,14723,13628,2074,1437,637,13122,7244,5878,2774,1507,1267
1.0 Scen,2048,147,Fannin County,46601,25084,21517,28117,14624,13493,2055,1424,631,13574,7487,6087,2855,1549,1306
1.0 Scen,2049,147,Fannin County,46921,25295,21626,27898,14535,13363,2037,1413,624,14045,7751,6294,2941,1596,1345
1.0 Scen,2050,147,Fannin County,47234,25480,21754,27660,14430,13230,2017,1397,620,14527,8006,6521,3030,1647,1383
1.0 Scen,2010,149,Fayette County,24554,12081,12473,18038,8796,9242,1599,762,837,4585,2367,2218,332,156,176
1.0 Scen,2011,149,Fayette County,24891,12273,12618,18163,8875,9288,1613,774,839,4777,2465,2312,338,159,179
1.0 Scen,2012,149,Fayette County,25237,12447,12790,18295,8934,9361,1629,787,842,4966,2563,2403,347,163,184
1.0 Scen,2013,149,Fayette County,25602,12656,12946,18428,9016,9412,1648,803,845,5171,2669,2502,355,168,187
1.0 Scen,2014,149,Fayette County,25978,12859,13119,18570,9089,9481,1669,820,849,5374,2776,2598,365,174,191
1.0 Scen,2015,149,Fayette County,26381,13071,13310,18722,9172,9550,1694,835,859,5593,2886,2707,372,178,194
1.0 Scen,2016,149,Fayette County,26766,13279,13487,18858,9244,9614,1709,848,861,5819,3005,2814,380,182,198
1.0 Scen,2017,149,Fayette County,27147,13486,13661,18991,9314,9677,1729,864,865,6041,3124,2917,386,184,202
1.0 Scen,2018,149,Fayette County,27558,13695,13863,19140,9383,9757,1747,877,870,6277,3247,3030,394,188,206
1.0 Scen,2019,149,Fayette County,27974,13915,14059,19281,9452,9829,1761,890,871,6530,3381,3149,402,192,210
1.0 Scen,2020,149,Fayette County,28422,14149,14273,19439,9532,9907,1775,901,874,6796,3519,3277,412,197,215
1.0 Scen,2021,149,Fayette County,28839,14366,14473,19569,9595,9974,1785,914,871,7066,3656,3410,419,201,218
1.0 Scen,2022,149,Fayette County,29261,14577,14684,19691,9651,10040,1791,917,874,7350,3803,3547,429,206,223
1.0 Scen,2023,149,Fayette County,29701,14804,14897,19818,9716,10102,1807,930,877,7636,3945,3691,440,213,227
1.0 Scen,2024,149,Fayette County,30126,15013,15113,19931,9768,10163,1813,936,877,7934,4092,3842,448,217,231
1.0 Scen,2025,149,Fayette County,30549,15228,15321,20032,9812,10220,1831,951,880,8231,4244,3987,455,221,234
1.0 Scen,2026,149,Fayette County,30969,15439,15530,20122,9857,10265,1845,961,884,8540,4395,4145,462,226,236
1.0 Scen,2027,149,Fayette County,31380,15651,15729,20195,9898,10297,1859,974,885,8854,4546,4308,472,233,239
1.0 Scen,2028,149,Fayette County,31780,15860,15920,20262,9933,10329,1862,979,883,9180,4710,4470,476,238,238
1.0 Scen,2029,149,Fayette County,32177,16063,16114,20302,9952,10350,1866,984,882,9526,4883,4643,483,244,239
1.0 Scen,2030,149,Fayette County,32538,16254,16284,20320,9965,10355,1868,988,880,9862,5055,4807,488,246,242
1.0 Scen,2031,149,Fayette County,32902,16443,16459,20325,9969,10356,1864,990,874,10220,5233,4987,493,251,242
1.0 Scen,2032,149,Fayette County,33237,16611,16626,20302,9961,10341,1860,986,874,10576,5410,5166,499,254,245
1.0 Scen,2033,149,Fayette County,33534,16765,16769,20254,9942,10312,1847,980,867,10929,5587,5342,504,256,248
1.0 Scen,2034,149,Fayette County,33834,16926,16908,20193,9920,10273,1832,973,859,11294,5772,5522,515,261,254
1.0 Scen,2035,149,Fayette County,34096,17076,17020,20107,9881,10226,1811,968,843,11657,5963,5694,521,264,257
1.0 Scen,2036,149,Fayette County,34357,17231,17126,20004,9838,10166,1802,969,833,12017,6152,5865,534,272,262
1.0 Scen,2037,149,Fayette County,34609,17381,17228,19876,9782,10094,1799,975,824,12389,6345,6044,545,279,266
1.0 Scen,2038,149,Fayette County,34843,17517,17326,19738,9724,10014,1792,975,817,12755,6532,6223,558,286,272
1.0 Scen,2039,149,Fayette County,35068,17656,17412,19571,9654,9917,1781,972,809,13144,6736,6408,572,294,278
1.0 Scen,2040,149,Fayette County,35293,17800,17493,19401,9585,9816,1772,972,800,13525,6936,6589,595,307,288
1.0 Scen,2041,149,Fayette County,35493,17932,17561,19204,9502,9702,1762,971,791,13911,7141,6770,616,318,298
1.0 Scen,2042,149,Fayette County,35694,18058,17636,19008,9417,9591,1747,971,776,14299,7340,6959,640,330,310
1.0 Scen,2043,149,Fayette County,35888,18187,17701,18797,9323,9474,1731,973,758,14708,7554,7154,652,337,315
1.0 Scen,2044,149,Fayette County,36054,18287,17767,18567,9221,9346,1723,970,753,15105,7758,7347,659,338,321
1.0 Scen,2045,149,Fayette County,36278,18431,17847,18361,9134,9227,1722,975,747,15521,7976,7545,674,346,328
1.0 Scen,2046,149,Fayette County,36486,18570,17916,18136,9039,9097,1719,979,740,15953,8200,7753,678,352,326
1.0 Scen,2047,149,Fayette County,36715,18711,18004,17934,8951,8983,1706,977,729,16380,8420,7960,695,363,332
1.0 Scen,2048,149,Fayette County,36951,18851,18100,17712,8850,8862,1697,975,722,16828,8652,8176,714,374,340
1.0 Scen,2049,149,Fayette County,37178,18992,18186,17490,8753,8737,1690,973,717,17265,8879,8386,733,387,346
1.0 Scen,2050,149,Fayette County,37438,19154,18284,17277,8662,8615,1688,975,713,17725,9118,8607,748,399,349
1.0 Scen,2010,151,Fisher County,3974,1958,2016,2797,1367,1430,124,55,69,999,507,492,54,29,25
1.0 Scen,2011,151,Fisher County,3978,1961,2017,2787,1363,1424,125,56,69,1012,513,499,54,29,25
1.0 Scen,2012,151,Fisher County,3974,1962,2012,2770,1357,1413,125,56,69,1026,520,506,53,29,24
1.0 Scen,2013,151,Fisher County,3967,1964,2003,2748,1349,1399,125,57,68,1041,529,512,53,29,24
1.0 Scen,2014,151,Fisher County,3965,1967,1998,2728,1344,1384,129,58,71,1055,536,519,53,29,24
1.0 Scen,2015,151,Fisher County,3943,1965,1978,2688,1333,1355,131,59,72,1071,544,527,53,29,24
1.0 Scen,2016,151,Fisher County,3938,1969,1969,2664,1326,1338,132,60,72,1089,555,534,53,28,25
1.0 Scen,2017,151,Fisher County,3931,1973,1958,2641,1320,1321,133,61,72,1104,564,540,53,28,25
1.0 Scen,2018,151,Fisher County,3918,1970,1948,2612,1309,1303,134,62,72,1119,571,548,53,28,25
1.0 Scen,2019,151,Fisher County,3916,1975,1941,2594,1303,1291,135,63,72,1132,579,553,55,30,25
1.0 Scen,2020,151,Fisher County,3913,1975,1938,2572,1292,1280,137,64,73,1147,589,558,57,30,27
1.0 Scen,2021,151,Fisher County,3913,1978,1935,2555,1283,1272,139,65,74,1161,599,562,58,31,27
1.0 Scen,2022,151,Fisher County,3906,1978,1928,2535,1274,1261,139,65,74,1173,608,565,59,31,28
1.0 Scen,2023,151,Fisher County,3899,1975,1924,2512,1262,1250,139,66,73,1189,616,573,59,31,28
1.0 Scen,2024,151,Fisher County,3900,1979,1921,2501,1258,1243,140,66,74,1201,624,577,58,31,27
1.0 Scen,2025,151,Fisher County,3881,1979,1902,2470,1250,1220,140,67,73,1213,631,582,58,31,27
1.0 Scen,2026,151,Fisher County,3859,1969,1890,2433,1232,1201,140,66,74,1228,640,588,58,31,27
1.0 Scen,2027,151,Fisher County,3855,1971,1884,2414,1225,1189,141,67,74,1241,647,594,59,32,27
1.0 Scen,2028,151,Fisher County,3842,1966,1876,2391,1215,1176,141,67,74,1250,652,598,60,32,28
1.0 Scen,2029,151,Fisher County,3813,1956,1857,2362,1201,1161,140,67,73,1251,656,595,60,32,28
1.0 Scen,2030,151,Fisher County,3793,1951,1842,2338,1191,1147,140,67,73,1255,661,594,60,32,28
1.0 Scen,2031,151,Fisher County,3773,1947,1826,2316,1183,1133,139,67,72,1257,664,593,61,33,28
1.0 Scen,2032,151,Fisher County,3750,1938,1812,2292,1173,1119,138,66,72,1261,666,595,59,33,26
1.0 Scen,2033,151,Fisher County,3728,1938,1790,2264,1167,1097,136,66,70,1268,671,597,60,34,26
1.0 Scen,2034,151,Fisher County,3710,1925,1785,2236,1151,1085,136,66,70,1278,674,604,60,34,26
1.0 Scen,2035,151,Fisher County,3675,1910,1765,2197,1135,1062,135,67,68,1283,674,609,60,34,26
1.0 Scen,2036,151,Fisher County,3645,1890,1755,2167,1118,1049,135,67,68,1283,672,611,60,33,27
1.0 Scen,2037,151,Fisher County,3624,1887,1737,2137,1108,1029,135,68,67,1292,678,614,60,33,27
1.0 Scen,2038,151,Fisher County,3604,1879,1725,2114,1098,1016,134,67,67,1296,681,615,60,33,27
1.0 Scen,2039,151,Fisher County,3580,1872,1708,2088,1089,999,134,68,66,1299,683,616,59,32,27
1.0 Scen,2040,151,Fisher County,3550,1857,1693,2057,1075,982,132,67,65,1302,683,619,59,32,27
1.0 Scen,2041,151,Fisher County,3523,1845,1678,2036,1066,970,131,67,64,1298,681,617,58,31,27
1.0 Scen,2042,151,Fisher County,3485,1827,1658,2012,1057,955,130,66,64,1285,673,612,58,31,27
1.0 Scen,2043,151,Fisher County,3461,1816,1645,1985,1043,942,130,66,64,1288,676,612,58,31,27
1.0 Scen,2044,151,Fisher County,3430,1805,1625,1961,1033,928,130,65,65,1282,676,606,57,31,26
1.0 Scen,2045,151,Fisher County,3399,1794,1605,1932,1021,911,128,65,63,1283,678,605,56,30,26
1.0 Scen,2046,151,Fisher County,3386,1784,1602,1921,1012,909,126,63,63,1283,679,604,56,30,26
1.0 Scen,2047,151,Fisher County,3356,1772,1584,1894,1001,893,123,62,61,1286,681,605,53,28,25
1.0 Scen,2048,151,Fisher County,3324,1759,1565,1862,986,876,120,60,60,1289,685,604,53,28,25
1.0 Scen,2049,151,Fisher County,3309,1758,1551,1842,978,864,119,60,59,1296,691,605,52,29,23
1.0 Scen,2050,151,Fisher County,3295,1745,1550,1828,969,859,118,59,59,1299,690,609,50,27,23
1.0 Scen,2010,153,Floyd County,6446,3176,3270,2777,1332,1445,211,106,105,3410,1716,1694,48,22,26
1.0 Scen,2011,153,Floyd County,6480,3195,3285,2754,1322,1432,212,106,106,3466,1745,1721,48,22,26
1.0 Scen,2012,153,Floyd County,6511,3216,3295,2727,1313,1414,213,107,106,3523,1774,1749,48,22,26
1.0 Scen,2013,153,Floyd County,6536,3235,3301,2696,1302,1394,216,109,107,3576,1802,1774,48,22,26
1.0 Scen,2014,153,Floyd County,6560,3252,3308,2656,1286,1370,217,109,108,3639,1835,1804,48,22,26
1.0 Scen,2015,153,Floyd County,6579,3275,3304,2615,1275,1340,217,110,107,3698,1867,1831,49,23,26
1.0 Scen,2016,153,Floyd County,6591,3291,3300,2573,1262,1311,216,109,107,3754,1897,1857,48,23,25
1.0 Scen,2017,153,Floyd County,6596,3301,3295,2531,1244,1287,216,110,106,3800,1923,1877,49,24,25
1.0 Scen,2018,153,Floyd County,6621,3322,3299,2502,1233,1269,213,109,104,3856,1956,1900,50,24,26
1.0 Scen,2019,153,Floyd County,6659,3347,3312,2473,1222,1251,213,110,103,3922,1990,1932,51,25,26
1.0 Scen,2020,153,Floyd County,6688,3364,3324,2447,1210,1237,213,110,103,3976,2019,1957,52,25,27
1.0 Scen,2021,153,Floyd County,6712,3379,3333,2409,1194,1215,213,111,102,4038,2049,1989,52,25,27
1.0 Scen,2022,153,Floyd County,6738,3399,3339,2382,1186,1196,212,110,102,4091,2078,2013,53,25,28
1.0 Scen,2023,153,Floyd County,6757,3412,3345,2358,1175,1183,212,110,102,4133,2101,2032,54,26,28
1.0 Scen,2024,153,Floyd County,6791,3433,3358,2333,1165,1168,212,110,102,4191,2132,2059,55,26,29
1.0 Scen,2025,153,Floyd County,6815,3451,3364,2297,1149,1148,212,110,102,4250,2165,2085,56,27,29
1.0 Scen,2026,153,Floyd County,6825,3455,3370,2264,1132,1132,212,110,102,4293,2186,2107,56,27,29
1.0 Scen,2027,153,Floyd County,6833,3463,3370,2235,1119,1116,211,110,101,4330,2206,2124,57,28,29
1.0 Scen,2028,153,Floyd County,6834,3478,3356,2201,1109,1092,211,110,101,4364,2231,2133,58,28,30
1.0 Scen,2029,153,Floyd County,6848,3487,3361,2168,1093,1075,212,110,102,4409,2255,2154,59,29,30
1.0 Scen,2030,153,Floyd County,6852,3493,3359,2132,1077,1055,210,109,101,4450,2278,2172,60,29,31
1.0 Scen,2031,153,Floyd County,6840,3493,3347,2095,1062,1033,211,110,101,4474,2291,2183,60,30,30
1.0 Scen,2032,153,Floyd County,6843,3499,3344,2063,1050,1013,212,111,101,4507,2308,2199,61,30,31
1.0 Scen,2033,153,Floyd County,6839,3497,3342,2033,1034,999,212,111,101,4532,2321,2211,62,31,31
1.0 Scen,2034,153,Floyd County,6831,3493,3338,2004,1020,984,212,111,101,4553,2331,2222,62,31,31
1.0 Scen,2035,153,Floyd County,6829,3496,3333,1975,1009,966,212,111,101,4580,2345,2235,62,31,31
1.0 Scen,2036,153,Floyd County,6815,3494,3321,1943,995,948,211,110,101,4599,2358,2241,62,31,31
1.0 Scen,2037,153,Floyd County,6801,3487,3314,1916,981,935,211,110,101,4613,2366,2247,61,30,31
1.0 Scen,2038,153,Floyd County,6786,3486,3300,1883,969,914,205,105,100,4638,2382,2256,60,30,30
1.0 Scen,2039,153,Floyd County,6768,3484,3284,1853,957,896,203,105,98,4653,2393,2260,59,29,30
1.0 Scen,2040,153,Floyd County,6747,3481,3266,1818,943,875,201,104,97,4669,2405,2264,59,29,30
1.0 Scen,2041,153,Floyd County,6729,3478,3251,1789,931,858,200,104,96,4681,2414,2267,59,29,30
1.0 Scen,2042,153,Floyd County,6704,3468,3236,1758,915,843,198,103,95,4690,2422,2268,58,28,30
1.0 Scen,2043,153,Floyd County,6673,3459,3214,1727,899,828,194,101,93,4695,2431,2264,57,28,29
1.0 Scen,2044,153,Floyd County,6651,3450,3201,1699,889,810,193,101,92,4702,2432,2270,57,28,29
1.0 Scen,2045,153,Floyd County,6630,3440,3190,1671,874,797,189,100,89,4714,2439,2275,56,27,29
1.0 Scen,2046,153,Floyd County,6595,3432,3163,1640,864,776,184,98,86,4717,2444,2273,54,26,28
1.0 Scen,2047,153,Floyd County,6567,3426,3141,1618,856,762,179,96,83,4719,2451,2268,51,23,28
1.0 Scen,2048,153,Floyd County,6547,3408,3139,1596,843,753,171,90,81,4728,2451,2277,52,24,28
1.0 Scen,2049,153,Floyd County,6530,3410,3120,1575,835,740,170,91,79,4734,2459,2275,51,25,26
1.0 Scen,2050,153,Floyd County,6502,3403,3099,1552,825,727,168,89,79,4735,2468,2267,47,21,26
1.0 Scen,2010,155,Foard County,1336,637,699,1087,516,571,53,23,30,187,94,93,9,4,5
1.0 Scen,2011,155,Foard County,1340,642,698,1087,518,569,53,23,30,191,97,94,9,4,5
1.0 Scen,2012,155,Foard County,1342,645,697,1084,518,566,53,23,30,196,100,96,9,4,5
1.0 Scen,2013,155,Foard County,1347,651,696,1084,521,563,53,23,30,201,103,98,9,4,5
1.0 Scen,2014,155,Foard County,1348,653,695,1081,520,561,52,23,29,206,106,100,9,4,5
1.0 Scen,2015,155,Foard County,1355,659,696,1082,522,560,53,24,29,211,109,102,9,4,5
1.0 Scen,2016,155,Foard County,1356,660,696,1078,521,557,54,24,30,215,111,104,9,4,5
1.0 Scen,2017,155,Foard County,1364,666,698,1080,523,557,55,25,30,220,114,106,9,4,5
1.0 Scen,2018,155,Foard County,1368,672,696,1078,526,552,56,25,31,225,117,108,9,4,5
1.0 Scen,2019,155,Foard County,1365,674,691,1067,523,544,58,26,32,231,121,110,9,4,5
1.0 Scen,2020,155,Foard County,1365,678,687,1061,524,537,59,26,33,236,124,112,9,4,5
1.0 Scen,2021,155,Foard County,1358,681,677,1048,523,525,60,27,33,241,127,114,9,4,5
1.0 Scen,2022,155,Foard County,1358,681,677,1042,520,522,61,27,34,247,130,117,8,4,4
1.0 Scen,2023,155,Foard County,1361,687,674,1038,522,516,62,28,34,253,133,120,8,4,4
1.0 Scen,2024,155,Foard County,1357,687,670,1029,519,510,61,28,33,259,136,123,8,4,4
1.0 Scen,2025,155,Foard County,1349,684,665,1016,512,504,61,29,32,264,139,125,8,4,4
1.0 Scen,2026,155,Foard County,1345,682,663,1006,507,499,62,29,33,269,142,127,8,4,4
1.0 Scen,2027,155,Foard County,1350,686,664,1004,507,497,63,30,33,275,145,130,8,4,4
1.0 Scen,2028,155,Foard County,1347,686,661,994,504,490,64,30,34,281,148,133,8,4,4
1.0 Scen,2029,155,Foard County,1338,683,655,981,497,484,64,31,33,285,151,134,8,4,4
1.0 Scen,2030,155,Foard County,1330,676,654,967,488,479,65,31,34,290,153,137,8,4,4
1.0 Scen,2031,155,Foard County,1316,672,644,951,482,469,64,31,33,293,155,138,8,4,4
1.0 Scen,2032,155,Foard County,1310,669,641,942,477,465,64,31,33,296,157,139,8,4,4
1.0 Scen,2033,155,Foard County,1303,670,633,933,476,457,63,31,32,300,160,140,7,3,4
1.0 Scen,2034,155,Foard County,1292,669,623,919,472,447,63,31,32,303,163,140,7,3,4
1.0 Scen,2035,155,Foard County,1281,665,616,904,465,439,63,31,32,307,166,141,7,3,4
1.0 Scen,2036,155,Foard County,1271,663,608,891,460,431,63,31,32,310,169,141,7,3,4
1.0 Scen,2037,155,Foard County,1267,664,603,885,460,425,62,30,32,313,171,142,7,3,4
1.0 Scen,2038,155,Foard County,1260,663,597,874,456,418,62,30,32,317,174,143,7,3,4
1.0 Scen,2039,155,Foard County,1256,661,595,866,452,414,62,30,32,321,176,145,7,3,4
1.0 Scen,2040,155,Foard County,1244,657,587,851,446,405,62,30,32,324,178,146,7,3,4
1.0 Scen,2041,155,Foard County,1235,654,581,838,442,396,62,30,32,328,179,149,7,3,4
1.0 Scen,2042,155,Foard County,1228,647,581,826,433,393,62,30,32,333,181,152,7,3,4
1.0 Scen,2043,155,Foard County,1220,644,576,818,430,388,60,29,31,336,183,153,6,2,4
1.0 Scen,2044,155,Foard County,1203,640,563,805,424,381,60,29,31,332,185,147,6,2,4
1.0 Scen,2045,155,Foard County,1191,633,558,792,417,375,60,29,31,333,185,148,6,2,4
1.0 Scen,2046,155,Foard County,1175,624,551,782,412,370,60,29,31,327,181,146,6,2,4
1.0 Scen,2047,155,Foard County,1167,619,548,777,410,367,59,29,30,325,178,147,6,2,4
1.0 Scen,2048,155,Foard County,1137,596,541,756,393,363,55,26,29,320,175,145,6,2,4
1.0 Scen,2049,155,Foard County,1130,593,537,751,390,361,55,26,29,318,175,143,6,2,4
1.0 Scen,2050,155,Foard County,1110,588,522,739,387,352,55,26,29,310,173,137,6,2,4
1.0 Scen,2010,157,Fort Bend County,585375,287368,298007,211680,105559,106121,123267,57949,65318,138967,69283,69684,111461,54577,56884
1.0 Scen,2011,157,Fort Bend County,611035,299722,311313,216482,107775,108707,128965,60624,68341,147197,73272,73925,118391,58051,60340
1.0 Scen,2012,157,Fort Bend County,637692,312399,325293,221199,109878,111321,134933,63374,71559,155888,77504,78384,125672,61643,64029
1.0 Scen,2013,157,Fort Bend County,665544,325750,339794,225976,112083,113893,141140,66279,74861,165151,81974,83177,133277,65414,67863
1.0 Scen,2014,157,Fort Bend County,694429,339621,354808,230669,114187,116482,147484,69210,78274,174903,86731,88172,141373,69493,71880
1.0 Scen,2015,157,Fort Bend County,724104,353857,370247,235274,116231,119043,154036,72296,81740,185170,91683,93487,149624,73647,75977
1.0 Scen,2016,157,Fort Bend County,754968,368694,386274,239806,118252,121554,160808,75427,85381,195935,96944,98991,158419,78071,80348
1.0 Scen,2017,157,Fort Bend County,786948,383900,403048,244224,120197,124027,167789,78635,89154,207261,102435,104826,167674,82633,85041
1.0 Scen,2018,157,Fort Bend County,819681,399641,420040,248549,122098,126451,174754,81864,92890,219118,108157,110961,177260,87522,89738
1.0 Scen,2019,157,Fort Bend County,853649,415875,437774,252790,123961,128829,182065,85195,96870,231534,114186,117348,187260,92533,94727
1.0 Scen,2020,157,Fort Bend County,888595,432482,456113,256877,125725,131152,189470,88611,100859,244499,120484,124015,197749,97662,100087
1.0 Scen,2021,157,Fort Bend County,924746,450020,474726,260984,127530,133454,197008,92125,104883,258058,127072,130986,208696,103293,105403
1.0 Scen,2022,157,Fort Bend County,962191,467864,494327,264993,129286,135707,204761,95614,109147,272290,134032,138258,220147,108932,111215
1.0 Scen,2023,157,Fort Bend County,1001231,486576,514655,268958,131031,137927,212693,99368,113325,287165,141244,145921,232415,114933,117482
1.0 Scen,2024,157,Fort Bend County,1041600,506037,535563,272852,132731,140121,220869,103148,117721,302639,148771,153868,245240,121387,123853
1.0 Scen,2025,157,Fort Bend County,1083278,526164,557114,276715,134418,142297,229090,106969,122121,318790,156617,162173,258683,128160,130523
1.0 Scen,2026,157,Fort Bend County,1126238,546788,579450,280559,136100,144459,237621,110876,126745,335736,164832,170904,272322,134980,137342
1.0 Scen,2027,157,Fort Bend County,1171003,568452,602551,284338,137754,146584,246042,114806,131236,353400,173451,179949,287223,142441,144782
1.0 Scen,2028,157,Fort Bend County,1216985,590681,626304,288076,139383,148693,254830,118809,136021,371859,182415,189444,302220,150074,152146
1.0 Scen,2029,157,Fort Bend County,1264908,613683,651225,291789,141005,150784,263749,122987,140762,391126,191780,199346,318244,157911,160333
1.0 Scen,2030,157,Fort Bend County,1314652,637783,676869,295526,142654,152872,273103,127270,145833,411265,201593,209672,334758,166266,168492
1.0 Scen,2031,157,Fort Bend County,1366192,662744,703448,299240,144301,154939,282532,131676,150856,432330,211823,220507,352090,174944,177146
1.0 Scen,2032,157,Fort Bend County,1419715,688831,730884,302967,145962,157005,292156,136246,155910,454366,222551,231815,370226,184072,186154
1.0 Scen,2033,157,Fort Bend County,1474813,715613,759200,306666,147621,159045,301879,140762,161117,477393,233740,243653,388875,193490,195385
1.0 Scen,2034,157,Fort Bend County,1532283,743673,788610,310333,149266,161067,312007,145605,166402,501452,245452,256000,408491,203350,205141
1.0 Scen,2035,157,Fort Bend County,1591858,772647,819211,313996,150936,163060,322348,150396,171952,526628,257707,268921,428886,213608,215278
1.0 Scen,2036,157,Fort Bend County,1653218,802810,850408,317657,152600,165057,332858,155458,177400,552872,270479,282393,449831,224273,225558
1.0 Scen,2037,157,Fort Bend County,1716815,834035,882780,321230,154229,167001,343563,160497,183066,580278,283853,296425,471744,235456,236288
1.0 Scen,2038,157,Fort Bend County,1782865,866507,916358,324776,155853,168923,354780,165867,188913,608832,297790,311042,494477,246997,247480
1.0 Scen,2039,157,Fort Bend County,1850719,899850,950869,328269,157453,170816,365991,171199,194792,638519,312313,326206,517940,258885,259055
1.0 Scen,2040,157,Fort Bend County,1920868,934554,986314,331693,159035,172658,377487,176814,200673,669402,327430,341972,542286,271275,271011
1.0 Scen,2041,157,Fort Bend County,1993290,970388,1022902,335010,160565,174445,389250,182408,206842,701391,343125,358266,567639,284290,283349
1.0 Scen,2042,157,Fort Bend County,2067599,1007225,1060374,338234,162066,176168,401124,188137,212987,734524,359415,375109,593717,297607,296110
1.0 Scen,2043,157,Fort Bend County,2143827,1044932,1098895,341345,163511,177834,413307,194106,219201,768782,376252,392530,620393,311063,309330
1.0 Scen,2044,157,Fort Bend County,2222293,1084045,1138248,344343,164921,179422,425473,200009,225464,804129,393681,410448,648348,325434,322914
1.0 Scen,2045,157,Fort Bend County,2303046,1124363,1178683,347268,166315,180953,437961,206185,231776,840563,411635,428928,677254,340228,337026
1.0 Scen,2046,157,Fort Bend County,2386049,1165846,1220203,350110,167683,182427,450503,212366,238137,878183,430222,447961,707253,355575,351678
1.0 Scen,2047,157,Fort Bend County,2470915,1208391,1262524,352866,169007,183859,463070,218579,244491,916889,449342,467547,738090,371463,366627
1.0 Scen,2048,157,Fort Bend County,2557831,1252051,1305780,355569,170315,185254,475814,224923,250891,956717,469046,487671,769731,387767,381964
1.0 Scen,2049,157,Fort Bend County,2647172,1296799,1350373,358202,171601,186601,488825,231364,257461,997682,489328,508354,802463,404506,397957
1.0 Scen,2050,157,Fort Bend County,2738553,1342951,1395602,360738,172833,187905,501811,237913,263898,1039814,510227,529587,836190,421978,414212
1.0 Scen,2010,159,Franklin County,10605,5215,5390,8601,4186,4415,411,199,212,1333,721,612,260,109,151
1.0 Scen,2011,159,Franklin County,10751,5327,5424,8681,4258,4423,415,204,211,1391,754,637,264,111,153
1.0 Scen,2012,159,Franklin County,10868,5427,5441,8723,4318,4405,423,210,213,1453,787,666,269,112,157
1.0 Scen,2013,159,Franklin County,10988,5529,5459,8767,4378,4389,429,215,214,1516,821,695,276,115,161
1.0 Scen,2014,159,Franklin County,11106,5624,5482,8814,4431,4383,433,219,214,1578,856,722,281,118,163
1.0 Scen,2015,159,Franklin County,11220,5716,5504,8852,4476,4376,437,222,215,1640,894,746,291,124,167
1.0 Scen,2016,159,Franklin County,11345,5812,5533,8898,4529,4369,442,225,217,1711,932,779,294,126,168
1.0 Scen,2017,159,Franklin County,11470,5912,5558,8935,4577,4358,446,228,218,1788,977,811,301,130,171
1.0 Scen,2018,159,Franklin County,11586,6006,5580,8965,4622,4343,449,231,218,1864,1019,845,308,134,174
1.0 Scen,2019,159,Franklin County,11707,6103,5604,8993,4663,4330,453,234,219,1943,1067,876,318,139,179
1.0 Scen,2020,159,Franklin County,11838,6204,5634,9026,4707,4319,457,236,221,2031,1118,913,324,143,181
1.0 Scen,2021,159,Franklin County,11958,6298,5660,9045,4741,4304,463,239,224,2119,1171,948,331,147,184
1.0 Scen,2022,159,Franklin County,12079,6401,5678,9072,4787,4285,465,242,223,2207,1223,984,335,149,186
1.0 Scen,2023,159,Franklin County,12198,6498,5700,9088,4824,4264,470,246,224,2300,1275,1025,340,153,187
1.0 Scen,2024,159,Franklin County,12308,6590,5718,9097,4857,4240,477,252,225,2390,1325,1065,344,156,188
1.0 Scen,2025,159,Franklin County,12409,6676,5733,9099,4882,4217,481,255,226,2480,1378,1102,349,161,188
1.0 Scen,2026,159,Franklin County,12539,6779,5760,9111,4915,4196,488,259,229,2585,1440,1145,355,165,190
1.0 Scen,2027,159,Franklin County,12657,6879,5778,9111,4947,4164,493,262,231,2694,1503,1191,359,167,192
1.0 Scen,2028,159,Franklin County,12805,6993,5812,9121,4984,4137,498,266,232,2819,1573,1246,367,170,197
1.0 Scen,2029,159,Franklin County,12915,7080,5835,9111,5002,4109,497,266,231,2938,1641,1297,369,171,198
1.0 Scen,2030,159,Franklin County,13018,7173,5845,9107,5030,4077,498,267,231,3044,1703,1341,369,173,196
1.0 Scen,2031,159,Franklin County,13144,7278,5866,9092,5054,4038,505,270,235,3174,1777,1397,373,177,196
1.0 Scen,2032,159,Franklin County,13259,7376,5883,9073,5071,4002,509,272,237,3301,1852,1449,376,181,195
1.0 Scen,2033,159,Franklin County,13350,7459,5891,9049,5091,3958,506,273,233,3419,1915,1504,376,180,196
1.0 Scen,2034,159,Franklin County,13475,7557,5918,9032,5109,3923,502,270,232,3560,1994,1566,381,184,197
1.0 Scen,2035,159,Franklin County,13596,7657,5939,9012,5126,3886,499,270,229,3694,2070,1624,391,191,200
1.0 Scen,2036,159,Franklin County,13688,7735,5953,8964,5130,3834,495,267,228,3831,2143,1688,398,195,203
1.0 Scen,2037,159,Franklin County,13801,7821,5980,8941,5136,3805,490,266,224,3962,2219,1743,408,200,208
1.0 Scen,2038,159,Franklin County,13894,7915,5979,8894,5143,3751,483,264,219,4102,2302,1800,415,206,209
1.0 Scen,2039,159,Franklin County,13983,7996,5987,8857,5149,3708,463,256,207,4245,2381,1864,418,210,208
1.0 Scen,2040,159,Franklin County,14076,8079,5997,8810,5144,3666,460,256,204,4381,2462,1919,425,217,208
1.0 Scen,2041,159,Franklin County,14191,8173,6018,8771,5149,3622,458,254,204,4528,2545,1983,434,225,209
1.0 Scen,2042,159,Franklin County,14282,8253,6029,8718,5145,3573,456,255,201,4671,2626,2045,437,227,210
1.0 Scen,2043,159,Franklin County,14392,8341,6051,8678,5146,3532,451,253,198,4817,2710,2107,446,232,214
1.0 Scen,2044,159,Franklin County,14488,8417,6071,8625,5141,3484,445,248,197,4967,2791,2176,451,237,214
1.0 Scen,2045,159,Franklin County,14586,8500,6086,8565,5132,3433,441,246,195,5120,2879,2241,460,243,217
1.0 Scen,2046,159,Franklin County,14703,8590,6113,8525,5129,3396,437,246,191,5277,2966,2311,464,249,215
1.0 Scen,2047,159,Franklin County,14809,8677,6132,8474,5122,3352,431,246,185,5432,3055,2377,472,254,218
1.0 Scen,2048,159,Franklin County,14927,8769,6158,8439,5123,3316,422,240,182,5589,3147,2442,477,259,218
1.0 Scen,2049,159,Franklin County,15030,8864,6166,8384,5120,3264,418,238,180,5747,3242,2505,481,264,217
1.0 Scen,2050,159,Franklin County,15175,8964,6211,8348,5116,3232,413,236,177,5928,3343,2585,486,269,217
1.0 Scen,2010,161,Freestone County,19816,10437,9379,13656,6937,6719,3164,1748,1416,2694,1591,1103,302,161,141
1.0 Scen,2011,161,Freestone County,20066,10568,9498,13770,6990,6780,3207,1776,1431,2781,1638,1143,308,164,144
1.0 Scen,2012,161,Freestone County,20272,10684,9588,13840,7032,6808,3245,1797,1448,2870,1686,1184,317,169,148
1.0 Scen,2013,161,Freestone County,20500,10801,9699,13935,7073,6862,3279,1817,1462,2960,1737,1223,326,174,152
1.0 Scen,2014,161,Freestone County,20725,10918,9807,14030,7123,6907,3304,1828,1476,3058,1790,1268,333,177,156
1.0 Scen,2015,161,Freestone County,20931,11031,9900,14112,7169,6943,3326,1841,1485,3151,1839,1312,342,182,160
1.0 Scen,2016,161,Freestone County,21133,11141,9992,14199,7213,6986,3347,1857,1490,3237,1885,1352,350,186,164
1.0 Scen,2017,161,Freestone County,21356,11254,10102,14288,7251,7037,3372,1871,1501,3339,1942,1397,357,190,167
1.0 Scen,2018,161,Freestone County,21559,11367,10192,14362,7292,7070,3389,1882,1507,3443,1999,1444,365,194,171
1.0 Scen,2019,161,Freestone County,21776,11492,10284,14441,7337,7104,3407,1895,1512,3556,2063,1493,372,197,175
1.0 Scen,2020,161,Freestone County,21997,11599,10398,14521,7372,7149,3426,1904,1522,3675,2125,1550,375,198,177
1.0 Scen,2021,161,Freestone County,22218,11719,10499,14592,7413,7179,3443,1914,1529,3801,2189,1612,382,203,179
1.0 Scen,2022,161,Freestone County,22433,11844,10589,14660,7450,7210,3457,1929,1528,3925,2257,1668,391,208,183
1.0 Scen,2023,161,Freestone County,22637,11953,10684,14728,7480,7248,3478,1946,1532,4034,2315,1719,397,212,185
1.0 Scen,2024,161,Freestone County,22865,12076,10789,14789,7513,7276,3493,1953,1540,4181,2396,1785,402,214,188
1.0 Scen,2025,161,Freestone County,23085,12195,10890,14839,7536,7303,3510,1965,1545,4331,2479,1852,405,215,190
1.0 Scen,2026,161,Freestone County,23288,12302,10986,14885,7558,7327,3520,1974,1546,4473,2552,1921,410,218,192
1.0 Scen,2027,161,Freestone County,23472,12420,11052,14930,7586,7344,3520,1982,1538,4607,2631,1976,415,221,194
1.0 Scen,2028,161,Freestone County,23655,12523,11132,14960,7601,7359,3526,1990,1536,4751,2710,2041,418,222,196
1.0 Scen,2029,161,Freestone County,23835,12638,11197,14976,7618,7358,3533,1997,1536,4905,2798,2107,421,225,196
1.0 Scen,2030,161,Freestone County,23991,12736,11255,14972,7620,7352,3551,2013,1538,5042,2874,2168,426,229,197
1.0 Scen,2031,161,Freestone County,24185,12854,11331,14984,7634,7350,3561,2026,1535,5210,2964,2246,430,230,200
1.0 Scen,2032,161,Freestone County,24347,12958,11389,14974,7633,7341,3573,2040,1533,5366,3048,2318,434,237,197
1.0 Scen,2033,161,Freestone County,24511,13053,11458,14967,7638,7329,3581,2041,1540,5522,3133,2389,441,241,200
1.0 Scen,2034,161,Freestone County,24647,13153,11494,14945,7635,7310,3580,2054,1526,5676,3220,2456,446,244,202
1.0 Scen,2035,161,Freestone County,24796,13257,11539,14915,7624,7291,3584,2069,1515,5843,3315,2528,454,249,205
1.0 Scen,2036,161,Freestone County,24928,13340,11588,14892,7622,7270,3582,2071,1511,5994,3395,2599,460,252,208
1.0 Scen,2037,161,Freestone County,25053,13421,11632,14846,7609,7237,3579,2067,1512,6162,3490,2672,466,255,211
1.0 Scen,2038,161,Freestone County,25176,13496,11680,14812,7598,7214,3567,2061,1506,6321,3574,2747,476,263,213
1.0 Scen,2039,161,Freestone County,25280,13574,11706,14756,7586,7170,3560,2059,1501,6478,3659,2819,486,270,216
1.0 Scen,2040,161,Freestone County,25375,13638,11737,14704,7566,7138,3534,2047,1487,6639,3746,2893,498,279,219
1.0 Scen,2041,161,Freestone County,25460,13707,11753,14648,7551,7097,3509,2033,1476,6794,3836,2958,509,287,222
1.0 Scen,2042,161,Freestone County,25565,13771,11794,14589,7527,7062,3493,2028,1465,6960,3921,3039,523,295,228
1.0 Scen,2043,161,Freestone County,25662,13842,11820,14523,7500,7023,3480,2025,1455,7122,4013,3109,537,304,233
1.0 Scen,2044,161,Freestone County,25740,13904,11836,14462,7481,6981,3449,2015,1434,7281,4098,3183,548,310,238
1.0 Scen,2045,161,Freestone County,25847,13981,11866,14395,7457,6938,3428,2006,1422,7460,4200,3260,564,318,246
1.0 Scen,2046,161,Freestone County,25942,14039,11903,14327,7428,6899,3413,2000,1413,7639,4295,3344,563,316,247
1.0 Scen,2047,161,Freestone County,26043,14122,11921,14258,7408,6850,3394,1996,1398,7813,4392,3421,578,326,252
1.0 Scen,2048,161,Freestone County,26152,14202,11950,14191,7391,6800,3378,1992,1386,7990,4487,3503,593,332,261
1.0 Scen,2049,161,Freestone County,26267,14286,11981,14131,7371,6760,3357,1986,1371,8169,4589,3580,610,340,270
1.0 Scen,2050,161,Freestone County,26369,14362,12007,14060,7348,6712,3338,1979,1359,8347,4687,3660,624,348,276
1.0 Scen,2010,163,Frio County,17217,10032,7185,2796,1500,1296,524,492,32,13401,7630,5771,496,410,86
1.0 Scen,2011,163,Frio County,17511,10210,7301,2828,1516,1312,525,493,32,13649,7779,5870,509,422,87
1.0 Scen,2012,163,Frio County,17799,10377,7422,2852,1525,1327,526,494,32,13901,7926,5975,520,432,88
1.0 Scen,2013,163,Frio County,18093,10559,7534,2877,1539,1338,526,494,32,14155,8080,6075,535,446,89
1.0 Scen,2014,163,Frio County,18373,10733,7640,2889,1546,1343,524,492,32,14410,8236,6174,550,459,91
1.0 Scen,2015,163,Frio County,18668,10911,7757,2904,1554,1350,522,490,32,14673,8391,6282,569,476,93
1.0 Scen,2016,163,Frio County,18949,11095,7854,2907,1560,1347,520,488,32,14939,8558,6381,583,489,94
1.0 Scen,2017,163,Frio County,19230,11269,7961,2917,1565,1352,516,484,32,15198,8716,6482,599,504,95
1.0 Scen,2018,163,Frio County,19512,11441,8071,2920,1568,1352,513,481,32,15467,8876,6591,612,516,96
1.0 Scen,2019,163,Frio County,19782,11616,8166,2923,1572,1351,512,480,32,15721,9035,6686,626,529,97
1.0 Scen,2020,163,Frio County,20080,11798,8282,2930,1572,1358,509,477,32,15996,9203,6793,645,546,99
1.0 Scen,2021,163,Frio County,20398,11999,8399,2925,1569,1356,508,476,32,16295,9384,6911,670,570,100
1.0 Scen,2022,163,Frio County,20695,12182,8513,2928,1572,1356,504,472,32,16572,9549,7023,691,589,102
1.0 Scen,2023,163,Frio County,21025,12388,8637,2938,1578,1360,502,470,32,16870,9728,7142,715,612,103
1.0 Scen,2024,163,Frio County,21341,12583,8758,2948,1587,1361,499,467,32,17157,9895,7262,737,634,103
1.0 Scen,2025,163,Frio County,21638,12768,8870,2953,1591,1362,497,465,32,17429,10057,7372,759,655,104
1.0 Scen,2026,163,Frio County,21920,12941,8979,2950,1585,1365,492,460,32,17699,10222,7477,779,674,105
1.0 Scen,2027,163,Frio County,22210,13117,9093,2943,1582,1361,488,456,32,17982,10388,7594,797,691,106
1.0 Scen,2028,163,Frio County,22491,13299,9192,2943,1587,1356,483,451,32,18249,10550,7699,816,711,105
1.0 Scen,2029,163,Frio County,22749,13458,9291,2930,1580,1350,479,447,32,18502,10699,7803,838,732,106
1.0 Scen,2030,163,Frio County,23016,13619,9397,2927,1575,1352,477,445,32,18752,10847,7905,860,752,108
1.0 Scen,2031,163,Frio County,23262,13778,9484,2918,1575,1343,470,438,32,18994,10993,8001,880,772,108
1.0 Scen,2032,163,Frio County,23507,13936,9571,2909,1573,1336,472,440,32,19227,11132,8095,899,791,108
1.0 Scen,2033,163,Frio County,23730,14078,9652,2892,1563,1329,468,437,31,19449,11265,8184,921,813,108
1.0 Scen,2034,163,Frio County,23957,14221,9736,2877,1560,1317,467,436,31,19681,11403,8278,932,822,110
1.0 Scen,2035,163,Frio County,24157,14361,9796,2854,1552,1302,460,429,31,19893,11540,8353,950,840,110
1.0 Scen,2036,163,Frio County,24373,14496,9877,2831,1541,1290,460,429,31,20111,11667,8444,971,859,112
1.0 Scen,2037,163,Frio County,24584,14641,9943,2812,1538,1274,456,425,31,20331,11805,8526,985,873,112
1.0 Scen,2038,163,Frio County,24781,14768,10013,2791,1525,1266,453,423,30,20535,11931,8604,1002,889,113
1.0 Scen,2039,163,Frio County,24977,14895,10082,2771,1514,1257,448,418,30,20745,12060,8685,1013,903,110
1.0 Scen,2040,163,Frio County,25150,15012,10138,2741,1501,1240,443,413,30,20939,12181,8758,1027,917,110
1.0 Scen,2041,163,Frio County,25338,15139,10199,2713,1492,1221,438,409,29,21139,12302,8837,1048,936,112
1.0 Scen,2042,163,Frio County,25525,15260,10265,2685,1477,1208,436,408,28,21344,12428,8916,1060,947,113
1.0 Scen,2043,163,Frio County,25692,15364,10328,2658,1461,1197,436,408,28,21529,12539,8990,1069,956,113
1.0 Scen,2044,163,Frio County,25851,15474,10377,2629,1449,1180,431,404,27,21718,12660,9058,1073,961,112
1.0 Scen,2045,163,Frio County,26014,15583,10431,2592,1435,1157,422,397,25,21915,12777,9138,1085,974,111
1.0 Scen,2046,163,Frio County,26145,15670,10475,2555,1415,1140,416,393,23,22096,12886,9210,1078,976,102
1.0 Scen,2047,163,Frio County,26290,15760,10530,2535,1404,1131,405,385,20,22268,12989,9279,1082,982,100
1.0 Scen,2048,163,Frio County,26426,15844,10582,2504,1390,1114,401,381,20,22436,13088,9348,1085,985,100
1.0 Scen,2049,163,Frio County,26563,15923,10640,2481,1378,1103,391,371,20,22602,13186,9416,1089,988,101
1.0 Scen,2050,163,Frio County,26701,16003,10698,2452,1361,1091,387,368,19,22771,13284,9487,1091,990,101
1.0 Scen,2010,165,Gaines County,17526,8798,8728,10628,5252,5376,261,132,129,6413,3294,3119,224,120,104
1.0 Scen,2011,165,Gaines County,17920,8995,8925,10863,5364,5499,263,134,129,6566,3373,3193,228,124,104
1.0 Scen,2012,165,Gaines County,18305,9175,9130,11099,5469,5630,266,134,132,6710,3447,3263,230,125,105
1.0 Scen,2013,165,Gaines County,18713,9381,9332,11338,5588,5750,270,136,134,6867,3528,3339,238,129,109
1.0 Scen,2014,165,Gaines County,19124,9579,9545,11594,5704,5890,274,139,135,7012,3603,3409,244,133,111
1.0 Scen,2015,165,Gaines County,19515,9764,9751,11827,5809,6018,278,142,136,7159,3675,3484,251,138,113
1.0 Scen,2016,165,Gaines County,19946,9964,9982,12096,5931,6165,280,144,136,7314,3747,3567,256,142,114
1.0 Scen,2017,165,Gaines County,20376,10168,10208,12356,6047,6309,285,147,138,7473,3827,3646,262,147,115
1.0 Scen,2018,165,Gaines County,20800,10373,10427,12611,6164,6447,289,150,139,7629,3906,3723,271,153,118
1.0 Scen,2019,165,Gaines County,21236,10585,10651,12881,6290,6591,289,151,138,7791,3988,3803,275,156,119
1.0 Scen,2020,165,Gaines County,21681,10801,10880,13151,6417,6734,290,152,138,7957,4071,3886,283,161,122
1.0 Scen,2021,165,Gaines County,22123,11014,11109,13424,6548,6876,292,154,138,8118,4147,3971,289,165,124
1.0 Scen,2022,165,Gaines County,22561,11220,11341,13702,6674,7028,293,155,138,8270,4221,4049,296,170,126
1.0 Scen,2023,165,Gaines County,23006,11433,11573,13988,6807,7181,292,155,137,8424,4295,4129,302,176,126
1.0 Scen,2024,165,Gaines County,23458,11654,11804,14275,6947,7328,293,155,138,8579,4370,4209,311,182,129
1.0 Scen,2025,165,Gaines County,23947,11884,12063,14589,7092,7497,293,156,137,8743,4446,4297,322,190,132
1.0 Scen,2026,165,Gaines County,24418,12123,12295,14903,7250,7653,291,155,136,8896,4521,4375,328,197,131
1.0 Scen,2027,165,Gaines County,24910,12364,12546,15235,7409,7826,289,156,133,9047,4595,4452,339,204,135
1.0 Scen,2028,165,Gaines County,25428,12619,12809,15580,7577,8003,292,157,135,9209,4675,4534,347,210,137
1.0 Scen,2029,165,Gaines County,25961,12887,13074,15947,7756,8191,296,159,137,9359,4752,4607,359,220,139
1.0 Scen,2030,165,Gaines County,26509,13168,13341,16332,7947,8385,300,162,138,9507,4830,4677,370,229,141
1.0 Scen,2031,165,Gaines County,27075,13447,13628,16739,8145,8594,302,164,138,9658,4901,4757,376,237,139
1.0 Scen,2032,165,Gaines County,27637,13725,13912,17142,8333,8809,303,166,137,9807,4982,4825,385,244,141
1.0 Scen,2033,165,Gaines County,28200,14012,14188,17552,8536,9016,305,167,138,9948,5058,4890,395,251,144
1.0 Scen,2034,165,Gaines County,28757,14293,14464,17958,8733,9225,307,168,139,10089,5132,4957,403,260,143
1.0 Scen,2035,165,Gaines County,29332,14571,14761,18379,8930,9449,308,169,139,10235,5208,5027,410,264,146
1.0 Scen,2036,165,Gaines County,29908,14864,15044,18809,9137,9672,308,170,138,10374,5286,5088,417,271,146
1.0 Scen,2037,165,Gaines County,30459,15134,15325,19219,9331,9888,308,170,138,10509,5358,5151,423,275,148
1.0 Scen,2038,165,Gaines County,31027,15423,15604,19645,9539,10106,307,171,136,10645,5431,5214,430,282,148
1.0 Scen,2039,165,Gaines County,31602,15713,15889,20068,9743,10325,304,169,135,10791,5510,5281,439,291,148
1.0 Scen,2040,165,Gaines County,32175,15995,16180,20500,9948,10552,304,169,135,10928,5582,5346,443,296,147
1.0 Scen,2041,165,Gaines County,32751,16271,16480,20935,10150,10785,302,167,135,11065,5655,5410,449,299,150
1.0 Scen,2042,165,Gaines County,33323,16552,16771,21379,10369,11010,302,167,135,11199,5723,5476,443,293,150
1.0 Scen,2043,165,Gaines County,33903,16841,17062,21822,10581,11241,300,166,134,11334,5798,5536,447,296,151
1.0 Scen,2044,165,Gaines County,34491,17117,17374,22272,10785,11487,297,164,133,11469,5868,5601,453,300,153
1.0 Scen,2045,165,Gaines County,35064,17398,17666,22712,10996,11716,293,161,132,11604,5940,5664,455,301,154
1.0 Scen,2046,165,Gaines County,35646,17686,17960,23170,11213,11957,284,159,125,11742,6013,5729,450,301,149
1.0 Scen,2047,165,Gaines County,36223,17974,18249,23631,11437,12194,273,154,119,11869,6083,5786,450,300,150
1.0 Scen,2048,165,Gaines County,36817,18264,18553,24103,11662,12441,263,148,115,12001,6156,5845,450,298,152
1.0 Scen,2049,165,Gaines County,37429,18563,18866,24588,11887,12701,260,147,113,12132,6230,5902,449,299,150
1.0 Scen,2050,165,Gaines County,38054,18869,19185,25092,12125,12967,254,142,112,12260,6303,5957,448,299,149
1.0 Scen,2010,167,Galveston County,291309,144234,147075,172652,85855,86797,39229,18508,20721,65270,33005,32265,14158,6866,7292
1.0 Scen,2011,167,Galveston County,295509,146577,148932,173836,86629,87207,39369,18619,20750,67380,34073,33307,14924,7256,7668
1.0 Scen,2012,167,Galveston County,299719,148913,150806,174939,87347,87592,39543,18736,20807,69538,35166,34372,15699,7664,8035
1.0 Scen,2013,167,Galveston County,304094,151353,152741,176091,88117,87974,39710,18866,20844,71755,36281,35474,16538,8089,8449
1.0 Scen,2014,167,Galveston County,308448,153778,154670,177135,88844,88291,39896,18979,20917,74027,37432,36595,17390,8523,8867
1.0 Scen,2015,167,Galveston County,312880,156258,156622,178157,89543,88614,40058,19107,20951,76384,38624,37760,18281,8984,9297
1.0 Scen,2016,167,Galveston County,317213,158682,158531,179017,90170,88847,40225,19220,21005,78769,39830,38939,19202,9462,9740
1.0 Scen,2017,167,Galveston County,321627,161164,160463,179853,90787,89066,40368,19327,21041,81222,41079,40143,20184,9971,10213
1.0 Scen,2018,167,Galveston County,325997,163619,162378,180639,91365,89274,40480,19424,21056,83718,42357,41361,21160,10473,10687
1.0 Scen,2019,167,Galveston County,330504,166165,164339,181365,91930,89435,40614,19525,21089,86305,43662,42643,22220,11048,11172
1.0 Scen,2020,167,Galveston County,335006,168715,166291,182002,92445,89557,40757,19629,21128,88950,45013,43937,23297,11628,11669
1.0 Scen,2021,167,Galveston County,339640,171345,168295,182666,92994,89672,40876,19743,21133,91653,46387,45266,24445,12221,12224
1.0 Scen,2022,167,Galveston County,344291,173973,170318,183268,93510,89758,40965,19801,21164,94413,47797,46616,25645,12865,12780
1.0 Scen,2023,167,Galveston County,349059,176683,172376,183810,93979,89831,41090,19917,21173,97260,49248,48012,26899,13539,13360
1.0 Scen,2024,167,Galveston County,353789,179397,174392,184306,94439,89867,41166,20001,21165,100150,50724,49426,28167,14233,13934
1.0 Scen,2025,167,Galveston County,358588,182122,176466,184727,94856,89871,41208,20062,21146,103088,52229,50859,29565,14975,14590
1.0 Scen,2026,167,Galveston County,363411,184877,178534,185082,95243,89839,41244,20114,21130,106109,53777,52332,30976,15743,15233
1.0 Scen,2027,167,Galveston County,368238,187649,180589,185361,95595,89766,41252,20173,21079,109169,55349,53820,32456,16532,15924
1.0 Scen,2028,167,Galveston County,373103,190447,182656,185563,95912,89651,41269,20215,21054,112276,56949,55327,33995,17371,16624
1.0 Scen,2029,167,Galveston County,377943,193261,184682,185665,96176,89489,41254,20256,20998,115415,58560,56855,35609,18269,17340
1.0 Scen,2030,167,Galveston County,382798,196054,186744,185709,96413,89296,41174,20251,20923,118578,60187,58391,37337,19203,18134
1.0 Scen,2031,167,Galveston County,387636,198858,188778,185678,96609,89069,41094,20257,20837,121759,61819,59940,39105,20173,18932
1.0 Scen,2032,167,Galveston County,392446,201682,190764,185560,96769,88791,40994,20263,20731,124965,63469,61496,40927,21181,19746
1.0 Scen,2033,167,Galveston County,397272,204511,192761,185362,96883,88479,40873,20248,20625,128198,65138,63060,42839,22242,20597
1.0 Scen,2034,167,Galveston County,402095,207328,194767,185126,96983,88143,40689,20200,20489,131424,66801,64623,44856,23344,21512
1.0 Scen,2035,167,Galveston County,406941,210202,196739,184802,97039,87763,40546,20182,20364,134675,68491,66184,46918,24490,22428
1.0 Scen,2036,167,Galveston County,411794,213059,198735,184429,97072,87357,40370,20139,20231,137925,70174,67751,49070,25674,23396
1.0 Scen,2037,167,Galveston County,416632,215927,200705,183967,97063,86904,40171,20080,20091,141188,71868,69320,51306,26916,24390
1.0 Scen,2038,167,Galveston County,421498,218821,202677,183441,97020,86421,39953,20015,19938,144454,73567,70887,53650,28219,25431
1.0 Scen,2039,167,Galveston County,426407,221747,204660,182878,96958,85920,39721,19945,19776,147727,75276,72451,56081,29568,26513
1.0 Scen,2040,167,Galveston County,431323,224702,206621,182247,96859,85388,39483,19874,19609,151001,76994,74007,58592,30975,27617
1.0 Scen,2041,167,Galveston County,436290,227694,208596,181560,96737,84823,39222,19792,19430,154289,78721,75568,61219,32444,28775
1.0 Scen,2042,167,Galveston County,441279,230683,210596,180824,96583,84241,38971,19702,19269,157572,80451,77121,63912,33947,29965
1.0 Scen,2043,167,Galveston County,446341,233748,212593,180059,96423,83636,38702,19612,19090,160855,82183,78672,66725,35530,31195
1.0 Scen,2044,167,Galveston County,451508,236882,214626,179250,96230,83020,38438,19522,18916,164130,83920,80210,69690,37210,32480
1.0 Scen,2045,167,Galveston County,456709,240024,216685,178404,96020,82384,38148,19419,18729,167412,85661,81751,72745,38924,33821
1.0 Scen,2046,167,Galveston County,462002,243230,218772,177545,95802,81743,37876,19320,18556,170680,87404,83276,75901,40704,35197
1.0 Scen,2047,167,Galveston County,467418,246521,220897,176680,95586,81094,37588,19218,18370,173966,89167,84799,79184,42550,36634
1.0 Scen,2048,167,Galveston County,472967,249891,223076,175812,95360,80452,37295,19106,18189,177269,90941,86328,82591,44484,38107
1.0 Scen,2049,167,Galveston County,478625,253325,225300,174948,95134,79814,36994,18988,18006,180564,92717,87847,86119,46486,39633
1.0 Scen,2050,167,Galveston County,484451,256844,227607,174091,94906,79185,36688,18871,17817,183861,94493,89368,89811,48574,41237
1.0 Scen,2010,169,Garza County,6461,4092,2369,2962,1653,1309,392,272,120,3046,2144,902,61,23,38
1.0 Scen,2011,169,Garza County,6527,4132,2395,2977,1664,1313,396,274,122,3092,2170,922,62,24,38
1.0 Scen,2012,169,Garza County,6598,4171,2427,2991,1672,1319,400,276,124,3144,2199,945,63,24,39
1.0 Scen,2013,169,Garza County,6654,4204,2450,2995,1678,1317,404,278,126,3191,2223,968,64,25,39
1.0 Scen,2014,169,Garza County,6696,4227,2469,2999,1683,1316,408,280,128,3224,2239,985,65,25,40
1.0 Scen,2015,169,Garza County,6738,4255,2483,2998,1687,1311,413,283,130,3261,2259,1002,66,26,40
1.0 Scen,2016,169,Garza County,6794,4291,2503,2999,1693,1306,419,287,132,3309,2285,1024,67,26,41
1.0 Scen,2017,169,Garza County,6836,4326,2510,2989,1700,1289,422,288,134,3357,2311,1046,68,27,41
1.0 Scen,2018,169,Garza County,6879,4354,2525,2986,1703,1283,424,288,136,3400,2336,1064,69,27,42
1.0 Scen,2019,169,Garza County,6930,4380,2550,2990,1704,1286,428,290,138,3442,2358,1084,70,28,42
1.0 Scen,2020,169,Garza County,6969,4402,2567,2980,1700,1280,433,293,140,3485,2381,1104,71,28,43
1.0 Scen,2021,169,Garza County,7016,4428,2588,2975,1699,1276,435,293,142,3534,2407,1127,72,29,43
1.0 Scen,2022,169,Garza County,7057,4450,2607,2968,1697,1271,439,296,143,3577,2428,1149,73,29,44
1.0 Scen,2023,169,Garza County,7101,4474,2627,2966,1698,1268,441,296,145,3619,2450,1169,75,30,45
1.0 Scen,2024,169,Garza County,7119,4482,2637,2960,1696,1264,442,295,147,3641,2461,1180,76,30,46
1.0 Scen,2025,169,Garza County,7158,4507,2651,2949,1694,1255,442,295,147,3689,2487,1202,78,31,47
1.0 Scen,2026,169,Garza County,7182,4526,2656,2935,1695,1240,440,294,146,3728,2506,1222,79,31,48
1.0 Scen,2027,169,Garza County,7232,4549,2683,2928,1691,1237,442,295,147,3781,2531,1250,81,32,49
1.0 Scen,2028,169,Garza County,7271,4574,2697,2914,1686,1228,443,295,148,3832,2560,1272,82,33,49
1.0 Scen,2029,169,Garza County,7297,4591,2706,2900,1686,1214,444,296,148,3869,2575,1294,84,34,50
1.0 Scen,2030,169,Garza County,7321,4602,2719,2891,1679,1212,444,296,148,3900,2592,1308,86,35,51
1.0 Scen,2031,169,Garza County,7357,4632,2725,2885,1679,1206,451,302,149,3933,2615,1318,88,36,52
1.0 Scen,2032,169,Garza County,7391,4654,2737,2879,1678,1201,446,297,149,3977,2642,1335,89,37,52
1.0 Scen,2033,169,Garza County,7421,4668,2753,2865,1673,1192,449,299,150,4018,2658,1360,89,38,51
1.0 Scen,2034,169,Garza County,7468,4698,2770,2869,1679,1190,448,298,150,4061,2683,1378,90,38,52
1.0 Scen,2035,169,Garza County,7478,4701,2777,2847,1668,1179,449,298,151,4091,2696,1395,91,39,52
1.0 Scen,2036,169,Garza County,7499,4719,2780,2828,1661,1167,452,301,151,4127,2718,1409,92,39,53
1.0 Scen,2037,169,Garza County,7511,4727,2784,2801,1651,1150,453,302,151,4164,2734,1430,93,40,53
1.0 Scen,2038,169,Garza County,7534,4734,2800,2793,1646,1147,451,300,151,4196,2748,1448,94,40,54
1.0 Scen,2039,169,Garza County,7541,4737,2804,2774,1637,1137,448,299,149,4224,2759,1465,95,42,53
1.0 Scen,2040,169,Garza County,7554,4747,2807,2758,1630,1128,446,297,149,4255,2779,1476,95,41,54
1.0 Scen,2041,169,Garza County,7578,4763,2815,2744,1625,1119,448,299,149,4290,2797,1493,96,42,54
1.0 Scen,2042,169,Garza County,7573,4760,2813,2721,1615,1106,444,295,149,4311,2808,1503,97,42,55
1.0 Scen,2043,169,Garza County,7592,4776,2816,2706,1616,1090,441,292,149,4347,2825,1522,98,43,55
1.0 Scen,2044,169,Garza County,7595,4781,2814,2682,1608,1074,442,294,148,4372,2836,1536,99,43,56
1.0 Scen,2045,169,Garza County,7605,4786,2819,2660,1600,1060,439,290,149,4406,2852,1554,100,44,56
1.0 Scen,2046,169,Garza County,7608,4794,2814,2639,1593,1046,441,292,149,4429,2865,1564,99,44,55
1.0 Scen,2047,169,Garza County,7602,4793,2809,2624,1588,1036,427,285,142,4451,2875,1576,100,45,55
1.0 Scen,2048,169,Garza County,7587,4775,2812,2599,1568,1031,413,276,137,4475,2887,1588,100,44,56
1.0 Scen,2049,169,Garza County,7566,4770,2796,2562,1555,1007,410,276,134,4494,2894,1600,100,45,55
1.0 Scen,2050,169,Garza County,7566,4764,2802,2544,1544,1000,402,271,131,4518,2904,1614,102,45,57
1.0 Scen,2010,171,Gillespie County,24837,11968,12869,19472,9182,10290,47,22,25,4969,2600,2369,349,164,185
1.0 Scen,2011,171,Gillespie County,25295,12195,13100,19737,9306,10431,47,22,25,5156,2700,2456,355,167,188
1.0 Scen,2012,171,Gillespie County,25757,12403,13354,20010,9414,10596,47,22,25,5339,2797,2542,361,170,191
1.0 Scen,2013,171,Gillespie County,26235,12647,13588,20278,9543,10735,48,23,25,5541,2907,2634,368,174,194
1.0 Scen,2014,171,Gillespie County,26742,12894,13848,20582,9677,10905,49,23,26,5738,3016,2722,373,178,195
1.0 Scen,2015,171,Gillespie County,27231,13131,14100,20871,9804,11067,50,24,26,5933,3121,2812,377,182,195
1.0 Scen,2016,171,Gillespie County,27768,13391,14377,21185,9942,11243,51,24,27,6148,3238,2910,384,187,197
1.0 Scen,2017,171,Gillespie County,28288,13635,14653,21484,10068,11416,52,25,27,6360,3350,3010,392,192,200
1.0 Scen,2018,171,Gillespie County,28827,13900,14927,21797,10211,11586,53,25,28,6578,3468,3110,399,196,203
1.0 Scen,2019,171,Gillespie County,29374,14162,15212,22105,10339,11766,54,26,28,6806,3596,3210,409,201,208
1.0 Scen,2020,171,Gillespie County,29929,14422,15507,22411,10462,11949,54,26,28,7049,3729,3320,415,205,210
1.0 Scen,2021,171,Gillespie County,30472,14685,15787,22711,10590,12121,54,26,28,7283,3858,3425,424,211,213
1.0 Scen,2022,171,Gillespie County,30989,14938,16051,22992,10713,12279,54,26,28,7516,3986,3530,427,213,214
1.0 Scen,2023,171,Gillespie County,31523,15189,16334,23271,10827,12444,54,26,28,7767,4120,3647,431,216,215
1.0 Scen,2024,171,Gillespie County,32036,15438,16598,23545,10943,12602,54,26,28,8004,4250,3754,433,219,214
1.0 Scen,2025,171,Gillespie County,32585,15702,16883,23835,11064,12771,54,26,28,8261,4391,3870,435,221,214
1.0 Scen,2026,171,Gillespie County,33088,15936,17152,24092,11170,12922,55,26,29,8499,4516,3983,442,224,218
1.0 Scen,2027,171,Gillespie County,33587,16185,17402,24341,11273,13068,56,27,29,8742,4656,4086,448,229,219
1.0 Scen,2028,171,Gillespie County,34078,16430,17648,24585,11382,13203,57,27,30,8987,4788,4199,449,233,216
1.0 Scen,2029,171,Gillespie County,34558,16665,17893,24805,11474,13331,57,27,30,9240,4926,4314,456,238,218
1.0 Scen,2030,171,Gillespie County,35003,16886,18117,24996,11554,13442,57,27,30,9486,5060,4426,464,245,219
1.0 Scen,2031,171,Gillespie County,35453,17114,18339,25185,11638,13547,57,27,30,9736,5195,4541,475,254,221
1.0 Scen,2032,171,Gillespie County,35887,17333,18554,25355,11714,13641,57,27,30,9993,5332,4661,482,260,222
1.0 Scen,2033,171,Gillespie County,36294,17544,18750,25503,11781,13722,57,27,30,10249,5475,4774,485,261,224
1.0 Scen,2034,171,Gillespie County,36692,17755,18937,25643,11846,13797,56,27,29,10505,5619,4886,488,263,225
1.0 Scen,2035,171,Gillespie County,37069,17958,19111,25751,11898,13853,56,27,29,10768,5766,5002,494,267,227
1.0 Scen,2036,171,Gillespie County,37443,18166,19277,25853,11949,13904,56,27,29,11035,5919,5116,499,271,228
1.0 Scen,2037,171,Gillespie County,37785,18365,19420,25908,11987,13921,56,27,29,11312,6074,5238,509,277,232
1.0 Scen,2038,171,Gillespie County,38108,18554,19554,25956,12013,13943,55,26,29,11580,6232,5348,517,283,234
1.0 Scen,2039,171,Gillespie County,38427,18743,19684,25999,12041,13958,53,25,28,11855,6390,5465,520,287,233
1.0 Scen,2040,171,Gillespie County,38754,18928,19826,26023,12062,13961,52,24,28,12151,6550,5601,528,292,236
1.0 Scen,2041,171,Gillespie County,39044,19108,19936,26036,12075,13961,51,23,28,12423,6714,5709,534,296,238
1.0 Scen,2042,171,Gillespie County,39329,19282,20047,26026,12083,13943,49,22,27,12715,6875,5840,539,302,237
1.0 Scen,2043,171,Gillespie County,39621,19467,20154,26023,12097,13926,47,21,26,13004,7041,5963,547,308,239
1.0 Scen,2044,171,Gillespie County,39914,19644,20270,26009,12102,13907,47,21,26,13303,7207,6096,555,314,241
1.0 Scen,2045,171,Gillespie County,40191,19826,20365,25984,12107,13877,45,21,24,13600,7377,6223,562,321,241
1.0 Scen,2046,171,Gillespie County,40443,19985,20458,25953,12105,13848,45,21,24,13890,7544,6346,555,315,240
1.0 Scen,2047,171,Gillespie County,40705,20143,20562,25924,12102,13822,44,21,23,14174,7701,6473,563,319,244
1.0 Scen,2048,171,Gillespie County,40977,20315,20662,25904,12112,13792,42,21,21,14465,7861,6604,566,321,245
1.0 Scen,2049,171,Gillespie County,41270,20507,20763,25885,12124,13761,42,21,21,14770,8034,6736,573,328,245
1.0 Scen,2050,171,Gillespie County,41558,20689,20869,25877,12139,13738,41,20,21,15063,8197,6866,577,333,244
1.0 Scen,2010,173,Glasscock County,1226,649,577,825,436,389,15,8,7,378,201,177,8,4,4
1.0 Scen,2011,173,Glasscock County,1237,654,583,830,438,392,15,8,7,384,204,180,8,4,4
1.0 Scen,2012,173,Glasscock County,1251,662,589,838,442,396,15,8,7,390,208,182,8,4,4
1.0 Scen,2013,173,Glasscock County,1267,670,597,846,445,401,15,8,7,398,213,185,8,4,4
1.0 Scen,2014,173,Glasscock County,1284,677,607,856,448,408,15,8,7,405,217,188,8,4,4
1.0 Scen,2015,173,Glasscock County,1293,683,610,858,450,408,15,8,7,412,221,191,8,4,4
1.0 Scen,2016,173,Glasscock County,1302,689,613,859,451,408,15,8,7,420,226,194,8,4,4
1.0 Scen,2017,173,Glasscock County,1316,696,620,866,454,412,15,8,7,427,230,197,8,4,4
1.0 Scen,2018,173,Glasscock County,1328,700,628,871,454,417,15,8,7,434,234,200,8,4,4
1.0 Scen,2019,173,Glasscock County,1338,707,631,871,455,416,15,8,7,444,240,204,8,4,4
1.0 Scen,2020,173,Glasscock County,1351,716,635,875,459,416,15,8,7,453,245,208,8,4,4
1.0 Scen,2021,173,Glasscock County,1359,722,637,874,460,414,15,8,7,462,250,212,8,4,4
1.0 Scen,2022,173,Glasscock County,1367,726,641,875,461,414,15,8,7,469,253,216,8,4,4
1.0 Scen,2023,173,Glasscock County,1375,731,644,876,462,414,15,8,7,476,257,219,8,4,4
1.0 Scen,2024,173,Glasscock County,1376,737,639,869,462,407,15,8,7,484,263,221,8,4,4
1.0 Scen,2025,173,Glasscock County,1379,738,641,865,459,406,15,8,7,491,267,224,8,4,4
1.0 Scen,2026,173,Glasscock County,1383,743,640,861,459,402,15,8,7,499,272,227,8,4,4
1.0 Scen,2027,173,Glasscock County,1383,747,636,855,458,397,15,8,7,505,277,228,8,4,4
1.0 Scen,2028,173,Glasscock County,1385,748,637,849,453,396,15,8,7,513,283,230,8,4,4
1.0 Scen,2029,173,Glasscock County,1385,750,635,840,449,391,15,8,7,522,289,233,8,4,4
1.0 Scen,2030,173,Glasscock County,1383,749,634,830,444,386,15,8,7,531,294,237,7,3,4
1.0 Scen,2031,173,Glasscock County,1382,747,635,823,438,385,15,8,7,537,298,239,7,3,4
1.0 Scen,2032,173,Glasscock County,1381,749,632,817,437,380,15,8,7,542,301,241,7,3,4
1.0 Scen,2033,173,Glasscock County,1386,754,632,816,437,379,15,8,7,548,306,242,7,3,4
1.0 Scen,2034,173,Glasscock County,1387,755,632,810,434,376,15,8,7,555,310,245,7,3,4
1.0 Scen,2035,173,Glasscock County,1389,755,634,810,433,377,15,8,7,557,311,246,7,3,4
1.0 Scen,2036,173,Glasscock County,1382,750,632,804,430,374,15,8,7,556,309,247,7,3,4
1.0 Scen,2037,173,Glasscock County,1370,741,629,794,425,369,15,8,7,554,305,249,7,3,4
1.0 Scen,2038,173,Glasscock County,1362,735,627,789,418,371,15,8,7,551,306,245,7,3,4
1.0 Scen,2039,173,Glasscock County,1348,731,617,781,416,365,15,8,7,545,304,241,7,3,4
1.0 Scen,2040,173,Glasscock County,1340,728,612,776,411,365,15,8,7,542,306,236,7,3,4
1.0 Scen,2041,173,Glasscock County,1320,716,604,761,403,358,14,7,7,538,303,235,7,3,4
1.0 Scen,2042,173,Glasscock County,1304,711,593,746,397,349,14,7,7,538,305,233,6,2,4
1.0 Scen,2043,173,Glasscock County,1292,705,587,733,390,343,14,7,7,539,306,233,6,2,4
1.0 Scen,2044,173,Glasscock County,1285,704,581,725,388,337,14,7,7,540,307,233,6,2,4
1.0 Scen,2045,173,Glasscock County,1269,698,571,715,381,334,13,7,6,535,308,227,6,2,4
1.0 Scen,2046,173,Glasscock County,1262,695,567,710,380,330,13,7,6,533,306,227,6,2,4
1.0 Scen,2047,173,Glasscock County,1261,695,566,705,378,327,13,7,6,537,308,229,6,2,4
1.0 Scen,2048,173,Glasscock County,1246,687,559,691,370,321,12,6,6,537,309,228,6,2,4
1.0 Scen,2049,173,Glasscock County,1243,685,558,685,367,318,12,6,6,540,310,230,6,2,4
1.0 Scen,2050,173,Glasscock County,1237,680,557,682,366,316,12,6,6,537,306,231,6,2,4
1.0 Scen,2010,175,Goliad County,7210,3596,3614,4337,2160,2177,310,147,163,2462,1233,1229,101,56,45
1.0 Scen,2011,175,Goliad County,7352,3655,3697,4410,2186,2224,311,148,163,2529,1264,1265,102,57,45
1.0 Scen,2012,175,Goliad County,7480,3713,3767,4466,2208,2258,310,148,162,2602,1301,1301,102,56,46
1.0 Scen,2013,175,Goliad County,7611,3776,3835,4519,2233,2286,311,148,163,2678,1338,1340,103,57,46
1.0 Scen,2014,175,Goliad County,7725,3834,3891,4556,2252,2304,311,150,161,2754,1375,1379,104,57,47
1.0 Scen,2015,175,Goliad County,7856,3894,3962,4612,2271,2341,312,151,161,2826,1413,1413,106,59,47
1.0 Scen,2016,175,Goliad County,7988,3962,4026,4668,2296,2372,311,151,160,2902,1456,1446,107,59,48
1.0 Scen,2017,175,Goliad County,8122,4022,4100,4720,2314,2406,310,151,159,2984,1497,1487,108,60,48
1.0 Scen,2018,175,Goliad County,8255,4089,4166,4772,2336,2436,310,151,159,3064,1542,1522,109,60,49
1.0 Scen,2019,175,Goliad County,8374,4145,4229,4816,2352,2464,310,151,159,3138,1581,1557,110,61,49
1.0 Scen,2020,175,Goliad County,8518,4216,4302,4870,2378,2492,310,151,159,3228,1627,1601,110,60,50
1.0 Scen,2021,175,Goliad County,8655,4281,4374,4928,2403,2525,310,152,158,3306,1665,1641,111,61,50
1.0 Scen,2022,175,Goliad County,8793,4346,4447,4978,2426,2552,312,153,159,3391,1706,1685,112,61,51
1.0 Scen,2023,175,Goliad County,8938,4413,4525,5039,2448,2591,313,155,158,3473,1748,1725,113,62,51
1.0 Scen,2024,175,Goliad County,9064,4474,4590,5085,2466,2619,315,155,160,3551,1791,1760,113,62,51
1.0 Scen,2025,175,Goliad County,9188,4539,4649,5138,2486,2652,316,156,160,3620,1834,1786,114,63,51
1.0 Scen,2026,175,Goliad County,9321,4603,4718,5189,2508,2681,315,155,160,3702,1877,1825,115,63,52
1.0 Scen,2027,175,Goliad County,9437,4658,4779,5236,2528,2708,313,155,158,3776,1913,1863,112,62,50
1.0 Scen,2028,175,Goliad County,9557,4710,4847,5269,2540,2729,314,156,158,3862,1953,1909,112,61,51
1.0 Scen,2029,175,Goliad County,9693,4775,4918,5320,2564,2756,313,155,158,3947,1994,1953,113,62,51
1.0 Scen,2030,175,Goliad County,9781,4819,4962,5343,2577,2766,314,157,157,4011,2024,1987,113,61,52
1.0 Scen,2031,175,Goliad County,9897,4877,5020,5378,2597,2781,315,157,158,4091,2061,2030,113,62,51
1.0 Scen,2032,175,Goliad County,10008,4931,5077,5407,2611,2796,313,157,156,4173,2101,2072,115,62,53
1.0 Scen,2033,175,Goliad County,10109,4986,5123,5426,2626,2800,312,156,156,4258,2142,2116,113,62,51
1.0 Scen,2034,175,Goliad County,10197,5028,5169,5443,2634,2809,310,155,155,4331,2178,2153,113,61,52
1.0 Scen,2035,175,Goliad County,10302,5089,5213,5469,2650,2819,307,155,152,4413,2222,2191,113,62,51
1.0 Scen,2036,175,Goliad County,10400,5137,5263,5490,2658,2832,304,153,151,4492,2264,2228,114,62,52
1.0 Scen,2037,175,Goliad County,10507,5198,5309,5507,2667,2840,303,153,150,4583,2316,2267,114,62,52
1.0 Scen,2038,175,Goliad County,10586,5239,5347,5515,2672,2843,301,152,149,4656,2354,2302,114,61,53
1.0 Scen,2039,175,Goliad County,10667,5285,5382,5519,2673,2846,297,151,146,4737,2400,2337,114,61,53
1.0 Scen,2040,175,Goliad County,10741,5327,5414,5524,2679,2845,295,150,145,4809,2438,2371,113,60,53
1.0 Scen,2041,175,Goliad County,10825,5380,5445,5526,2689,2837,293,149,144,4893,2482,2411,113,60,53
1.0 Scen,2042,175,Goliad County,10910,5419,5491,5529,2689,2840,292,147,145,4977,2524,2453,112,59,53
1.0 Scen,2043,175,Goliad County,10975,5468,5507,5528,2699,2829,286,145,141,5048,2564,2484,113,60,53
1.0 Scen,2044,175,Goliad County,11024,5505,5519,5525,2707,2818,278,141,137,5109,2598,2511,112,59,53
1.0 Scen,2045,175,Goliad County,11095,5540,5555,5533,2715,2818,276,139,137,5175,2628,2547,111,58,53
1.0 Scen,2046,175,Goliad County,11163,5582,5581,5540,2722,2818,270,136,134,5246,2667,2579,107,57,50
1.0 Scen,2047,175,Goliad County,11194,5613,5581,5533,2723,2810,256,128,128,5301,2707,2594,104,55,49
1.0 Scen,2048,175,Goliad County,11241,5638,5603,5537,2728,2809,245,120,125,5357,2737,2620,102,53,49
1.0 Scen,2049,175,Goliad County,11294,5677,5617,5536,2733,2803,240,119,121,5416,2771,2645,102,54,48
1.0 Scen,2050,175,Goliad County,11354,5726,5628,5542,2749,2793,235,116,119,5476,2808,2668,101,53,48
1.0 Scen,2010,177,Gonzales County,19807,9959,9848,8836,4294,4542,1353,699,654,9353,4848,4505,265,118,147
1.0 Scen,2011,177,Gonzales County,20085,10121,9964,8841,4306,4535,1366,709,657,9608,4985,4623,270,121,149
1.0 Scen,2012,177,Gonzales County,20349,10286,10063,8802,4308,4494,1382,719,663,9887,5134,4753,278,125,153
1.0 Scen,2013,177,Gonzales County,20603,10439,10164,8778,4306,4472,1394,729,665,10145,5274,4871,286,130,156
1.0 Scen,2014,177,Gonzales County,20874,10590,10284,8765,4306,4459,1412,741,671,10404,5410,4994,293,133,160
1.0 Scen,2015,177,Gonzales County,21128,10738,10390,8733,4299,4434,1425,749,676,10668,5552,5116,302,138,164
1.0 Scen,2016,177,Gonzales County,21379,10884,10495,8695,4293,4402,1438,756,682,10937,5693,5244,309,142,167
1.0 Scen,2017,177,Gonzales County,21615,11026,10589,8666,4294,4372,1448,763,685,11186,5824,5362,315,145,170
1.0 Scen,2018,177,Gonzales County,21871,11171,10700,8633,4285,4348,1456,770,686,11461,5967,5494,321,149,172
1.0 Scen,2019,177,Gonzales County,22101,11309,10792,8602,4283,4319,1461,776,685,11711,6098,5613,327,152,175
1.0 Scen,2020,177,Gonzales County,22345,11444,10901,8566,4271,4295,1467,779,688,11981,6239,5742,331,155,176
1.0 Scen,2021,177,Gonzales County,22587,11574,11013,8531,4258,4273,1476,782,694,12244,6376,5868,336,158,178
1.0 Scen,2022,177,Gonzales County,22867,11737,11130,8498,4251,4247,1485,792,693,12542,6533,6009,342,161,181
1.0 Scen,2023,177,Gonzales County,23134,11889,11245,8468,4244,4224,1487,797,690,12830,6683,6147,349,165,184
1.0 Scen,2024,177,Gonzales County,23378,12032,11346,8419,4224,4195,1482,798,684,13124,6843,6281,353,167,186
1.0 Scen,2025,177,Gonzales County,23628,12181,11447,8369,4209,4160,1474,799,675,13425,7003,6422,360,170,190
1.0 Scen,2026,177,Gonzales County,23887,12341,11546,8323,4192,4131,1469,805,664,13730,7170,6560,365,174,191
1.0 Scen,2027,177,Gonzales County,24132,12485,11647,8257,4164,4093,1462,806,656,14042,7337,6705,371,178,193
1.0 Scen,2028,177,Gonzales County,24382,12641,11741,8186,4142,4044,1464,812,652,14355,7504,6851,377,183,194
1.0 Scen,2029,177,Gonzales County,24642,12795,11847,8125,4114,4011,1464,813,651,14668,7681,6987,385,187,198
1.0 Scen,2030,177,Gonzales County,24879,12934,11945,8056,4090,3966,1464,812,652,14972,7842,7130,387,190,197
1.0 Scen,2031,177,Gonzales County,25104,13058,12046,7977,4055,3922,1454,804,650,15281,8007,7274,392,192,200
1.0 Scen,2032,177,Gonzales County,25324,13187,12137,7906,4026,3880,1444,796,648,15580,8170,7410,394,195,199
1.0 Scen,2033,177,Gonzales County,25528,13306,12222,7813,3987,3826,1433,789,644,15884,8333,7551,398,197,201
1.0 Scen,2034,177,Gonzales County,25727,13423,12304,7720,3949,3771,1426,786,640,16175,8486,7689,406,202,204
1.0 Scen,2035,177,Gonzales County,25924,13539,12385,7619,3902,3717,1414,782,632,16477,8650,7827,414,205,209
1.0 Scen,2036,177,Gonzales County,26117,13659,12458,7522,3866,3656,1403,779,624,16770,8805,7965,422,209,213
1.0 Scen,2037,177,Gonzales County,26301,13779,12522,7427,3830,3597,1383,771,612,17064,8966,8098,427,212,215
1.0 Scen,2038,177,Gonzales County,26469,13888,12581,7310,3780,3530,1371,768,603,17355,9125,8230,433,215,218
1.0 Scen,2039,177,Gonzales County,26662,13999,12663,7224,3742,3482,1356,758,598,17645,9281,8364,437,218,219
1.0 Scen,2040,177,Gonzales County,26835,14115,12720,7116,3701,3415,1339,750,589,17935,9442,8493,445,222,223
1.0 Scen,2041,177,Gonzales County,26994,14213,12781,7011,3659,3352,1322,742,580,18209,9587,8622,452,225,227
1.0 Scen,2042,177,Gonzales County,27157,14322,12835,6904,3616,3288,1312,741,571,18482,9735,8747,459,230,229
1.0 Scen,2043,177,Gonzales County,27302,14423,12879,6792,3569,3223,1292,739,553,18755,9882,8873,463,233,230
1.0 Scen,2044,177,Gonzales County,27454,14520,12934,6679,3517,3162,1275,730,545,19032,10035,8997,468,238,230
1.0 Scen,2045,177,Gonzales County,27605,14628,12977,6572,3475,3097,1261,727,534,19303,10185,9118,469,241,228
1.0 Scen,2046,177,Gonzales County,27731,14714,13017,6464,3426,3038,1240,721,519,19563,10328,9235,464,239,225
1.0 Scen,2047,177,Gonzales County,27874,14816,13058,6354,3383,2971,1221,717,504,19833,10474,9359,466,242,224
1.0 Scen,2048,177,Gonzales County,28015,14901,13114,6247,3338,2909,1207,711,496,20087,10606,9481,474,246,228
1.0 Scen,2049,177,Gonzales County,28179,15007,13172,6150,3296,2854,1207,714,493,20345,10751,9594,477,246,231
1.0 Scen,2050,177,Gonzales County,28324,15108,13216,6057,3258,2799,1202,716,486,20587,10887,9700,478,247,231
1.0 Scen,2010,179,Gray County,22535,11703,10832,15564,7701,7863,1055,773,282,5365,2971,2394,551,258,293
1.0 Scen,2011,179,Gray County,22747,11840,10907,15516,7700,7816,1065,780,285,5603,3095,2508,563,265,298
1.0 Scen,2012,179,Gray County,22934,11959,10975,15439,7683,7756,1074,785,289,5843,3219,2624,578,272,306
1.0 Scen,2013,179,Gray County,23162,12089,11073,15388,7671,7717,1085,790,295,6097,3349,2748,592,279,313
1.0 Scen,2014,179,Gray County,23373,12217,11156,15322,7655,7667,1091,792,299,6353,3483,2870,607,287,320
1.0 Scen,2015,179,Gray County,23611,12363,11248,15253,7640,7613,1103,799,304,6633,3629,3004,622,295,327
1.0 Scen,2016,179,Gray County,23869,12522,11347,15189,7629,7560,1116,805,311,6930,3786,3144,634,302,332
1.0 Scen,2017,179,Gray County,24127,12682,11445,15120,7616,7504,1126,810,316,7232,3944,3288,649,312,337
1.0 Scen,2018,179,Gray County,24399,12845,11554,15057,7599,7458,1138,818,320,7539,4105,3434,665,323,342
1.0 Scen,2019,179,Gray County,24668,12998,11670,14966,7567,7399,1149,826,323,7873,4276,3597,680,329,351
1.0 Scen,2020,179,Gray County,24928,13155,11773,14869,7537,7332,1156,827,329,8214,4455,3759,689,336,353
1.0 Scen,2021,179,Gray County,25217,13319,11898,14780,7505,7275,1161,827,334,8571,4638,3933,705,349,356
1.0 Scen,2022,179,Gray County,25538,13516,12022,14697,7486,7211,1170,830,340,8951,4840,4111,720,360,360
1.0 Scen,2023,179,Gray County,25872,13713,12159,14612,7459,7153,1183,839,344,9344,5042,4302,733,373,360
1.0 Scen,2024,179,Gray County,26213,13911,12302,14526,7431,7095,1185,837,348,9758,5259,4499,744,384,360
1.0 Scen,2025,179,Gray County,26560,14106,12454,14435,7395,7040,1192,840,352,10175,5478,4697,758,393,365
1.0 Scen,2026,179,Gray County,26942,14325,12617,14352,7367,6985,1196,842,354,10617,5711,4906,777,405,372
1.0 Scen,2027,179,Gray County,27338,14558,12780,14267,7336,6931,1190,843,347,11086,5958,5128,795,421,374
1.0 Scen,2028,179,Gray County,27743,14792,12951,14169,7301,6868,1190,847,343,11572,6211,5361,812,433,379
1.0 Scen,2029,179,Gray County,28181,15043,13138,14076,7270,6806,1196,849,347,12077,6477,5600,832,447,385
1.0 Scen,2030,179,Gray County,28608,15291,13317,13969,7228,6741,1195,850,345,12597,6752,5845,847,461,386
1.0 Scen,2031,179,Gray County,29061,15538,13523,13864,7186,6678,1197,847,350,13132,7032,6100,868,473,395
1.0 Scen,2032,179,Gray County,29543,15809,13734,13761,7147,6614,1196,845,351,13694,7330,6364,892,487,405
1.0 Scen,2033,179,Gray County,30034,16084,13950,13664,7115,6549,1194,842,352,14265,7627,6638,911,500,411
1.0 Scen,2034,179,Gray County,30527,16354,14173,13542,7063,6479,1195,842,353,14855,7935,6920,935,514,421
1.0 Scen,2035,179,Gray County,31038,16633,14405,13432,7015,6417,1198,842,356,15450,8248,7202,958,528,430
1.0 Scen,2036,179,Gray County,31564,16930,14634,13314,6971,6343,1197,841,356,16073,8574,7499,980,544,436
1.0 Scen,2037,179,Gray County,32104,17232,14872,13197,6924,6273,1194,839,355,16710,8910,7800,1003,559,444
1.0 Scen,2038,179,Gray County,32658,17544,15114,13065,6866,6199,1191,835,356,17373,9263,8110,1029,580,449
1.0 Scen,2039,179,Gray County,33215,17850,15365,12934,6807,6127,1188,832,356,18036,9613,8423,1057,598,459
1.0 Scen,2040,179,Gray County,33790,18160,15630,12801,6753,6048,1179,820,359,18729,9978,8751,1081,609,472
1.0 Scen,2041,179,Gray County,34376,18487,15889,12661,6699,5962,1169,809,360,19442,10358,9084,1104,621,483
1.0 Scen,2042,179,Gray County,34979,18822,16157,12520,6638,5882,1153,797,356,20171,10747,9424,1135,640,495
1.0 Scen,2043,179,Gray County,35614,19183,16431,12375,6577,5798,1144,793,351,20930,11155,9775,1165,658,507
1.0 Scen,2044,179,Gray County,36287,19557,16730,12244,6523,5721,1141,792,349,21709,11572,10137,1193,670,523
1.0 Scen,2045,179,Gray County,36980,19940,17040,12096,6460,5636,1132,785,347,22527,12006,10521,1225,689,536
1.0 Scen,2046,179,Gray County,37685,20339,17346,11949,6398,5551,1131,781,350,23354,12454,10900,1251,706,545
1.0 Scen,2047,179,Gray County,38445,20765,17680,11821,6343,5478,1135,780,355,24204,12913,11291,1285,729,556
1.0 Scen,2048,179,Gray County,39227,21206,18021,11681,6284,5397,1134,779,355,25092,13392,11700,1320,751,569
1.0 Scen,2049,179,Gray County,40039,21647,18392,11544,6225,5319,1125,767,358,26021,13887,12134,1349,768,581
1.0 Scen,2050,179,Gray County,40897,22116,18781,11415,6167,5248,1126,765,361,26978,14401,12577,1378,783,595
1.0 Scen,2010,181,Grayson County,120877,58917,61960,95103,46071,49032,6938,3344,3594,13688,7055,6633,5148,2447,2701
1.0 Scen,2011,181,Grayson County,122060,59539,62521,95340,46198,49142,7003,3394,3609,14356,7399,6957,5361,2548,2813
1.0 Scen,2012,181,Grayson County,123270,60174,63096,95588,46321,49267,7054,3438,3616,15052,7760,7292,5576,2655,2921
1.0 Scen,2013,181,Grayson County,124517,60838,63679,95816,46440,49376,7111,3487,3624,15793,8143,7650,5797,2768,3029
1.0 Scen,2014,181,Grayson County,125813,61504,64309,96056,46558,49498,7155,3525,3630,16577,8550,8027,6025,2871,3154
1.0 Scen,2015,181,Grayson County,127097,62182,64915,96249,46663,49586,7201,3567,3634,17388,8970,8418,6259,2982,3277
1.0 Scen,2016,181,Grayson County,128394,62880,65514,96389,46746,49643,7246,3613,3633,18258,9420,8838,6501,3101,3400
1.0 Scen,2017,181,Grayson County,129680,63563,66117,96493,46809,49684,7282,3656,3626,19167,9883,9284,6738,3215,3523
1.0 Scen,2018,181,Grayson County,130993,64270,66723,96550,46857,49693,7328,3704,3624,20115,10366,9749,7000,3343,3657
1.0 Scen,2019,181,Grayson County,132322,64975,67347,96579,46888,49691,7372,3747,3625,21109,10867,10242,7262,3473,3789
1.0 Scen,2020,181,Grayson County,133647,65664,67983,96556,46882,49674,7413,3787,3626,22148,11394,10754,7530,3601,3929
1.0 Scen,2021,181,Grayson County,135030,66397,68633,96557,46902,49655,7454,3835,3619,23219,11931,11288,7800,3729,4071
1.0 Scen,2022,181,Grayson County,136451,67147,69304,96528,46903,49625,7496,3878,3618,24350,12502,11848,8077,3864,4213
1.0 Scen,2023,181,Grayson County,137904,67916,69988,96463,46890,49573,7540,3923,3617,25545,13104,12441,8356,3999,4357
1.0 Scen,2024,181,Grayson County,139391,68700,70691,96354,46848,49506,7582,3966,3616,26790,13736,13054,8665,4150,4515
1.0 Scen,2025,181,Grayson County,140885,69489,71396,96194,46784,49410,7627,4012,3615,28083,14393,13690,8981,4300,4681
1.0 Scen,2026,181,Grayson County,142377,70285,72092,96000,46705,49295,7658,4048,3610,29414,15076,14338,9305,4456,4849
1.0 Scen,2027,181,Grayson County,143896,71105,72791,95759,46617,49142,7696,4087,3609,30788,15777,15011,9653,4624,5029
1.0 Scen,2028,181,Grayson County,145427,71942,73485,95460,46496,48964,7730,4124,3606,32223,16520,15703,10014,4802,5212
1.0 Scen,2029,181,Grayson County,146969,72778,74191,95120,46354,48766,7756,4161,3595,33704,17282,16422,10389,4981,5408
1.0 Scen,2030,181,Grayson County,148507,73625,74882,94719,46193,48526,7779,4186,3593,35245,18078,17167,10764,5168,5596
1.0 Scen,2031,181,Grayson County,150020,74449,75571,94253,46000,48253,7791,4208,3583,36823,18886,17937,11153,5355,5798
1.0 Scen,2032,181,Grayson County,151526,75286,76240,93733,45784,47949,7790,4228,3562,38453,19723,18730,11550,5551,5999
1.0 Scen,2033,181,Grayson County,153039,76123,76916,93164,45550,47614,7802,4250,3552,40118,20574,19544,11955,5749,6206
1.0 Scen,2034,181,Grayson County,154518,76953,77565,92549,45292,47257,7802,4271,3531,41812,21448,20364,12355,5942,6413
1.0 Scen,2035,181,Grayson County,155975,77765,78210,91886,45020,46866,7791,4274,3517,43534,22331,21203,12764,6140,6624
1.0 Scen,2036,181,Grayson County,157398,78576,78822,91192,44735,46457,7781,4289,3492,45258,23214,22044,13167,6338,6829
1.0 Scen,2037,181,Grayson County,158863,79407,79456,90457,44435,46022,7763,4296,3467,47044,24130,22914,13599,6546,7053
1.0 Scen,2038,181,Grayson County,160301,80232,80069,89686,44118,45568,7738,4297,3441,48847,25059,23788,14030,6758,7272
1.0 Scen,2039,181,Grayson County,161744,81063,80681,88876,43785,45091,7721,4305,3416,50683,26007,24676,14464,6966,7498
1.0 Scen,2040,181,Grayson County,163197,81903,81294,88029,43435,44594,7689,4306,3383,52574,26980,25594,14905,7182,7723
1.0 Scen,2041,181,Grayson County,164658,82735,81923,87133,43064,44069,7652,4296,3356,54510,27977,26533,15363,7398,7965
1.0 Scen,2042,181,Grayson County,166152,83601,82551,86208,42683,43525,7610,4295,3315,56509,29003,27506,15825,7620,8205
1.0 Scen,2043,181,Grayson County,167685,84468,83217,85257,42282,42975,7567,4283,3284,58552,30054,28498,16309,7849,8460
1.0 Scen,2044,181,Grayson County,169256,85380,83876,84284,41879,42405,7519,4273,3246,60654,31144,29510,16799,8084,8715
1.0 Scen,2045,181,Grayson County,170890,86320,84570,83319,41480,41839,7470,4260,3210,62810,32267,30543,17291,8313,8978
1.0 Scen,2046,181,Grayson County,172560,87271,85289,82322,41063,41259,7416,4243,3173,65035,33422,31613,17787,8543,9244
1.0 Scen,2047,181,Grayson County,174347,88295,86052,81351,40657,40694,7385,4240,3145,67319,34614,32705,18292,8784,9508
1.0 Scen,2048,181,Grayson County,176164,89339,86825,80358,40246,40112,7325,4220,3105,69686,35850,33836,18795,9023,9772
1.0 Scen,2049,181,Grayson County,178040,90406,87634,79382,39837,39545,7268,4199,3069,72100,37111,34989,19290,9259,10031
1.0 Scen,2050,181,Grayson County,180032,91546,88486,78419,39444,38975,7219,4187,3032,74602,38418,36184,19792,9497,10295
1.0 Scen,2010,183,Gregg County,121730,59468,62262,74005,35622,38383,24068,11321,12747,20018,10735,9283,3639,1790,1849
1.0 Scen,2011,183,Gregg County,123012,60194,62818,73847,35590,38257,24272,11421,12851,21090,11309,9781,3803,1874,1929
1.0 Scen,2012,183,Gregg County,124415,61011,63404,73731,35593,38138,24479,11538,12941,22223,11911,10312,3982,1969,2013
1.0 Scen,2013,183,Gregg County,125859,61842,64017,73587,35577,38010,24688,11644,13044,23414,12547,10867,4170,2074,2096
1.0 Scen,2014,183,Gregg County,127330,62680,64650,73405,35547,37858,24898,11754,13144,24672,13211,11461,4355,2168,2187
1.0 Scen,2015,183,Gregg County,128803,63523,65280,73194,35496,37698,25081,11856,13225,25978,13901,12077,4550,2270,2280
1.0 Scen,2016,183,Gregg County,130315,64386,65929,72931,35428,37503,25271,11955,13316,27357,14624,12733,4756,2379,2377
1.0 Scen,2017,183,Gregg County,131827,65260,66567,72602,35327,37275,25462,12058,13404,28784,15372,13412,4979,2503,2476
1.0 Scen,2018,183,Gregg County,133401,66156,67245,72263,35217,37046,25631,12149,13482,30287,16161,14126,5220,2629,2591
1.0 Scen,2019,183,Gregg County,135013,67072,67941,71893,35084,36809,25800,12243,13557,31849,16984,14865,5471,2761,2710
1.0 Scen,2020,183,Gregg County,136671,68028,68643,71500,34950,36550,25957,12329,13628,33481,17847,15634,5733,2902,2831
1.0 Scen,2021,183,Gregg County,138430,69022,69408,71092,34799,36293,26100,12408,13692,35215,18760,16455,6023,3055,2968
1.0 Scen,2022,183,Gregg County,140264,70064,70200,70667,34643,36024,26252,12495,13757,37024,19713,17311,6321,3213,3108
1.0 Scen,2023,183,Gregg County,142166,71156,71010,70222,34484,35738,26383,12567,13816,38926,20724,18202,6635,3381,3254
1.0 Scen,2024,183,Gregg County,144165,72291,71874,69756,34308,35448,26505,12634,13871,40920,21784,19136,6984,3565,3419
1.0 Scen,2025,183,Gregg County,146248,73477,72771,69276,34124,35152,26615,12698,13917,43003,22888,20115,7354,3767,3587
1.0 Scen,2026,183,Gregg County,148359,74677,73682,68758,33928,34830,26694,12742,13952,45186,24048,21138,7721,3959,3762
1.0 Scen,2027,183,Gregg County,150577,75946,74631,68226,33722,34504,26758,12784,13974,47462,25261,22201,8131,4179,3952
1.0 Scen,2028,183,Gregg County,152852,77244,75608,67654,33497,34157,26829,12836,13993,49821,26512,23309,8548,4399,4149
1.0 Scen,2029,183,Gregg County,155171,78554,76617,67052,33254,33798,26873,12868,14005,52258,27805,24453,8988,4627,4361
1.0 Scen,2030,183,Gregg County,157592,79925,77667,66448,33018,33430,26912,12896,14016,54791,29143,25648,9441,4868,4573
1.0 Scen,2031,183,Gregg County,160088,81336,78752,65834,32771,33063,26925,12916,14009,57416,30533,26883,9913,5116,4797
1.0 Scen,2032,183,Gregg County,162653,82771,79882,65206,32518,32688,26921,12922,13999,60119,31962,28157,10407,5369,5038
1.0 Scen,2033,183,Gregg County,165276,84251,81025,64562,32256,32306,26895,12928,13967,62903,33430,29473,10916,5637,5279
1.0 Scen,2034,183,Gregg County,167990,85753,82237,63905,31983,31922,26862,12920,13942,65776,34939,30837,11447,5911,5536
1.0 Scen,2035,183,Gregg County,170814,87332,83482,63243,31712,31531,26826,12917,13909,68742,36499,32243,12003,6204,5799
1.0 Scen,2036,183,Gregg County,173632,88882,84750,62558,31423,31135,26743,12875,13868,71765,38086,33679,12566,6498,6068
1.0 Scen,2037,183,Gregg County,176604,90553,86051,61852,31122,30730,26711,12889,13822,74890,39737,35153,13151,6805,6346
1.0 Scen,2038,183,Gregg County,179628,92219,87409,61131,30818,30313,26627,12860,13767,78105,41422,36683,13765,7119,6646
1.0 Scen,2039,183,Gregg County,182740,93956,88784,60420,30521,29899,26547,12845,13702,81382,43149,38233,14391,7441,6950
1.0 Scen,2040,183,Gregg County,185923,95738,90185,59685,30212,29473,26442,12818,13624,84761,44937,39824,15035,7771,7264
1.0 Scen,2041,183,Gregg County,189185,97562,91623,58929,29890,29039,26339,12786,13553,88214,46769,41445,15703,8117,7586
1.0 Scen,2042,183,Gregg County,192541,99429,93112,58170,29573,28597,26219,12752,13467,91751,48635,43116,16401,8469,7932
1.0 Scen,2043,183,Gregg County,195973,101349,94624,57385,29239,28146,26096,12715,13381,95382,50557,44825,17110,8838,8272
1.0 Scen,2044,183,Gregg County,199493,103308,96185,56598,28899,27699,25957,12670,13287,99099,52529,46570,17839,9210,8629
1.0 Scen,2045,183,Gregg County,203096,105339,97757,55802,28561,27241,25823,12625,13198,102898,54560,48338,18573,9593,8980
1.0 Scen,2046,183,Gregg County,206832,107426,99406,55005,28223,26782,25677,12575,13102,106811,56646,50165,19339,9982,9357
1.0 Scen,2047,183,Gregg County,210687,109576,101111,54199,27870,26329,25525,12520,13005,110823,58788,52035,20140,10398,9742
1.0 Scen,2048,183,Gregg County,214679,111804,102875,53407,27529,25878,25369,12465,12904,114946,60989,53957,20957,10821,10136
1.0 Scen,2049,183,Gregg County,218795,114114,104681,52607,27190,25417,25198,12406,12792,119189,63257,55932,21801,11261,10540
1.0 Scen,2050,183,Gregg County,223052,116468,106584,51822,26844,24978,25027,12341,12686,123537,65582,57955,22666,11701,10965
1.0 Scen,2010,185,Grimes County,26604,14487,12117,16133,8521,7612,4348,2547,1801,5652,3186,2466,471,233,238
1.0 Scen,2011,185,Grimes County,27011,14756,12255,16280,8643,7637,4401,2585,1816,5853,3292,2561,477,236,241
1.0 Scen,2012,185,Grimes County,27409,15020,12389,16414,8759,7655,4449,2616,1833,6060,3403,2657,486,242,244
1.0 Scen,2013,185,Grimes County,27818,15280,12538,16556,8874,7682,4490,2642,1848,6278,3518,2760,494,246,248
1.0 Scen,2014,185,Grimes County,28228,15542,12686,16694,8984,7710,4530,2671,1859,6500,3636,2864,504,251,253
1.0 Scen,2015,185,Grimes County,28642,15816,12826,16819,9099,7720,4567,2696,1871,6742,3764,2978,514,257,257
1.0 Scen,2016,185,Grimes County,29092,16107,12985,16957,9220,7737,4612,2723,1889,6998,3901,3097,525,263,262
1.0 Scen,2017,185,Grimes County,29525,16373,13152,17092,9328,7764,4648,2745,1903,7246,4031,3215,539,269,270
1.0 Scen,2018,185,Grimes County,29959,16655,13304,17215,9440,7775,4686,2768,1918,7508,4173,3335,550,274,276
1.0 Scen,2019,185,Grimes County,30392,16937,13455,17335,9543,7792,4721,2792,1929,7779,4325,3454,557,277,280
1.0 Scen,2020,185,Grimes County,30863,17235,13628,17471,9656,7815,4754,2815,1939,8078,4486,3592,560,278,282
1.0 Scen,2021,185,Grimes County,31323,17527,13796,17599,9770,7829,4782,2833,1949,8375,4640,3735,567,284,283
1.0 Scen,2022,185,Grimes County,31771,17814,13957,17703,9871,7832,4813,2852,1961,8682,4803,3879,573,288,285
1.0 Scen,2023,185,Grimes County,32225,18097,14128,17814,9970,7844,4838,2867,1971,8995,4968,4027,578,292,286
1.0 Scen,2024,185,Grimes County,32648,18370,14278,17916,10068,7848,4848,2874,1974,9307,5135,4172,577,293,284
1.0 Scen,2025,185,Grimes County,33092,18664,14428,18013,10167,7846,4859,2891,1968,9637,5309,4328,583,297,286
1.0 Scen,2026,185,Grimes County,33532,18946,14586,18096,10253,7843,4880,2906,1974,9973,5489,4484,583,298,285
1.0 Scen,2027,185,Grimes County,33964,19225,14739,18156,10327,7829,4895,2912,1983,10321,5681,4640,592,305,287
1.0 Scen,2028,185,Grimes County,34374,19497,14877,18202,10400,7802,4909,2927,1982,10666,5862,4804,597,308,289
1.0 Scen,2029,185,Grimes County,34792,19775,15017,18257,10469,7788,4916,2935,1981,11015,6054,4961,604,317,287
1.0 Scen,2030,185,Grimes County,35188,20031,15157,18287,10524,7763,4907,2936,1971,11379,6246,5133,615,325,290
1.0 Scen,2031,185,Grimes County,35574,20290,15284,18304,10576,7728,4908,2944,1964,11739,6440,5299,623,330,293
1.0 Scen,2032,185,Grimes County,35938,20519,15419,18303,10609,7694,4897,2944,1953,12105,6631,5474,633,335,298
1.0 Scen,2033,185,Grimes County,36312,20773,15539,18301,10653,7648,4897,2948,1949,12477,6835,5642,637,337,300
1.0 Scen,2034,185,Grimes County,36674,21012,15662,18286,10684,7602,4891,2948,1943,12852,7039,5813,645,341,304
1.0 Scen,2035,185,Grimes County,37014,21232,15782,18250,10699,7551,4874,2938,1936,13238,7249,5989,652,346,306
1.0 Scen,2036,185,Grimes County,37366,21456,15910,18207,10707,7500,4856,2932,1924,13636,7465,6171,667,352,315
1.0 Scen,2037,185,Grimes County,37720,21690,16030,18156,10718,7438,4856,2932,1924,14027,7682,6345,681,358,323
1.0 Scen,2038,185,Grimes County,38051,21913,16138,18095,10714,7381,4841,2931,1910,14431,7904,6527,684,364,320
1.0 Scen,2039,185,Grimes County,38386,22136,16250,18027,10711,7316,4813,2916,1897,14849,8137,6712,697,372,325
1.0 Scen,2040,185,Grimes County,38715,22347,16368,17946,10692,7254,4798,2912,1886,15259,8365,6894,712,378,334
1.0 Scen,2041,185,Grimes County,39039,22564,16475,17853,10673,7180,4781,2906,1875,15678,8598,7080,727,387,340
1.0 Scen,2042,185,Grimes County,39363,22776,16587,17756,10651,7105,4754,2891,1863,16113,8837,7276,740,397,343
1.0 Scen,2043,185,Grimes County,39719,23005,16714,17678,10632,7046,4736,2884,1852,16556,9087,7469,749,402,347
1.0 Scen,2044,185,Grimes County,40072,23229,16843,17592,10611,6981,4716,2873,1843,17007,9337,7670,757,408,349
1.0 Scen,2045,185,Grimes County,40400,23439,16961,17488,10575,6913,4686,2863,1823,17455,9583,7872,771,418,353
1.0 Scen,2046,185,Grimes County,40737,23656,17081,17381,10540,6841,4660,2852,1808,17916,9839,8077,780,425,355
1.0 Scen,2047,185,Grimes County,41095,23879,17216,17283,10510,6773,4634,2841,1793,18391,10102,8289,787,426,361
1.0 Scen,2048,185,Grimes County,41420,24073,17347,17176,10473,6703,4589,2813,1776,18857,10355,8502,798,432,366
1.0 Scen,2049,185,Grimes County,41803,24300,17503,17087,10441,6646,4561,2799,1762,19344,10621,8723,811,439,372
1.0 Scen,2050,185,Grimes County,42163,24519,17644,16994,10408,6586,4522,2780,1742,19828,10888,8940,819,443,376
1.0 Scen,2010,187,Guadalupe County,131533,64762,66771,72086,35547,36539,7963,4005,3958,46889,23204,23685,4595,2006,2589
1.0 Scen,2011,187,Guadalupe County,136096,66832,69264,73940,36263,37677,8297,4167,4130,48987,24263,24724,4872,2139,2733
1.0 Scen,2012,187,Guadalupe County,140763,68950,71813,75820,36981,38839,8618,4327,4291,51170,25367,25803,5155,2275,2880
1.0 Scen,2013,187,Guadalupe County,145593,71155,74438,77742,37716,40026,8961,4499,4462,53444,26517,26927,5446,2423,3023
1.0 Scen,2014,187,Guadalupe County,150518,73397,77121,79668,38445,41223,9314,4678,4636,55783,27702,28081,5753,2572,3181
1.0 Scen,2015,187,Guadalupe County,155621,75726,79895,81620,39170,42450,9684,4869,4815,58243,28955,29288,6074,2732,3342
1.0 Scen,2016,187,Guadalupe County,160756,78069,82687,83563,39881,43682,10053,5063,4990,60736,30228,30508,6404,2897,3507
1.0 Scen,2017,187,Guadalupe County,166027,80468,85559,85512,40585,44927,10434,5266,5168,63345,31552,31793,6736,3065,3671
1.0 Scen,2018,187,Guadalupe County,171409,82916,88493,87472,41284,46188,10823,5466,5357,66026,32926,33100,7088,3240,3848
1.0 Scen,2019,187,Guadalupe County,176937,85435,91502,89448,41987,47461,11236,5675,5561,68793,34344,34449,7460,3429,4031
1.0 Scen,2020,187,Guadalupe County,182526,87987,94539,91433,42691,48742,11642,5883,5759,71617,35793,35824,7834,3620,4214
1.0 Scen,2021,187,Guadalupe County,188318,90611,97707,93445,43399,50046,12066,6101,5965,74574,37290,37284,8233,3821,4412
1.0 Scen,2022,187,Guadalupe County,194206,93305,100901,95475,44109,51366,12491,6319,6172,77617,38857,38760,8623,4020,4603
1.0 Scen,2023,187,Guadalupe County,200234,96061,104173,97514,44817,52697,12929,6539,6390,80748,40463,40285,9043,4242,4801
1.0 Scen,2024,187,Guadalupe County,206384,98869,107515,99559,45527,54032,13364,6757,6607,83970,42107,41863,9491,4478,5013
1.0 Scen,2025,187,Guadalupe County,212677,101760,110917,101627,46245,55382,13830,6988,6842,87287,43812,43475,9933,4715,5218
1.0 Scen,2026,187,Guadalupe County,219086,104694,114392,103695,46965,56730,14279,7213,7066,90708,45560,45148,10404,4956,5448
1.0 Scen,2027,187,Guadalupe County,225649,107724,117925,105790,47688,58102,14747,7451,7296,94220,47359,46861,10892,5226,5666
1.0 Scen,2028,187,Guadalupe County,232315,110779,121536,107863,48402,59461,15220,7684,7536,97828,49195,48633,11404,5498,5906
1.0 Scen,2029,187,Guadalupe County,239099,113913,125186,109968,49132,60836,15691,7923,7768,101523,51083,50440,11917,5775,6142
1.0 Scen,2030,187,Guadalupe County,246038,117114,128924,112094,49875,62219,16175,8158,8017,105296,53007,52289,12473,6074,6399
1.0 Scen,2031,187,Guadalupe County,253075,120367,132708,114233,50619,63614,16662,8402,8260,109149,54974,54175,13031,6372,6659
1.0 Scen,2032,187,Guadalupe County,260256,123696,136560,116383,51372,65011,17154,8646,8508,113099,56990,56109,13620,6688,6932
1.0 Scen,2033,187,Guadalupe County,267557,127095,140462,118520,52114,66406,17663,8900,8763,117136,59055,58081,14238,7026,7212
1.0 Scen,2034,187,Guadalupe County,274947,130544,144403,120657,52859,67798,18154,9143,9011,121272,61173,60099,14864,7369,7495
1.0 Scen,2035,187,Guadalupe County,282445,134073,148372,122794,53607,69187,18659,9399,9260,125494,63348,62146,15498,7719,7779
1.0 Scen,2036,187,Guadalupe County,290109,137671,152438,124939,54351,70588,19169,9650,9519,129827,65579,64248,16174,8091,8083
1.0 Scen,2037,187,Guadalupe County,297867,141338,156529,127083,55099,71984,19662,9893,9769,134246,67863,66383,16876,8483,8393
1.0 Scen,2038,187,Guadalupe County,305763,145095,160668,129225,55842,73383,20165,10148,10017,138775,70216,68559,17598,8889,8709
1.0 Scen,2039,187,Guadalupe County,313765,148916,164849,131359,56578,74781,20660,10394,10266,143389,72622,70767,18357,9322,9035
1.0 Scen,2040,187,Guadalupe County,321869,152797,169072,133493,57314,76179,21140,10644,10496,148089,75076,73013,19147,9763,9384
1.0 Scen,2041,187,Guadalupe County,330057,156742,173315,135600,58036,77564,21633,10897,10736,152860,77580,75280,19964,10229,9735
1.0 Scen,2042,187,Guadalupe County,338334,160734,177600,137699,58747,78952,22117,11144,10973,157699,80136,77563,20819,10707,10112
1.0 Scen,2043,187,Guadalupe County,346697,164772,181925,139787,59451,80336,22595,11390,11205,162624,82729,79895,21691,11202,10489
1.0 Scen,2044,187,Guadalupe County,355138,168875,186263,141850,60140,81710,23082,11651,11431,167609,85370,82239,22597,11714,10883
1.0 Scen,2045,187,Guadalupe County,363639,173015,190624,143906,60826,83080,23558,11908,11650,172657,88042,84615,23518,12239,11279
1.0 Scen,2046,187,Guadalupe County,372217,177212,195005,145946,61501,84445,24036,12158,11878,177773,90775,86998,24462,12778,11684
1.0 Scen,2047,187,Guadalupe County,380882,181461,199421,147968,62166,85802,24509,12409,12100,182958,93543,89415,25447,13343,12104
1.0 Scen,2048,187,Guadalupe County,389623,185769,203854,149988,62833,87155,24984,12660,12324,188208,96360,91848,26443,13916,12527
1.0 Scen,2049,187,Guadalupe County,398474,190139,208335,151995,63497,88498,25451,12915,12536,193536,99219,94317,27492,14508,12984
1.0 Scen,2050,187,Guadalupe County,407388,194562,212826,153991,64156,89835,25933,13174,12759,198911,102119,96792,28553,15113,13440
1.0 Scen,2010,189,Hale County,36273,18737,17536,13647,6880,6767,1803,1142,661,20269,10436,9833,554,279,275
1.0 Scen,2011,189,Hale County,36519,18884,17635,13550,6848,6702,1815,1149,666,20589,10602,9987,565,285,280
1.0 Scen,2012,189,Hale County,36729,19018,17711,13418,6807,6611,1834,1159,675,20900,10760,10140,577,292,285
1.0 Scen,2013,189,Hale County,36961,19150,17811,13303,6754,6549,1854,1169,685,21216,10929,10287,588,298,290
1.0 Scen,2014,189,Hale County,37187,19285,17902,13181,6702,6479,1870,1178,692,21535,11101,10434,601,304,297
1.0 Scen,2015,189,Hale County,37400,19412,17988,13062,6658,6404,1881,1181,700,21842,11262,10580,615,311,304
1.0 Scen,2016,189,Hale County,37611,19554,18057,12943,6619,6324,1895,1188,707,22143,11426,10717,630,321,309
1.0 Scen,2017,189,Hale County,37816,19693,18123,12822,6576,6246,1908,1196,712,22446,11595,10851,640,326,314
1.0 Scen,2018,189,Hale County,38010,19818,18192,12704,6529,6175,1916,1200,716,22738,11754,10984,652,335,317
1.0 Scen,2019,189,Hale County,38217,19954,18263,12589,6484,6105,1918,1201,717,23042,11923,11119,668,346,322
1.0 Scen,2020,189,Hale County,38415,20087,18328,12460,6436,6024,1916,1198,718,23358,12096,11262,681,357,324
1.0 Scen,2021,189,Hale County,38613,20220,18393,12337,6387,5950,1925,1204,721,23653,12262,11391,698,367,331
1.0 Scen,2022,189,Hale County,38806,20343,18463,12215,6340,5875,1929,1204,725,23954,12426,11528,708,373,335
1.0 Scen,2023,189,Hale County,38999,20473,18526,12094,6296,5798,1930,1205,725,24252,12588,11664,723,384,339
1.0 Scen,2024,189,Hale County,39175,20590,18585,11977,6248,5729,1928,1205,723,24537,12744,11793,733,393,340
1.0 Scen,2025,189,Hale County,39354,20713,18641,11854,6198,5656,1931,1211,720,24824,12901,11923,745,403,342
1.0 Scen,2026,189,Hale County,39519,20819,18700,11734,6151,5583,1931,1212,719,25100,13046,12054,754,410,344
1.0 Scen,2027,189,Hale County,39679,20924,18755,11609,6096,5513,1932,1212,720,25373,13198,12175,765,418,347
1.0 Scen,2028,189,Hale County,39844,21038,18806,11490,6051,5439,1931,1211,720,25650,13352,12298,773,424,349
1.0 Scen,2029,189,Hale County,39980,21139,18841,11356,5997,5359,1930,1211,719,25908,13497,12411,786,434,352
1.0 Scen,2030,189,Hale County,40103,21222,18881,11224,5940,5284,1927,1205,722,26148,13632,12516,804,445,359
1.0 Scen,2031,189,Hale County,40222,21306,18916,11095,5888,5207,1920,1200,720,26390,13766,12624,817,452,365
1.0 Scen,2032,189,Hale County,40324,21380,18944,10972,5837,5135,1915,1197,718,26611,13887,12724,826,459,367
1.0 Scen,2033,189,Hale County,40412,21446,18966,10834,5777,5057,1908,1191,717,26826,14007,12819,844,471,373
1.0 Scen,2034,189,Hale County,40486,21500,18986,10692,5711,4981,1901,1185,716,27034,14121,12913,859,483,376
1.0 Scen,2035,189,Hale County,40545,21556,18989,10563,5657,4906,1886,1172,714,27229,14234,12995,867,493,374
1.0 Scen,2036,189,Hale County,40597,21614,18983,10422,5599,4823,1880,1168,712,27415,14342,13073,880,505,375
1.0 Scen,2037,189,Hale County,40623,21639,18984,10287,5539,4748,1866,1154,712,27578,14434,13144,892,512,380
1.0 Scen,2038,189,Hale County,40621,21660,18961,10139,5473,4666,1842,1139,703,27737,14528,13209,903,520,383
1.0 Scen,2039,189,Hale County,40622,21688,18934,10008,5414,4594,1818,1131,687,27883,14616,13267,913,527,386
1.0 Scen,2040,189,Hale County,40601,21698,18903,9862,5345,4517,1803,1123,680,28013,14697,13316,923,533,390
1.0 Scen,2041,189,Hale County,40587,21715,18872,9721,5278,4443,1791,1116,675,28133,14776,13357,942,545,397
1.0 Scen,2042,189,Hale County,40570,21741,18829,9586,5222,4364,1783,1113,670,28247,14853,13394,954,553,401
1.0 Scen,2043,189,Hale County,40516,21738,18778,9436,5154,4282,1771,1109,662,28342,14911,13431,967,564,403
1.0 Scen,2044,189,Hale County,40451,21719,18732,9298,5089,4209,1752,1094,658,28419,14964,13455,982,572,410
1.0 Scen,2045,189,Hale County,40379,21717,18662,9148,5022,4126,1733,1086,647,28495,15021,13474,1003,588,415
1.0 Scen,2046,189,Hale County,40328,21717,18611,9022,4966,4056,1723,1083,640,28569,15068,13501,1014,600,414
1.0 Scen,2047,189,Hale County,40213,21677,18536,8876,4901,3975,1698,1066,632,28620,15108,13512,1019,602,417
1.0 Scen,2048,189,Hale County,40134,21657,18477,8749,4841,3908,1682,1057,625,28675,15150,13525,1028,609,419
1.0 Scen,2049,189,Hale County,40034,21624,18410,8616,4776,3840,1666,1048,618,28712,15182,13530,1040,618,422
1.0 Scen,2050,189,Hale County,39930,21602,18328,8482,4721,3761,1648,1038,610,28745,15214,13531,1055,629,426
1.0 Scen,2010,191,Hall County,3353,1657,1696,1998,958,1040,235,130,105,1087,558,529,33,11,22
1.0 Scen,2011,191,Hall County,3352,1656,1696,1979,948,1031,236,130,106,1103,566,537,34,12,22
1.0 Scen,2012,191,Hall County,3353,1655,1698,1959,936,1023,237,131,106,1122,576,546,35,12,23
1.0 Scen,2013,191,Hall County,3350,1655,1695,1937,926,1011,239,132,107,1139,585,554,35,12,23
1.0 Scen,2014,191,Hall County,3345,1656,1689,1912,917,995,240,131,109,1158,596,562,35,12,23
1.0 Scen,2015,191,Hall County,3346,1663,1683,1889,910,979,243,133,110,1178,607,571,36,13,23
1.0 Scen,2016,191,Hall County,3335,1661,1674,1858,899,959,244,133,111,1196,616,580,37,13,24
1.0 Scen,2017,191,Hall County,3334,1666,1668,1833,890,943,246,134,112,1217,628,589,38,14,24
1.0 Scen,2018,191,Hall County,3328,1669,1659,1806,881,925,248,135,113,1236,639,597,38,14,24
1.0 Scen,2019,191,Hall County,3327,1673,1654,1783,871,912,251,137,114,1254,650,604,39,15,24
1.0 Scen,2020,191,Hall County,3320,1671,1649,1752,856,896,253,139,114,1275,661,614,40,15,25
1.0 Scen,2021,191,Hall County,3318,1672,1646,1729,844,885,255,140,115,1294,673,621,40,15,25
1.0 Scen,2022,191,Hall County,3322,1678,1644,1710,836,874,257,141,116,1317,686,631,38,15,23
1.0 Scen,2023,191,Hall County,3325,1679,1646,1687,822,865,259,143,116,1340,698,642,39,16,23
1.0 Scen,2024,191,Hall County,3325,1683,1642,1663,813,850,261,144,117,1362,710,652,39,16,23
1.0 Scen,2025,191,Hall County,3327,1687,1640,1644,806,838,261,144,117,1383,721,662,39,16,23
1.0 Scen,2026,191,Hall County,3318,1685,1633,1619,796,823,260,143,117,1402,732,670,37,14,23
1.0 Scen,2027,191,Hall County,3304,1677,1627,1592,783,809,262,143,119,1413,737,676,37,14,23
1.0 Scen,2028,191,Hall County,3300,1682,1618,1569,776,793,263,143,120,1430,749,681,38,14,24
1.0 Scen,2029,191,Hall County,3303,1686,1617,1556,771,785,263,143,120,1446,758,688,38,14,24
1.0 Scen,2030,191,Hall County,3303,1692,1611,1537,767,770,263,142,121,1465,769,696,38,14,24
1.0 Scen,2031,191,Hall County,3298,1694,1604,1512,756,756,265,144,121,1485,780,705,36,14,22
1.0 Scen,2032,191,Hall County,3295,1696,1599,1498,750,748,265,144,121,1495,787,708,37,15,22
1.0 Scen,2033,191,Hall County,3283,1693,1590,1467,738,729,265,145,120,1515,797,718,36,13,23
1.0 Scen,2034,191,Hall County,3276,1689,1587,1452,731,721,262,143,119,1526,802,724,36,13,23
1.0 Scen,2035,191,Hall County,3263,1685,1578,1423,721,702,263,144,119,1541,807,734,36,13,23
1.0 Scen,2036,191,Hall County,3239,1677,1562,1398,714,684,260,142,118,1545,808,737,36,13,23
1.0 Scen,2037,191,Hall County,3215,1671,1544,1374,704,670,257,142,115,1548,812,736,36,13,23
1.0 Scen,2038,191,Hall County,3196,1665,1531,1352,696,656,254,140,114,1555,816,739,35,13,22
1.0 Scen,2039,191,Hall County,3172,1656,1516,1332,689,643,252,139,113,1553,815,738,35,13,22
1.0 Scen,2040,191,Hall County,3151,1649,1502,1311,679,632,251,138,113,1554,819,735,35,13,22
1.0 Scen,2041,191,Hall County,3134,1639,1495,1293,671,622,249,137,112,1558,819,739,34,12,22
1.0 Scen,2042,191,Hall County,3117,1631,1486,1269,660,609,247,135,112,1567,824,743,34,12,22
1.0 Scen,2043,191,Hall County,3102,1625,1477,1249,651,598,247,135,112,1572,827,745,34,12,22
1.0 Scen,2044,191,Hall County,3089,1625,1464,1234,646,588,242,134,108,1580,833,747,33,12,21
1.0 Scen,2045,191,Hall County,3064,1618,1446,1212,638,574,235,131,104,1584,837,747,33,12,21
1.0 Scen,2046,191,Hall County,3037,1605,1432,1198,630,568,226,127,99,1583,836,747,30,12,18
1.0 Scen,2047,191,Hall County,3016,1589,1427,1180,621,559,219,122,97,1586,835,751,31,11,20
1.0 Scen,2048,191,Hall County,2997,1577,1420,1163,612,551,215,118,97,1588,836,752,31,11,20
1.0 Scen,2049,191,Hall County,2978,1568,1410,1143,600,543,214,117,97,1591,840,751,30,11,19
1.0 Scen,2050,191,Hall County,2963,1565,1398,1124,595,529,212,115,97,1596,844,752,31,11,20
1.0 Scen,2010,193,Hamilton County,8517,4195,4322,7495,3651,3844,38,25,13,863,457,406,121,62,59
1.0 Scen,2011,193,Hamilton County,8554,4227,4327,7512,3671,3841,39,26,13,881,467,414,122,63,59
1.0 Scen,2012,193,Hamilton County,8576,4257,4319,7512,3690,3822,40,26,14,902,478,424,122,63,59
1.0 Scen,2013,193,Hamilton County,8588,4279,4309,7502,3698,3804,40,26,14,923,491,432,123,64,59
1.0 Scen,2014,193,Hamilton County,8608,4285,4323,7500,3693,3807,40,26,14,944,502,442,124,64,60
1.0 Scen,2015,193,Hamilton County,8654,4322,4332,7517,3713,3804,41,27,14,970,517,453,126,65,61
1.0 Scen,2016,193,Hamilton County,8679,4334,4345,7517,3713,3804,41,27,14,994,529,465,127,65,62
1.0 Scen,2017,193,Hamilton County,8710,4353,4357,7523,3718,3805,41,27,14,1018,542,476,128,66,62
1.0 Scen,2018,193,Hamilton County,8738,4381,4357,7528,3735,3793,41,27,14,1040,553,487,129,66,63
1.0 Scen,2019,193,Hamilton County,8769,4403,4366,7529,3739,3790,41,27,14,1069,570,499,130,67,63
1.0 Scen,2020,193,Hamilton County,8802,4426,4376,7535,3745,3790,41,27,14,1096,587,509,130,67,63
1.0 Scen,2021,193,Hamilton County,8824,4441,4383,7531,3745,3786,41,27,14,1120,601,519,132,68,64
1.0 Scen,2022,193,Hamilton County,8852,4462,4390,7530,3750,3780,41,27,14,1147,616,531,134,69,65
1.0 Scen,2023,193,Hamilton County,8900,4495,4405,7547,3766,3781,41,27,14,1176,632,544,136,70,66
1.0 Scen,2024,193,Hamilton County,8943,4528,4415,7561,3781,3780,41,27,14,1204,650,554,137,70,67
1.0 Scen,2025,193,Hamilton County,8962,4546,4416,7554,3784,3770,41,27,14,1230,665,565,137,70,67
1.0 Scen,2026,193,Hamilton County,8989,4571,4418,7558,3795,3763,41,27,14,1251,678,573,139,71,68
1.0 Scen,2027,193,Hamilton County,9017,4592,4425,7564,3806,3758,41,27,14,1271,687,584,141,72,69
1.0 Scen,2028,193,Hamilton County,9027,4613,4414,7558,3814,3744,41,27,14,1287,701,586,141,71,70
1.0 Scen,2029,193,Hamilton County,9060,4638,4422,7569,3827,3742,41,27,14,1309,713,596,141,71,70
1.0 Scen,2030,193,Hamilton County,9061,4647,4414,7553,3825,3728,41,27,14,1325,724,601,142,71,71
1.0 Scen,2031,193,Hamilton County,9071,4657,4414,7547,3827,3720,41,27,14,1341,732,609,142,71,71
1.0 Scen,2032,193,Hamilton County,9080,4676,4404,7537,3832,3705,41,27,14,1359,744,615,143,73,70
1.0 Scen,2033,193,Hamilton County,9075,4684,4391,7512,3829,3683,41,27,14,1379,754,625,143,74,69
1.0 Scen,2034,193,Hamilton County,9083,4700,4383,7497,3832,3665,41,27,14,1402,767,635,143,74,69
1.0 Scen,2035,193,Hamilton County,9070,4700,4370,7465,3824,3641,41,27,14,1424,777,647,140,72,68
1.0 Scen,2036,193,Hamilton County,9077,4715,4362,7445,3822,3623,41,27,14,1452,795,657,139,71,68
1.0 Scen,2037,193,Hamilton County,9066,4718,4348,7417,3817,3600,41,27,14,1469,802,667,139,72,67
1.0 Scen,2038,193,Hamilton County,9040,4719,4321,7382,3809,3573,41,27,14,1482,813,669,135,70,65
1.0 Scen,2039,193,Hamilton County,9013,4715,4298,7346,3797,3549,41,27,14,1494,823,671,132,68,64
1.0 Scen,2040,193,Hamilton County,8981,4715,4266,7307,3790,3517,41,27,14,1501,831,670,132,67,65
1.0 Scen,2041,193,Hamilton County,8957,4722,4235,7264,3785,3479,41,27,14,1520,842,678,132,68,64
1.0 Scen,2042,193,Hamilton County,8937,4721,4216,7224,3772,3452,41,27,14,1540,854,686,132,68,64
1.0 Scen,2043,193,Hamilton County,8903,4715,4188,7171,3754,3417,40,26,14,1562,868,694,130,67,63
1.0 Scen,2044,193,Hamilton County,8886,4715,4171,7137,3743,3394,40,26,14,1579,879,700,130,67,63
1.0 Scen,2045,193,Hamilton County,8851,4704,4147,7087,3723,3364,40,26,14,1593,887,706,131,68,63
1.0 Scen,2046,193,Hamilton County,8813,4690,4123,7040,3706,3334,40,26,14,1606,892,714,127,66,61
1.0 Scen,2047,193,Hamilton County,8776,4682,4094,6993,3692,3301,37,25,12,1619,899,720,127,66,61
1.0 Scen,2048,193,Hamilton County,8735,4667,4068,6949,3672,3277,34,22,12,1627,909,718,125,64,61
1.0 Scen,2049,193,Hamilton County,8705,4675,4030,6908,3663,3245,33,21,12,1638,926,712,126,65,61
1.0 Scen,2050,193,Hamilton County,8668,4662,4006,6864,3644,3220,30,18,12,1650,936,714,124,64,60
1.0 Scen,2010,195,Hansford County,5613,2803,2810,3088,1487,1601,31,17,14,2430,1270,1160,64,29,35
1.0 Scen,2011,195,Hansford County,5705,2857,2848,3102,1499,1603,31,17,14,2507,1311,1196,65,30,35
1.0 Scen,2012,195,Hansford County,5800,2917,2883,3112,1511,1601,31,17,14,2592,1359,1233,65,30,35
1.0 Scen,2013,195,Hansford County,5891,2971,2920,3116,1515,1601,31,17,14,2678,1408,1270,66,31,35
1.0 Scen,2014,195,Hansford County,5980,3026,2954,3121,1521,1600,31,17,14,2761,1457,1304,67,31,36
1.0 Scen,2015,195,Hansford County,6050,3076,2974,3107,1526,1581,31,17,14,2844,1502,1342,68,31,37
1.0 Scen,2016,195,Hansford County,6126,3123,3003,3103,1525,1578,31,17,14,2923,1550,1373,69,31,38
1.0 Scen,2017,195,Hansford County,6224,3187,3037,3108,1535,1573,31,17,14,3015,1603,1412,70,32,38
1.0 Scen,2018,195,Hansford County,6313,3239,3074,3102,1535,1567,31,17,14,3109,1655,1454,71,32,39
1.0 Scen,2019,195,Hansford County,6407,3295,3112,3099,1533,1566,31,17,14,3204,1712,1492,73,33,40
1.0 Scen,2020,195,Hansford County,6513,3355,3158,3102,1535,1567,30,17,13,3306,1769,1537,75,34,41
1.0 Scen,2021,195,Hansford County,6621,3420,3201,3102,1538,1564,30,17,13,3412,1829,1583,77,36,41
1.0 Scen,2022,195,Hansford County,6730,3483,3247,3107,1544,1563,30,17,13,3517,1888,1629,76,34,42
1.0 Scen,2023,195,Hansford County,6824,3540,3284,3108,1547,1561,30,17,13,3609,1941,1668,77,35,42
1.0 Scen,2024,195,Hansford County,6932,3601,3331,3113,1551,1562,30,17,13,3712,1998,1714,77,35,42
1.0 Scen,2025,195,Hansford County,7050,3672,3378,3115,1558,1557,30,17,13,3827,2061,1766,78,36,42
1.0 Scen,2026,195,Hansford County,7161,3740,3421,3113,1560,1553,29,16,13,3939,2127,1812,80,37,43
1.0 Scen,2027,195,Hansford County,7284,3807,3477,3119,1563,1556,29,16,13,4055,2190,1865,81,38,43
1.0 Scen,2028,195,Hansford County,7394,3872,3522,3115,1565,1550,29,16,13,4167,2253,1914,83,38,45
1.0 Scen,2029,195,Hansford County,7504,3939,3565,3108,1567,1541,29,16,13,4283,2317,1966,84,39,45
1.0 Scen,2030,195,Hansford County,7629,4013,3616,3114,1572,1542,29,16,13,4401,2386,2015,85,39,46
1.0 Scen,2031,195,Hansford County,7737,4073,3664,3111,1573,1538,29,16,13,4512,2444,2068,85,40,45
1.0 Scen,2032,195,Hansford County,7861,4136,3725,3107,1573,1534,29,16,13,4640,2508,2132,85,39,46
1.0 Scen,2033,195,Hansford County,7974,4213,3761,3109,1580,1529,30,16,14,4750,2578,2172,85,39,46
1.0 Scen,2034,195,Hansford County,8069,4274,3795,3095,1580,1515,29,15,14,4861,2640,2221,84,39,45
1.0 Scen,2035,195,Hansford County,8185,4335,3850,3090,1577,1513,29,15,14,4982,2704,2278,84,39,45
1.0 Scen,2036,195,Hansford County,8277,4391,3886,3090,1580,1510,29,15,14,5074,2757,2317,84,39,45
1.0 Scen,2037,195,Hansford County,8386,4456,3930,3086,1584,1502,29,15,14,5187,2818,2369,84,39,45
1.0 Scen,2038,195,Hansford County,8473,4515,3958,3079,1589,1490,29,15,14,5283,2873,2410,82,38,44
1.0 Scen,2039,195,Hansford County,8582,4570,4012,3077,1585,1492,29,15,14,5393,2931,2462,83,39,44
1.0 Scen,2040,195,Hansford County,8670,4630,4040,3071,1593,1478,27,15,12,5489,2983,2506,83,39,44
1.0 Scen,2041,195,Hansford County,8756,4689,4067,3057,1587,1470,27,15,12,5588,3047,2541,84,40,44
1.0 Scen,2042,195,Hansford County,8850,4748,4102,3051,1592,1459,28,15,13,5686,3101,2585,85,40,45
1.0 Scen,2043,195,Hansford County,8933,4793,4140,3037,1582,1455,29,16,13,5781,3154,2627,86,41,45
1.0 Scen,2044,195,Hansford County,9032,4859,4173,3035,1588,1447,27,16,11,5883,3214,2669,87,41,46
1.0 Scen,2045,195,Hansford County,9128,4920,4208,3027,1587,1440,27,16,11,5986,3275,2711,88,42,46
1.0 Scen,2046,195,Hansford County,9217,4975,4242,3021,1586,1435,25,14,11,6086,3335,2751,85,40,45
1.0 Scen,2047,195,Hansford County,9302,5033,4269,3015,1590,1425,24,13,11,6178,3390,2788,85,40,45
1.0 Scen,2048,195,Hansford County,9397,5097,4300,3014,1593,1421,23,13,10,6273,3451,2822,87,40,47
1.0 Scen,2049,195,Hansford County,9499,5158,4341,3014,1594,1420,23,13,10,6373,3510,2863,89,41,48
1.0 Scen,2050,195,Hansford County,9598,5222,4376,3007,1599,1408,24,13,11,6477,3569,2908,90,41,49
1.0 Scen,2010,197,Hardeman County,4139,2051,2088,2938,1419,1519,217,116,101,889,460,429,95,56,39
1.0 Scen,2011,197,Hardeman County,4185,2084,2101,2951,1431,1520,216,117,99,921,478,443,97,58,39
1.0 Scen,2012,197,Hardeman County,4228,2115,2113,2958,1443,1515,217,118,99,954,495,459,99,59,40
1.0 Scen,2013,197,Hardeman County,4259,2137,2122,2951,1443,1508,219,119,100,990,516,474,99,59,40
1.0 Scen,2014,197,Hardeman County,4280,2155,2125,2936,1440,1496,220,119,101,1024,536,488,100,60,40
1.0 Scen,2015,197,Hardeman County,4313,2184,2129,2931,1445,1486,223,122,101,1058,556,502,101,61,40
1.0 Scen,2016,197,Hardeman County,4345,2211,2134,2923,1448,1475,225,123,102,1094,578,516,103,62,41
1.0 Scen,2017,197,Hardeman County,4365,2228,2137,2903,1443,1460,226,124,102,1131,598,533,105,63,42
1.0 Scen,2018,197,Hardeman County,4396,2249,2147,2895,1443,1452,227,124,103,1168,619,549,106,63,43
1.0 Scen,2019,197,Hardeman County,4423,2274,2149,2879,1441,1438,228,125,103,1209,644,565,107,64,43
1.0 Scen,2020,197,Hardeman County,4456,2299,2157,2876,1442,1434,230,126,104,1242,667,575,108,64,44
1.0 Scen,2021,197,Hardeman County,4484,2323,2161,2857,1437,1420,232,127,105,1285,693,592,110,66,44
1.0 Scen,2022,197,Hardeman County,4523,2347,2176,2855,1438,1417,231,127,104,1325,715,610,112,67,45
1.0 Scen,2023,197,Hardeman County,4561,2375,2186,2846,1435,1411,232,127,105,1371,745,626,112,68,44
1.0 Scen,2024,197,Hardeman County,4598,2402,2196,2841,1435,1406,230,126,104,1416,774,642,111,67,44
1.0 Scen,2025,197,Hardeman County,4623,2429,2194,2815,1428,1387,229,126,103,1467,807,660,112,68,44
1.0 Scen,2026,197,Hardeman County,4647,2452,2195,2796,1424,1372,228,125,103,1509,834,675,114,69,45
1.0 Scen,2027,197,Hardeman County,4668,2474,2194,2780,1421,1359,226,125,101,1548,859,689,114,69,45
1.0 Scen,2028,197,Hardeman County,4700,2494,2206,2766,1413,1353,226,125,101,1594,888,706,114,68,46
1.0 Scen,2029,197,Hardeman County,4731,2522,2209,2742,1410,1332,225,125,100,1648,918,730,116,69,47
1.0 Scen,2030,197,Hardeman County,4765,2545,2220,2724,1404,1320,225,125,100,1700,948,752,116,68,48
1.0 Scen,2031,197,Hardeman County,4803,2578,2225,2699,1398,1301,224,125,99,1762,986,776,118,69,49
1.0 Scen,2032,197,Hardeman County,4831,2600,2231,2674,1386,1288,222,124,98,1817,1021,796,118,69,49
1.0 Scen,2033,197,Hardeman County,4834,2613,2221,2632,1372,1260,222,124,98,1861,1047,814,119,70,49
1.0 Scen,2034,197,Hardeman County,4867,2646,2221,2617,1369,1248,221,123,98,1911,1085,826,118,69,49
1.0 Scen,2035,197,Hardeman County,4901,2677,2224,2596,1365,1231,220,123,97,1966,1119,847,119,70,49
1.0 Scen,2036,197,Hardeman County,4941,2711,2230,2579,1363,1216,218,122,96,2025,1156,869,119,70,49
1.0 Scen,2037,197,Hardeman County,4973,2734,2239,2553,1355,1198,217,122,95,2085,1188,897,118,69,49
1.0 Scen,2038,197,Hardeman County,4998,2750,2248,2521,1340,1181,216,121,95,2143,1221,922,118,68,50
1.0 Scen,2039,197,Hardeman County,5031,2781,2250,2501,1335,1166,214,120,94,2197,1257,940,119,69,50
1.0 Scen,2040,197,Hardeman County,5041,2799,2242,2460,1322,1138,210,117,93,2252,1292,960,119,68,51
1.0 Scen,2041,197,Hardeman County,5077,2821,2256,2434,1310,1124,209,116,93,2313,1326,987,121,69,52
1.0 Scen,2042,197,Hardeman County,5102,2840,2262,2401,1295,1106,207,115,92,2373,1362,1011,121,68,53
1.0 Scen,2043,197,Hardeman County,5129,2861,2268,2361,1279,1082,205,113,92,2442,1401,1041,121,68,53
1.0 Scen,2044,197,Hardeman County,5159,2884,2275,2329,1264,1065,203,113,90,2506,1440,1066,121,67,54
1.0 Scen,2045,197,Hardeman County,5198,2917,2281,2308,1255,1053,201,112,89,2566,1482,1084,123,68,55
1.0 Scen,2046,197,Hardeman County,5237,2942,2295,2277,1239,1038,200,111,89,2641,1526,1115,119,66,53
1.0 Scen,2047,197,Hardeman County,5287,2979,2308,2258,1236,1022,194,109,85,2719,1570,1149,116,64,52
1.0 Scen,2048,197,Hardeman County,5313,2997,2316,2227,1224,1003,188,104,84,2779,1605,1174,119,64,55
1.0 Scen,2049,197,Hardeman County,5365,3038,2327,2200,1215,985,185,102,83,2860,1656,1204,120,65,55
1.0 Scen,2050,197,Hardeman County,5407,3059,2348,2169,1198,971,182,98,84,2936,1699,1237,120,64,56
1.0 Scen,2010,199,Hardin County,54635,26942,27693,48088,23701,24387,3181,1497,1684,2384,1254,1130,982,490,492
1.0 Scen,2011,199,Hardin County,55425,27320,28105,48647,23962,24685,3247,1527,1720,2510,1320,1190,1021,511,510
1.0 Scen,2012,199,Hardin County,56217,27704,28513,49193,24218,24975,3317,1561,1756,2641,1390,1251,1066,535,531
1.0 Scen,2013,199,Hardin County,57007,28093,28914,49737,24482,25255,3381,1591,1790,2777,1460,1317,1112,560,552
1.0 Scen,2014,199,Hardin County,57768,28471,29297,50259,24733,25526,3436,1619,1817,2922,1537,1385,1151,582,569
1.0 Scen,2015,199,Hardin County,58521,28837,29684,50758,24964,25794,3487,1646,1841,3078,1621,1457,1198,606,592
1.0 Scen,2016,199,Hardin County,59248,29193,30055,51231,25184,26047,3541,1671,1870,3241,1707,1534,1235,631,604
1.0 Scen,2017,199,Hardin County,59964,29536,30428,51687,25397,26290,3590,1691,1899,3402,1791,1611,1285,657,628
1.0 Scen,2018,199,Hardin County,60694,29880,30814,52137,25598,26539,3646,1714,1932,3576,1882,1694,1335,686,649
1.0 Scen,2019,199,Hardin County,61428,30236,31192,52579,25803,26776,3698,1736,1962,3769,1983,1786,1382,714,668
1.0 Scen,2020,199,Hardin County,62163,30588,31575,53018,26004,27014,3748,1758,1990,3965,2082,1883,1432,744,688
1.0 Scen,2021,199,Hardin County,62933,30958,31975,53464,26214,27250,3794,1776,2018,4182,2192,1990,1493,776,717
1.0 Scen,2022,199,Hardin County,63697,31328,32369,53910,26427,27483,3845,1793,2052,4394,2303,2091,1548,805,743
1.0 Scen,2023,199,Hardin County,64476,31703,32773,54364,26637,27727,3891,1813,2078,4610,2415,2195,1611,838,773
1.0 Scen,2024,199,Hardin County,65245,32084,33161,54793,26841,27952,3923,1828,2095,4853,2540,2313,1676,875,801
1.0 Scen,2025,199,Hardin County,66003,32462,33541,55196,27034,28162,3947,1842,2105,5109,2676,2433,1751,910,841
1.0 Scen,2026,199,Hardin County,66788,32855,33933,55587,27220,28367,3984,1859,2125,5382,2822,2560,1835,954,881
1.0 Scen,2027,199,Hardin County,67551,33236,34315,55957,27399,28558,4017,1876,2141,5657,2962,2695,1920,999,921
1.0 Scen,2028,199,Hardin County,68316,33628,34688,56306,27562,28744,4051,1896,2155,5946,3120,2826,2013,1050,963
1.0 Scen,2029,199,Hardin County,69074,33999,35075,56631,27717,28914,4088,1905,2183,6250,3278,2972,2105,1099,1006
1.0 Scen,2030,199,Hardin County,69832,34394,35438,56936,27868,29068,4115,1915,2200,6562,3447,3115,2219,1164,1055
1.0 Scen,2031,199,Hardin County,70594,34771,35823,57228,28009,29219,4147,1928,2219,6885,3611,3274,2334,1223,1111
1.0 Scen,2032,199,Hardin County,71356,35177,36179,57504,28145,29359,4181,1949,2232,7223,3794,3429,2448,1289,1159
1.0 Scen,2033,199,Hardin County,72100,35557,36543,57759,28278,29481,4217,1964,2253,7560,3967,3593,2564,1348,1216
1.0 Scen,2034,199,Hardin County,72816,35929,36887,57975,28385,29590,4236,1978,2258,7916,4147,3769,2689,1419,1270
1.0 Scen,2035,199,Hardin County,73505,36302,37203,58155,28484,29671,4249,1988,2261,8296,4348,3948,2805,1482,1323
1.0 Scen,2036,199,Hardin County,74193,36669,37524,58302,28565,29737,4275,2000,2275,8684,4554,4130,2932,1550,1382
1.0 Scen,2037,199,Hardin County,74865,37029,37836,58430,28637,29793,4297,2014,2283,9075,4756,4319,3063,1622,1441
1.0 Scen,2038,199,Hardin County,75531,37391,38140,58528,28704,29824,4315,2023,2292,9484,4966,4518,3204,1698,1506
1.0 Scen,2039,199,Hardin County,76206,37764,38442,58611,28757,29854,4334,2034,2300,9902,5186,4716,3359,1787,1572
1.0 Scen,2040,199,Hardin County,76886,38134,38752,58673,28810,29863,4352,2042,2310,10342,5409,4933,3519,1873,1646
1.0 Scen,2041,199,Hardin County,77520,38491,39029,58701,28839,29862,4349,2046,2303,10788,5641,5147,3682,1965,1717
1.0 Scen,2042,199,Hardin County,78148,38852,39296,58706,28866,29840,4350,2049,2301,11245,5886,5359,3847,2051,1796
1.0 Scen,2043,199,Hardin County,78795,39221,39574,58703,28890,29813,4357,2050,2307,11713,6132,5581,4022,2149,1873
1.0 Scen,2044,199,Hardin County,79425,39588,39837,58682,28901,29781,4353,2053,2300,12189,6385,5804,4201,2249,1952
1.0 Scen,2045,199,Hardin County,80062,39940,40122,58643,28905,29738,4346,2048,2298,12686,6643,6043,4387,2344,2043
1.0 Scen,2046,199,Hardin County,80684,40299,40385,58602,28908,29694,4341,2052,2289,13169,6899,6270,4572,2440,2132
1.0 Scen,2047,199,Hardin County,81323,40665,40658,58538,28902,29636,4326,2047,2279,13682,7161,6521,4777,2555,2222
1.0 Scen,2048,199,Hardin County,81993,41056,40937,58483,28909,29574,4317,2041,2276,14197,7434,6763,4996,2672,2324
1.0 Scen,2049,199,Hardin County,82642,41409,41233,58419,28899,29520,4306,2037,2269,14717,7696,7021,5200,2777,2423
1.0 Scen,2050,199,Hardin County,83322,41810,41512,58358,28907,29451,4294,2037,2257,15238,7965,7273,5432,2901,2531
1.0 Scen,2010,201,Harris County,4092459,2037405,2055054,1349646,669458,680188,754258,352748,401510,1671540,858840,812700,317015,156359,160656
1.0 Scen,2011,201,Harris County,4164432,2075320,2089112,1342156,666757,675399,764666,358000,406666,1728296,888252,840044,329314,162311,167003
1.0 Scen,2012,201,Harris County,4239023,2114478,2124545,1334442,663979,670463,775303,363108,412195,1786860,918807,868053,342418,168584,173834
1.0 Scen,2013,201,Harris County,4314397,2154490,2159907,1326593,661144,665449,785729,368283,417446,1846263,949790,896473,355812,175273,180539
1.0 Scen,2014,201,Harris County,4391445,2195354,2196091,1318226,658057,660169,795556,373367,422189,1907830,981908,925922,369833,182022,187811
1.0 Scen,2015,201,Harris County,4471427,2237850,2233577,1309800,654949,654851,805768,378604,427164,1970989,1015055,955934,384870,189242,195628
1.0 Scen,2016,201,Harris County,4551437,2279844,2271593,1301030,651570,649460,815405,383316,432089,2035480,1048513,986967,399522,196445,203077
1.0 Scen,2017,201,Harris County,4633511,2323302,2310209,1291892,648126,643766,824757,388004,436753,2101568,1083208,1018360,415294,203964,211330
1.0 Scen,2018,201,Harris County,4716479,2367644,2348835,1282079,644291,637788,834180,392904,441276,2168974,1118529,1050445,431246,211920,219326
1.0 Scen,2019,201,Harris County,4800558,2412228,2388330,1271891,640189,631702,843389,397423,445966,2237610,1154682,1082928,447668,219934,227734
1.0 Scen,2020,201,Harris County,4885616,2457035,2428581,1261195,635913,625282,851392,401460,449932,2308443,1191655,1116788,464586,228007,236579
1.0 Scen,2021,201,Harris County,4972248,2503225,2469023,1249897,631230,618667,859779,405808,453971,2380470,1229557,1150913,482102,236630,245472
1.0 Scen,2022,201,Harris County,5060181,2549681,2510500,1237982,626213,611769,868245,410244,458001,2454124,1267953,1186171,499830,245271,254559
1.0 Scen,2023,201,Harris County,5148798,2596539,2552259,1225555,620862,604693,875950,413996,461954,2529404,1307616,1221788,517889,254065,263824
1.0 Scen,2024,201,Harris County,5236902,2643291,2593611,1212693,615333,597360,882899,417700,465199,2605176,1347378,1257798,536134,262880,273254
1.0 Scen,2025,201,Harris County,5326919,2691150,2635769,1199561,609660,589901,889695,421361,468334,2682909,1388209,1294700,554754,271920,282834
1.0 Scen,2026,201,Harris County,5417636,2739578,2678058,1185843,603615,582228,896632,425001,471631,2761561,1429695,1331866,573600,281267,292333
1.0 Scen,2027,201,Harris County,5507265,2787199,2720066,1171683,597362,574321,902268,427953,474315,2840732,1471492,1369240,592582,290392,302190
1.0 Scen,2028,201,Harris County,5597354,2835035,2762319,1157007,590813,566194,907187,430700,476487,2920677,1513504,1407173,612483,300018,312465
1.0 Scen,2029,201,Harris County,5687792,2883036,2804756,1141928,584056,557872,912274,433456,478818,3001342,1555935,1445407,632248,309589,322659
1.0 Scen,2030,201,Harris County,5777639,2931485,2846154,1126530,577106,549424,916735,436328,480407,3082323,1598852,1483471,652051,319199,332852
1.0 Scen,2031,201,Harris County,5867590,2979056,2888534,1111008,570078,540930,920531,438359,482172,3163507,1641578,1521929,672544,329041,343503
1.0 Scen,2032,201,Harris County,5957270,3027297,2929973,1095039,562855,532184,924051,440628,483423,3244992,1684689,1560303,693188,339125,354063
1.0 Scen,2033,201,Harris County,6046660,3075034,2971626,1078884,555490,523394,926812,442432,484380,3326598,1727732,1598866,714366,349380,364986
1.0 Scen,2034,201,Harris County,6135101,3122399,3012702,1062670,548104,514566,929039,444002,485037,3407917,1770676,1637241,735475,359617,375858
1.0 Scen,2035,201,Harris County,6223358,3169790,3053568,1046276,540593,505683,930353,445135,485218,3489342,1813829,1675513,757387,370233,387154
1.0 Scen,2036,201,Harris County,6311233,3217323,3093910,1029841,533078,496763,931707,446468,485239,3570391,1856842,1713549,779294,380935,398359
1.0 Scen,2037,201,Harris County,6398646,3264378,3134268,1013287,525476,487811,932416,447370,485046,3651269,1899714,1751555,801674,391818,409856
1.0 Scen,2038,201,Harris County,6485410,3310891,3174519,996734,517871,478863,932038,447637,484401,3732013,1942660,1789353,824625,402723,421902
1.0 Scen,2039,201,Harris County,6572674,3358415,3214259,980206,510260,469946,932059,448344,483715,3812534,1985622,1826912,847875,414189,433686
1.0 Scen,2040,201,Harris County,6660246,3405686,3254560,963678,502629,461049,931843,448807,483036,3892979,2028572,1864407,871746,425678,446068
1.0 Scen,2041,201,Harris County,6746645,3452578,3294067,947344,495117,452227,930556,448746,481810,3973107,2071515,1901592,895638,437200,458438
1.0 Scen,2042,201,Harris County,6832922,3499538,3333384,931087,487608,443479,928931,448582,480349,4052994,2114423,1938571,919910,448925,470985
1.0 Scen,2043,201,Harris County,6919743,3547244,3372499,914924,480149,434775,927215,448541,478674,4132725,2157394,1975331,944879,461160,483719
1.0 Scen,2044,201,Harris County,7005940,3594603,3411337,898959,472780,426179,924752,447968,476784,4212494,2200506,2011988,969735,473349,496386
1.0 Scen,2045,201,Harris County,7092182,3642065,3450117,883114,465442,417672,921780,447325,474455,4291985,2243565,2048420,995303,485733,509570
1.0 Scen,2046,201,Harris County,7179526,3690060,3489466,867488,458235,409253,919270,446833,472437,4371338,2286669,2084669,1021430,498323,523107
1.0 Scen,2047,201,Harris County,7265761,3737573,3528188,852153,451114,401039,915678,445800,469878,4450518,2329780,2120738,1047412,510879,536533
1.0 Scen,2048,201,Harris County,7353392,3785987,3567405,836952,444079,392873,912276,444901,467375,4529706,2373031,2156675,1074458,523976,550482
1.0 Scen,2049,201,Harris County,7440606,3834481,3606125,822002,437115,384887,908277,443701,464576,4608634,2416257,2192377,1101693,537408,564285
1.0 Scen,2050,201,Harris County,7527827,3882875,3644952,807186,430187,376999,903821,442347,461474,4687322,2459450,2227872,1129498,550891,578607
1.0 Scen,2010,203,Harrison County,65631,32224,33407,42654,20968,21686,14303,6655,7648,7254,3891,3363,1420,710,710
1.0 Scen,2011,203,Harrison County,66275,32618,33657,42776,21069,21707,14351,6697,7654,7658,4107,3551,1490,745,745
1.0 Scen,2012,203,Harrison County,66925,33018,33907,42870,21156,21714,14402,6739,7663,8093,4342,3751,1560,781,779
1.0 Scen,2013,203,Harrison County,67574,33419,34155,42950,21235,21715,14446,6780,7666,8546,4585,3961,1632,819,813
1.0 Scen,2014,203,Harrison County,68206,33797,34409,43008,21298,21710,14483,6817,7666,9016,4831,4185,1699,851,848
1.0 Scen,2015,203,Harrison County,68889,34211,34678,43057,21367,21690,14534,6853,7681,9525,5100,4425,1773,891,882
1.0 Scen,2016,203,Harrison County,69524,34595,34929,43066,21407,21659,14550,6879,7671,10063,5384,4679,1845,925,920
1.0 Scen,2017,203,Harrison County,70179,34989,35190,43061,21440,21621,14568,6903,7665,10630,5684,4946,1920,962,958
1.0 Scen,2018,203,Harrison County,70840,35380,35460,43039,21461,21578,14562,6916,7646,11248,6004,5244,1991,999,992
1.0 Scen,2019,203,Harrison County,71534,35818,35716,43013,21489,21524,14555,6940,7615,11897,6344,5553,2069,1045,1024
1.0 Scen,2020,203,Harrison County,72253,36241,36012,42966,21498,21468,14549,6950,7599,12591,6709,5882,2147,1084,1063
1.0 Scen,2021,203,Harrison County,72983,36683,36300,42923,21511,21412,14524,6958,7566,13314,7089,6225,2222,1125,1097
1.0 Scen,2022,203,Harrison County,73757,37139,36618,42849,21513,21336,14510,6962,7548,14082,7493,6589,2316,1171,1145
1.0 Scen,2023,203,Harrison County,74576,37612,36964,42791,21516,21275,14482,6960,7522,14901,7922,6979,2402,1214,1188
1.0 Scen,2024,203,Harrison County,75428,38106,37322,42694,21505,21189,14454,6956,7498,15772,8374,7398,2508,1271,1237
1.0 Scen,2025,203,Harrison County,76262,38594,37668,42578,21478,21100,14400,6940,7460,16681,8849,7832,2603,1327,1276
1.0 Scen,2026,203,Harrison County,77166,39108,38058,42460,21452,21008,14371,6933,7438,17637,9348,8289,2698,1375,1323
1.0 Scen,2027,203,Harrison County,78083,39627,38456,42317,21413,20904,14316,6914,7402,18645,9867,8778,2805,1433,1372
1.0 Scen,2028,203,Harrison County,79017,40158,38859,42156,21361,20795,14260,6896,7364,19685,10411,9274,2916,1490,1426
1.0 Scen,2029,203,Harrison County,79986,40705,39281,41987,21310,20677,14201,6877,7324,20769,10969,9800,3029,1549,1480
1.0 Scen,2030,203,Harrison County,80962,41270,39692,41791,21246,20545,14120,6854,7266,21893,11548,10345,3158,1622,1536
1.0 Scen,2031,203,Harrison County,81963,41831,40132,41572,21169,20403,14033,6819,7214,23061,12148,10913,3297,1695,1602
1.0 Scen,2032,203,Harrison County,82970,42409,40561,41323,21082,20241,13949,6792,7157,24266,12770,11496,3432,1765,1667
1.0 Scen,2033,203,Harrison County,83977,42976,41001,41035,20970,20065,13842,6747,7095,25516,13410,12106,3584,1849,1735
1.0 Scen,2034,203,Harrison County,85026,43579,41447,40735,20854,19881,13725,6707,7018,26826,14087,12739,3740,1931,1809
1.0 Scen,2035,203,Harrison County,86121,44200,41921,40419,20733,19686,13612,6657,6955,28181,14791,13390,3909,2019,1890
1.0 Scen,2036,203,Harrison County,87213,44822,42391,40076,20599,19477,13484,6603,6881,29568,15508,14060,4085,2112,1973
1.0 Scen,2037,203,Harrison County,88346,45481,42865,39725,20470,19255,13345,6545,6800,31017,16265,14752,4259,2201,2058
1.0 Scen,2038,203,Harrison County,89529,46157,43372,39342,20318,19024,13212,6485,6727,32524,17051,15473,4451,2303,2148
1.0 Scen,2039,203,Harrison County,90764,46856,43908,38963,20161,18802,13066,6421,6645,34098,17876,16222,4637,2398,2239
1.0 Scen,2040,203,Harrison County,92038,47570,44468,38546,19994,18552,12916,6351,6565,35731,18724,17007,4845,2501,2344
1.0 Scen,2041,203,Harrison County,93402,48356,45046,38131,19826,18305,12762,6284,6478,37454,19626,17828,5055,2620,2435
1.0 Scen,2042,203,Harrison County,94846,49178,45668,37709,19654,18055,12602,6217,6385,39244,20564,18680,5291,2743,2548
1.0 Scen,2043,203,Harrison County,96348,50019,46329,37261,19463,17798,12446,6151,6295,41113,21535,19578,5528,2870,2658
1.0 Scen,2044,203,Harrison County,97977,50925,47052,36819,19279,17540,12291,6080,6211,43080,22559,20521,5787,3007,2780
1.0 Scen,2045,203,Harrison County,99701,51874,47827,36374,19087,17287,12136,6015,6121,45141,23629,21512,6050,3143,2907
1.0 Scen,2046,203,Harrison County,101496,52867,48629,35923,18891,17032,11975,5946,6029,47282,24741,22541,6316,3289,3027
1.0 Scen,2047,203,Harrison County,103403,53914,49489,35472,18701,16771,11809,5872,5937,49519,25904,23615,6603,3437,3166
1.0 Scen,2048,203,Harrison County,105445,55042,50403,35016,18504,16512,11662,5814,5848,51868,27127,24741,6899,3597,3302
1.0 Scen,2049,203,Harrison County,107585,56216,51369,34576,18319,16257,11499,5747,5752,54314,28399,25915,7196,3751,3445
1.0 Scen,2050,203,Harrison County,109867,57461,52406,34152,18139,16013,11342,5678,5664,56859,29721,27138,7514,3923,3591
1.0 Scen,2010,205,Hartley County,6062,3700,2362,4111,2242,1869,416,410,6,1448,1006,442,87,42,45
1.0 Scen,2011,205,Hartley County,6095,3724,2371,4120,2252,1868,416,410,6,1470,1019,451,89,43,46
1.0 Scen,2012,205,Hartley County,6119,3742,2377,4119,2257,1862,416,410,6,1493,1031,462,91,44,47
1.0 Scen,2013,205,Hartley County,6144,3768,2376,4117,2267,1850,417,411,6,1517,1045,472,93,45,48
1.0 Scen,2014,205,Hartley County,6156,3785,2371,4103,2268,1835,417,411,6,1541,1060,481,95,46,49
1.0 Scen,2015,205,Hartley County,6172,3799,2373,4095,2268,1827,417,411,6,1565,1074,491,95,46,49
1.0 Scen,2016,205,Hartley County,6191,3821,2370,4091,2280,1811,416,410,6,1586,1084,502,98,47,51
1.0 Scen,2017,205,Hartley County,6225,3845,2380,4103,2292,1811,416,410,6,1606,1095,511,100,48,52
1.0 Scen,2018,205,Hartley County,6262,3870,2392,4116,2302,1814,419,413,6,1625,1106,519,102,49,53
1.0 Scen,2019,205,Hartley County,6281,3885,2396,4118,2304,1814,418,412,6,1641,1119,522,104,50,54
1.0 Scen,2020,205,Hartley County,6321,3905,2416,4132,2310,1822,417,411,6,1665,1132,533,107,52,55
1.0 Scen,2021,205,Hartley County,6346,3922,2424,4130,2311,1819,416,410,6,1691,1148,543,109,53,56
1.0 Scen,2022,205,Hartley County,6384,3950,2434,4138,2324,1814,413,407,6,1722,1165,557,111,54,57
1.0 Scen,2023,205,Hartley County,6431,3975,2456,4162,2337,1825,409,403,6,1747,1180,567,113,55,58
1.0 Scen,2024,205,Hartley County,6463,3999,2464,4171,2347,1824,406,400,6,1771,1196,575,115,56,59
1.0 Scen,2025,205,Hartley County,6509,4027,2482,4187,2359,1828,405,399,6,1800,1212,588,117,57,60
1.0 Scen,2026,205,Hartley County,6533,4038,2495,4190,2362,1828,403,397,6,1821,1221,600,119,58,61
1.0 Scen,2027,205,Hartley County,6567,4066,2501,4194,2371,1823,401,395,6,1851,1241,610,121,59,62
1.0 Scen,2028,205,Hartley County,6600,4089,2511,4204,2379,1825,399,393,6,1874,1257,617,123,60,63
1.0 Scen,2029,205,Hartley County,6633,4107,2526,4209,2382,1827,397,391,6,1905,1274,631,122,60,62
1.0 Scen,2030,205,Hartley County,6665,4130,2535,4213,2389,1824,394,388,6,1935,1292,643,123,61,62
1.0 Scen,2031,205,Hartley County,6689,4149,2540,4210,2394,1816,391,385,6,1964,1308,656,124,62,62
1.0 Scen,2032,205,Hartley County,6716,4164,2552,4208,2397,1811,388,382,6,1996,1323,673,124,62,62
1.0 Scen,2033,205,Hartley County,6733,4172,2561,4205,2398,1807,386,380,6,2016,1331,685,126,63,63
1.0 Scen,2034,205,Hartley County,6749,4190,2559,4192,2399,1793,385,379,6,2044,1349,695,128,63,65
1.0 Scen,2035,205,Hartley County,6747,4195,2552,4176,2396,1780,382,376,6,2062,1360,702,127,63,64
1.0 Scen,2036,205,Hartley County,6745,4192,2553,4157,2388,1769,376,370,6,2084,1371,713,128,63,65
1.0 Scen,2037,205,Hartley County,6752,4196,2556,4140,2378,1762,371,366,5,2113,1389,724,128,63,65
1.0 Scen,2038,205,Hartley County,6753,4201,2552,4127,2378,1749,368,363,5,2128,1396,732,130,64,66
1.0 Scen,2039,205,Hartley County,6751,4210,2541,4106,2377,1729,365,360,5,2149,1409,740,131,64,67
1.0 Scen,2040,205,Hartley County,6734,4201,2533,4077,2365,1712,358,353,5,2166,1418,748,133,65,68
1.0 Scen,2041,205,Hartley County,6737,4204,2533,4057,2354,1703,355,350,5,2191,1435,756,134,65,69
1.0 Scen,2042,205,Hartley County,6726,4202,2524,4032,2347,1685,349,344,5,2210,1445,765,135,66,69
1.0 Scen,2043,205,Hartley County,6711,4201,2510,3999,2334,1665,345,340,5,2232,1462,770,135,65,70
1.0 Scen,2044,205,Hartley County,6689,4185,2504,3976,2325,1651,336,331,5,2241,1463,778,136,66,70
1.0 Scen,2045,205,Hartley County,6687,4186,2501,3957,2317,1640,331,326,5,2261,1476,785,138,67,71
1.0 Scen,2046,205,Hartley County,6657,4169,2488,3925,2301,1624,325,320,5,2272,1482,790,135,66,69
1.0 Scen,2047,205,Hartley County,6658,4171,2487,3904,2293,1611,325,319,6,2292,1492,800,137,67,70
1.0 Scen,2048,205,Hartley County,6646,4165,2481,3879,2281,1598,320,314,6,2308,1502,806,139,68,71
1.0 Scen,2049,205,Hartley County,6645,4166,2479,3862,2276,1586,311,305,6,2331,1516,815,141,69,72
1.0 Scen,2050,205,Hartley County,6653,4164,2489,3850,2267,1583,305,299,6,2356,1528,828,142,70,72
1.0 Scen,2010,207,Haskell County,5899,3104,2795,4148,2142,2006,203,129,74,1414,750,664,134,83,51
1.0 Scen,2011,207,Haskell County,5915,3121,2794,4135,2139,1996,203,130,73,1442,768,674,135,84,51
1.0 Scen,2012,207,Haskell County,5929,3135,2794,4113,2132,1981,204,130,74,1477,789,688,135,84,51
1.0 Scen,2013,207,Haskell County,5943,3156,2787,4093,2131,1962,203,130,73,1512,811,701,135,84,51
1.0 Scen,2014,207,Haskell County,5953,3171,2782,4064,2124,1940,204,130,74,1549,833,716,136,84,52
1.0 Scen,2015,207,Haskell County,5971,3184,2787,4034,2109,1925,206,131,75,1592,859,733,139,85,54
1.0 Scen,2016,207,Haskell County,5988,3195,2793,4008,2094,1914,208,132,76,1630,882,748,142,87,55
1.0 Scen,2017,207,Haskell County,5996,3202,2794,3980,2077,1903,208,133,75,1665,904,761,143,88,55
1.0 Scen,2018,207,Haskell County,6026,3224,2802,3963,2072,1891,210,134,76,1708,929,779,145,89,56
1.0 Scen,2019,207,Haskell County,6048,3238,2810,3938,2057,1881,211,135,76,1752,956,796,147,90,57
1.0 Scen,2020,207,Haskell County,6072,3264,2808,3915,2053,1862,213,136,77,1795,984,811,149,91,58
1.0 Scen,2021,207,Haskell County,6097,3282,2815,3891,2044,1847,213,135,78,1842,1011,831,151,92,59
1.0 Scen,2022,207,Haskell County,6138,3309,2829,3876,2038,1838,214,135,79,1895,1043,852,153,93,60
1.0 Scen,2023,207,Haskell County,6169,3333,2836,3850,2028,1822,216,136,80,1948,1075,873,155,94,61
1.0 Scen,2024,207,Haskell County,6211,3363,2848,3838,2026,1812,218,137,81,2000,1106,894,155,94,61
1.0 Scen,2025,207,Haskell County,6230,3378,2852,3809,2012,1797,220,138,82,2044,1133,911,157,95,62
1.0 Scen,2026,207,Haskell County,6245,3401,2844,3783,2003,1780,220,138,82,2084,1165,919,158,95,63
1.0 Scen,2027,207,Haskell County,6264,3424,2840,3757,1993,1764,221,139,82,2126,1196,930,160,96,64
1.0 Scen,2028,207,Haskell County,6291,3450,2841,3730,1987,1743,221,139,82,2179,1228,951,161,96,65
1.0 Scen,2029,207,Haskell County,6320,3472,2848,3702,1972,1730,221,139,82,2235,1264,971,162,97,65
1.0 Scen,2030,207,Haskell County,6336,3493,2843,3666,1961,1705,220,138,82,2286,1296,990,164,98,66
1.0 Scen,2031,207,Haskell County,6346,3511,2835,3635,1955,1680,221,140,81,2327,1318,1009,163,98,65
1.0 Scen,2032,207,Haskell County,6356,3527,2829,3605,1946,1659,220,139,81,2367,1344,1023,164,98,66
1.0 Scen,2033,207,Haskell County,6366,3552,2814,3578,1938,1640,217,137,80,2407,1379,1028,164,98,66
1.0 Scen,2034,207,Haskell County,6361,3557,2804,3536,1921,1615,216,136,80,2447,1404,1043,162,96,66
1.0 Scen,2035,207,Haskell County,6365,3572,2793,3499,1909,1590,214,136,78,2490,1431,1059,162,96,66
1.0 Scen,2036,207,Haskell County,6376,3582,2794,3471,1894,1577,211,134,77,2531,1458,1073,163,96,67
1.0 Scen,2037,207,Haskell County,6366,3592,2774,3425,1879,1546,210,134,76,2569,1483,1086,162,96,66
1.0 Scen,2038,207,Haskell County,6366,3601,2765,3387,1866,1521,208,132,76,2609,1507,1102,162,96,66
1.0 Scen,2039,207,Haskell County,6359,3610,2749,3343,1850,1493,207,132,75,2645,1531,1114,164,97,67
1.0 Scen,2040,207,Haskell County,6354,3622,2732,3298,1833,1465,203,129,74,2689,1563,1126,164,97,67
1.0 Scen,2041,207,Haskell County,6344,3627,2717,3253,1811,1442,202,129,73,2725,1590,1135,164,97,67
1.0 Scen,2042,207,Haskell County,6347,3644,2703,3220,1803,1417,200,127,73,2764,1618,1146,163,96,67
1.0 Scen,2043,207,Haskell County,6335,3639,2696,3171,1776,1395,199,126,73,2805,1643,1162,160,94,66
1.0 Scen,2044,207,Haskell County,6330,3643,2687,3122,1754,1368,198,124,74,2852,1673,1179,158,92,66
1.0 Scen,2045,207,Haskell County,6313,3650,2663,3076,1735,1341,195,123,72,2885,1700,1185,157,92,65
1.0 Scen,2046,207,Haskell County,6302,3654,2648,3036,1716,1320,191,121,70,2925,1729,1196,150,88,62
1.0 Scen,2047,207,Haskell County,6298,3673,2625,2987,1699,1288,186,118,68,2974,1768,1206,151,88,63
1.0 Scen,2048,207,Haskell County,6307,3682,2625,2955,1684,1271,179,112,67,3020,1797,1223,153,89,64
1.0 Scen,2049,207,Haskell County,6300,3685,2615,2904,1657,1247,175,110,65,3068,1829,1239,153,89,64
1.0 Scen,2050,207,Haskell County,6290,3689,2601,2854,1629,1225,171,106,65,3113,1865,1248,152,89,63
1.0 Scen,2010,209,Hays County,157107,78255,78852,92062,45705,46357,4970,2708,2262,55401,27596,27805,4674,2246,2428
1.0 Scen,2011,209,Hays County,164610,81840,82770,95686,47390,48296,5169,2817,2352,58773,29234,29539,4982,2399,2583
1.0 Scen,2012,209,Hays County,172451,85550,86901,99387,49077,50310,5379,2920,2459,62365,30983,31382,5320,2570,2750
1.0 Scen,2013,209,Hays County,180433,89360,91073,103054,50763,52291,5586,3024,2562,66124,32821,33303,5669,2752,2917
1.0 Scen,2014,209,Hays County,188705,93292,95413,106777,52459,54318,5777,3130,2647,70129,34776,35353,6022,2927,3095
1.0 Scen,2015,209,Hays County,197298,97347,99951,110523,54146,56377,5993,3242,2751,74365,36832,37533,6417,3127,3290
1.0 Scen,2016,209,Hays County,206220,101565,104655,114339,55877,58462,6192,3336,2856,78881,39024,39857,6808,3328,3480
1.0 Scen,2017,209,Hays County,215576,106029,109547,118245,57668,60577,6406,3436,2970,83672,41371,42301,7253,3554,3699
1.0 Scen,2018,209,Hays County,225340,110648,114692,122300,59507,62793,6621,3537,3084,88729,43834,44895,7690,3770,3920
1.0 Scen,2019,209,Hays County,235500,115468,120032,126452,61401,65051,6808,3622,3186,94064,46429,47635,8176,4016,4160
1.0 Scen,2020,209,Hays County,246119,120530,125589,130732,63354,67378,7025,3734,3291,99682,49170,50512,8680,4272,4408
1.0 Scen,2021,209,Hays County,256440,125415,131025,134638,65115,69523,7184,3815,3369,105437,51955,53482,9181,4530,4651
1.0 Scen,2022,209,Hays County,267199,130520,136679,138673,66933,71740,7344,3896,3448,111470,54892,56578,9712,4799,4913
1.0 Scen,2023,209,Hays County,278436,135860,142576,142825,68814,74011,7501,3972,3529,117841,57985,59856,10269,5089,5180
1.0 Scen,2024,209,Hays County,290217,141430,148787,147113,70749,76364,7669,4055,3614,124554,61232,63322,10881,5394,5487
1.0 Scen,2025,209,Hays County,302494,147253,155241,151526,72739,78787,7831,4139,3692,131640,64665,66975,11497,5710,5787
1.0 Scen,2026,209,Hays County,315357,153339,162018,156079,74791,81288,7995,4222,3773,139101,68274,70827,12182,6052,6130
1.0 Scen,2027,209,Hays County,328708,159656,169052,160720,76874,83846,8162,4308,3854,146936,72055,74881,12890,6419,6471
1.0 Scen,2028,209,Hays County,342642,166231,176411,165485,79011,86474,8336,4387,3949,155187,76035,79152,13634,6798,6836
1.0 Scen,2029,209,Hays County,357081,173033,184048,170298,81158,89140,8521,4479,4042,163852,80203,83649,14410,7193,7217
1.0 Scen,2030,209,Hays County,372120,180120,192000,175167,83327,91840,8703,4570,4133,173001,84597,88404,15249,7626,7623
1.0 Scen,2031,209,Hays County,387656,187420,200236,180062,85501,94561,8881,4658,4223,182582,89186,93396,16131,8075,8056
1.0 Scen,2032,209,Hays County,403797,195000,208797,185041,87718,97323,9069,4746,4323,192636,93996,98640,17051,8540,8511
1.0 Scen,2033,209,Hays County,420522,202896,217626,190075,89963,100112,9241,4834,4407,203175,99054,104121,18031,9045,8986
1.0 Scen,2034,209,Hays County,437867,211068,226799,195195,92236,102959,9425,4922,4503,214190,104331,109859,19057,9579,9478
1.0 Scen,2035,209,Hays County,455930,219578,236352,200462,94583,105879,9608,5007,4601,225717,109845,115872,20143,10143,10000
1.0 Scen,2036,209,Hays County,474646,228399,246247,205827,96968,108859,9779,5090,4689,237746,115600,122146,21294,10741,10553
1.0 Scen,2037,209,Hays County,494095,237583,256512,211322,99427,111895,9963,5174,4789,250302,121613,128689,22508,11369,11139
1.0 Scen,2038,209,Hays County,514291,247139,267152,216940,101946,114994,10143,5258,4885,263415,127891,135524,23793,12044,11749
1.0 Scen,2039,209,Hays County,535245,257058,278187,222674,104531,118143,10311,5338,4973,277110,134443,142667,25150,12746,12404
1.0 Scen,2040,209,Hays County,556982,267353,289629,228536,107178,121358,10486,5420,5066,291395,141272,150123,26565,13483,13082
1.0 Scen,2041,209,Hays County,579512,278046,301466,234506,109893,124613,10650,5498,5152,306281,148391,157890,28075,14264,13811
1.0 Scen,2042,209,Hays County,602873,289163,313710,240600,112675,127925,10821,5578,5243,321790,155820,165970,29662,15090,14572
1.0 Scen,2043,209,Hays County,627111,300708,326403,246852,115539,131313,10981,5650,5331,337948,163560,174388,31330,15959,15371
1.0 Scen,2044,209,Hays County,652250,312701,339549,253284,118493,134791,11138,5725,5413,354762,171624,183138,33066,16859,16207
1.0 Scen,2045,209,Hays County,678337,325157,353180,259905,121536,138369,11298,5797,5501,372243,180017,192226,34891,17807,17084
1.0 Scen,2046,209,Hays County,705429,338122,367307,266731,124690,142041,11447,5865,5582,390432,188756,201676,36819,18811,18008
1.0 Scen,2047,209,Hays County,733471,351563,381908,273748,127940,145808,11594,5937,5657,409302,197835,211467,38827,19851,18976
1.0 Scen,2048,209,Hays County,762588,365536,397052,280986,131301,149685,11739,6004,5735,428918,207283,221635,40945,20948,19997
1.0 Scen,2049,209,Hays County,792782,380035,412747,288435,134771,153664,11871,6065,5806,449294,217098,232196,43182,22101,21081
1.0 Scen,2050,209,Hays County,824070,395076,428994,296089,138327,157762,12014,6140,5874,470447,227301,243146,45520,23308,22212
1.0 Scen,2010,211,Hemphill County,3807,1928,1879,2656,1314,1342,4,2,2,1086,587,499,61,25,36
1.0 Scen,2011,211,Hemphill County,3867,1962,1905,2685,1329,1356,4,2,2,1116,605,511,62,26,36
1.0 Scen,2012,211,Hemphill County,3933,1998,1935,2717,1347,1370,4,2,2,1149,623,526,63,26,37
1.0 Scen,2013,211,Hemphill County,3995,2030,1965,2736,1355,1381,4,2,2,1191,646,545,64,27,37
1.0 Scen,2014,211,Hemphill County,4056,2063,1993,2758,1366,1392,4,2,2,1230,669,561,64,26,38
1.0 Scen,2015,211,Hemphill County,4117,2095,2022,2776,1376,1400,4,2,2,1272,690,582,65,27,38
1.0 Scen,2016,211,Hemphill County,4176,2128,2048,2795,1387,1408,4,2,2,1311,712,599,66,27,39
1.0 Scen,2017,211,Hemphill County,4228,2155,2073,2804,1390,1414,4,2,2,1354,735,619,66,28,38
1.0 Scen,2018,211,Hemphill County,4270,2179,2091,2813,1395,1418,4,2,2,1385,754,631,68,28,40
1.0 Scen,2019,211,Hemphill County,4335,2217,2118,2834,1407,1427,4,2,2,1428,779,649,69,29,40
1.0 Scen,2020,211,Hemphill County,4389,2246,2143,2846,1411,1435,4,2,2,1468,803,665,71,30,41
1.0 Scen,2021,211,Hemphill County,4441,2273,2168,2857,1415,1442,4,2,2,1508,825,683,72,31,41
1.0 Scen,2022,211,Hemphill County,4494,2298,2196,2870,1417,1453,4,2,2,1547,848,699,73,31,42
1.0 Scen,2023,211,Hemphill County,4560,2334,2226,2891,1427,1464,4,2,2,1591,873,718,74,32,42
1.0 Scen,2024,211,Hemphill County,4617,2365,2252,2904,1433,1471,4,2,2,1635,898,737,74,32,42
1.0 Scen,2025,211,Hemphill County,4684,2403,2281,2914,1440,1474,4,2,2,1691,928,763,75,33,42
1.0 Scen,2026,211,Hemphill County,4750,2438,2312,2927,1444,1483,4,2,2,1743,959,784,76,33,43
1.0 Scen,2027,211,Hemphill County,4804,2468,2336,2943,1451,1492,4,2,2,1780,981,799,77,34,43
1.0 Scen,2028,211,Hemphill County,4863,2498,2365,2954,1455,1499,4,2,2,1828,1008,820,77,33,44
1.0 Scen,2029,211,Hemphill County,4931,2532,2399,2973,1463,1510,4,2,2,1876,1033,843,78,34,44
1.0 Scen,2030,211,Hemphill County,5002,2573,2429,2990,1473,1517,4,2,2,1929,1064,865,79,34,45
1.0 Scen,2031,211,Hemphill County,5068,2609,2459,3000,1476,1524,4,2,2,1984,1096,888,80,35,45
1.0 Scen,2032,211,Hemphill County,5123,2640,2483,3004,1480,1524,4,2,2,2035,1123,912,80,35,45
1.0 Scen,2033,211,Hemphill County,5181,2675,2506,3015,1490,1525,4,2,2,2081,1147,934,81,36,45
1.0 Scen,2034,211,Hemphill County,5251,2714,2537,3027,1497,1530,4,2,2,2139,1180,959,81,35,46
1.0 Scen,2035,211,Hemphill County,5323,2752,2571,3042,1504,1538,4,2,2,2196,1210,986,81,36,45
1.0 Scen,2036,211,Hemphill County,5393,2790,2603,3051,1509,1542,4,2,2,2256,1243,1013,82,36,46
1.0 Scen,2037,211,Hemphill County,5467,2830,2637,3070,1516,1554,4,2,2,2310,1275,1035,83,37,46
1.0 Scen,2038,211,Hemphill County,5529,2869,2660,3081,1525,1556,4,2,2,2361,1305,1056,83,37,46
1.0 Scen,2039,211,Hemphill County,5600,2908,2692,3096,1531,1565,4,2,2,2417,1338,1079,83,37,46
1.0 Scen,2040,211,Hemphill County,5655,2938,2717,3095,1531,1564,4,2,2,2472,1368,1104,84,37,47
1.0 Scen,2041,211,Hemphill County,5721,2975,2746,3106,1535,1571,4,2,2,2526,1400,1126,85,38,47
1.0 Scen,2042,211,Hemphill County,5789,3016,2773,3124,1543,1581,4,2,2,2575,1433,1142,86,38,48
1.0 Scen,2043,211,Hemphill County,5860,3063,2797,3125,1548,1577,4,2,2,2643,1473,1170,88,40,48
1.0 Scen,2044,211,Hemphill County,5945,3107,2838,3141,1554,1587,4,2,2,2712,1511,1201,88,40,48
1.0 Scen,2045,211,Hemphill County,6015,3149,2866,3153,1563,1590,4,2,2,2770,1543,1227,88,41,47
1.0 Scen,2046,211,Hemphill County,6076,3173,2903,3156,1557,1599,4,2,2,2832,1575,1257,84,39,45
1.0 Scen,2047,211,Hemphill County,6140,3204,2936,3166,1561,1605,4,2,2,2889,1604,1285,81,37,44
1.0 Scen,2048,211,Hemphill County,6201,3239,2962,3175,1565,1610,4,2,2,2941,1635,1306,81,37,44
1.0 Scen,2049,211,Hemphill County,6275,3279,2996,3189,1575,1614,4,2,2,3002,1665,1337,80,37,43
1.0 Scen,2050,211,Hemphill County,6351,3318,3033,3202,1580,1622,4,2,2,3063,1699,1364,82,37,45
1.0 Scen,2010,213,Henderson County,78532,38468,40064,63494,30830,32664,4813,2391,2422,8490,4390,4100,1735,857,878
1.0 Scen,2011,213,Henderson County,79080,38738,40342,63567,30859,32708,4845,2401,2444,8851,4581,4270,1817,897,920
1.0 Scen,2012,213,Henderson County,79653,39030,40623,63636,30892,32744,4877,2413,2464,9239,4786,4453,1901,939,962
1.0 Scen,2013,213,Henderson County,80237,39334,40903,63713,30932,32781,4907,2425,2482,9633,4996,4637,1984,981,1003
1.0 Scen,2014,213,Henderson County,80820,39632,41188,63780,30964,32816,4934,2435,2499,10043,5210,4833,2063,1023,1040
1.0 Scen,2015,213,Henderson County,81372,39930,41442,63797,30976,32821,4964,2445,2519,10467,5438,5029,2144,1071,1073
1.0 Scen,2016,213,Henderson County,81959,40226,41733,63804,30985,32819,4995,2448,2547,10923,5675,5248,2237,1118,1119
1.0 Scen,2017,213,Henderson County,82521,40517,42004,63771,30968,32803,5020,2452,2568,11394,5930,5464,2336,1167,1169
1.0 Scen,2018,213,Henderson County,83089,40809,42280,63729,30949,32780,5038,2462,2576,11889,6186,5703,2433,1212,1221
1.0 Scen,2019,213,Henderson County,83631,41097,42534,63656,30920,32736,5052,2462,2590,12388,6447,5941,2535,1268,1267
1.0 Scen,2020,213,Henderson County,84178,41390,42788,63570,30882,32688,5060,2462,2598,12909,6718,6191,2639,1328,1311
1.0 Scen,2021,213,Henderson County,84770,41710,43060,63486,30852,32634,5081,2465,2616,13455,7007,6448,2748,1386,1362
1.0 Scen,2022,213,Henderson County,85364,42020,43344,63376,30807,32569,5105,2471,2634,14017,7298,6719,2866,1444,1422
1.0 Scen,2023,213,Henderson County,85950,42341,43609,63251,30759,32492,5127,2477,2650,14589,7601,6988,2983,1504,1479
1.0 Scen,2024,213,Henderson County,86531,42656,43875,63093,30694,32399,5150,2484,2666,15182,7908,7274,3106,1570,1536
1.0 Scen,2025,213,Henderson County,87113,42985,44128,62913,30631,32282,5169,2485,2684,15789,8227,7562,3242,1642,1600
1.0 Scen,2026,213,Henderson County,87662,43295,44367,62692,30552,32140,5186,2485,2701,16411,8548,7863,3373,1710,1663
1.0 Scen,2027,213,Henderson County,88199,43610,44589,62430,30449,31981,5205,2491,2714,17062,8893,8169,3502,1777,1725
1.0 Scen,2028,213,Henderson County,88752,43935,44817,62143,30346,31797,5221,2499,2722,17735,9239,8496,3653,1851,1802
1.0 Scen,2029,213,Henderson County,89268,44238,45030,61809,30204,31605,5225,2493,2732,18414,9598,8816,3820,1943,1877
1.0 Scen,2030,213,Henderson County,89810,44562,45248,61464,30069,31395,5231,2489,2742,19129,9973,9156,3986,2031,1955
1.0 Scen,2031,213,Henderson County,90321,44877,45444,61090,29921,31169,5232,2486,2746,19837,10346,9491,4162,2124,2038
1.0 Scen,2032,213,Henderson County,90824,45196,45628,60699,29768,30931,5235,2481,2754,20558,10729,9829,4332,2218,2114
1.0 Scen,2033,213,Henderson County,91326,45523,45803,60285,29610,30675,5225,2469,2756,21298,11122,10176,4518,2322,2196
1.0 Scen,2034,213,Henderson County,91822,45852,45970,59852,29442,30410,5215,2461,2754,22041,11518,10523,4714,2431,2283
1.0 Scen,2035,213,Henderson County,92331,46186,46145,59399,29266,30133,5199,2450,2749,22822,11934,10888,4911,2536,2375
1.0 Scen,2036,213,Henderson County,92889,46540,46349,58942,29090,29852,5202,2440,2762,23617,12356,11261,5128,2654,2474
1.0 Scen,2037,213,Henderson County,93444,46906,46538,58474,28913,29561,5188,2430,2758,24429,12789,11640,5353,2774,2579
1.0 Scen,2038,213,Henderson County,94029,47292,46737,57990,28732,29258,5181,2421,2760,25259,13231,12028,5599,2908,2691
1.0 Scen,2039,213,Henderson County,94641,47697,46944,57512,28551,28961,5161,2410,2751,26121,13688,12433,5847,3048,2799
1.0 Scen,2040,213,Henderson County,95277,48099,47178,57023,28364,28659,5149,2401,2748,26984,14140,12844,6121,3194,2927
1.0 Scen,2041,213,Henderson County,95925,48520,47405,56523,28168,28355,5129,2394,2735,27882,14622,13260,6391,3336,3055
1.0 Scen,2042,213,Henderson County,96606,48960,47646,56021,27978,28043,5114,2386,2728,28793,15105,13688,6678,3491,3187
1.0 Scen,2043,213,Henderson County,97300,49399,47901,55504,27775,27729,5089,2377,2712,29735,15601,14134,6972,3646,3326
1.0 Scen,2044,213,Henderson County,98072,49898,48174,54998,27590,27408,5076,2370,2706,30700,16117,14583,7298,3821,3477
1.0 Scen,2045,213,Henderson County,98829,50378,48451,54478,27388,27090,5054,2362,2692,31676,16635,15041,7621,3993,3628
1.0 Scen,2046,213,Henderson County,99644,50889,48755,53959,27187,26772,5031,2349,2682,32689,17179,15510,7965,4174,3791
1.0 Scen,2047,213,Henderson County,100491,51426,49065,53456,26994,26462,5006,2341,2665,33704,17724,15980,8325,4367,3958
1.0 Scen,2048,213,Henderson County,101376,51974,49402,52949,26804,26145,4981,2328,2653,34760,18281,16479,8686,4561,4125
1.0 Scen,2049,213,Henderson County,102303,52546,49757,52463,26618,25845,4945,2310,2635,35821,18852,16969,9074,4766,4308
1.0 Scen,2050,213,Henderson County,103301,53159,50142,51993,26440,25553,4924,2301,2623,36912,19442,17470,9472,4976,4496
1.0 Scen,2010,215,Hidalgo County,774769,376944,397825,60553,30526,30027,2777,1868,909,702206,340118,362088,9233,4432,4801
1.0 Scen,2011,215,Hidalgo County,795605,387462,408143,61174,30807,30367,2841,1906,935,721890,350091,371799,9700,4658,5042
1.0 Scen,2012,215,Hidalgo County,816791,398212,418579,61868,31115,30753,2913,1945,968,741824,360260,381564,10186,4892,5294
1.0 Scen,2013,215,Hidalgo County,838985,409437,429548,62610,31477,31133,2985,1987,998,762704,370842,391862,10686,5131,5555
1.0 Scen,2014,215,Hidalgo County,861283,420772,440511,63371,31842,31529,3044,2020,1024,783679,381533,402146,11189,5377,5812
1.0 Scen,2015,215,Hidalgo County,883903,432241,451662,64124,32202,31922,3113,2060,1053,804958,392347,412611,11708,5632,6076
1.0 Scen,2016,215,Hidalgo County,907355,444250,463105,64922,32590,32332,3185,2106,1079,826989,403652,423337,12259,5902,6357
1.0 Scen,2017,215,Hidalgo County,931010,456434,474576,65706,32974,32732,3259,2153,1106,849214,415130,434084,12831,6177,6654
1.0 Scen,2018,215,Hidalgo County,955781,469117,486664,66500,33371,33129,3330,2195,1135,872530,427080,445450,13421,6471,6950
1.0 Scen,2019,215,Hidalgo County,980522,481749,498773,67310,33781,33529,3415,2245,1170,895784,438964,456820,14013,6759,7254
1.0 Scen,2020,215,Hidalgo County,1005539,494760,510779,68105,34187,33918,3489,2290,1199,919328,451218,468110,14617,7065,7552
1.0 Scen,2021,215,Hidalgo County,1031525,508146,523379,68874,34590,34284,3570,2336,1234,943845,463853,479992,15236,7367,7869
1.0 Scen,2022,215,Hidalgo County,1057211,521545,535666,69617,34979,34638,3644,2383,1261,968066,476500,491566,15884,7683,8201
1.0 Scen,2023,215,Hidalgo County,1083505,535024,548481,70329,35362,34967,3712,2423,1289,992949,489233,503716,16515,8006,8509
1.0 Scen,2024,215,Hidalgo County,1110006,548795,561211,70980,35718,35262,3771,2454,1317,1018016,502252,515764,17239,8371,8868
1.0 Scen,2025,215,Hidalgo County,1136822,562799,574023,71562,36042,35520,3826,2485,1341,1043442,515534,527908,17992,8738,9254
1.0 Scen,2026,215,Hidalgo County,1163722,576869,586853,72085,36345,35740,3896,2526,1370,1068990,528877,540113,18751,9121,9630
1.0 Scen,2027,215,Hidalgo County,1190749,591149,599600,72522,36607,35915,3955,2560,1395,1094716,542457,552259,19556,9525,10031
1.0 Scen,2028,215,Hidalgo County,1217819,605352,612467,72859,36828,36031,4020,2592,1428,1120546,555980,564566,20394,9952,10442
1.0 Scen,2029,215,Hidalgo County,1244646,619485,625161,73130,37024,36106,4085,2626,1459,1146169,569439,576730,21262,10396,10866
1.0 Scen,2030,215,Hidalgo County,1271656,633775,637881,73344,37197,36147,4143,2653,1490,1172013,583074,588939,22156,10851,11305
1.0 Scen,2031,215,Hidalgo County,1298336,647970,650366,73486,37340,36146,4187,2682,1505,1197572,596621,600951,23091,11327,11764
1.0 Scen,2032,215,Hidalgo County,1325013,662145,662868,73574,37466,36108,4250,2713,1537,1223123,610145,612978,24066,11821,12245
1.0 Scen,2033,215,Hidalgo County,1351443,676284,675159,73579,37552,36027,4315,2742,1573,1248483,623656,624827,25066,12334,12732
1.0 Scen,2034,215,Hidalgo County,1377686,690314,687372,73501,37595,35906,4375,2770,1605,1273722,637095,636627,26088,12854,13234
1.0 Scen,2035,215,Hidalgo County,1403758,704365,699393,73366,37624,35742,4425,2810,1615,1298831,650543,648288,27136,13388,13748
1.0 Scen,2036,215,Hidalgo County,1429670,718385,711285,73152,37612,35540,4478,2842,1636,1323814,663985,659829,28226,13946,14280
1.0 Scen,2037,215,Hidalgo County,1455497,732448,723049,72898,37590,35308,4522,2869,1653,1348741,677474,671267,29336,14515,14821
1.0 Scen,2038,215,Hidalgo County,1481086,746417,734669,72585,37534,35051,4565,2902,1663,1373469,690887,682582,30467,15094,15373
1.0 Scen,2039,215,Hidalgo County,1506573,760347,746226,72252,37473,34779,4619,2932,1687,1398069,704252,693817,31633,15690,15943
1.0 Scen,2040,215,Hidalgo County,1531900,774298,757602,71917,37408,34509,4657,2957,1700,1422517,717636,704881,32809,16297,16512
1.0 Scen,2041,215,Hidalgo County,1557129,788227,768902,71585,37345,34240,4696,2984,1712,1446823,730980,715843,34025,16918,17107
1.0 Scen,2042,215,Hidalgo County,1582260,802142,780118,71242,37283,33959,4742,3015,1727,1471016,744295,726721,35260,17549,17711
1.0 Scen,2043,215,Hidalgo County,1607321,816079,791242,70911,37216,33695,4780,3038,1742,1495089,757623,737466,36541,18202,18339
1.0 Scen,2044,215,Hidalgo County,1632160,829930,802230,70586,37149,33437,4820,3061,1759,1518924,770859,748065,37830,18861,18969
1.0 Scen,2045,215,Hidalgo County,1657018,843833,813185,70268,37084,33184,4856,3084,1772,1542746,784128,758618,39148,19537,19611
1.0 Scen,2046,215,Hidalgo County,1681712,857681,824031,69964,37018,32946,4893,3105,1788,1566344,797323,769021,40511,20235,20276
1.0 Scen,2047,215,Hidalgo County,1706298,871515,834783,69690,36966,32724,4928,3124,1804,1589788,810475,779313,41892,20950,20942
1.0 Scen,2048,215,Hidalgo County,1730752,885298,845454,69455,36928,32527,4953,3137,1816,1613038,823560,789478,43306,21673,21633
1.0 Scen,2049,215,Hidalgo County,1755126,899091,856035,69274,36918,32356,4988,3161,1827,1636099,836591,799508,44765,22421,22344
1.0 Scen,2050,215,Hidalgo County,1779370,912867,866503,69150,36942,32208,5022,3180,1842,1658942,849556,809386,46256,23189,23067
1.0 Scen,2010,217,Hill County,35089,17208,17881,25836,12530,13306,2161,1000,1161,6427,3365,3062,665,313,352
1.0 Scen,2011,217,Hill County,35516,17459,18057,25994,12635,13359,2195,1020,1175,6647,3479,3168,680,325,355
1.0 Scen,2012,217,Hill County,35980,17726,18254,26169,12741,13428,2234,1045,1189,6875,3599,3276,702,341,361
1.0 Scen,2013,217,Hill County,36423,17982,18441,26326,12838,13488,2271,1068,1203,7105,3721,3384,721,355,366
1.0 Scen,2014,217,Hill County,36872,18249,18623,26489,12940,13549,2306,1090,1216,7336,3848,3488,741,371,370
1.0 Scen,2015,217,Hill County,37282,18484,18798,26610,13016,13594,2338,1111,1227,7572,3972,3600,762,385,377
1.0 Scen,2016,217,Hill County,37688,18726,18962,26738,13100,13638,2356,1128,1228,7810,4098,3712,784,400,384
1.0 Scen,2017,217,Hill County,38112,18969,19143,26868,13182,13686,2380,1144,1236,8061,4230,3831,803,413,390
1.0 Scen,2018,217,Hill County,38517,19216,19301,26980,13259,13721,2400,1161,1239,8318,4370,3948,819,426,393
1.0 Scen,2019,217,Hill County,38933,19463,19470,27098,13333,13765,2431,1183,1248,8571,4507,4064,833,440,393
1.0 Scen,2020,217,Hill County,39349,19706,19643,27203,13406,13797,2462,1204,1258,8843,4645,4198,841,451,390
1.0 Scen,2021,217,Hill County,39744,19936,19808,27312,13478,13834,2483,1221,1262,9096,4775,4321,853,462,391
1.0 Scen,2022,217,Hill County,40170,20192,19978,27412,13548,13864,2509,1242,1267,9376,4922,4454,873,480,393
1.0 Scen,2023,217,Hill County,40569,20413,20156,27497,13604,13893,2524,1252,1272,9657,5061,4596,891,496,395
1.0 Scen,2024,217,Hill County,40948,20641,20307,27563,13656,13907,2543,1268,1275,9938,5206,4732,904,511,393
1.0 Scen,2025,217,Hill County,41303,20861,20442,27604,13694,13910,2557,1284,1273,10228,5360,4868,914,523,391
1.0 Scen,2026,217,Hill County,41664,21081,20583,27632,13725,13907,2571,1295,1276,10523,5514,5009,938,547,391
1.0 Scen,2027,217,Hill County,42005,21280,20725,27637,13745,13892,2584,1300,1284,10826,5668,5158,958,567,391
1.0 Scen,2028,217,Hill County,42324,21490,20834,27646,13770,13876,2573,1301,1272,11128,5830,5298,977,589,388
1.0 Scen,2029,217,Hill County,42639,21683,20956,27628,13783,13845,2565,1293,1272,11440,5994,5446,1006,613,393
1.0 Scen,2030,217,Hill County,42943,21868,21075,27592,13783,13809,2560,1292,1268,11754,6153,5601,1037,640,397
1.0 Scen,2031,217,Hill County,43237,22057,21180,27541,13777,13764,2550,1288,1262,12077,6322,5755,1069,670,399
1.0 Scen,2032,217,Hill County,43489,22234,21255,27459,13763,13696,2543,1290,1253,12393,6488,5905,1094,693,401
1.0 Scen,2033,217,Hill County,43720,22394,21326,27358,13736,13622,2540,1292,1248,12705,6651,6054,1117,715,402
1.0 Scen,2034,217,Hill County,43938,22557,21381,27239,13703,13536,2533,1292,1241,13020,6819,6201,1146,743,403
1.0 Scen,2035,217,Hill County,44146,22719,21427,27106,13661,13445,2518,1292,1226,13349,6993,6356,1173,773,400
1.0 Scen,2036,217,Hill County,44343,22880,21463,26955,13614,13341,2506,1291,1215,13677,7172,6505,1205,803,402
1.0 Scen,2037,217,Hill County,44510,23017,21493,26785,13556,13229,2491,1284,1207,14000,7346,6654,1234,831,403
1.0 Scen,2038,217,Hill County,44671,23155,21516,26604,13493,13111,2468,1277,1191,14329,7521,6808,1270,864,406
1.0 Scen,2039,217,Hill County,44819,23278,21541,26404,13415,12989,2459,1277,1182,14655,7694,6961,1301,892,409
1.0 Scen,2040,217,Hill County,44967,23412,21555,26203,13343,12860,2443,1273,1170,14983,7873,7110,1338,923,415
1.0 Scen,2041,217,Hill County,45095,23537,21558,25978,13261,12717,2427,1272,1155,15312,8045,7267,1378,959,419
1.0 Scen,2042,217,Hill County,45229,23666,21563,25751,13171,12580,2419,1274,1145,15637,8220,7417,1422,1001,421
1.0 Scen,2043,217,Hill County,45341,23786,21555,25508,13082,12426,2406,1274,1132,15964,8388,7576,1463,1042,421
1.0 Scen,2044,217,Hill County,45460,23910,21550,25266,12990,12276,2391,1267,1124,16299,8574,7725,1504,1079,425
1.0 Scen,2045,217,Hill County,45578,24020,21558,25017,12887,12130,2383,1266,1117,16632,8748,7884,1546,1119,427
1.0 Scen,2046,217,Hill County,45700,24144,21556,24767,12787,11980,2373,1263,1110,16979,8938,8041,1581,1156,425
1.0 Scen,2047,217,Hill County,45825,24255,21570,24520,12690,11830,2353,1251,1102,17327,9117,8210,1625,1197,428
1.0 Scen,2048,217,Hill County,45926,24367,21559,24265,12587,11678,2328,1244,1084,17667,9301,8366,1666,1235,431
1.0 Scen,2049,217,Hill County,46054,24498,21556,24014,12491,11523,2323,1246,1077,18002,9482,8520,1715,1279,436
1.0 Scen,2050,217,Hill County,46180,24628,21552,23772,12399,11373,2300,1238,1062,18351,9671,8680,1757,1320,437
1.0 Scen,2010,219,Hockley County,22935,11297,11638,11795,5770,6025,801,394,407,9993,4951,5042,346,182,164
1.0 Scen,2011,219,Hockley County,23165,11443,11722,11802,5787,6015,819,406,413,10189,5065,5124,355,185,170
1.0 Scen,2012,219,Hockley County,23382,11590,11792,11778,5795,5983,841,418,423,10400,5190,5210,363,187,176
1.0 Scen,2013,219,Hockley County,23632,11740,11892,11783,5804,5979,869,433,436,10607,5311,5296,373,192,181
1.0 Scen,2014,219,Hockley County,23849,11875,11974,11784,5812,5972,894,448,446,10793,5421,5372,378,194,184
1.0 Scen,2015,219,Hockley County,24077,12021,12056,11781,5824,5957,919,463,456,10988,5534,5454,389,200,189
1.0 Scen,2016,219,Hockley County,24276,12155,12121,11769,5838,5931,935,473,462,11176,5642,5534,396,202,194
1.0 Scen,2017,219,Hockley County,24467,12276,12191,11753,5837,5916,952,483,469,11354,5750,5604,408,206,202
1.0 Scen,2018,219,Hockley County,24649,12397,12252,11725,5838,5887,967,494,473,11539,5855,5684,418,210,208
1.0 Scen,2019,219,Hockley County,24792,12496,12296,11685,5830,5855,976,501,475,11705,5952,5753,426,213,213
1.0 Scen,2020,219,Hockley County,24916,12586,12330,11647,5818,5829,980,506,474,11855,6048,5807,434,214,220
1.0 Scen,2021,219,Hockley County,25063,12680,12383,11600,5803,5797,987,510,477,12028,6150,5878,448,217,231
1.0 Scen,2022,219,Hockley County,25197,12784,12413,11558,5799,5759,986,513,473,12197,6254,5943,456,218,238
1.0 Scen,2023,219,Hockley County,25329,12875,12454,11517,5779,5738,991,518,473,12360,6356,6004,461,222,239
1.0 Scen,2024,219,Hockley County,25447,12975,12472,11468,5772,5696,994,522,472,12521,6457,6064,464,224,240
1.0 Scen,2025,219,Hockley County,25584,13078,12506,11430,5762,5668,1002,528,474,12689,6563,6126,463,225,238
1.0 Scen,2026,219,Hockley County,25703,13171,12532,11379,5750,5629,1003,530,473,12848,6664,6184,473,227,246
1.0 Scen,2027,219,Hockley County,25814,13267,12547,11326,5736,5590,1002,533,469,13009,6772,6237,477,226,251
1.0 Scen,2028,219,Hockley County,25917,13352,12565,11256,5711,5545,1003,534,469,13174,6878,6296,484,229,255
1.0 Scen,2029,219,Hockley County,26003,13425,12578,11184,5679,5505,1007,537,470,13322,6979,6343,490,230,260
1.0 Scen,2030,219,Hockley County,26091,13511,12580,11117,5655,5462,1006,541,465,13469,7082,6387,499,233,266
1.0 Scen,2031,219,Hockley County,26176,13595,12581,11048,5632,5416,1007,545,462,13612,7181,6431,509,237,272
1.0 Scen,2032,219,Hockley County,26239,13668,12571,10963,5604,5359,1008,551,457,13754,7276,6478,514,237,277
1.0 Scen,2033,219,Hockley County,26318,13743,12575,10887,5580,5307,1017,555,462,13889,7368,6521,525,240,285
1.0 Scen,2034,219,Hockley County,26381,13807,12574,10802,5549,5253,1020,558,462,14019,7455,6564,540,245,295
1.0 Scen,2035,219,Hockley County,26430,13865,12565,10722,5520,5202,1023,563,460,14132,7534,6598,553,248,305
1.0 Scen,2036,219,Hockley County,26465,13909,12556,10634,5482,5152,1027,566,461,14237,7610,6627,567,251,316
1.0 Scen,2037,219,Hockley County,26493,13952,12541,10546,5448,5098,1029,567,462,14342,7685,6657,576,252,324
1.0 Scen,2038,219,Hockley County,26500,13983,12517,10451,5410,5041,1032,571,461,14428,7747,6681,589,255,334
1.0 Scen,2039,219,Hockley County,26482,14009,12473,10344,5365,4979,1033,574,459,14509,7814,6695,596,256,340
1.0 Scen,2040,219,Hockley County,26475,14033,12442,10241,5323,4918,1035,575,460,14595,7876,6719,604,259,345
1.0 Scen,2041,219,Hockley County,26462,14049,12413,10144,5278,4866,1034,578,456,14666,7930,6736,618,263,355
1.0 Scen,2042,219,Hockley County,26433,14064,12369,10038,5234,4804,1027,575,452,14736,7988,6748,632,267,365
1.0 Scen,2043,219,Hockley County,26397,14071,12326,9931,5189,4742,1025,577,448,14795,8036,6759,646,269,377
1.0 Scen,2044,219,Hockley County,26355,14075,12280,9823,5142,4681,1020,577,443,14854,8083,6771,658,273,385
1.0 Scen,2045,219,Hockley County,26295,14071,12224,9713,5094,4619,1012,574,438,14899,8128,6771,671,275,396
1.0 Scen,2046,219,Hockley County,26234,14077,12157,9599,5046,4553,1015,578,437,14943,8176,6767,677,277,400
1.0 Scen,2047,219,Hockley County,26177,14067,12110,9489,4995,4494,1002,577,425,14991,8217,6774,695,278,417
1.0 Scen,2048,219,Hockley County,26094,14059,12035,9382,4953,4429,987,573,414,15027,8258,6769,698,275,423
1.0 Scen,2049,219,Hockley County,26020,14049,11971,9279,4911,4368,979,571,408,15058,8294,6764,704,273,431
1.0 Scen,2050,219,Hockley County,25950,14042,11908,9178,4868,4310,977,573,404,15084,8329,6755,711,272,439
1.0 Scen,2010,221,Hood County,51182,25181,26001,44588,21707,22881,225,143,82,5234,2799,2435,1135,532,603
1.0 Scen,2011,221,Hood County,52145,25660,26485,45279,22041,23238,228,145,83,5470,2924,2546,1168,550,618
1.0 Scen,2012,221,Hood County,53105,26133,26972,45959,22370,23589,231,147,84,5709,3050,2659,1206,566,640
1.0 Scen,2013,221,Hood County,54099,26618,27481,46656,22699,23957,232,148,84,5970,3189,2781,1241,582,659
1.0 Scen,2014,221,Hood County,55084,27102,27982,47343,23018,24325,236,150,86,6229,3331,2898,1276,603,673
1.0 Scen,2015,221,Hood County,56112,27600,28512,48045,23346,24699,242,154,88,6510,3478,3032,1315,622,693
1.0 Scen,2016,221,Hood County,57122,28096,29026,48730,23667,25063,248,158,90,6800,3632,3168,1344,639,705
1.0 Scen,2017,221,Hood County,58168,28610,29558,49431,23998,25433,252,161,91,7101,3790,3311,1384,661,723
1.0 Scen,2018,221,Hood County,59191,29114,30077,50111,24315,25796,255,163,92,7405,3955,3450,1420,681,739
1.0 Scen,2019,221,Hood County,60230,29629,30601,50771,24622,26149,260,167,93,7743,4140,3603,1456,700,756
1.0 Scen,2020,221,Hood County,61274,30135,31139,51429,24924,26505,263,169,94,8089,4322,3767,1493,720,773
1.0 Scen,2021,221,Hood County,62311,30635,31676,52068,25223,26845,265,171,94,8448,4507,3941,1530,734,796
1.0 Scen,2022,221,Hood County,63338,31130,32208,52691,25513,27178,267,172,95,8818,4695,4123,1562,750,812
1.0 Scen,2023,221,Hood County,64359,31635,32724,53291,25795,27496,270,174,96,9201,4895,4306,1597,771,826
1.0 Scen,2024,221,Hood County,65383,32140,33243,53866,26068,27798,273,175,98,9604,5103,4501,1640,794,846
1.0 Scen,2025,221,Hood County,66408,32639,33769,54418,26325,28093,274,175,99,10023,5315,4708,1693,824,869
1.0 Scen,2026,221,Hood County,67413,33145,34268,54941,26576,28365,277,176,101,10448,5537,4911,1747,856,891
1.0 Scen,2027,221,Hood County,68381,33639,34742,55414,26810,28604,279,178,101,10890,5764,5126,1798,887,911
1.0 Scen,2028,221,Hood County,69333,34129,35204,55861,27036,28825,283,179,104,11349,6002,5347,1840,912,928
1.0 Scen,2029,221,Hood County,70270,34611,35659,56273,27241,29032,284,180,104,11816,6247,5569,1897,943,954
1.0 Scen,2030,221,Hood County,71175,35076,36099,56623,27421,29202,287,181,106,12303,6500,5803,1962,974,988
1.0 Scen,2031,221,Hood County,72073,35553,36520,56946,27592,29354,289,183,106,12798,6760,6038,2040,1018,1022
1.0 Scen,2032,221,Hood County,72899,35999,36900,57193,27725,29468,288,183,105,13309,7031,6278,2109,1060,1049
1.0 Scen,2033,221,Hood County,73690,36424,37266,57394,27842,29552,287,183,104,13825,7296,6529,2184,1103,1081
1.0 Scen,2034,221,Hood County,74450,36837,37613,57537,27930,29607,287,183,104,14364,7578,6786,2262,1146,1116
1.0 Scen,2035,221,Hood County,75170,37233,37937,57651,28004,29647,286,183,103,14905,7858,7047,2328,1188,1140
1.0 Scen,2036,221,Hood County,75857,37617,38240,57691,28047,29644,285,182,103,15468,8156,7312,2413,1232,1181
1.0 Scen,2037,221,Hood County,76527,37994,38533,57699,28078,29621,283,181,102,16042,8451,7591,2503,1284,1219
1.0 Scen,2038,221,Hood County,77130,38346,38784,57645,28078,29567,284,183,101,16626,8756,7870,2575,1329,1246
1.0 Scen,2039,221,Hood County,77745,38709,39036,57571,28078,29493,283,182,101,17225,9069,8156,2666,1380,1286
1.0 Scen,2040,221,Hood County,78328,39052,39276,57456,28054,29402,281,180,101,17836,9386,8450,2755,1432,1323
1.0 Scen,2041,221,Hood County,78925,39409,39516,57320,28023,29297,284,183,101,18468,9712,8756,2853,1491,1362
1.0 Scen,2042,221,Hood County,79498,39758,39740,57146,27978,29168,287,187,100,19114,10046,9068,2951,1547,1404
1.0 Scen,2043,221,Hood County,80059,40094,39965,56953,27920,29033,287,188,99,19757,10381,9376,3062,1605,1457
1.0 Scen,2044,221,Hood County,80624,40439,40185,56740,27855,28885,289,191,98,20429,10722,9707,3166,1671,1495
1.0 Scen,2045,221,Hood County,81187,40789,40398,56495,27778,28717,290,196,94,21126,11085,10041,3276,1730,1546
1.0 Scen,2046,221,Hood County,81772,41149,40623,56250,27702,28548,291,199,92,21837,11454,10383,3394,1794,1600
1.0 Scen,2047,221,Hood County,82356,41495,40861,55998,27619,28379,287,195,92,22560,11825,10735,3511,1856,1655
1.0 Scen,2048,221,Hood County,83009,41907,41102,55766,27554,28212,291,201,90,23309,12219,11090,3643,1933,1710
1.0 Scen,2049,221,Hood County,83696,42322,41374,55537,27489,28048,296,205,91,24086,12620,11466,3777,2008,1769
1.0 Scen,2050,221,Hood County,84406,42759,41647,55317,27430,27887,300,209,91,24877,13034,11843,3912,2086,1826
1.0 Scen,2010,223,Hopkins County,35161,17421,17740,26501,12923,13578,2448,1190,1258,5368,2906,2462,844,402,442
1.0 Scen,2011,223,Hopkins County,35462,17601,17861,26503,12939,13564,2483,1213,1270,5592,3026,2566,884,423,461
1.0 Scen,2012,223,Hopkins County,35784,17780,18004,26520,12954,13566,2515,1233,1282,5818,3147,2671,931,446,485
1.0 Scen,2013,223,Hopkins County,36099,17958,18141,26525,12965,13560,2542,1250,1292,6053,3273,2780,979,470,509
1.0 Scen,2014,223,Hopkins County,36438,18160,18278,26537,12984,13553,2580,1276,1304,6291,3402,2889,1030,498,532
1.0 Scen,2015,223,Hopkins County,36774,18344,18430,26526,12980,13546,2614,1299,1315,6549,3540,3009,1085,525,560
1.0 Scen,2016,223,Hopkins County,37105,18531,18574,26513,12982,13531,2632,1315,1317,6819,3681,3138,1141,553,588
1.0 Scen,2017,223,Hopkins County,37465,18742,18723,26502,12991,13511,2659,1335,1324,7101,3830,3271,1203,586,617
1.0 Scen,2018,223,Hopkins County,37796,18948,18848,26479,12991,13488,2679,1353,1326,7371,3980,3391,1267,624,643
1.0 Scen,2019,223,Hopkins County,38144,19150,18994,26452,12986,13466,2694,1365,1329,7672,4143,3529,1326,656,670
1.0 Scen,2020,223,Hopkins County,38504,19363,19141,26427,12984,13443,2710,1381,1329,7984,4308,3676,1383,690,693
1.0 Scen,2021,223,Hopkins County,38876,19577,19299,26396,12984,13412,2722,1394,1328,8303,4472,3831,1455,727,728
1.0 Scen,2022,223,Hopkins County,39264,19802,19462,26371,12984,13387,2732,1404,1328,8635,4651,3984,1526,763,763
1.0 Scen,2023,223,Hopkins County,39653,20026,19627,26333,12978,13355,2733,1408,1325,8975,4833,4142,1612,807,805
1.0 Scen,2024,223,Hopkins County,40058,20258,19800,26301,12976,13325,2736,1411,1325,9330,5019,4311,1691,852,839
1.0 Scen,2025,223,Hopkins County,40467,20486,19981,26256,12964,13292,2733,1410,1323,9691,5211,4480,1787,901,886
1.0 Scen,2026,223,Hopkins County,40888,20726,20162,26194,12945,13249,2732,1415,1317,10063,5406,4657,1899,960,939
1.0 Scen,2027,223,Hopkins County,41315,20966,20349,26125,12916,13209,2732,1420,1312,10437,5605,4832,2021,1025,996
1.0 Scen,2028,223,Hopkins County,41749,21218,20531,26047,12891,13156,2727,1423,1304,10826,5811,5015,2149,1093,1056
1.0 Scen,2029,223,Hopkins County,42191,21462,20729,25951,12852,13099,2722,1422,1300,11224,6020,5204,2294,1168,1126
1.0 Scen,2030,223,Hopkins County,42634,21715,20919,25842,12806,13036,2714,1424,1290,11620,6231,5389,2458,1254,1204
1.0 Scen,2031,223,Hopkins County,43086,21959,21127,25723,12758,12965,2712,1423,1289,12031,6443,5588,2620,1335,1285
1.0 Scen,2032,223,Hopkins County,43524,22208,21316,25598,12711,12887,2694,1416,1278,12443,6655,5788,2789,1426,1363
1.0 Scen,2033,223,Hopkins County,43972,22470,21502,25466,12660,12806,2677,1410,1267,12850,6867,5983,2979,1533,1446
1.0 Scen,2034,223,Hopkins County,44454,22753,21701,25326,12610,12716,2668,1411,1257,13272,7090,6182,3188,1642,1546
1.0 Scen,2035,223,Hopkins County,44940,23030,21910,25181,12552,12629,2663,1413,1250,13689,7307,6382,3407,1758,1649
1.0 Scen,2036,223,Hopkins County,45436,23331,22105,25024,12493,12531,2645,1410,1235,14120,7543,6577,3647,1885,1762
1.0 Scen,2037,223,Hopkins County,45960,23634,22326,24866,12432,12434,2630,1404,1226,14564,7780,6784,3900,2018,1882
1.0 Scen,2038,223,Hopkins County,46489,23952,22537,24710,12372,12338,2609,1401,1208,15009,8020,6989,4161,2159,2002
1.0 Scen,2039,223,Hopkins County,47036,24273,22763,24533,12301,12232,2592,1393,1199,15452,8260,7192,4459,2319,2140
1.0 Scen,2040,223,Hopkins County,47610,24598,23012,24366,12237,12129,2582,1388,1194,15907,8502,7405,4755,2471,2284
1.0 Scen,2041,223,Hopkins County,48202,24943,23259,24193,12167,12026,2568,1385,1183,16362,8749,7613,5079,2642,2437
1.0 Scen,2042,223,Hopkins County,48842,25315,23527,24011,12095,11916,2550,1377,1173,16850,9014,7836,5431,2829,2602
1.0 Scen,2043,223,Hopkins County,49488,25686,23802,23833,12025,11808,2533,1373,1160,17323,9266,8057,5799,3022,2777
1.0 Scen,2044,223,Hopkins County,50178,26080,24098,23654,11954,11700,2524,1373,1151,17815,9530,8285,6185,3223,2962
1.0 Scen,2045,223,Hopkins County,50899,26486,24413,23472,11882,11590,2515,1371,1144,18322,9800,8522,6590,3433,3157
1.0 Scen,2046,223,Hopkins County,51648,26917,24731,23293,11811,11482,2494,1368,1126,18833,10077,8756,7028,3661,3367
1.0 Scen,2047,223,Hopkins County,52423,27366,25057,23108,11745,11363,2477,1363,1114,19349,10356,8993,7489,3902,3587
1.0 Scen,2048,223,Hopkins County,53243,27830,25413,22936,11677,11259,2467,1364,1103,19871,10639,9232,7969,4150,3819
1.0 Scen,2049,223,Hopkins County,54104,28316,25788,22760,11607,11153,2460,1365,1095,20406,10929,9477,8478,4415,4063
1.0 Scen,2050,223,Hopkins County,54993,28825,26168,22589,11543,11046,2446,1366,1080,20948,11225,9723,9010,4691,4319
1.0 Scen,2010,225,Houston County,23732,12769,10963,14811,7570,7241,6129,3460,2669,2364,1551,813,428,188,240
1.0 Scen,2011,225,Houston County,23909,12867,11042,14872,7601,7271,6173,3490,2683,2425,1583,842,439,193,246
1.0 Scen,2012,225,Houston County,24051,12950,11101,14894,7614,7280,6212,3518,2694,2490,1618,872,455,200,255
1.0 Scen,2013,225,Houston County,24206,13034,11172,14935,7629,7306,6248,3547,2701,2556,1653,903,467,205,262
1.0 Scen,2014,225,Houston County,24359,13121,11238,14979,7656,7323,6282,3567,2715,2618,1689,929,480,209,271
1.0 Scen,2015,225,Houston County,24515,13209,11306,15021,7679,7342,6325,3595,2730,2675,1720,955,494,215,279
1.0 Scen,2016,225,Houston County,24661,13282,11379,15072,7700,7372,6341,3610,2731,2740,1755,985,508,217,291
1.0 Scen,2017,225,Houston County,24770,13357,11413,15101,7721,7380,6348,3625,2723,2802,1790,1012,519,221,298
1.0 Scen,2018,225,Houston County,24894,13421,11473,15130,7727,7403,6361,3639,2722,2870,1828,1042,533,227,306
1.0 Scen,2019,225,Houston County,25018,13492,11526,15162,7742,7420,6373,3653,2720,2937,1865,1072,546,232,314
1.0 Scen,2020,225,Houston County,25147,13559,11588,15189,7748,7441,6390,3665,2725,3014,1911,1103,554,235,319
1.0 Scen,2021,225,Houston County,25257,13615,11642,15199,7750,7449,6397,3669,2728,3095,1956,1139,566,240,326
1.0 Scen,2022,225,Houston County,25381,13680,11701,15218,7755,7463,6407,3677,2730,3183,2005,1178,573,243,330
1.0 Scen,2023,225,Houston County,25487,13732,11755,15221,7753,7468,6419,3681,2738,3262,2049,1213,585,249,336
1.0 Scen,2024,225,Houston County,25568,13783,11785,15202,7744,7458,6430,3686,2744,3342,2096,1246,594,257,337
1.0 Scen,2025,225,Houston County,25673,13846,11827,15194,7742,7452,6437,3693,2744,3435,2148,1287,607,263,344
1.0 Scen,2026,225,Houston County,25781,13902,11879,15184,7736,7448,6449,3697,2752,3521,2196,1325,627,273,354
1.0 Scen,2027,225,Houston County,25860,13952,11908,15144,7725,7419,6446,3692,2754,3624,2251,1373,646,284,362
1.0 Scen,2028,225,Houston County,25956,14002,11954,15117,7709,7408,6452,3697,2755,3717,2298,1419,670,298,372
1.0 Scen,2029,225,Houston County,26015,14055,11960,15069,7694,7375,6449,3697,2752,3807,2357,1450,690,307,383
1.0 Scen,2030,225,Houston County,26086,14095,11991,15007,7667,7340,6446,3697,2749,3911,2409,1502,722,322,400
1.0 Scen,2031,225,Houston County,26167,14146,12021,14940,7638,7302,6446,3697,2749,4023,2470,1553,758,341,417
1.0 Scen,2032,225,Houston County,26198,14170,12028,14855,7604,7251,6430,3687,2743,4125,2523,1602,788,356,432
1.0 Scen,2033,225,Houston County,26232,14203,12029,14768,7572,7196,6413,3679,2734,4232,2584,1648,819,368,451
1.0 Scen,2034,225,Houston County,26254,14240,12014,14672,7540,7132,6387,3668,2719,4334,2643,1691,861,389,472
1.0 Scen,2035,225,Houston County,26275,14264,12011,14560,7494,7066,6359,3650,2709,4455,2709,1746,901,411,490
1.0 Scen,2036,225,Houston County,26289,14282,12007,14465,7462,7003,6322,3630,2692,4552,2757,1795,950,433,517
1.0 Scen,2037,225,Houston County,26292,14315,11977,14345,7423,6922,6290,3623,2667,4659,2812,1847,998,457,541
1.0 Scen,2038,225,Houston County,26274,14320,11954,14217,7366,6851,6248,3606,2642,4767,2869,1898,1042,479,563
1.0 Scen,2039,225,Houston County,26275,14335,11940,14086,7313,6773,6214,3590,2624,4881,2927,1954,1094,505,589
1.0 Scen,2040,225,Houston County,26250,14351,11899,13943,7260,6683,6164,3570,2594,4997,2992,2005,1146,529,617
1.0 Scen,2041,225,Houston County,26228,14361,11867,13802,7203,6599,6110,3550,2560,5117,3055,2062,1199,553,646
1.0 Scen,2042,225,Houston County,26219,14369,11850,13663,7145,6518,6070,3531,2539,5231,3113,2118,1255,580,675
1.0 Scen,2043,225,Houston County,26187,14365,11822,13507,7082,6425,6011,3503,2508,5357,3175,2182,1312,605,707
1.0 Scen,2044,225,Houston County,26156,14370,11786,13364,7023,6341,5945,3475,2470,5476,3239,2237,1371,633,738
1.0 Scen,2045,225,Houston County,26150,14381,11769,13219,6966,6253,5892,3449,2443,5606,3304,2302,1433,662,771
1.0 Scen,2046,225,Houston County,26106,14380,11726,13070,6902,6168,5825,3423,2402,5722,3363,2359,1489,692,797
1.0 Scen,2047,225,Houston County,26091,14388,11703,12919,6843,6076,5766,3390,2376,5853,3431,2422,1553,724,829
1.0 Scen,2048,225,Houston County,26085,14393,11692,12787,6791,5996,5698,3353,2345,5980,3496,2484,1620,753,867
1.0 Scen,2049,225,Houston County,26052,14404,11648,12636,6729,5907,5631,3322,2309,6094,3563,2531,1691,790,901
1.0 Scen,2050,225,Houston County,26056,14412,11644,12493,6670,5823,5556,3278,2278,6239,3638,2601,1768,826,942
1.0 Scen,2010,227,Howard County,35012,19720,15292,18801,10033,8768,2079,1509,570,13255,7661,5594,877,517,360
1.0 Scen,2011,227,Howard County,35301,19895,15406,18858,10085,8773,2095,1521,574,13448,7761,5687,900,528,372
1.0 Scen,2012,227,Howard County,35595,20064,15531,18906,10123,8783,2122,1540,582,13648,7864,5784,919,537,382
1.0 Scen,2013,227,Howard County,35879,20231,15648,18961,10167,8794,2145,1556,589,13835,7963,5872,938,545,393
1.0 Scen,2014,227,Howard County,36171,20418,15753,19025,10228,8797,2166,1575,591,14013,8055,5958,967,560,407
1.0 Scen,2015,227,Howard County,36478,20591,15887,19089,10277,8812,2197,1591,606,14203,8154,6049,989,569,420
1.0 Scen,2016,227,Howard County,36737,20743,15994,19128,10318,8810,2214,1603,611,14380,8242,6138,1015,580,435
1.0 Scen,2017,227,Howard County,37000,20902,16098,19159,10351,8808,2235,1618,617,14564,8337,6227,1042,596,446
1.0 Scen,2018,227,Howard County,37244,21054,16190,19182,10385,8797,2259,1640,619,14742,8426,6316,1061,603,458
1.0 Scen,2019,227,Howard County,37477,21201,16276,19185,10411,8774,2282,1653,629,14922,8520,6402,1088,617,471
1.0 Scen,2020,227,Howard County,37715,21360,16355,19190,10437,8753,2304,1669,635,15104,8620,6484,1117,634,483
1.0 Scen,2021,227,Howard County,37933,21502,16431,19193,10459,8734,2318,1680,638,15288,8720,6568,1134,643,491
1.0 Scen,2022,227,Howard County,38195,21677,16518,19203,10484,8719,2338,1699,639,15484,8827,6657,1170,667,503
1.0 Scen,2023,227,Howard County,38429,21820,16609,19201,10499,8702,2353,1713,640,15671,8920,6751,1204,688,516
1.0 Scen,2024,227,Howard County,38656,21966,16690,19185,10513,8672,2367,1723,644,15862,9017,6845,1242,713,529
1.0 Scen,2025,227,Howard County,38900,22126,16774,19163,10522,8641,2392,1743,649,16061,9125,6936,1284,736,548
1.0 Scen,2026,227,Howard County,39107,22255,16852,19125,10514,8611,2409,1754,655,16245,9222,7023,1328,765,563
1.0 Scen,2027,227,Howard County,39317,22387,16930,19089,10518,8571,2422,1761,661,16428,9320,7108,1378,788,590
1.0 Scen,2028,227,Howard County,39538,22538,17000,19051,10525,8526,2440,1773,667,16611,9420,7191,1436,820,616
1.0 Scen,2029,227,Howard County,39745,22673,17072,19015,10521,8494,2454,1784,670,16783,9518,7265,1493,850,643
1.0 Scen,2030,227,Howard County,39926,22791,17135,18954,10508,8446,2461,1792,669,16954,9608,7346,1557,883,674
1.0 Scen,2031,227,Howard County,40113,22912,17201,18897,10491,8406,2469,1803,666,17115,9698,7417,1632,920,712
1.0 Scen,2032,227,Howard County,40278,23021,17257,18829,10470,8359,2477,1810,667,17262,9779,7483,1710,962,748
1.0 Scen,2033,227,Howard County,40458,23141,17317,18782,10469,8313,2491,1818,673,17395,9849,7546,1790,1005,785
1.0 Scen,2034,227,Howard County,40610,23240,17370,18717,10452,8265,2500,1823,677,17522,9919,7603,1871,1046,825
1.0 Scen,2035,227,Howard County,40746,23338,17408,18644,10431,8213,2505,1825,680,17640,9987,7653,1957,1095,862
1.0 Scen,2036,227,Howard County,40879,23428,17451,18575,10411,8164,2509,1828,681,17754,10049,7705,2041,1140,901
1.0 Scen,2037,227,Howard County,40990,23505,17485,18491,10384,8107,2516,1831,685,17847,10098,7749,2136,1192,944
1.0 Scen,2038,227,Howard County,41118,23591,17527,18417,10362,8055,2525,1837,688,17948,10150,7798,2228,1242,986
1.0 Scen,2039,227,Howard County,41212,23652,17560,18328,10330,7998,2526,1835,691,18028,10189,7839,2330,1298,1032
1.0 Scen,2040,227,Howard County,41296,23706,17590,18236,10294,7942,2522,1835,687,18106,10227,7879,2432,1350,1082
1.0 Scen,2041,227,Howard County,41364,23759,17605,18130,10250,7880,2518,1834,684,18176,10261,7915,2540,1414,1126
1.0 Scen,2042,227,Howard County,41430,23800,17630,18022,10203,7819,2525,1837,688,18230,10285,7945,2653,1475,1178
1.0 Scen,2043,227,Howard County,41491,23843,17648,17915,10161,7754,2509,1826,683,18291,10314,7977,2776,1542,1234
1.0 Scen,2044,227,Howard County,41546,23873,17673,17811,10114,7697,2506,1824,682,18334,10329,8005,2895,1606,1289
1.0 Scen,2045,227,Howard County,41591,23917,17674,17702,10068,7634,2501,1825,676,18367,10349,8018,3021,1675,1346
1.0 Scen,2046,227,Howard County,41621,23952,17669,17588,10024,7564,2491,1821,670,18404,10369,8035,3138,1738,1400
1.0 Scen,2047,227,Howard County,41648,23970,17678,17476,9971,7505,2477,1818,659,18429,10375,8054,3266,1806,1460
1.0 Scen,2048,227,Howard County,41651,23969,17682,17344,9912,7432,2466,1811,655,18451,10383,8068,3390,1863,1527
1.0 Scen,2049,227,Howard County,41684,24000,17684,17240,9872,7368,2451,1801,650,18469,10387,8082,3524,1940,1584
1.0 Scen,2050,227,Howard County,41709,24030,17679,17135,9830,7305,2439,1797,642,18476,10388,8088,3659,2015,1644
1.0 Scen,2010,229,Hudspeth County,3476,1750,1726,628,337,291,30,22,8,2768,1370,1398,50,21,29
1.0 Scen,2011,229,Hudspeth County,3530,1779,1751,636,341,295,30,22,8,2814,1395,1419,50,21,29
1.0 Scen,2012,229,Hudspeth County,3587,1810,1777,645,347,298,30,22,8,2862,1420,1442,50,21,29
1.0 Scen,2013,229,Hudspeth County,3639,1841,1798,652,352,300,30,22,8,2907,1446,1461,50,21,29
1.0 Scen,2014,229,Hudspeth County,3692,1872,1820,658,356,302,30,22,8,2954,1473,1481,50,21,29
1.0 Scen,2015,229,Hudspeth County,3735,1897,1838,662,360,302,30,22,8,2992,1493,1499,51,22,29
1.0 Scen,2016,229,Hudspeth County,3783,1925,1858,665,363,302,30,22,8,3036,1518,1518,52,22,30
1.0 Scen,2017,229,Hudspeth County,3835,1955,1880,669,366,303,30,22,8,3083,1544,1539,53,23,30
1.0 Scen,2018,229,Hudspeth County,3888,1984,1904,672,369,303,30,22,8,3132,1570,1562,54,23,31
1.0 Scen,2019,229,Hudspeth County,3938,2013,1925,676,373,303,30,22,8,3178,1595,1583,54,23,31
1.0 Scen,2020,229,Hudspeth County,3981,2036,1945,673,372,301,30,22,8,3223,1619,1604,55,23,32
1.0 Scen,2021,229,Hudspeth County,4022,2060,1962,669,372,297,30,22,8,3267,1642,1625,56,24,32
1.0 Scen,2022,229,Hudspeth County,4063,2079,1984,670,373,297,30,22,8,3306,1660,1646,57,24,33
1.0 Scen,2023,229,Hudspeth County,4090,2094,1996,667,372,295,30,22,8,3334,1674,1660,59,26,33
1.0 Scen,2024,229,Hudspeth County,4115,2110,2005,663,370,293,30,22,8,3363,1692,1671,59,26,33
1.0 Scen,2025,229,Hudspeth County,4153,2130,2023,663,371,292,30,22,8,3400,1710,1690,60,27,33
1.0 Scen,2026,229,Hudspeth County,4178,2142,2036,655,365,290,30,22,8,3432,1728,1704,61,27,34
1.0 Scen,2027,229,Hudspeth County,4211,2161,2050,651,361,290,30,22,8,3468,1750,1718,62,28,34
1.0 Scen,2028,229,Hudspeth County,4238,2177,2061,648,360,288,30,22,8,3497,1767,1730,63,28,35
1.0 Scen,2029,229,Hudspeth County,4260,2186,2074,640,356,284,30,22,8,3526,1779,1747,64,29,35
1.0 Scen,2030,229,Hudspeth County,4282,2199,2083,638,353,285,30,22,8,3550,1795,1755,64,29,35
1.0 Scen,2031,229,Hudspeth County,4302,2208,2094,627,344,283,30,22,8,3581,1813,1768,64,29,35
1.0 Scen,2032,229,Hudspeth County,4324,2224,2100,620,341,279,30,22,8,3613,1835,1778,61,26,35
1.0 Scen,2033,229,Hudspeth County,4331,2227,2104,610,333,277,30,22,8,3629,1845,1784,62,27,35
1.0 Scen,2034,229,Hudspeth County,4323,2216,2107,599,325,274,28,20,8,3633,1844,1789,63,27,36
1.0 Scen,2035,229,Hudspeth County,4328,2228,2100,580,316,264,29,21,8,3654,1862,1792,65,29,36
1.0 Scen,2036,229,Hudspeth County,4322,2227,2095,567,309,258,29,21,8,3661,1868,1793,65,29,36
1.0 Scen,2037,229,Hudspeth County,4332,2235,2097,554,303,251,29,21,8,3684,1882,1802,65,29,36
1.0 Scen,2038,229,Hudspeth County,4340,2246,2094,545,297,248,29,21,8,3701,1899,1802,65,29,36
1.0 Scen,2039,229,Hudspeth County,4332,2242,2090,537,292,245,29,21,8,3701,1900,1801,65,29,36
1.0 Scen,2040,229,Hudspeth County,4335,2246,2089,525,285,240,29,21,8,3716,1911,1805,65,29,36
1.0 Scen,2041,229,Hudspeth County,4335,2252,2083,515,281,234,28,20,8,3727,1922,1805,65,29,36
1.0 Scen,2042,229,Hudspeth County,4324,2251,2073,505,275,230,28,20,8,3727,1927,1800,64,29,35
1.0 Scen,2043,229,Hudspeth County,4317,2250,2067,490,270,220,26,18,8,3737,1933,1804,64,29,35
1.0 Scen,2044,229,Hudspeth County,4309,2247,2062,478,262,216,26,18,8,3740,1937,1803,65,30,35
1.0 Scen,2045,229,Hudspeth County,4301,2243,2058,466,255,211,25,19,6,3744,1938,1806,66,31,35
1.0 Scen,2046,229,Hudspeth County,4286,2240,2046,453,246,207,25,19,6,3743,1944,1799,65,31,34
1.0 Scen,2047,229,Hudspeth County,4278,2234,2044,437,238,199,23,17,6,3755,1949,1806,63,30,33
1.0 Scen,2048,229,Hudspeth County,4268,2232,2036,425,231,194,23,17,6,3757,1954,1803,63,30,33
1.0 Scen,2049,229,Hudspeth County,4252,2229,2023,417,224,193,23,17,6,3748,1956,1792,64,32,32
1.0 Scen,2050,229,Hudspeth County,4243,2225,2018,409,220,189,22,16,6,3750,1959,1791,62,30,32
1.0 Scen,2010,231,Hunt County,86129,42700,43429,64393,31631,32762,6976,3372,3604,11751,6234,5517,3009,1463,1546
1.0 Scen,2011,231,Hunt County,87499,43288,44211,64813,31749,33064,7134,3442,3692,12374,6551,5823,3178,1546,1632
1.0 Scen,2012,231,Hunt County,88912,43890,45022,65254,31860,33394,7288,3512,3776,13016,6883,6133,3354,1635,1719
1.0 Scen,2013,231,Hunt County,90347,44524,45823,65652,31966,33686,7448,3584,3864,13705,7234,6471,3542,1740,1802
1.0 Scen,2014,231,Hunt County,91849,45172,46677,66038,32067,33971,7627,3654,3973,14448,7612,6836,3736,1839,1897
1.0 Scen,2015,231,Hunt County,93347,45808,47539,66411,32149,34262,7788,3728,4060,15225,8003,7222,3923,1928,1995
1.0 Scen,2016,231,Hunt County,94944,46504,48440,66778,32239,34539,7985,3819,4166,16053,8420,7633,4128,2026,2102
1.0 Scen,2017,231,Hunt County,96586,47223,49363,67133,32320,34813,8169,3912,4257,16934,8864,8070,4350,2127,2223
1.0 Scen,2018,231,Hunt County,98305,47970,50335,67501,32405,35096,8354,3997,4357,17857,9319,8538,4593,2249,2344
1.0 Scen,2019,231,Hunt County,100070,48754,51316,67849,32483,35366,8533,4087,4446,18832,9797,9035,4856,2387,2469
1.0 Scen,2020,231,Hunt County,101894,49581,52313,68204,32571,35633,8724,4183,4541,19845,10304,9541,5121,2523,2598
1.0 Scen,2021,231,Hunt County,103694,50382,53312,68485,32628,35857,8893,4265,4628,20904,10823,10081,5412,2666,2746
1.0 Scen,2022,231,Hunt County,105562,51235,54327,68767,32688,36079,9060,4354,4706,22031,11383,10648,5704,2810,2894
1.0 Scen,2023,231,Hunt County,107482,52112,55370,69013,32728,36285,9223,4432,4791,23218,11975,11243,6028,2977,3051
1.0 Scen,2024,231,Hunt County,109455,53014,56441,69236,32761,36475,9391,4513,4878,24468,12594,11874,6360,3146,3214
1.0 Scen,2025,231,Hunt County,111486,53944,57542,69434,32779,36655,9562,4599,4963,25780,13244,12536,6710,3322,3388
1.0 Scen,2026,231,Hunt County,113592,54932,58660,69619,32801,36818,9735,4689,5046,27165,13933,13232,7073,3509,3564
1.0 Scen,2027,231,Hunt County,115756,55924,59832,69772,32804,36968,9917,4771,5146,28620,14651,13969,7447,3698,3749
1.0 Scen,2028,231,Hunt County,117995,56974,61021,69911,32807,37104,10090,4851,5239,30141,15406,14735,7853,3910,3943
1.0 Scen,2029,231,Hunt County,120268,58038,62230,70007,32788,37219,10269,4939,5330,31733,16191,15542,8259,4120,4139
1.0 Scen,2030,231,Hunt County,122641,59155,63486,70079,32762,37317,10435,5019,5416,33417,17015,16402,8710,4359,4351
1.0 Scen,2031,231,Hunt County,125034,60281,64753,70101,32715,37386,10602,5099,5503,35162,17867,17295,9169,4600,4569
1.0 Scen,2032,231,Hunt County,127519,61437,66082,70112,32661,37451,10773,5179,5594,36972,18737,18235,9662,4860,4802
1.0 Scen,2033,231,Hunt County,130042,62628,67414,70090,32595,37495,10929,5257,5672,38848,19645,19203,10175,5131,5044
1.0 Scen,2034,231,Hunt County,132640,63841,68799,70026,32512,37514,11089,5331,5758,40807,20584,20223,10718,5414,5304
1.0 Scen,2035,231,Hunt County,135294,65087,70207,69939,32423,37516,11244,5405,5839,42827,21547,21280,11284,5712,5572
1.0 Scen,2036,231,Hunt County,138026,66385,71641,69822,32321,37501,11402,5485,5917,44912,22543,22369,11890,6036,5854
1.0 Scen,2037,231,Hunt County,140831,67705,73126,69686,32214,37472,11563,5562,6001,47076,23568,23508,12506,6361,6145
1.0 Scen,2038,231,Hunt County,143715,69069,74646,69527,32108,37419,11726,5640,6086,49313,24622,24691,13149,6699,6450
1.0 Scen,2039,231,Hunt County,146688,70478,76210,69342,31987,37355,11888,5716,6172,51622,25709,25913,13836,7066,6770
1.0 Scen,2040,231,Hunt County,149788,71946,77842,69149,31858,37291,12051,5797,6254,54029,26842,27187,14559,7449,7110
1.0 Scen,2041,231,Hunt County,152917,73437,79480,68914,31716,37198,12194,5872,6322,56507,28006,28501,15302,7843,7459
1.0 Scen,2042,231,Hunt County,156191,74996,81195,68681,31582,37099,12352,5945,6407,59077,29209,29868,16081,8260,7821
1.0 Scen,2043,231,Hunt County,159566,76612,82954,68423,31434,36989,12506,6018,6488,61725,30455,31270,16912,8705,8207
1.0 Scen,2044,231,Hunt County,163055,78306,84749,68157,31296,36861,12658,6096,6562,64475,31749,32726,17765,9165,8600
1.0 Scen,2045,231,Hunt County,166649,80046,86603,67874,31149,36725,12811,6169,6642,67308,33080,34228,18656,9648,9008
1.0 Scen,2046,231,Hunt County,170386,81857,88529,67586,30999,36587,12957,6246,6711,70252,34461,35791,19591,10151,9440
1.0 Scen,2047,231,Hunt County,174292,83757,90535,67303,30860,36443,13105,6324,6781,73298,35890,37408,20586,10683,9903
1.0 Scen,2048,231,Hunt County,178312,85723,92589,67021,30725,36296,13240,6392,6848,76439,37372,39067,21612,11234,10378
1.0 Scen,2049,231,Hunt County,182489,87757,94732,66745,30596,36149,13370,6458,6912,79687,38895,40792,22687,11808,10879
1.0 Scen,2050,231,Hunt County,186827,89884,96943,66472,30466,36006,13498,6526,6972,83052,40486,42566,23805,12406,11399
1.0 Scen,2010,233,Hutchinson County,22150,11077,11073,16482,8171,8311,512,283,229,4386,2245,2141,770,378,392
1.0 Scen,2011,233,Hutchinson County,22222,11128,11094,16437,8160,8277,514,285,229,4483,2296,2187,788,387,401
1.0 Scen,2012,233,Hutchinson County,22245,11153,11092,16351,8124,8227,517,288,229,4571,2343,2228,806,398,408
1.0 Scen,2013,233,Hutchinson County,22292,11186,11106,16272,8088,8184,520,290,230,4673,2397,2276,827,411,416
1.0 Scen,2014,233,Hutchinson County,22330,11218,11112,16195,8055,8140,525,292,233,4767,2451,2316,843,420,423
1.0 Scen,2015,233,Hutchinson County,22372,11256,11116,16114,8026,8088,531,296,235,4865,2505,2360,862,429,433
1.0 Scen,2016,233,Hutchinson County,22412,11286,11126,16038,7992,8046,534,298,236,4960,2556,2404,880,440,440
1.0 Scen,2017,233,Hutchinson County,22448,11322,11126,15956,7962,7994,543,304,239,5056,2607,2449,893,449,444
1.0 Scen,2018,233,Hutchinson County,22476,11346,11130,15869,7925,7944,547,306,241,5156,2660,2496,904,455,449
1.0 Scen,2019,233,Hutchinson County,22509,11381,11128,15782,7891,7891,551,308,243,5258,2718,2540,918,464,454
1.0 Scen,2020,233,Hutchinson County,22540,11416,11124,15691,7855,7836,552,308,244,5360,2776,2584,937,477,460
1.0 Scen,2021,233,Hutchinson County,22573,11446,11127,15603,7816,7787,557,311,246,5462,2837,2625,951,482,469
1.0 Scen,2022,233,Hutchinson County,22594,11468,11126,15509,7775,7734,561,314,247,5557,2888,2669,967,491,476
1.0 Scen,2023,233,Hutchinson County,22641,11500,11141,15425,7734,7691,568,318,250,5660,2942,2718,988,506,482
1.0 Scen,2024,233,Hutchinson County,22679,11536,11143,15337,7699,7638,572,321,251,5762,2997,2765,1008,519,489
1.0 Scen,2025,233,Hutchinson County,22691,11549,11142,15229,7649,7580,576,324,252,5861,3048,2813,1025,528,497
1.0 Scen,2026,233,Hutchinson County,22702,11569,11133,15125,7602,7523,576,324,252,5955,3102,2853,1046,541,505
1.0 Scen,2027,233,Hutchinson County,22713,11588,11125,15010,7550,7460,575,325,250,6055,3157,2898,1073,556,517
1.0 Scen,2028,233,Hutchinson County,22728,11594,11134,14899,7495,7404,576,325,251,6154,3204,2950,1099,570,529
1.0 Scen,2029,233,Hutchinson County,22727,11602,11125,14775,7436,7339,577,324,253,6249,3253,2996,1126,589,537
1.0 Scen,2030,233,Hutchinson County,22727,11609,11118,14647,7377,7270,576,323,253,6348,3304,3044,1156,605,551
1.0 Scen,2031,233,Hutchinson County,22705,11605,11100,14518,7317,7201,572,321,251,6434,3347,3087,1181,620,561
1.0 Scen,2032,233,Hutchinson County,22681,11602,11079,14386,7258,7128,567,316,251,6524,3393,3131,1204,635,569
1.0 Scen,2033,233,Hutchinson County,22628,11584,11044,14237,7187,7050,564,315,249,6593,3428,3165,1234,654,580
1.0 Scen,2034,233,Hutchinson County,22583,11563,11020,14086,7112,6974,558,311,247,6677,3468,3209,1262,672,590
1.0 Scen,2035,233,Hutchinson County,22536,11541,10995,13937,7035,6902,553,309,244,6752,3506,3246,1294,691,603
1.0 Scen,2036,233,Hutchinson County,22462,11516,10946,13761,6955,6806,547,305,242,6822,3539,3283,1332,717,615
1.0 Scen,2037,233,Hutchinson County,22391,11486,10905,13598,6879,6719,538,298,240,6887,3570,3317,1368,739,629
1.0 Scen,2038,233,Hutchinson County,22308,11453,10855,13424,6795,6629,528,292,236,6949,3601,3348,1407,765,642
1.0 Scen,2039,233,Hutchinson County,22222,11420,10802,13253,6713,6540,512,284,228,7009,3633,3376,1448,790,658
1.0 Scen,2040,233,Hutchinson County,22135,11385,10750,13082,6633,6449,502,277,225,7067,3664,3403,1484,811,673
1.0 Scen,2041,233,Hutchinson County,22037,11348,10689,12899,6554,6345,492,270,222,7123,3692,3431,1523,832,691
1.0 Scen,2042,233,Hutchinson County,21951,11324,10627,12725,6476,6249,489,268,221,7168,3718,3450,1569,862,707
1.0 Scen,2043,233,Hutchinson County,21858,11285,10573,12551,6396,6155,482,262,220,7207,3738,3469,1618,889,729
1.0 Scen,2044,233,Hutchinson County,21782,11262,10520,12374,6314,6060,474,259,215,7267,3770,3497,1667,919,748
1.0 Scen,2045,233,Hutchinson County,21678,11231,10447,12204,6240,5964,463,255,208,7294,3787,3507,1717,949,768
1.0 Scen,2046,233,Hutchinson County,21572,11193,10379,12024,6157,5867,448,250,198,7336,3810,3526,1764,976,788
1.0 Scen,2047,233,Hutchinson County,21495,11178,10317,11869,6093,5776,437,244,193,7369,3830,3539,1820,1011,809
1.0 Scen,2048,233,Hutchinson County,21396,11140,10256,11707,6020,5687,421,235,186,7403,3850,3553,1865,1035,830
1.0 Scen,2049,233,Hutchinson County,21308,11116,10192,11546,5947,5599,409,231,178,7437,3876,3561,1916,1062,854
1.0 Scen,2050,233,Hutchinson County,21267,11108,10159,11408,5890,5518,399,226,173,7477,3895,3582,1983,1097,886
1.0 Scen,2010,235,Irion County,1599,807,792,1153,579,574,11,6,5,407,207,200,28,15,13
1.0 Scen,2011,235,Irion County,1616,817,799,1162,584,578,11,6,5,415,212,203,28,15,13
1.0 Scen,2012,235,Irion County,1633,825,808,1171,588,583,11,6,5,423,216,207,28,15,13
1.0 Scen,2013,235,Irion County,1651,836,815,1179,594,585,11,6,5,433,221,212,28,15,13
1.0 Scen,2014,235,Irion County,1666,843,823,1185,596,589,11,6,5,442,226,216,28,15,13
1.0 Scen,2015,235,Irion County,1683,853,830,1192,600,592,11,6,5,452,232,220,28,15,13
1.0 Scen,2016,235,Irion County,1691,858,833,1191,600,591,11,6,5,461,237,224,28,15,13
1.0 Scen,2017,235,Irion County,1697,863,834,1189,600,589,11,6,5,470,243,227,27,14,13
1.0 Scen,2018,235,Irion County,1705,868,837,1189,600,589,11,6,5,478,248,230,27,14,13
1.0 Scen,2019,235,Irion County,1709,872,837,1185,599,586,11,6,5,486,253,233,27,14,13
1.0 Scen,2020,235,Irion County,1712,874,838,1180,596,584,11,6,5,494,258,236,27,14,13
1.0 Scen,2021,235,Irion County,1712,880,832,1171,597,574,11,6,5,503,263,240,27,14,13
1.0 Scen,2022,235,Irion County,1728,886,842,1178,598,580,11,6,5,512,268,244,27,14,13
1.0 Scen,2023,235,Irion County,1733,890,843,1174,597,577,11,6,5,521,273,248,27,14,13
1.0 Scen,2024,235,Irion County,1736,890,846,1169,592,577,11,6,5,529,278,251,27,14,13
1.0 Scen,2025,235,Irion County,1739,891,848,1162,587,575,11,6,5,538,283,255,28,15,13
1.0 Scen,2026,235,Irion County,1740,891,849,1155,582,573,11,6,5,546,288,258,28,15,13
1.0 Scen,2027,235,Irion County,1742,893,849,1150,579,571,11,6,5,553,293,260,28,15,13
1.0 Scen,2028,235,Irion County,1741,891,850,1142,574,568,11,6,5,562,298,264,26,13,13
1.0 Scen,2029,235,Irion County,1744,896,848,1139,574,565,10,6,4,570,303,267,25,13,12
1.0 Scen,2030,235,Irion County,1746,896,850,1132,569,563,10,6,4,578,308,270,26,13,13
1.0 Scen,2031,235,Irion County,1744,897,847,1124,565,559,10,6,4,586,313,273,24,13,11
1.0 Scen,2032,235,Irion County,1745,900,845,1119,564,555,10,6,4,591,316,275,25,14,11
1.0 Scen,2033,235,Irion County,1737,902,835,1109,564,545,10,6,4,595,320,275,23,12,11
1.0 Scen,2034,235,Irion County,1727,892,835,1102,560,542,9,5,4,593,315,278,23,12,11
1.0 Scen,2035,235,Irion County,1714,883,831,1086,549,537,9,5,4,596,317,279,23,12,11
1.0 Scen,2036,235,Irion County,1699,878,821,1073,543,530,9,5,4,594,318,276,23,12,11
1.0 Scen,2037,235,Irion County,1690,879,811,1069,541,528,9,5,4,588,320,268,24,13,11
1.0 Scen,2038,235,Irion County,1676,869,807,1055,533,522,9,5,4,588,318,270,24,13,11
1.0 Scen,2039,235,Irion County,1657,858,799,1036,523,513,9,5,4,589,317,272,23,13,10
1.0 Scen,2040,235,Irion County,1646,853,793,1019,517,502,9,5,4,595,318,277,23,13,10
1.0 Scen,2041,235,Irion County,1625,843,782,999,506,493,9,5,4,594,319,275,23,13,10
1.0 Scen,2042,235,Irion County,1613,839,774,981,497,484,9,5,4,600,324,276,23,13,10
1.0 Scen,2043,235,Irion County,1604,833,771,970,490,480,9,5,4,604,327,277,21,11,10
1.0 Scen,2044,235,Irion County,1596,831,765,961,486,475,9,5,4,604,328,276,22,12,10
1.0 Scen,2045,235,Irion County,1580,824,756,943,478,465,9,5,4,606,329,277,22,12,10
1.0 Scen,2046,235,Irion County,1579,823,756,939,476,463,9,5,4,610,330,280,21,12,9
1.0 Scen,2047,235,Irion County,1562,818,744,922,472,450,9,5,4,612,331,281,19,10,9
1.0 Scen,2048,235,Irion County,1551,811,740,910,465,445,9,5,4,614,332,282,18,9,9
1.0 Scen,2049,235,Irion County,1549,812,737,902,463,439,9,5,4,621,336,285,17,8,9
1.0 Scen,2050,235,Irion County,1539,808,731,887,457,430,9,5,4,626,338,288,17,8,9
1.0 Scen,2010,237,Jack County,9044,5030,4014,7289,3879,3410,340,304,36,1283,781,502,132,66,66
1.0 Scen,2011,237,Jack County,9127,5077,4050,7335,3906,3429,339,303,36,1320,801,519,133,67,66
1.0 Scen,2012,237,Jack County,9204,5123,4081,7370,3929,3441,339,303,36,1362,824,538,133,67,66
1.0 Scen,2013,237,Jack County,9255,5160,4095,7378,3941,3437,338,302,36,1405,849,556,134,68,66
1.0 Scen,2014,237,Jack County,9313,5201,4112,7388,3949,3439,339,304,35,1451,880,571,135,68,67
1.0 Scen,2015,237,Jack County,9382,5238,4144,7416,3964,3452,337,302,35,1492,903,589,137,69,68
1.0 Scen,2016,237,Jack County,9435,5262,4173,7428,3965,3463,337,302,35,1532,926,606,138,69,69
1.0 Scen,2017,237,Jack County,9502,5305,4197,7443,3978,3465,337,302,35,1583,955,628,139,70,69
1.0 Scen,2018,237,Jack County,9569,5349,4220,7465,3996,3469,336,300,36,1629,984,645,139,69,70
1.0 Scen,2019,237,Jack County,9632,5386,4246,7482,4006,3476,336,300,36,1673,1010,663,141,70,71
1.0 Scen,2020,237,Jack County,9689,5421,4268,7484,4011,3473,336,299,37,1726,1040,686,143,71,72
1.0 Scen,2021,237,Jack County,9772,5466,4306,7506,4020,3486,336,299,37,1785,1075,710,145,72,73
1.0 Scen,2022,237,Jack County,9839,5501,4338,7515,4023,3492,335,297,38,1842,1108,734,147,73,74
1.0 Scen,2023,237,Jack County,9924,5550,4374,7543,4039,3504,334,296,38,1899,1141,758,148,74,74
1.0 Scen,2024,237,Jack County,9990,5596,4394,7550,4049,3501,334,295,39,1957,1177,780,149,75,74
1.0 Scen,2025,237,Jack County,10059,5634,4425,7557,4052,3505,334,295,39,2017,1211,806,151,76,75
1.0 Scen,2026,237,Jack County,10105,5661,4444,7557,4055,3502,327,287,40,2069,1243,826,152,76,76
1.0 Scen,2027,237,Jack County,10173,5707,4466,7570,4066,3504,329,289,40,2121,1276,845,153,76,77
1.0 Scen,2028,237,Jack County,10223,5745,4478,7559,4068,3491,325,284,41,2186,1316,870,153,77,76
1.0 Scen,2029,237,Jack County,10287,5787,4500,7549,4067,3482,326,285,41,2258,1358,900,154,77,77
1.0 Scen,2030,237,Jack County,10353,5825,4528,7545,4070,3475,324,282,42,2329,1395,934,155,78,77
1.0 Scen,2031,237,Jack County,10407,5863,4544,7524,4064,3460,325,283,42,2406,1438,968,152,78,74
1.0 Scen,2032,237,Jack County,10476,5914,4562,7523,4075,3448,326,284,42,2477,1477,1000,150,78,72
1.0 Scen,2033,237,Jack County,10513,5948,4565,7497,4065,3432,327,286,41,2539,1519,1020,150,78,72
1.0 Scen,2034,237,Jack County,10564,5979,4585,7469,4054,3415,321,280,41,2625,1569,1056,149,76,73
1.0 Scen,2035,237,Jack County,10610,6011,4599,7440,4046,3394,318,278,40,2703,1611,1092,149,76,73
1.0 Scen,2036,237,Jack County,10653,6040,4613,7407,4033,3374,319,279,40,2779,1653,1126,148,75,73
1.0 Scen,2037,237,Jack County,10685,6066,4619,7370,4021,3349,314,275,39,2856,1696,1160,145,74,71
1.0 Scen,2038,237,Jack County,10738,6101,4637,7345,4013,3332,309,272,37,2940,1743,1197,144,73,71
1.0 Scen,2039,237,Jack County,10757,6122,4635,7292,3990,3302,307,271,36,3016,1789,1227,142,72,70
1.0 Scen,2040,237,Jack County,10787,6143,4644,7252,3974,3278,302,267,35,3092,1831,1261,141,71,70
1.0 Scen,2041,237,Jack County,10817,6167,4650,7208,3958,3250,296,262,34,3172,1875,1297,141,72,69
1.0 Scen,2042,237,Jack County,10855,6191,4664,7170,3941,3229,295,261,34,3250,1918,1332,140,71,69
1.0 Scen,2043,237,Jack County,10877,6212,4665,7123,3926,3197,289,256,33,3326,1959,1367,139,71,68
1.0 Scen,2044,237,Jack County,10889,6221,4668,7067,3903,3164,284,252,32,3401,1997,1404,137,69,68
1.0 Scen,2045,237,Jack County,10911,6248,4663,7013,3881,3132,281,250,31,3479,2047,1432,138,70,68
1.0 Scen,2046,237,Jack County,10940,6268,4672,6974,3869,3105,275,246,29,3556,2084,1472,135,69,66
1.0 Scen,2047,237,Jack County,10960,6274,4686,6915,3837,3078,269,241,28,3641,2127,1514,135,69,66
1.0 Scen,2048,237,Jack County,10985,6284,4701,6876,3820,3056,263,236,27,3710,2159,1551,136,69,67
1.0 Scen,2049,237,Jack County,11024,6309,4715,6825,3795,3030,261,234,27,3802,2210,1592,136,70,66
1.0 Scen,2050,237,Jack County,11041,6310,4731,6772,3766,3006,254,228,26,3879,2247,1632,136,69,67
1.0 Scen,2010,239,Jackson County,14075,6947,7128,8855,4332,4523,942,439,503,4079,2077,2002,199,99,100
1.0 Scen,2011,239,Jackson County,14132,6987,7145,8832,4327,4505,947,444,503,4152,2115,2037,201,101,100
1.0 Scen,2012,239,Jackson County,14154,7017,7137,8781,4316,4465,952,447,505,4219,2152,2067,202,102,100
1.0 Scen,2013,239,Jackson County,14177,7042,7135,8723,4294,4429,959,453,506,4290,2192,2098,205,103,102
1.0 Scen,2014,239,Jackson County,14203,7061,7142,8677,4270,4407,964,457,507,4356,2229,2127,206,105,101
1.0 Scen,2015,239,Jackson County,14238,7085,7153,8631,4250,4381,971,461,510,4426,2267,2159,210,107,103
1.0 Scen,2016,239,Jackson County,14253,7099,7154,8578,4227,4351,978,464,514,4483,2300,2183,214,108,106
1.0 Scen,2017,239,Jackson County,14277,7127,7150,8526,4212,4314,991,473,518,4543,2332,2211,217,110,107
1.0 Scen,2018,239,Jackson County,14291,7156,7135,8471,4198,4273,995,479,516,4606,2368,2238,219,111,108
1.0 Scen,2019,239,Jackson County,14327,7186,7141,8431,4187,4244,1004,486,518,4670,2400,2270,222,113,109
1.0 Scen,2020,239,Jackson County,14356,7206,7150,8389,4170,4219,1009,489,520,4733,2433,2300,225,114,111
1.0 Scen,2021,239,Jackson County,14377,7233,7144,8338,4153,4185,1015,496,519,4796,2468,2328,228,116,112
1.0 Scen,2022,239,Jackson County,14384,7249,7135,8285,4132,4153,1016,499,517,4853,2502,2351,230,116,114
1.0 Scen,2023,239,Jackson County,14407,7278,7129,8250,4125,4125,1022,503,519,4905,2533,2372,230,117,113
1.0 Scen,2024,239,Jackson County,14429,7299,7130,8205,4111,4094,1026,508,518,4966,2563,2403,232,117,115
1.0 Scen,2025,239,Jackson County,14431,7312,7119,8158,4097,4061,1022,506,516,5021,2592,2429,230,117,113
1.0 Scen,2026,239,Jackson County,14424,7321,7103,8101,4077,4024,1021,508,513,5070,2618,2452,232,118,114
1.0 Scen,2027,239,Jackson County,14408,7322,7086,8048,4055,3993,1014,507,507,5115,2641,2474,231,119,112
1.0 Scen,2028,239,Jackson County,14407,7336,7071,7994,4036,3958,1012,510,502,5168,2670,2498,233,120,113
1.0 Scen,2029,239,Jackson County,14409,7346,7063,7937,4018,3919,1005,505,500,5235,2703,2532,232,120,112
1.0 Scen,2030,239,Jackson County,14398,7354,7044,7880,3999,3881,1000,503,497,5284,2731,2553,234,121,113
1.0 Scen,2031,239,Jackson County,14371,7352,7019,7812,3972,3840,988,502,486,5335,2756,2579,236,122,114
1.0 Scen,2032,239,Jackson County,14340,7356,6984,7749,3955,3794,980,502,478,5377,2778,2599,234,121,113
1.0 Scen,2033,239,Jackson County,14322,7356,6966,7692,3938,3754,978,500,478,5418,2799,2619,234,119,115
1.0 Scen,2034,239,Jackson County,14294,7346,6948,7628,3908,3720,972,496,476,5457,2821,2636,237,121,116
1.0 Scen,2035,239,Jackson County,14266,7340,6926,7559,3878,3681,969,495,474,5499,2845,2654,239,122,117
1.0 Scen,2036,239,Jackson County,14216,7318,6898,7485,3844,3641,960,491,469,5531,2860,2671,240,123,117
1.0 Scen,2037,239,Jackson County,14183,7315,6868,7430,3829,3601,951,486,465,5561,2877,2684,241,123,118
1.0 Scen,2038,239,Jackson County,14124,7297,6827,7357,3797,3560,945,483,462,5581,2894,2687,241,123,118
1.0 Scen,2039,239,Jackson County,14082,7295,6787,7293,3777,3516,934,479,455,5613,2916,2697,242,123,119
1.0 Scen,2040,239,Jackson County,14011,7277,6734,7215,3745,3470,916,472,444,5637,2936,2701,243,124,119
1.0 Scen,2041,239,Jackson County,13961,7262,6699,7156,3722,3434,905,466,439,5656,2949,2707,244,125,119
1.0 Scen,2042,239,Jackson County,13906,7252,6654,7081,3696,3385,900,465,435,5679,2965,2714,246,126,120
1.0 Scen,2043,239,Jackson County,13846,7231,6615,7015,3668,3347,891,462,429,5692,2974,2718,248,127,121
1.0 Scen,2044,239,Jackson County,13778,7206,6572,6951,3645,3306,866,447,419,5714,2987,2727,247,127,120
1.0 Scen,2045,239,Jackson County,13704,7183,6521,6882,3616,3266,857,443,414,5721,2997,2724,244,127,117
1.0 Scen,2046,239,Jackson County,13641,7160,6481,6814,3588,3226,850,439,411,5741,3007,2734,236,126,110
1.0 Scen,2047,239,Jackson County,13558,7132,6426,6751,3561,3190,831,433,398,5749,3015,2734,227,123,104
1.0 Scen,2048,239,Jackson County,13485,7108,6377,6675,3531,3144,823,429,394,5763,3029,2734,224,119,105
1.0 Scen,2049,239,Jackson County,13421,7079,6342,6621,3505,3116,813,425,388,5767,3033,2734,220,116,104
1.0 Scen,2050,239,Jackson County,13366,7068,6298,6563,3486,3077,804,420,384,5779,3046,2733,220,116,104
1.0 Scen,2010,241,Jasper County,35710,17543,18167,26939,13148,13791,5931,2869,3062,2017,1143,874,823,383,440
1.0 Scen,2011,241,Jasper County,35900,17662,18238,26996,13197,13799,5980,2896,3084,2078,1174,904,846,395,451
1.0 Scen,2012,241,Jasper County,36067,17756,18311,27055,13233,13822,6008,2913,3095,2133,1203,930,871,407,464
1.0 Scen,2013,241,Jasper County,36221,17858,18363,27102,13272,13830,6034,2934,3100,2190,1235,955,895,417,478
1.0 Scen,2014,241,Jasper County,36375,17953,18422,27138,13308,13830,6070,2951,3119,2247,1265,982,920,429,491
1.0 Scen,2015,241,Jasper County,36523,18046,18477,27172,13336,13836,6097,2967,3130,2309,1301,1008,945,442,503
1.0 Scen,2016,241,Jasper County,36670,18146,18524,27197,13363,13834,6125,2990,3135,2374,1339,1035,974,454,520
1.0 Scen,2017,241,Jasper County,36798,18241,18557,27208,13389,13819,6144,3006,3138,2439,1375,1064,1007,471,536
1.0 Scen,2018,241,Jasper County,36935,18328,18607,27220,13405,13815,6167,3024,3143,2512,1414,1098,1036,485,551
1.0 Scen,2019,241,Jasper County,37056,18405,18651,27217,13417,13800,6187,3032,3155,2587,1457,1130,1065,499,566
1.0 Scen,2020,241,Jasper County,37167,18494,18673,27200,13429,13771,6204,3046,3158,2668,1501,1167,1095,518,577
1.0 Scen,2021,241,Jasper County,37267,18571,18696,27174,13436,13738,6221,3056,3165,2748,1544,1204,1124,535,589
1.0 Scen,2022,241,Jasper County,37380,18657,18723,27147,13440,13707,6229,3068,3161,2839,1592,1247,1165,557,608
1.0 Scen,2023,241,Jasper County,37475,18724,18751,27104,13437,13667,6242,3077,3165,2927,1634,1293,1202,576,626
1.0 Scen,2024,241,Jasper County,37547,18792,18755,27038,13428,13610,6252,3085,3167,3013,1681,1332,1244,598,646
1.0 Scen,2025,241,Jasper County,37631,18877,18754,26980,13424,13556,6260,3096,3164,3099,1731,1368,1292,626,666
1.0 Scen,2026,241,Jasper County,37724,18949,18775,26910,13405,13505,6274,3110,3164,3198,1781,1417,1342,653,689
1.0 Scen,2027,241,Jasper County,37813,19027,18786,26821,13387,13434,6288,3122,3166,3309,1840,1469,1395,678,717
1.0 Scen,2028,241,Jasper County,37893,19099,18794,26717,13354,13363,6304,3133,3171,3418,1900,1518,1454,712,742
1.0 Scen,2029,241,Jasper County,37964,19166,18798,26599,13314,13285,6315,3148,3167,3529,1957,1572,1521,747,774
1.0 Scen,2030,241,Jasper County,38021,19224,18797,26488,13276,13212,6313,3150,3163,3637,2015,1622,1583,783,800
1.0 Scen,2031,241,Jasper County,38077,19284,18793,26353,13225,13128,6328,3163,3165,3745,2072,1673,1651,824,827
1.0 Scen,2032,241,Jasper County,38124,19340,18784,26205,13169,13036,6325,3163,3162,3865,2138,1727,1729,870,859
1.0 Scen,2033,241,Jasper County,38139,19387,18752,26044,13108,12936,6320,3170,3150,3971,2198,1773,1804,911,893
1.0 Scen,2034,241,Jasper County,38153,19417,18736,25872,13043,12829,6312,3165,3147,4082,2257,1825,1887,952,935
1.0 Scen,2035,241,Jasper County,38148,19460,18688,25687,12973,12714,6304,3169,3135,4187,2320,1867,1970,998,972
1.0 Scen,2036,241,Jasper County,38136,19495,18641,25490,12899,12591,6287,3161,3126,4301,2390,1911,2058,1045,1013
1.0 Scen,2037,241,Jasper County,38104,19521,18583,25278,12819,12459,6274,3161,3113,4401,2444,1957,2151,1097,1054
1.0 Scen,2038,241,Jasper County,38056,19522,18534,25067,12733,12334,6253,3152,3101,4495,2494,2001,2241,1143,1098
1.0 Scen,2039,241,Jasper County,38008,19538,18470,24841,12641,12200,6231,3151,3080,4604,2552,2052,2332,1194,1138
1.0 Scen,2040,241,Jasper County,37949,19535,18414,24598,12535,12063,6198,3137,3061,4711,2615,2096,2442,1248,1194
1.0 Scen,2041,241,Jasper County,37868,19525,18343,24363,12437,11926,6158,3119,3039,4810,2671,2139,2537,1298,1239
1.0 Scen,2042,241,Jasper County,37792,19517,18275,24105,12331,11774,6128,3108,3020,4923,2731,2192,2636,1347,1289
1.0 Scen,2043,241,Jasper County,37704,19507,18197,23854,12220,11634,6089,3097,2992,5015,2782,2233,2746,1408,1338
1.0 Scen,2044,241,Jasper County,37616,19497,18119,23586,12106,11480,6046,3083,2963,5120,2835,2285,2864,1473,1391
1.0 Scen,2045,241,Jasper County,37541,19483,18058,23326,11992,11334,6010,3071,2939,5228,2888,2340,2977,1532,1445
1.0 Scen,2046,241,Jasper County,37458,19466,17992,23061,11878,11183,5972,3056,2916,5342,2949,2393,3083,1583,1500
1.0 Scen,2047,241,Jasper County,37386,19457,17929,22810,11765,11045,5920,3036,2884,5447,3003,2444,3209,1653,1556
1.0 Scen,2048,241,Jasper County,37319,19459,17860,22549,11658,10891,5879,3023,2856,5554,3057,2497,3337,1721,1616
1.0 Scen,2049,241,Jasper County,37264,19463,17801,22301,11550,10751,5833,3005,2828,5656,3114,2542,3474,1794,1680
1.0 Scen,2050,241,Jasper County,37207,19469,17738,22042,11446,10596,5792,2992,2800,5771,3171,2600,3602,1860,1742
1.0 Scen,2010,243,Jeff Davis County,2342,1187,1155,1490,754,736,10,7,3,790,398,392,52,28,24
1.0 Scen,2011,243,Jeff Davis County,2361,1195,1166,1502,758,744,10,7,3,797,402,395,52,28,24
1.0 Scen,2012,243,Jeff Davis County,2378,1201,1177,1509,759,750,10,7,3,807,407,400,52,28,24
1.0 Scen,2013,243,Jeff Davis County,2396,1208,1188,1516,760,756,10,7,3,818,413,405,52,28,24
1.0 Scen,2014,243,Jeff Davis County,2419,1217,1202,1527,764,763,10,7,3,829,418,411,53,28,25
1.0 Scen,2015,243,Jeff Davis County,2434,1223,1211,1530,762,768,10,7,3,840,425,415,54,29,25
1.0 Scen,2016,243,Jeff Davis County,2452,1229,1223,1536,762,774,10,7,3,852,431,421,54,29,25
1.0 Scen,2017,243,Jeff Davis County,2460,1234,1226,1534,760,774,10,7,3,861,437,424,55,30,25
1.0 Scen,2018,243,Jeff Davis County,2469,1235,1234,1532,755,777,10,7,3,871,443,428,56,30,26
1.0 Scen,2019,243,Jeff Davis County,2480,1240,1240,1532,752,780,10,7,3,881,450,431,57,31,26
1.0 Scen,2020,243,Jeff Davis County,2478,1238,1240,1517,743,774,10,7,3,892,457,435,59,31,28
1.0 Scen,2021,243,Jeff Davis County,2481,1242,1239,1510,738,772,10,7,3,901,465,436,60,32,28
1.0 Scen,2022,243,Jeff Davis County,2485,1243,1242,1501,732,769,10,7,3,914,473,441,60,31,29
1.0 Scen,2023,243,Jeff Davis County,2491,1244,1247,1494,725,769,10,7,3,926,480,446,61,32,29
1.0 Scen,2024,243,Jeff Davis County,2484,1241,1243,1477,716,761,10,7,3,935,486,449,62,32,30
1.0 Scen,2025,243,Jeff Davis County,2479,1239,1240,1465,706,759,10,7,3,941,493,448,63,33,30
1.0 Scen,2026,243,Jeff Davis County,2470,1236,1234,1447,698,749,10,7,3,949,498,451,64,33,31
1.0 Scen,2027,243,Jeff Davis County,2458,1231,1227,1431,689,742,10,7,3,952,501,451,65,34,31
1.0 Scen,2028,243,Jeff Davis County,2434,1221,1213,1403,678,725,10,7,3,957,503,454,64,33,31
1.0 Scen,2029,243,Jeff Davis County,2425,1217,1208,1387,671,716,10,7,3,964,506,458,64,33,31
1.0 Scen,2030,243,Jeff Davis County,2411,1211,1200,1370,664,706,10,7,3,969,508,461,62,32,30
1.0 Scen,2031,243,Jeff Davis County,2398,1204,1194,1351,653,698,10,7,3,975,512,463,62,32,30
1.0 Scen,2032,243,Jeff Davis County,2376,1194,1182,1331,642,689,10,7,3,974,514,460,61,31,30
1.0 Scen,2033,243,Jeff Davis County,2342,1182,1160,1303,632,671,10,7,3,968,512,456,61,31,30
1.0 Scen,2034,243,Jeff Davis County,2311,1172,1139,1281,625,656,10,7,3,962,512,450,58,28,30
1.0 Scen,2035,243,Jeff Davis County,2290,1166,1124,1263,618,645,10,7,3,958,512,446,59,29,30
1.0 Scen,2036,243,Jeff Davis County,2261,1151,1110,1241,607,634,10,7,3,951,508,443,59,29,30
1.0 Scen,2037,243,Jeff Davis County,2238,1140,1098,1221,597,624,10,7,3,949,508,441,58,28,30
1.0 Scen,2038,243,Jeff Davis County,2214,1129,1085,1201,590,611,10,7,3,947,505,442,56,27,29
1.0 Scen,2039,243,Jeff Davis County,2194,1123,1071,1184,587,597,10,7,3,944,502,442,56,27,29
1.0 Scen,2040,243,Jeff Davis County,2180,1120,1060,1168,582,586,9,6,3,948,506,442,55,26,29
1.0 Scen,2041,243,Jeff Davis County,2173,1118,1055,1161,580,581,9,6,3,949,507,442,54,25,29
1.0 Scen,2042,243,Jeff Davis County,2165,1118,1047,1151,579,572,9,6,3,951,508,443,54,25,29
1.0 Scen,2043,243,Jeff Davis County,2152,1117,1035,1143,578,565,9,6,3,947,508,439,53,25,28
1.0 Scen,2044,243,Jeff Davis County,2131,1109,1022,1130,578,552,9,6,3,939,500,439,53,25,28
1.0 Scen,2045,243,Jeff Davis County,2104,1100,1004,1108,569,539,9,6,3,935,499,436,52,26,26
1.0 Scen,2046,243,Jeff Davis County,2095,1091,1004,1099,562,537,9,6,3,936,499,437,51,24,27
1.0 Scen,2047,243,Jeff Davis County,2091,1087,1004,1094,558,536,9,6,3,940,499,441,48,24,24
1.0 Scen,2048,243,Jeff Davis County,2088,1088,1000,1089,558,531,8,6,2,943,502,441,48,22,26
1.0 Scen,2049,243,Jeff Davis County,2083,1086,997,1090,560,530,8,6,2,938,498,440,47,22,25
1.0 Scen,2050,243,Jeff Davis County,2081,1089,992,1094,565,529,8,6,2,931,496,435,48,22,26
1.0 Scen,2010,245,Jefferson County,252273,128946,123327,112503,56360,56143,84500,41709,42791,42899,24388,18511,12371,6489,5882
1.0 Scen,2011,245,Jefferson County,253872,129902,123970,111393,55893,55500,85002,41959,43043,44655,25325,19330,12822,6725,6097
1.0 Scen,2012,245,Jefferson County,255143,130756,124387,110024,55318,54706,85411,42196,43215,46470,26295,20175,13238,6947,6291
1.0 Scen,2013,245,Jefferson County,256520,131651,124869,108665,54742,53923,85807,42431,43376,48351,27306,21045,13697,7172,6525
1.0 Scen,2014,245,Jefferson County,257872,132554,125318,107286,54154,53132,86114,42626,43488,50298,28357,21941,14174,7417,6757
1.0 Scen,2015,245,Jefferson County,259399,133566,125833,105906,53573,52333,86497,42873,43624,52345,29458,22887,14651,7662,6989
1.0 Scen,2016,245,Jefferson County,261031,134563,126468,104528,52977,51551,86906,43087,43819,54462,30591,23871,15135,7908,7227
1.0 Scen,2017,245,Jefferson County,262687,135598,127089,103153,52390,50763,87216,43262,43954,56675,31786,24889,15643,8160,7483
1.0 Scen,2018,245,Jefferson County,264481,136725,127756,101763,51789,49974,87567,43485,44082,58990,33022,25968,16161,8429,7732
1.0 Scen,2019,245,Jefferson County,266306,137835,128471,100379,51193,49186,87846,43652,44194,61398,34312,27086,16683,8678,8005
1.0 Scen,2020,245,Jefferson County,268231,139003,129228,99017,50587,48430,88092,43800,44292,63887,35655,28232,17235,8961,8274
1.0 Scen,2021,245,Jefferson County,270196,140164,130032,97667,49989,47678,88274,43904,44370,66463,37032,29431,17792,9239,8553
1.0 Scen,2022,245,Jefferson County,272271,141436,130835,96311,49387,46924,88444,44050,44394,69152,38472,30680,18364,9527,8837
1.0 Scen,2023,245,Jefferson County,274426,142694,131732,94951,48771,46180,88584,44136,44448,71932,39964,31968,18959,9823,9136
1.0 Scen,2024,245,Jefferson County,276628,144012,132616,93605,48172,45433,88643,44198,44445,74798,41505,33293,19582,10137,9445
1.0 Scen,2025,245,Jefferson County,278939,145388,133551,92235,47563,44672,88742,44278,44464,77767,43089,34678,20195,10458,9737
1.0 Scen,2026,245,Jefferson County,281344,146824,134520,90867,46946,43921,88758,44341,44417,80842,44742,36100,20877,10795,10082
1.0 Scen,2027,245,Jefferson County,283774,148270,135504,89511,46337,43174,88718,44350,44368,83996,46448,37548,21549,11135,10414
1.0 Scen,2028,245,Jefferson County,286414,149788,136626,88142,45717,42425,88744,44386,44358,87282,48203,39079,22246,11482,10764
1.0 Scen,2029,245,Jefferson County,289025,151312,137713,86752,45086,41666,88660,44379,44281,90662,50013,40649,22951,11834,11117
1.0 Scen,2030,245,Jefferson County,291737,152912,138825,85373,44460,40913,88540,44366,44174,94142,51880,42262,23682,12206,11476
1.0 Scen,2031,245,Jefferson County,294494,154490,140004,83968,43808,40160,88389,44313,44076,97717,53799,43918,24420,12570,11850
1.0 Scen,2032,245,Jefferson County,297322,156139,141183,82579,43170,39409,88186,44246,43940,101386,55773,45613,25171,12950,12221
1.0 Scen,2033,245,Jefferson County,300207,157830,142377,81178,42520,38658,87918,44170,43748,105163,57807,47356,25948,13333,12615
1.0 Scen,2034,245,Jefferson County,303176,159574,143602,79782,41869,37913,87630,44087,43543,109029,59892,49137,26735,13726,13009
1.0 Scen,2035,245,Jefferson County,306179,161305,144874,78387,41220,37167,87282,43944,43338,112986,62023,50963,27524,14118,13406
1.0 Scen,2036,245,Jefferson County,309149,162976,146173,77005,40571,36434,86783,43681,43102,117018,64200,52818,28343,14524,13819
1.0 Scen,2037,245,Jefferson County,312382,164903,147479,75619,39922,35697,86468,43632,42836,121141,66426,54715,29154,14923,14231
1.0 Scen,2038,245,Jefferson County,315563,166767,148796,74258,39280,34978,85966,43444,42522,125347,68699,56648,29992,15344,14648
1.0 Scen,2039,245,Jefferson County,318845,168656,150189,72877,38631,34246,85451,43234,42217,129667,71026,58641,30850,15765,15085
1.0 Scen,2040,245,Jefferson County,322226,170593,151633,71487,37968,33519,84934,43020,41914,134086,73412,60674,31719,16193,15526
1.0 Scen,2041,245,Jefferson County,325677,172611,153066,70144,37335,32809,84322,42784,41538,138589,75854,62735,32622,16638,15984
1.0 Scen,2042,245,Jefferson County,329248,174671,154577,68798,36697,32101,83705,42533,41172,143206,78355,64851,33539,17086,16453
1.0 Scen,2043,245,Jefferson County,332920,176740,156180,67478,36066,31412,83087,42240,40847,147900,80898,67002,34455,17536,16919
1.0 Scen,2044,245,Jefferson County,336747,178948,157799,66167,35439,30728,82451,41999,40452,152715,83509,69206,35414,18001,17413
1.0 Scen,2045,245,Jefferson County,340645,181178,159467,64853,34810,30043,81783,41717,40066,157632,86180,71452,36377,18471,17906
1.0 Scen,2046,245,Jefferson County,344719,183519,161200,63587,34203,29384,81105,41448,39657,162658,88918,73740,37369,18950,18419
1.0 Scen,2047,245,Jefferson County,348948,185918,163030,62335,33603,28732,80428,41157,39271,167807,91718,76089,38378,19440,18938
1.0 Scen,2048,245,Jefferson County,353320,188405,164915,61127,33024,28103,79719,40858,38861,173071,94589,78482,39403,19934,19469
1.0 Scen,2049,245,Jefferson County,357834,190957,166877,59949,32453,27496,78992,40548,38444,178452,97521,80931,40441,20435,20006
1.0 Scen,2050,245,Jefferson County,362564,193630,168934,58792,31891,26901,78289,40243,38046,183967,100539,83428,41516,20957,20559
1.0 Scen,2010,247,Jim Hogg County,5300,2616,2684,334,174,160,18,16,2,4907,2407,2500,41,19,22
1.0 Scen,2011,247,Jim Hogg County,5353,2644,2709,336,175,161,18,16,2,4958,2434,2524,41,19,22
1.0 Scen,2012,247,Jim Hogg County,5406,2676,2730,340,178,162,18,16,2,5007,2463,2544,41,19,22
1.0 Scen,2013,247,Jim Hogg County,5461,2707,2754,343,180,163,18,16,2,5059,2492,2567,41,19,22
1.0 Scen,2014,247,Jim Hogg County,5507,2734,2773,346,181,165,18,16,2,5102,2518,2584,41,19,22
1.0 Scen,2015,247,Jim Hogg County,5548,2758,2790,348,182,166,18,16,2,5141,2541,2600,41,19,22
1.0 Scen,2016,247,Jim Hogg County,5586,2779,2807,348,182,166,18,16,2,5179,2562,2617,41,19,22
1.0 Scen,2017,247,Jim Hogg County,5626,2800,2826,346,181,165,18,16,2,5221,2584,2637,41,19,22
1.0 Scen,2018,247,Jim Hogg County,5658,2817,2841,344,180,164,18,16,2,5255,2602,2653,41,19,22
1.0 Scen,2019,247,Jim Hogg County,5697,2837,2860,343,180,163,18,16,2,5295,2622,2673,41,19,22
1.0 Scen,2020,247,Jim Hogg County,5735,2862,2873,343,180,163,18,16,2,5333,2647,2686,41,19,22
1.0 Scen,2021,247,Jim Hogg County,5768,2885,2883,342,180,162,18,16,2,5367,2670,2697,41,19,22
1.0 Scen,2022,247,Jim Hogg County,5785,2901,2884,341,179,162,18,16,2,5385,2687,2698,41,19,22
1.0 Scen,2023,247,Jim Hogg County,5816,2922,2894,336,177,159,18,16,2,5421,2710,2711,41,19,22
1.0 Scen,2024,247,Jim Hogg County,5856,2947,2909,332,175,157,18,16,2,5465,2737,2728,41,19,22
1.0 Scen,2025,247,Jim Hogg County,5892,2965,2927,329,174,155,18,16,2,5504,2756,2748,41,19,22
1.0 Scen,2026,247,Jim Hogg County,5910,2976,2934,325,170,155,18,16,2,5527,2772,2755,40,18,22
1.0 Scen,2027,247,Jim Hogg County,5928,2991,2937,320,168,152,18,16,2,5550,2789,2761,40,18,22
1.0 Scen,2028,247,Jim Hogg County,5969,3016,2953,315,167,148,18,16,2,5596,2814,2782,40,19,21
1.0 Scen,2029,247,Jim Hogg County,5995,3027,2968,314,166,148,18,16,2,5623,2826,2797,40,19,21
1.0 Scen,2030,247,Jim Hogg County,6023,3046,2977,313,166,147,18,16,2,5652,2845,2807,40,19,21
1.0 Scen,2031,247,Jim Hogg County,6048,3062,2986,312,166,146,17,15,2,5683,2864,2819,36,17,19
1.0 Scen,2032,247,Jim Hogg County,6058,3070,2988,307,162,145,18,16,2,5697,2875,2822,36,17,19
1.0 Scen,2033,247,Jim Hogg County,6086,3091,2995,304,162,142,18,16,2,5728,2896,2832,36,17,19
1.0 Scen,2034,247,Jim Hogg County,6093,3097,2996,303,161,142,18,16,2,5735,2903,2832,37,17,20
1.0 Scen,2035,247,Jim Hogg County,6104,3106,2998,300,159,141,18,16,2,5749,2914,2835,37,17,20
1.0 Scen,2036,247,Jim Hogg County,6117,3118,2999,296,158,138,18,16,2,5766,2927,2839,37,17,20
1.0 Scen,2037,247,Jim Hogg County,6113,3125,2988,292,156,136,18,16,2,5767,2937,2830,36,16,20
1.0 Scen,2038,247,Jim Hogg County,6121,3131,2990,287,155,132,18,16,2,5780,2944,2836,36,16,20
1.0 Scen,2039,247,Jim Hogg County,6124,3138,2986,283,154,129,18,16,2,5787,2952,2835,36,16,20
1.0 Scen,2040,247,Jim Hogg County,6128,3145,2983,278,151,127,18,16,2,5797,2962,2835,35,16,19
1.0 Scen,2041,247,Jim Hogg County,6128,3153,2975,272,148,124,18,16,2,5803,2973,2830,35,16,19
1.0 Scen,2042,247,Jim Hogg County,6134,3158,2976,266,145,121,18,16,2,5815,2981,2834,35,16,19
1.0 Scen,2043,247,Jim Hogg County,6148,3174,2974,260,142,118,17,15,2,5836,3001,2835,35,16,19
1.0 Scen,2044,247,Jim Hogg County,6135,3174,2961,253,140,113,17,15,2,5831,3004,2827,34,15,19
1.0 Scen,2045,247,Jim Hogg County,6128,3173,2955,248,137,111,17,15,2,5829,3006,2823,34,15,19
1.0 Scen,2046,247,Jim Hogg County,6123,3177,2946,237,131,106,16,14,2,5837,3017,2820,33,15,18
1.0 Scen,2047,247,Jim Hogg County,6112,3170,2942,235,131,104,13,12,1,5831,3012,2819,33,15,18
1.0 Scen,2048,247,Jim Hogg County,6105,3173,2932,228,125,103,13,12,1,5831,3021,2810,33,15,18
1.0 Scen,2049,247,Jim Hogg County,6099,3174,2925,226,123,103,13,12,1,5828,3025,2803,32,14,18
1.0 Scen,2050,247,Jim Hogg County,6090,3176,2914,225,122,103,13,12,1,5823,3028,2795,29,14,15
1.0 Scen,2010,249,Jim Wells County,40838,20107,20731,8062,3988,4074,156,93,63,32254,15849,16405,366,177,189
1.0 Scen,2011,249,Jim Wells County,41256,20340,20916,8029,3971,4058,157,94,63,32698,16094,16604,372,181,191
1.0 Scen,2012,249,Jim Wells County,41653,20577,21076,7988,3958,4030,157,94,63,33127,16340,16787,381,185,196
1.0 Scen,2013,249,Jim Wells County,42013,20794,21219,7912,3929,3983,158,94,64,33554,16582,16972,389,189,200
1.0 Scen,2014,249,Jim Wells County,42381,21012,21369,7856,3905,3951,160,95,65,33964,16815,17149,401,197,204
1.0 Scen,2015,249,Jim Wells County,42763,21225,21538,7802,3876,3926,163,96,67,34388,17051,17337,410,202,208
1.0 Scen,2016,249,Jim Wells County,43132,21444,21688,7760,3862,3898,165,97,68,34791,17281,17510,416,204,212
1.0 Scen,2017,249,Jim Wells County,43490,21659,21831,7711,3846,3865,168,99,69,35189,17506,17683,422,208,214
1.0 Scen,2018,249,Jim Wells County,43829,21868,21961,7655,3832,3823,169,99,70,35574,17724,17850,431,213,218
1.0 Scen,2019,249,Jim Wells County,44162,22075,22087,7610,3818,3792,170,99,71,35947,17942,18005,435,216,219
1.0 Scen,2020,249,Jim Wells County,44487,22273,22214,7571,3806,3765,172,100,72,36305,18151,18154,439,216,223
1.0 Scen,2021,249,Jim Wells County,44787,22449,22338,7527,3789,3738,173,100,73,36642,18341,18301,445,219,226
1.0 Scen,2022,249,Jim Wells County,45090,22638,22452,7483,3772,3711,175,101,74,36982,18541,18441,450,224,226
1.0 Scen,2023,249,Jim Wells County,45368,22806,22562,7437,3752,3685,177,102,75,37298,18725,18573,456,227,229
1.0 Scen,2024,249,Jim Wells County,45631,22975,22656,7382,3734,3648,177,102,75,37613,18910,18703,459,229,230
1.0 Scen,2025,249,Jim Wells County,45871,23127,22744,7335,3716,3619,177,102,75,37899,19080,18819,460,229,231
1.0 Scen,2026,249,Jim Wells County,46108,23273,22835,7286,3693,3593,177,102,75,38180,19246,18934,465,232,233
1.0 Scen,2027,249,Jim Wells County,46321,23412,22909,7233,3675,3558,179,103,76,38444,19401,19043,465,233,232
1.0 Scen,2028,249,Jim Wells County,46531,23546,22985,7185,3653,3532,180,102,78,38705,19558,19147,461,233,228
1.0 Scen,2029,249,Jim Wells County,46720,23676,23044,7134,3631,3503,182,104,78,38949,19710,19239,455,231,224
1.0 Scen,2030,249,Jim Wells County,46867,23788,23079,7064,3604,3460,184,105,79,39165,19847,19318,454,232,222
1.0 Scen,2031,249,Jim Wells County,47039,23906,23133,7015,3587,3428,186,106,80,39384,19980,19404,454,233,221
1.0 Scen,2032,249,Jim Wells County,47172,24007,23165,6949,3557,3392,187,106,81,39586,20110,19476,450,234,216
1.0 Scen,2033,249,Jim Wells County,47289,24097,23192,6879,3523,3356,187,106,81,39774,20236,19538,449,232,217
1.0 Scen,2034,249,Jim Wells County,47409,24197,23212,6811,3496,3315,186,106,80,39959,20359,19600,453,236,217
1.0 Scen,2035,249,Jim Wells County,47515,24291,23224,6750,3473,3277,185,106,79,40126,20475,19651,454,237,217
1.0 Scen,2036,249,Jim Wells County,47618,24377,23241,6677,3443,3234,184,104,80,40300,20591,19709,457,239,218
1.0 Scen,2037,249,Jim Wells County,47695,24454,23241,6610,3415,3195,184,105,79,40443,20695,19748,458,239,219
1.0 Scen,2038,249,Jim Wells County,47764,24519,23245,6536,3382,3154,182,103,79,40588,20794,19794,458,240,218
1.0 Scen,2039,249,Jim Wells County,47824,24585,23239,6466,3352,3114,181,103,78,40719,20891,19828,458,239,219
1.0 Scen,2040,249,Jim Wells County,47853,24632,23221,6387,3313,3074,178,100,78,40827,20977,19850,461,242,219
1.0 Scen,2041,249,Jim Wells County,47888,24689,23199,6307,3276,3031,176,99,77,40942,21072,19870,463,242,221
1.0 Scen,2042,249,Jim Wells County,47889,24732,23157,6233,3244,2989,174,98,76,41018,21148,19870,464,242,222
1.0 Scen,2043,249,Jim Wells County,47885,24767,23118,6156,3211,2945,173,98,75,41092,21216,19876,464,242,222
1.0 Scen,2044,249,Jim Wells County,47866,24794,23072,6082,3177,2905,170,95,75,41149,21279,19870,465,243,222
1.0 Scen,2045,249,Jim Wells County,47825,24814,23011,6005,3145,2860,166,95,71,41188,21331,19857,466,243,223
1.0 Scen,2046,249,Jim Wells County,47790,24841,22949,5939,3117,2822,162,93,69,41225,21384,19841,464,247,217
1.0 Scen,2047,249,Jim Wells County,47735,24851,22884,5867,3088,2779,159,90,69,41243,21426,19817,466,247,219
1.0 Scen,2048,249,Jim Wells County,47683,24854,22829,5802,3056,2746,158,89,69,41256,21464,19792,467,245,222
1.0 Scen,2049,249,Jim Wells County,47610,24859,22751,5735,3031,2704,155,87,68,41254,21498,19756,466,243,223
1.0 Scen,2050,249,Jim Wells County,47533,24863,22670,5667,3005,2662,154,86,68,41246,21529,19717,466,243,223
1.0 Scen,2010,251,Johnson County,150934,75519,75415,115545,56890,58655,3797,2104,1693,27319,14401,12918,4273,2124,2149
1.0 Scen,2011,251,Johnson County,154174,77078,77096,116855,57480,59375,3970,2194,1776,28833,15157,13676,4516,2247,2269
1.0 Scen,2012,251,Johnson County,157463,78668,78795,118110,58039,60071,4137,2278,1859,30451,15971,14480,4765,2380,2385
1.0 Scen,2013,251,Johnson County,160819,80290,80529,119336,58585,60751,4313,2370,1943,32145,16820,15325,5025,2515,2510
1.0 Scen,2014,251,Johnson County,164246,81970,82276,120499,59115,61384,4500,2468,2032,33947,17729,16218,5300,2658,2642
1.0 Scen,2015,251,Johnson County,167760,83683,84077,121627,59623,62004,4692,2563,2129,35854,18692,17162,5587,2805,2782
1.0 Scen,2016,251,Johnson County,171358,85435,85923,122706,60103,62603,4888,2655,2233,37867,19706,18161,5897,2971,2926
1.0 Scen,2017,251,Johnson County,175030,87242,87788,123721,60557,63164,5098,2759,2339,39998,20789,19209,6213,3137,3076
1.0 Scen,2018,251,Johnson County,178835,89106,89729,124738,61003,63735,5312,2864,2448,42253,21923,20330,6532,3316,3216
1.0 Scen,2019,251,Johnson County,182784,91043,91741,125702,61429,64273,5531,2970,2561,44662,23141,21521,6889,3503,3386
1.0 Scen,2020,251,Johnson County,186847,93032,93815,126644,61844,64800,5754,3080,2674,47197,24411,22786,7252,3697,3555
1.0 Scen,2021,251,Johnson County,191054,95088,95966,127575,62249,65326,5982,3188,2794,49868,25756,24112,7629,3895,3734
1.0 Scen,2022,251,Johnson County,195418,97233,98185,128505,62662,65843,6216,3301,2915,52666,27156,25510,8031,4114,3917
1.0 Scen,2023,251,Johnson County,199914,99446,100468,129383,63045,66338,6461,3425,3036,55626,28645,26981,8444,4331,4113
1.0 Scen,2024,251,Johnson County,204575,101750,102825,130236,63426,66810,6709,3548,3161,58736,30205,28531,8894,4571,4323
1.0 Scen,2025,251,Johnson County,209399,104130,105269,131065,63794,67271,6966,3676,3290,62003,31836,30167,9365,4824,4541
1.0 Scen,2026,251,Johnson County,214375,106592,107783,131864,64142,67722,7224,3811,3413,65431,33553,31878,9856,5086,4770
1.0 Scen,2027,251,Johnson County,219500,109124,110376,132610,64472,68138,7508,3947,3561,69012,35339,33673,10370,5366,5004
1.0 Scen,2028,251,Johnson County,224757,111723,113034,133300,64769,68531,7791,4092,3699,72754,37205,35549,10912,5657,5255
1.0 Scen,2029,251,Johnson County,230187,114405,115782,133957,65060,68897,8089,4233,3856,76660,39140,37520,11481,5972,5509
1.0 Scen,2030,251,Johnson County,235730,117147,118583,134550,65318,69232,8393,4385,4008,80720,41148,39572,12067,6296,5771
1.0 Scen,2031,251,Johnson County,241409,119959,121450,135089,65554,69535,8709,4544,4165,84934,43228,41706,12677,6633,6044
1.0 Scen,2032,251,Johnson County,247267,122861,124406,135615,65785,69830,9008,4692,4316,89332,45403,43929,13312,6981,6331
1.0 Scen,2033,251,Johnson County,253255,125845,127410,136065,65990,70075,9325,4850,4475,93887,47658,46229,13978,7347,6631
1.0 Scen,2034,251,Johnson County,259348,128884,130464,136462,66175,70287,9629,5001,4628,98597,49986,48611,14660,7722,6938
1.0 Scen,2035,251,Johnson County,265634,132012,133622,136814,66341,70473,9949,5162,4787,103500,52396,51104,15371,8113,7258
1.0 Scen,2036,251,Johnson County,272031,135202,136829,137105,66479,70626,10264,5319,4945,108561,54891,53670,16101,8513,7588
1.0 Scen,2037,251,Johnson County,278627,138503,140124,137359,66597,70762,10577,5477,5100,113837,57503,56334,16854,8926,7928
1.0 Scen,2038,251,Johnson County,285417,141895,143522,137558,66685,70873,10902,5640,5262,119302,60201,59101,17655,9369,8286
1.0 Scen,2039,251,Johnson County,292361,145363,146998,137709,66754,70955,11223,5797,5426,124966,62999,61967,18463,9813,8650
1.0 Scen,2040,251,Johnson County,299530,148947,150583,137818,66803,71015,11556,5957,5599,130831,65898,64933,19325,10289,9036
1.0 Scen,2041,251,Johnson County,306888,152632,154256,137871,66823,71048,11893,6124,5769,136921,68910,68011,20203,10775,9428
1.0 Scen,2042,251,Johnson County,314435,156428,158007,137876,66830,71046,12229,6294,5935,143226,72028,71198,21104,11276,9828
1.0 Scen,2043,251,Johnson County,322213,160329,161884,137824,66803,71021,12568,6462,6106,149779,75273,74506,22042,11791,10251
1.0 Scen,2044,251,Johnson County,330227,164369,165858,137737,66774,70963,12920,6635,6285,156557,78632,77925,23013,12328,10685
1.0 Scen,2045,251,Johnson County,338453,168524,169929,137594,66714,70880,13268,6807,6461,163583,82123,81460,24008,12880,11128
1.0 Scen,2046,251,Johnson County,346955,172834,174121,137427,66657,70770,13631,6989,6642,170877,85745,85132,25020,13443,11577
1.0 Scen,2047,251,Johnson County,355704,177274,178430,137217,66574,70643,13984,7171,6813,178425,89501,88924,26078,14028,12050
1.0 Scen,2048,251,Johnson County,364748,181866,182882,136991,66491,70500,14350,7356,6994,186244,93395,92849,27163,14624,12539
1.0 Scen,2049,251,Johnson County,374091,186614,187477,136737,66398,70339,14738,7544,7194,194354,97443,96911,28262,15229,13033
1.0 Scen,2050,251,Johnson County,383739,191529,192210,136461,66300,70161,15124,7742,7382,202750,101632,101118,29404,15855,13549
1.0 Scen,2010,253,Jones County,20202,12383,7819,12549,6809,5740,2292,1997,295,5009,3399,1610,352,178,174
1.0 Scen,2011,253,Jones County,20423,12544,7879,12624,6851,5773,2302,2004,298,5139,3510,1629,358,179,179
1.0 Scen,2012,253,Jones County,20607,12700,7907,12654,6881,5773,2314,2011,303,5273,3627,1646,366,181,185
1.0 Scen,2013,253,Jones County,20817,12845,7972,12721,6909,5812,2318,2011,307,5405,3741,1664,373,184,189
1.0 Scen,2014,253,Jones County,21027,13005,8022,12780,6941,5839,2323,2012,311,5546,3867,1679,378,185,193
1.0 Scen,2015,253,Jones County,21223,13168,8055,12824,6968,5856,2332,2018,314,5685,3995,1690,382,187,195
1.0 Scen,2016,253,Jones County,21427,13328,8099,12869,6988,5881,2341,2024,317,5832,4127,1705,385,189,196
1.0 Scen,2017,253,Jones County,21647,13502,8145,12929,7024,5905,2342,2020,322,5984,4268,1716,392,190,202
1.0 Scen,2018,253,Jones County,21867,13676,8191,12976,7047,5929,2344,2017,327,6147,4418,1729,400,194,206
1.0 Scen,2019,253,Jones County,22079,13852,8227,13013,7067,5946,2344,2015,329,6318,4575,1743,404,195,209
1.0 Scen,2020,253,Jones County,22286,14021,8265,13042,7083,5959,2347,2013,334,6488,4728,1760,409,197,212
1.0 Scen,2021,253,Jones County,22519,14214,8305,13092,7113,5979,2355,2017,338,6658,4883,1775,414,201,213
1.0 Scen,2022,253,Jones County,22731,14393,8338,13128,7134,5994,2354,2013,341,6832,5044,1788,417,202,215
1.0 Scen,2023,253,Jones County,22938,14570,8368,13155,7151,6004,2356,2010,346,7005,5206,1799,422,203,219
1.0 Scen,2024,253,Jones County,23149,14764,8385,13184,7174,6010,2358,2006,352,7184,5381,1803,423,203,220
1.0 Scen,2025,253,Jones County,23375,14961,8414,13212,7192,6020,2360,2003,357,7374,5561,1813,429,205,224
1.0 Scen,2026,253,Jones County,23601,15158,8443,13236,7203,6033,2357,1999,358,7576,5750,1826,432,206,226
1.0 Scen,2027,253,Jones County,23818,15357,8461,13259,7221,6038,2342,1985,357,7780,5943,1837,437,208,229
1.0 Scen,2028,253,Jones County,24038,15557,8481,13275,7226,6049,2338,1985,353,7979,6132,1847,446,214,232
1.0 Scen,2029,253,Jones County,24249,15753,8496,13275,7225,6050,2327,1974,353,8193,6336,1857,454,218,236
1.0 Scen,2030,253,Jones County,24446,15960,8486,13275,7233,6042,2313,1966,347,8395,6539,1856,463,222,241
1.0 Scen,2031,253,Jones County,24656,16174,8482,13258,7232,6026,2309,1960,349,8616,6754,1862,473,228,245
1.0 Scen,2032,253,Jones County,24869,16374,8495,13255,7229,6026,2302,1954,348,8832,6961,1871,480,230,250
1.0 Scen,2033,253,Jones County,25092,16606,8486,13230,7226,6004,2304,1954,350,9068,7192,1876,490,234,256
1.0 Scen,2034,253,Jones County,25305,16823,8482,13215,7220,5995,2298,1946,352,9287,7420,1867,505,237,268
1.0 Scen,2035,253,Jones County,25519,17048,8471,13188,7211,5977,2293,1942,351,9525,7656,1869,513,239,274
1.0 Scen,2036,253,Jones County,25745,17283,8462,13157,7198,5959,2286,1935,351,9771,7904,1867,531,246,285
1.0 Scen,2037,253,Jones County,25967,17510,8457,13118,7178,5940,2287,1932,355,10013,8151,1862,549,249,300
1.0 Scen,2038,253,Jones County,26183,17738,8445,13064,7157,5907,2282,1924,358,10266,8405,1861,571,252,319
1.0 Scen,2039,253,Jones County,26388,17963,8425,13012,7131,5881,2274,1917,357,10516,8662,1854,586,253,333
1.0 Scen,2040,253,Jones County,26599,18196,8403,12956,7107,5849,2266,1907,359,10769,8924,1845,608,258,350
1.0 Scen,2041,253,Jones County,26795,18410,8385,12891,7077,5814,2235,1879,356,11036,9191,1845,633,263,370
1.0 Scen,2042,253,Jones County,26993,18639,8354,12822,7050,5772,2215,1859,356,11296,9464,1832,660,266,394
1.0 Scen,2043,253,Jones County,27175,18860,8315,12755,7019,5736,2197,1845,352,11546,9728,1818,677,268,409
1.0 Scen,2044,253,Jones County,27373,19092,8281,12685,6992,5693,2176,1827,349,11815,10002,1813,697,271,426
1.0 Scen,2045,253,Jones County,27582,19329,8253,12612,6962,5650,2160,1810,350,12092,10283,1809,718,274,444
1.0 Scen,2046,253,Jones County,27792,19570,8222,12552,6936,5616,2147,1799,348,12364,10564,1800,729,271,458
1.0 Scen,2047,253,Jones County,28003,19816,8187,12486,6908,5578,2138,1791,347,12637,10848,1789,742,269,473
1.0 Scen,2048,253,Jones County,28224,20065,8159,12417,6882,5535,2126,1776,350,12922,11140,1782,759,267,492
1.0 Scen,2049,253,Jones County,28446,20310,8136,12355,6854,5501,2114,1762,352,13196,11426,1770,781,268,513
1.0 Scen,2050,253,Jones County,28660,20565,8095,12284,6826,5458,2097,1746,351,13481,11724,1757,798,269,529
1.0 Scen,2010,255,Karnes County,14824,8842,5982,5956,3214,2742,1351,1255,96,7376,4301,3075,141,72,69
1.0 Scen,2011,255,Karnes County,14999,8939,6060,6009,3240,2769,1357,1259,98,7490,4367,3123,143,73,70
1.0 Scen,2012,255,Karnes County,15151,9027,6124,6044,3260,2784,1365,1266,99,7598,4428,3170,144,73,71
1.0 Scen,2013,255,Karnes County,15277,9105,6172,6069,3286,2783,1368,1267,101,7694,4478,3216,146,74,72
1.0 Scen,2014,255,Karnes County,15421,9198,6223,6096,3311,2785,1374,1271,103,7804,4542,3262,147,74,73
1.0 Scen,2015,255,Karnes County,15557,9269,6288,6129,3325,2804,1372,1268,104,7907,4601,3306,149,75,74
1.0 Scen,2016,255,Karnes County,15696,9343,6353,6158,3341,2817,1367,1262,105,8021,4665,3356,150,75,75
1.0 Scen,2017,255,Karnes County,15853,9425,6428,6202,3365,2837,1367,1260,107,8132,4724,3408,152,76,76
1.0 Scen,2018,255,Karnes County,15976,9497,6479,6233,3388,2845,1370,1262,108,8219,4770,3449,154,77,77
1.0 Scen,2019,255,Karnes County,16130,9595,6535,6278,3423,2855,1367,1258,109,8329,4836,3493,156,78,78
1.0 Scen,2020,255,Karnes County,16265,9672,6593,6314,3445,2869,1367,1257,110,8428,4893,3535,156,77,79
1.0 Scen,2021,255,Karnes County,16403,9751,6652,6347,3465,2882,1369,1258,111,8529,4950,3579,158,78,80
1.0 Scen,2022,255,Karnes County,16523,9823,6700,6383,3489,2894,1363,1252,111,8617,5003,3614,160,79,81
1.0 Scen,2023,255,Karnes County,16666,9909,6757,6421,3515,2906,1362,1251,111,8721,5063,3658,162,80,82
1.0 Scen,2024,255,Karnes County,16809,9989,6820,6459,3536,2923,1362,1250,112,8825,5122,3703,163,81,82
1.0 Scen,2025,255,Karnes County,16949,10064,6885,6509,3561,2948,1358,1246,112,8918,5175,3743,164,82,82
1.0 Scen,2026,255,Karnes County,17098,10149,6949,6547,3584,2963,1355,1241,114,9030,5241,3789,166,83,83
1.0 Scen,2027,255,Karnes County,17235,10222,7013,6569,3596,2973,1349,1234,115,9149,5308,3841,168,84,84
1.0 Scen,2028,255,Karnes County,17352,10292,7060,6598,3612,2986,1349,1235,114,9235,5360,3875,170,85,85
1.0 Scen,2029,255,Karnes County,17511,10385,7126,6632,3638,2994,1347,1233,114,9359,5427,3932,173,87,86
1.0 Scen,2030,255,Karnes County,17611,10449,7162,6644,3650,2994,1342,1227,115,9450,5484,3966,175,88,87
1.0 Scen,2031,255,Karnes County,17726,10519,7207,6654,3660,2994,1338,1221,117,9558,5549,4009,176,89,87
1.0 Scen,2032,255,Karnes County,17819,10581,7238,6656,3671,2985,1335,1217,118,9650,5603,4047,178,90,88
1.0 Scen,2033,255,Karnes County,17918,10638,7280,6653,3668,2985,1334,1215,119,9751,5664,4087,180,91,89
1.0 Scen,2034,255,Karnes County,17997,10698,7299,6644,3670,2974,1339,1219,120,9831,5717,4114,183,92,91
1.0 Scen,2035,255,Karnes County,18061,10738,7323,6625,3665,2960,1335,1214,121,9918,5766,4152,183,93,90
1.0 Scen,2036,255,Karnes County,18118,10788,7330,6604,3664,2940,1339,1217,122,9989,5813,4176,186,94,92
1.0 Scen,2037,255,Karnes County,18164,10821,7343,6571,3648,2923,1337,1213,124,10067,5864,4203,189,96,93
1.0 Scen,2038,255,Karnes County,18189,10841,7348,6528,3632,2896,1336,1211,125,10134,5902,4232,191,96,95
1.0 Scen,2039,255,Karnes County,18213,10862,7351,6490,3615,2875,1330,1205,125,10202,5946,4256,191,96,95
1.0 Scen,2040,255,Karnes County,18214,10871,7343,6437,3592,2845,1326,1201,125,10255,5980,4275,196,98,98
1.0 Scen,2041,255,Karnes County,18213,10883,7330,6382,3569,2813,1322,1197,125,10311,6017,4294,198,100,98
1.0 Scen,2042,255,Karnes County,18192,10879,7313,6311,3539,2772,1311,1186,125,10370,6054,4316,200,100,100
1.0 Scen,2043,255,Karnes County,18165,10867,7298,6251,3511,2740,1302,1177,125,10410,6079,4331,202,100,102
1.0 Scen,2044,255,Karnes County,18134,10854,7280,6181,3475,2706,1293,1169,124,10457,6109,4348,203,101,102
1.0 Scen,2045,255,Karnes County,18094,10846,7248,6103,3441,2662,1283,1160,123,10505,6143,4362,203,102,101
1.0 Scen,2046,255,Karnes County,18053,10835,7218,6041,3414,2627,1266,1149,117,10545,6170,4375,201,102,99
1.0 Scen,2047,255,Karnes County,17995,10810,7185,5970,3378,2592,1244,1134,110,10582,6197,4385,199,101,98
1.0 Scen,2048,255,Karnes County,17944,10781,7163,5911,3349,2562,1220,1115,105,10615,6218,4397,198,99,99
1.0 Scen,2049,255,Karnes County,17872,10744,7128,5831,3307,2524,1201,1099,102,10643,6240,4403,197,98,99
1.0 Scen,2050,255,Karnes County,17816,10707,7109,5765,3274,2491,1179,1081,98,10672,6253,4419,200,99,101
1.0 Scen,2010,257,Kaufman County,103350,50811,52539,72328,35429,36899,10571,5036,5535,17548,8975,8573,2903,1371,1532
1.0 Scen,2011,257,Kaufman County,107240,52631,54609,74325,36312,38013,11027,5250,5777,18808,9611,9197,3080,1458,1622
1.0 Scen,2012,257,Kaufman County,111264,54502,56762,76352,37201,39151,11493,5479,6014,20146,10279,9867,3273,1543,1730
1.0 Scen,2013,257,Kaufman County,115436,56443,58993,78412,38097,40315,11980,5712,6268,21578,10990,10588,3466,1644,1822
1.0 Scen,2014,257,Kaufman County,119752,58453,61299,80468,38984,41484,12484,5962,6522,23127,11762,11365,3673,1745,1928
1.0 Scen,2015,257,Kaufman County,124238,60519,63719,82570,39879,42691,13017,6222,6795,24768,12575,12193,3883,1843,2040
1.0 Scen,2016,257,Kaufman County,128865,62640,66225,84662,40767,43895,13574,6489,7085,26518,13435,13083,4111,1949,2162
1.0 Scen,2017,257,Kaufman County,133652,64838,68814,86754,41641,45113,14148,6765,7383,28389,14360,14029,4361,2072,2289
1.0 Scen,2018,257,Kaufman County,138601,67124,71477,88881,42532,46349,14729,7049,7680,30386,15350,15036,4605,2193,2412
1.0 Scen,2019,257,Kaufman County,143742,69493,74249,91020,43427,47593,15338,7342,7996,32516,16406,16110,4868,2318,2550
1.0 Scen,2020,257,Kaufman County,149063,71944,77119,93169,44323,48846,15955,7636,8319,34793,17534,17259,5146,2451,2695
1.0 Scen,2021,257,Kaufman County,154623,74514,80109,95355,45238,50117,16591,7940,8651,37235,18745,18490,5442,2591,2851
1.0 Scen,2022,257,Kaufman County,160397,77188,83209,97564,46154,51410,17253,8259,8994,39835,20039,19796,5745,2736,3009
1.0 Scen,2023,257,Kaufman County,166421,79987,86434,99790,47077,52713,17952,8596,9356,42606,21418,21188,6073,2896,3177
1.0 Scen,2024,257,Kaufman County,172693,82908,89785,102054,48014,54040,18659,8942,9717,45563,22889,22674,6417,3063,3354
1.0 Scen,2025,257,Kaufman County,179169,85915,93254,104302,48940,55362,19384,9288,10096,48704,24448,24256,6779,3239,3540
1.0 Scen,2026,257,Kaufman County,185908,89055,96853,106575,49885,56690,20138,9652,10486,52047,26099,25948,7148,3419,3729
1.0 Scen,2027,257,Kaufman County,192886,92326,100560,108858,50841,58017,20886,10016,10870,55601,27857,27744,7541,3612,3929
1.0 Scen,2028,257,Kaufman County,200126,95721,104405,111173,51816,59357,21650,10376,11274,59344,29712,29632,7959,3817,4142
1.0 Scen,2029,257,Kaufman County,207636,99259,108377,113505,52799,60706,22447,10765,11682,63297,31669,31628,8387,4026,4361
1.0 Scen,2030,257,Kaufman County,215415,102926,112489,115858,53793,62065,23226,11145,12081,67481,33742,33739,8850,4246,4604
1.0 Scen,2031,257,Kaufman County,223476,106733,116743,118212,54788,63424,24051,11549,12502,71881,35916,35965,9332,4480,4852
1.0 Scen,2032,257,Kaufman County,231819,110675,121144,120579,55787,64792,24879,11952,12927,76524,38210,38314,9837,4726,5111
1.0 Scen,2033,257,Kaufman County,240425,114756,125669,122952,56795,66157,25712,12358,13354,81405,40619,40786,10356,4984,5372
1.0 Scen,2034,257,Kaufman County,249280,118951,130329,125313,57793,67520,26544,12757,13787,86516,43145,43371,10907,5256,5651
1.0 Scen,2035,257,Kaufman County,258449,123299,135150,127661,58789,68872,27403,13182,14221,91899,45790,46109,11486,5538,5948
1.0 Scen,2036,257,Kaufman County,267883,127771,140112,130004,59780,70224,28248,13582,14666,97551,48571,48980,12080,5838,6242
1.0 Scen,2037,257,Kaufman County,277667,132430,145237,132348,60768,71580,29142,14035,15107,103473,51478,51995,12704,6149,6555
1.0 Scen,2038,257,Kaufman County,287766,137237,150529,134673,61749,72924,30039,14478,15561,109695,54544,55151,13359,6466,6893
1.0 Scen,2039,257,Kaufman County,298140,142176,155964,136993,62726,74267,30918,14912,16006,116205,57744,58461,14024,6794,7230
1.0 Scen,2040,257,Kaufman County,308894,147295,161599,139301,63691,75610,31838,15373,16465,123050,61105,61945,14705,7126,7579
1.0 Scen,2041,257,Kaufman County,319978,152586,167392,141581,64646,76935,32742,15825,16917,130215,64631,65584,15440,7484,7956
1.0 Scen,2042,257,Kaufman County,331427,158049,173378,143822,65585,78237,33670,16291,17379,137748,68325,69423,16187,7848,8339
1.0 Scen,2043,257,Kaufman County,343260,163708,179552,146040,66509,79531,34591,16745,17846,145657,72223,73434,16972,8231,8741
1.0 Scen,2044,257,Kaufman County,355487,169569,185918,148228,67428,80800,35524,17214,18310,153962,76308,77654,17773,8619,9154
1.0 Scen,2045,257,Kaufman County,368143,175629,192514,150397,68336,82061,36474,17690,18784,162658,80580,82078,18614,9023,9591
1.0 Scen,2046,257,Kaufman County,381255,181956,199299,152545,69241,83304,37431,18183,19248,171794,85084,86710,19485,9448,10037
1.0 Scen,2047,257,Kaufman County,394804,188479,206325,154686,70136,84550,38384,18668,19716,181361,89801,91560,20373,9874,10499
1.0 Scen,2048,257,Kaufman County,408847,195280,213567,156816,71044,85772,39346,19157,20189,191372,94745,96627,21313,10334,10979
1.0 Scen,2049,257,Kaufman County,423402,202352,221050,158946,71951,86995,40312,19662,20650,201864,99937,101927,22280,10802,11478
1.0 Scen,2050,257,Kaufman County,438487,209685,228802,161084,72870,88214,41284,20162,21122,212834,105370,107464,23285,11283,12002
1.0 Scen,2010,259,Kendall County,33410,16299,17111,25746,12404,13342,138,79,59,6829,3480,3349,697,336,361
1.0 Scen,2011,259,Kendall County,34486,16774,17712,26467,12694,13773,139,80,59,7160,3651,3509,720,349,371
1.0 Scen,2012,259,Kendall County,35564,17253,18311,27180,12979,14201,139,80,59,7493,3828,3665,752,366,386
1.0 Scen,2013,259,Kendall County,36708,17762,18946,27925,13275,14650,141,82,59,7857,4021,3836,785,384,401
1.0 Scen,2014,259,Kendall County,37847,18265,19582,28670,13574,15096,142,82,60,8217,4207,4010,818,402,416
1.0 Scen,2015,259,Kendall County,38993,18758,20235,29408,13854,15554,144,83,61,8594,4407,4187,847,414,433
1.0 Scen,2016,259,Kendall County,40169,19273,20896,30155,14145,16010,146,84,62,8994,4615,4379,874,429,445
1.0 Scen,2017,259,Kendall County,41370,19795,21575,30899,14426,16473,148,86,62,9413,4835,4578,910,448,462
1.0 Scen,2018,259,Kendall County,42562,20305,22257,31639,14702,16937,149,86,63,9830,5054,4776,944,463,481
1.0 Scen,2019,259,Kendall County,43766,20821,22945,32383,14978,17405,151,87,64,10255,5276,4979,977,480,497
1.0 Scen,2020,259,Kendall County,44958,21334,23624,33119,15254,17865,153,88,65,10679,5495,5184,1007,497,510
1.0 Scen,2021,259,Kendall County,46181,21862,24319,33870,15536,18334,156,90,66,11117,5721,5396,1038,515,523
1.0 Scen,2022,259,Kendall County,47431,22419,25012,34618,15822,18796,159,92,67,11579,5969,5610,1075,536,539
1.0 Scen,2023,259,Kendall County,48715,22970,25745,35376,16105,19271,161,93,68,12057,6208,5849,1121,564,557
1.0 Scen,2024,259,Kendall County,50005,23548,26457,36127,16392,19735,163,94,69,12555,6472,6083,1160,590,570
1.0 Scen,2025,259,Kendall County,51307,24117,27190,36886,16674,20212,164,95,69,13051,6731,6320,1206,617,589
1.0 Scen,2026,259,Kendall County,52659,24718,27941,37663,16970,20693,166,96,70,13573,7002,6571,1257,650,607
1.0 Scen,2027,259,Kendall County,54023,25320,28703,38431,17258,21173,168,97,71,14127,7293,6834,1297,672,625
1.0 Scen,2028,259,Kendall County,55397,25935,29462,39193,17546,21647,171,99,72,14690,7592,7098,1343,698,645
1.0 Scen,2029,259,Kendall County,56809,26565,30244,39977,17843,22134,175,102,73,15262,7894,7368,1395,726,669
1.0 Scen,2030,259,Kendall County,58229,27203,31026,40748,18137,22611,178,104,74,15855,8205,7650,1448,757,691
1.0 Scen,2031,259,Kendall County,59696,27855,31841,41542,18434,23108,178,105,73,16467,8528,7939,1509,788,721
1.0 Scen,2032,259,Kendall County,61161,28521,32640,42315,18732,23583,179,105,74,17088,8854,8234,1579,830,749
1.0 Scen,2033,259,Kendall County,62640,29190,33450,43086,19023,24063,177,104,73,17724,9187,8537,1653,876,777
1.0 Scen,2034,259,Kendall County,64120,29852,34268,43842,19303,24539,173,101,72,18377,9530,8847,1728,918,810
1.0 Scen,2035,259,Kendall County,65617,30522,35095,44587,19576,25011,171,100,71,19044,9877,9167,1815,969,846
1.0 Scen,2036,259,Kendall County,67119,31201,35918,45335,19849,25486,167,97,70,19718,10234,9484,1899,1021,878
1.0 Scen,2037,259,Kendall County,68639,31895,36744,46081,20125,25956,164,95,69,20404,10600,9804,1990,1075,915
1.0 Scen,2038,259,Kendall County,70176,32603,37573,46807,20392,26415,161,92,69,21117,10980,10137,2091,1139,952
1.0 Scen,2039,259,Kendall County,71690,33305,38385,47503,20646,26857,158,91,67,21834,11363,10471,2195,1205,990
1.0 Scen,2040,259,Kendall County,73221,34012,39209,48186,20896,27290,157,89,68,22575,11760,10815,2303,1267,1036
1.0 Scen,2041,259,Kendall County,74762,34722,40040,48866,21144,27722,154,87,67,23331,12161,11170,2411,1330,1081
1.0 Scen,2042,259,Kendall County,76303,35444,40859,49515,21383,28132,150,84,66,24101,12571,11530,2537,1406,1131
1.0 Scen,2043,259,Kendall County,77837,36158,41679,50150,21611,28539,149,84,65,24885,12987,11898,2653,1476,1177
1.0 Scen,2044,259,Kendall County,79368,36878,42490,50765,21833,28932,147,82,65,25666,13406,12260,2790,1557,1233
1.0 Scen,2045,259,Kendall County,80899,37604,43295,51363,22042,29321,143,81,62,26465,13842,12623,2928,1639,1289
1.0 Scen,2046,259,Kendall County,82434,38338,44096,51945,22250,29695,141,80,61,27276,14284,12992,3072,1724,1348
1.0 Scen,2047,259,Kendall County,83968,39064,44904,52500,22447,30053,139,80,59,28107,14727,13380,3222,1810,1412
1.0 Scen,2048,259,Kendall County,85541,39828,45713,53063,22655,30408,132,74,58,28960,15189,13771,3386,1910,1476
1.0 Scen,2049,259,Kendall County,87115,40596,46519,53610,22855,30755,130,73,57,29822,15662,14160,3553,2006,1547
1.0 Scen,2050,259,Kendall County,88689,41368,47321,54151,23055,31096,127,70,57,30707,16148,14559,3704,2095,1609
1.0 Scen,2010,261,Kenedy County,416,212,204,86,40,46,1,0,1,319,167,152,10,5,5
1.0 Scen,2011,261,Kenedy County,422,216,206,87,41,46,1,0,1,324,170,154,10,5,5
1.0 Scen,2012,261,Kenedy County,425,218,207,87,41,46,1,0,1,327,172,155,10,5,5
1.0 Scen,2013,261,Kenedy County,428,220,208,87,41,46,1,0,1,330,174,156,10,5,5
1.0 Scen,2014,261,Kenedy County,434,223,211,89,41,48,1,0,1,334,177,157,10,5,5
1.0 Scen,2015,261,Kenedy County,438,225,213,90,42,48,1,0,1,337,178,159,10,5,5
1.0 Scen,2016,261,Kenedy County,444,228,216,91,42,49,1,0,1,342,181,161,10,5,5
1.0 Scen,2017,261,Kenedy County,450,231,219,92,43,49,1,0,1,347,183,164,10,5,5
1.0 Scen,2018,261,Kenedy County,455,234,221,93,44,49,1,0,1,351,185,166,10,5,5
1.0 Scen,2019,261,Kenedy County,460,237,223,94,45,49,1,0,1,355,187,168,10,5,5
1.0 Scen,2020,261,Kenedy County,462,238,224,94,45,49,1,0,1,357,188,169,10,5,5
1.0 Scen,2021,261,Kenedy County,465,241,224,94,46,48,1,0,1,360,190,170,10,5,5
1.0 Scen,2022,261,Kenedy County,469,243,226,94,45,49,1,0,1,364,193,171,10,5,5
1.0 Scen,2023,261,Kenedy County,473,246,227,95,46,49,1,0,1,367,195,172,10,5,5
1.0 Scen,2024,261,Kenedy County,476,247,229,95,45,50,1,0,1,371,197,174,9,5,4
1.0 Scen,2025,261,Kenedy County,483,251,232,96,46,50,1,0,1,377,200,177,9,5,4
1.0 Scen,2026,261,Kenedy County,486,253,233,96,46,50,1,0,1,380,202,178,9,5,4
1.0 Scen,2027,261,Kenedy County,489,256,233,97,47,50,1,0,1,382,204,178,9,5,4
1.0 Scen,2028,261,Kenedy County,491,257,234,98,47,51,1,0,1,383,205,178,9,5,4
1.0 Scen,2029,261,Kenedy County,492,258,234,98,47,51,1,0,1,384,206,178,9,5,4
1.0 Scen,2030,261,Kenedy County,494,260,234,98,47,51,1,0,1,386,208,178,9,5,4
1.0 Scen,2031,261,Kenedy County,492,261,231,98,48,50,1,0,1,384,208,176,9,5,4
1.0 Scen,2032,261,Kenedy County,490,261,229,97,47,50,1,0,1,383,209,174,9,5,4
1.0 Scen,2033,261,Kenedy County,490,263,227,96,47,49,1,0,1,384,211,173,9,5,4
1.0 Scen,2034,261,Kenedy County,490,264,226,96,47,49,1,0,1,384,212,172,9,5,4
1.0 Scen,2035,261,Kenedy County,489,264,225,96,47,49,1,0,1,383,212,171,9,5,4
1.0 Scen,2036,261,Kenedy County,488,264,224,95,46,49,1,0,1,383,213,170,9,5,4
1.0 Scen,2037,261,Kenedy County,489,266,223,94,46,48,1,0,1,385,215,170,9,5,4
1.0 Scen,2038,261,Kenedy County,490,267,223,92,45,47,1,0,1,388,217,171,9,5,4
1.0 Scen,2039,261,Kenedy County,488,267,221,92,46,46,1,0,1,386,216,170,9,5,4
1.0 Scen,2040,261,Kenedy County,484,265,219,93,46,47,1,0,1,381,214,167,9,5,4
1.0 Scen,2041,261,Kenedy County,479,262,217,92,46,46,1,0,1,377,211,166,9,5,4
1.0 Scen,2042,261,Kenedy County,476,260,216,91,45,46,1,0,1,375,210,165,9,5,4
1.0 Scen,2043,261,Kenedy County,471,259,212,89,45,44,1,0,1,372,209,163,9,5,4
1.0 Scen,2044,261,Kenedy County,467,258,209,88,45,43,1,0,1,369,208,161,9,5,4
1.0 Scen,2045,261,Kenedy County,467,261,206,87,46,41,1,0,1,370,210,160,9,5,4
1.0 Scen,2046,261,Kenedy County,459,258,201,86,45,41,1,0,1,363,208,155,9,5,4
1.0 Scen,2047,261,Kenedy County,457,258,199,87,46,41,1,0,1,360,207,153,9,5,4
1.0 Scen,2048,261,Kenedy County,448,252,196,86,44,42,1,0,1,352,203,149,9,5,4
1.0 Scen,2049,261,Kenedy County,446,253,193,86,45,41,1,0,1,350,203,147,9,5,4
1.0 Scen,2050,261,Kenedy County,438,246,192,85,44,41,1,0,1,344,198,146,8,4,4
1.0 Scen,2010,263,Kent County,808,392,416,669,320,349,6,2,4,120,64,56,13,6,7
1.0 Scen,2011,263,Kent County,807,393,414,667,320,347,6,2,4,121,65,56,13,6,7
1.0 Scen,2012,263,Kent County,807,395,412,666,322,344,6,2,4,122,65,57,13,6,7
1.0 Scen,2013,263,Kent County,808,397,411,666,323,343,6,2,4,123,66,57,13,6,7
1.0 Scen,2014,263,Kent County,804,396,408,661,321,340,6,2,4,124,67,57,13,6,7
1.0 Scen,2015,263,Kent County,803,400,403,659,324,335,6,2,4,125,68,57,13,6,7
1.0 Scen,2016,263,Kent County,806,402,404,660,325,335,6,2,4,127,69,58,13,6,7
1.0 Scen,2017,263,Kent County,808,403,405,660,325,335,6,2,4,129,70,59,13,6,7
1.0 Scen,2018,263,Kent County,807,404,403,656,325,331,6,2,4,132,71,61,13,6,7
1.0 Scen,2019,263,Kent County,810,407,403,657,327,330,6,2,4,134,72,62,13,6,7
1.0 Scen,2020,263,Kent County,809,408,401,654,326,328,6,2,4,137,74,63,12,6,6
1.0 Scen,2021,263,Kent County,816,415,401,657,330,327,6,2,4,141,77,64,12,6,6
1.0 Scen,2022,263,Kent County,819,419,400,657,332,325,6,2,4,144,79,65,12,6,6
1.0 Scen,2023,263,Kent County,826,424,402,661,335,326,6,2,4,147,81,66,12,6,6
1.0 Scen,2024,263,Kent County,825,425,400,657,334,323,6,2,4,150,83,67,12,6,6
1.0 Scen,2025,263,Kent County,826,429,397,656,336,320,6,2,4,152,85,67,12,6,6
1.0 Scen,2026,263,Kent County,827,433,394,654,338,316,6,2,4,155,87,68,12,6,6
1.0 Scen,2027,263,Kent County,824,434,390,649,338,311,6,2,4,157,88,69,12,6,6
1.0 Scen,2028,263,Kent County,815,429,386,638,332,306,6,2,4,159,89,70,12,6,6
1.0 Scen,2029,263,Kent County,804,426,378,624,327,297,6,2,4,162,91,71,12,6,6
1.0 Scen,2030,263,Kent County,795,422,373,613,322,291,5,2,3,165,92,73,12,6,6
1.0 Scen,2031,263,Kent County,786,420,366,601,318,283,5,2,3,168,94,74,12,6,6
1.0 Scen,2032,263,Kent County,769,412,357,582,310,272,5,2,3,170,94,76,12,6,6
1.0 Scen,2033,263,Kent County,757,407,350,569,304,265,5,2,3,171,95,76,12,6,6
1.0 Scen,2034,263,Kent County,751,403,348,563,300,263,5,2,3,172,95,77,11,6,5
1.0 Scen,2035,263,Kent County,749,403,346,561,300,261,5,2,3,172,95,77,11,6,5
1.0 Scen,2036,263,Kent County,745,402,343,557,299,258,5,2,3,173,96,77,10,5,5
1.0 Scen,2037,263,Kent County,741,400,341,551,296,255,5,2,3,175,97,78,10,5,5
1.0 Scen,2038,263,Kent County,738,399,339,548,294,254,5,2,3,175,98,77,10,5,5
1.0 Scen,2039,263,Kent County,739,399,340,547,293,254,5,2,3,177,99,78,10,5,5
1.0 Scen,2040,263,Kent County,734,397,337,540,290,250,5,2,3,179,100,79,10,5,5
1.0 Scen,2041,263,Kent County,727,392,335,532,285,247,5,2,3,180,100,80,10,5,5
1.0 Scen,2042,263,Kent County,721,393,328,526,286,240,5,2,3,180,100,80,10,5,5
1.0 Scen,2043,263,Kent County,713,391,322,517,284,233,5,2,3,181,100,81,10,5,5
1.0 Scen,2044,263,Kent County,703,386,317,509,280,229,5,2,3,179,99,80,10,5,5
1.0 Scen,2045,263,Kent County,700,384,316,505,277,228,5,2,3,180,100,80,10,5,5
1.0 Scen,2046,263,Kent County,694,381,313,501,275,226,5,2,3,178,99,79,10,5,5
1.0 Scen,2047,263,Kent County,691,380,311,499,275,224,5,2,3,178,98,80,9,5,4
1.0 Scen,2048,263,Kent County,688,377,311,496,272,224,5,2,3,178,98,80,9,5,4
1.0 Scen,2049,263,Kent County,683,375,308,490,269,221,5,2,3,179,99,80,9,5,4
1.0 Scen,2050,263,Kent County,677,373,304,485,268,217,5,2,3,179,99,80,8,4,4
1.0 Scen,2010,265,Kerr County,49625,24068,25557,35851,17086,18765,739,437,302,11895,5999,5896,1140,546,594
1.0 Scen,2011,265,Kerr County,50304,24392,25912,36141,17212,18929,750,446,304,12243,6178,6065,1170,556,614
1.0 Scen,2012,265,Kerr County,51031,24754,26277,36464,17364,19100,762,454,308,12603,6366,6237,1202,570,632
1.0 Scen,2013,265,Kerr County,51769,25131,26638,36797,17529,19268,775,465,310,12959,6555,6404,1238,582,656
1.0 Scen,2014,265,Kerr County,52519,25500,27019,37130,17682,19448,786,473,313,13337,6750,6587,1266,595,671
1.0 Scen,2015,265,Kerr County,53262,25870,27392,37459,17839,19620,796,480,316,13711,6943,6768,1296,608,688
1.0 Scen,2016,265,Kerr County,53995,26236,27759,37782,17991,19791,802,483,319,14091,7141,6950,1320,621,699
1.0 Scen,2017,265,Kerr County,54742,26605,28137,38111,18153,19958,814,490,324,14471,7332,7139,1346,630,716
1.0 Scen,2018,265,Kerr County,55505,26998,28507,38443,18318,20125,824,498,326,14867,7538,7329,1371,644,727
1.0 Scen,2019,265,Kerr County,56240,27382,28858,38760,18482,20278,830,503,327,15254,7739,7515,1396,658,738
1.0 Scen,2020,265,Kerr County,57004,27775,29229,39073,18644,20429,840,510,330,15657,7948,7709,1434,673,761
1.0 Scen,2021,265,Kerr County,57782,28181,29601,39397,18806,20591,846,514,332,16067,8169,7898,1472,692,780
1.0 Scen,2022,265,Kerr County,58583,28602,29981,39707,18969,20738,849,516,333,16514,8406,8108,1513,711,802
1.0 Scen,2023,265,Kerr County,59363,29013,30350,40004,19122,20882,851,518,333,16964,8649,8315,1544,724,820
1.0 Scen,2024,265,Kerr County,60127,29417,30710,40278,19264,21014,855,519,336,17419,8896,8523,1575,738,837
1.0 Scen,2025,265,Kerr County,60860,29813,31047,40524,19396,21128,855,517,338,17879,9148,8731,1602,752,850
1.0 Scen,2026,265,Kerr County,61592,30204,31388,40740,19513,21227,857,519,338,18352,9401,8951,1643,771,872
1.0 Scen,2027,265,Kerr County,62297,30590,31707,40920,19613,21307,863,525,338,18836,9662,9174,1678,790,888
1.0 Scen,2028,265,Kerr County,62953,30952,32001,41068,19705,21363,860,524,336,19312,9916,9396,1713,807,906
1.0 Scen,2029,265,Kerr County,63579,31310,32269,41172,19780,21392,859,525,334,19802,10181,9621,1746,824,922
1.0 Scen,2030,265,Kerr County,64156,31643,32513,41245,19842,21403,848,520,328,20272,10431,9841,1791,850,941
1.0 Scen,2031,265,Kerr County,64706,31949,32757,41275,19875,21400,839,515,324,20756,10686,10070,1836,873,963
1.0 Scen,2032,265,Kerr County,65209,32245,32964,41264,19895,21369,832,511,321,21229,10944,10285,1884,895,989
1.0 Scen,2033,265,Kerr County,65662,32513,33149,41211,19896,21315,828,509,319,21701,11194,10507,1922,914,1008
1.0 Scen,2034,265,Kerr County,66057,32757,33300,41123,19877,21246,818,506,312,22156,11440,10716,1960,934,1026
1.0 Scen,2035,265,Kerr County,66433,32989,33444,40999,19842,21157,805,499,306,22619,11695,10924,2010,953,1057
1.0 Scen,2036,265,Kerr County,66780,33209,33571,40843,19797,21046,801,496,305,23079,11944,11135,2057,972,1085
1.0 Scen,2037,265,Kerr County,67089,33403,33686,40648,19727,20921,798,495,303,23538,12193,11345,2105,988,1117
1.0 Scen,2038,265,Kerr County,67365,33586,33779,40432,19651,20781,790,490,300,23988,12433,11555,2155,1012,1143
1.0 Scen,2039,265,Kerr County,67601,33752,33849,40168,19556,20612,786,489,297,24438,12677,11761,2209,1030,1179
1.0 Scen,2040,265,Kerr County,67829,33915,33914,39896,19454,20442,781,486,295,24886,12923,11963,2266,1052,1214
1.0 Scen,2041,265,Kerr County,68050,34077,33973,39621,19350,20271,779,484,295,25330,13166,12164,2320,1077,1243
1.0 Scen,2042,265,Kerr County,68216,34207,34009,39301,19229,20072,774,481,293,25775,13407,12368,2366,1090,1276
1.0 Scen,2043,265,Kerr County,68374,34337,34037,38972,19106,19866,770,477,293,26208,13644,12564,2424,1110,1314
1.0 Scen,2044,265,Kerr County,68500,34453,34047,38623,18979,19644,765,473,292,26638,13875,12763,2474,1126,1348
1.0 Scen,2045,265,Kerr County,68626,34568,34058,38274,18843,19431,758,469,289,27066,14107,12959,2528,1149,1379
1.0 Scen,2046,265,Kerr County,68756,34698,34058,37910,18708,19202,745,461,284,27501,14351,13150,2600,1178,1422
1.0 Scen,2047,265,Kerr County,68868,34811,34057,37552,18570,18982,732,452,280,27926,14580,13346,2658,1209,1449
1.0 Scen,2048,265,Kerr County,69018,34956,34062,37208,18447,18761,722,445,277,28365,14825,13540,2723,1239,1484
1.0 Scen,2049,265,Kerr County,69161,35093,34068,36886,18330,18556,710,437,273,28772,15052,13720,2793,1274,1519
1.0 Scen,2050,265,Kerr County,69353,35253,34100,36575,18220,18355,708,435,273,29208,15296,13912,2862,1302,1560
1.0 Scen,2010,267,Kimble County,4607,2281,2326,3450,1686,1764,16,12,4,1077,550,527,64,33,31
1.0 Scen,2011,267,Kimble County,4675,2319,2356,3494,1708,1786,16,12,4,1101,566,535,64,33,31
1.0 Scen,2012,267,Kimble County,4728,2353,2375,3526,1728,1798,16,12,4,1122,580,542,64,33,31
1.0 Scen,2013,267,Kimble County,4768,2379,2389,3543,1741,1802,16,12,4,1144,592,552,65,34,31
1.0 Scen,2014,267,Kimble County,4808,2407,2401,3562,1755,1807,16,12,4,1165,606,559,65,34,31
1.0 Scen,2015,267,Kimble County,4848,2436,2412,3577,1768,1809,16,12,4,1190,621,569,65,35,30
1.0 Scen,2016,267,Kimble County,4890,2466,2424,3590,1780,1810,16,12,4,1219,639,580,65,35,30
1.0 Scen,2017,267,Kimble County,4917,2487,2430,3594,1784,1810,16,12,4,1242,656,586,65,35,30
1.0 Scen,2018,267,Kimble County,4953,2513,2440,3606,1795,1811,16,12,4,1266,671,595,65,35,30
1.0 Scen,2019,267,Kimble County,5005,2541,2464,3634,1808,1826,16,12,4,1292,688,604,63,33,30
1.0 Scen,2020,267,Kimble County,5052,2576,2476,3651,1823,1828,16,12,4,1319,706,613,66,35,31
1.0 Scen,2021,267,Kimble County,5105,2611,2494,3676,1837,1839,16,12,4,1347,727,620,66,35,31
1.0 Scen,2022,267,Kimble County,5144,2640,2504,3689,1849,1840,16,12,4,1375,744,631,64,35,29
1.0 Scen,2023,267,Kimble County,5186,2671,2515,3703,1863,1840,16,12,4,1402,761,641,65,35,30
1.0 Scen,2024,267,Kimble County,5218,2693,2525,3714,1869,1845,16,12,4,1423,777,646,65,35,30
1.0 Scen,2025,267,Kimble County,5251,2718,2533,3719,1875,1844,16,12,4,1453,798,655,63,33,30
1.0 Scen,2026,267,Kimble County,5283,2741,2542,3727,1881,1846,16,12,4,1477,814,663,63,34,29
1.0 Scen,2027,267,Kimble County,5305,2762,2543,3726,1888,1838,16,12,4,1499,827,672,64,35,29
1.0 Scen,2028,267,Kimble County,5310,2774,2536,3717,1888,1829,16,12,4,1515,841,674,62,33,29
1.0 Scen,2029,267,Kimble County,5320,2792,2528,3709,1891,1818,16,12,4,1535,857,678,60,32,28
1.0 Scen,2030,267,Kimble County,5318,2801,2517,3690,1888,1802,16,12,4,1553,868,685,59,33,26
1.0 Scen,2031,267,Kimble County,5324,2818,2506,3679,1895,1784,16,12,4,1572,880,692,57,31,26
1.0 Scen,2032,267,Kimble County,5328,2835,2493,3660,1895,1765,16,12,4,1595,896,699,57,32,25
1.0 Scen,2033,267,Kimble County,5324,2848,2476,3637,1897,1740,16,12,4,1616,909,707,55,30,25
1.0 Scen,2034,267,Kimble County,5315,2856,2459,3610,1889,1721,16,12,4,1632,924,708,57,31,26
1.0 Scen,2035,267,Kimble County,5312,2867,2445,3590,1887,1703,16,12,4,1653,939,714,53,29,24
1.0 Scen,2036,267,Kimble County,5306,2877,2429,3562,1881,1681,16,12,4,1674,954,720,54,30,24
1.0 Scen,2037,267,Kimble County,5289,2882,2407,3524,1869,1655,16,12,4,1698,973,725,51,28,23
1.0 Scen,2038,267,Kimble County,5270,2888,2382,3489,1860,1629,16,12,4,1715,989,726,50,27,23
1.0 Scen,2039,267,Kimble County,5240,2888,2352,3443,1846,1597,15,12,3,1729,1001,728,53,29,24
1.0 Scen,2040,267,Kimble County,5198,2873,2325,3395,1826,1569,15,12,3,1736,1006,730,52,29,23
1.0 Scen,2041,267,Kimble County,5178,2876,2302,3361,1817,1544,15,12,3,1752,1020,732,50,27,23
1.0 Scen,2042,267,Kimble County,5153,2883,2270,3318,1804,1514,15,12,3,1771,1039,732,49,28,21
1.0 Scen,2043,267,Kimble County,5133,2881,2252,3281,1792,1489,13,10,3,1791,1051,740,48,28,20
1.0 Scen,2044,267,Kimble County,5113,2881,2232,3250,1781,1469,13,10,3,1804,1064,740,46,26,20
1.0 Scen,2045,267,Kimble County,5084,2879,2205,3208,1766,1442,13,10,3,1816,1075,741,47,28,19
1.0 Scen,2046,267,Kimble County,5065,2877,2188,3177,1756,1421,13,10,3,1833,1085,748,42,26,16
1.0 Scen,2047,267,Kimble County,5040,2875,2165,3139,1743,1396,13,10,3,1847,1096,751,41,26,15
1.0 Scen,2048,267,Kimble County,5008,2864,2144,3095,1722,1373,13,10,3,1860,1106,754,40,26,14
1.0 Scen,2049,267,Kimble County,4988,2863,2125,3056,1707,1349,13,10,3,1880,1121,759,39,25,14
1.0 Scen,2050,267,Kimble County,4969,2865,2104,3028,1699,1329,14,11,3,1889,1130,759,38,25,13
1.0 Scen,2010,269,King County,286,141,145,242,115,127,0,0,0,39,24,15,5,2,3
1.0 Scen,2011,269,King County,286,142,144,242,116,126,0,0,0,39,24,15,5,2,3
1.0 Scen,2012,269,King County,289,143,146,245,117,128,0,0,0,39,24,15,5,2,3
1.0 Scen,2013,269,King County,291,144,147,247,118,129,0,0,0,39,24,15,5,2,3
1.0 Scen,2014,269,King County,293,145,148,249,119,130,0,0,0,39,24,15,5,2,3
1.0 Scen,2015,269,King County,293,145,148,249,119,130,0,0,0,39,24,15,5,2,3
1.0 Scen,2016,269,King County,295,146,149,251,120,131,0,0,0,39,24,15,5,2,3
1.0 Scen,2017,269,King County,296,145,151,252,119,133,0,0,0,39,24,15,5,2,3
1.0 Scen,2018,269,King County,299,146,153,254,120,134,0,0,0,40,24,16,5,2,3
1.0 Scen,2019,269,King County,298,146,152,252,119,133,0,0,0,41,25,16,5,2,3
1.0 Scen,2020,269,King County,299,146,153,252,119,133,0,0,0,42,25,17,5,2,3
1.0 Scen,2021,269,King County,300,149,151,252,121,131,0,0,0,43,26,17,5,2,3
1.0 Scen,2022,269,King County,303,151,152,254,123,131,0,0,0,44,26,18,5,2,3
1.0 Scen,2023,269,King County,305,153,152,255,124,131,0,0,0,45,27,18,5,2,3
1.0 Scen,2024,269,King County,305,153,152,255,124,131,0,0,0,45,27,18,5,2,3
1.0 Scen,2025,269,King County,305,153,152,256,124,132,0,0,0,44,27,17,5,2,3
1.0 Scen,2026,269,King County,307,153,154,258,124,134,0,0,0,44,27,17,5,2,3
1.0 Scen,2027,269,King County,307,155,152,258,126,132,0,0,0,44,27,17,5,2,3
1.0 Scen,2028,269,King County,309,155,154,260,126,134,0,0,0,44,27,17,5,2,3
1.0 Scen,2029,269,King County,307,156,151,258,127,131,0,0,0,44,27,17,5,2,3
1.0 Scen,2030,269,King County,306,156,150,257,127,130,0,0,0,44,27,17,5,2,3
1.0 Scen,2031,269,King County,305,157,148,256,128,128,0,0,0,44,27,17,5,2,3
1.0 Scen,2032,269,King County,302,156,146,253,127,126,0,0,0,44,27,17,5,2,3
1.0 Scen,2033,269,King County,301,154,147,251,125,126,0,0,0,45,27,18,5,2,3
1.0 Scen,2034,269,King County,300,154,146,250,125,125,0,0,0,45,27,18,5,2,3
1.0 Scen,2035,269,King County,298,152,146,248,123,125,0,0,0,45,27,18,5,2,3
1.0 Scen,2036,269,King County,297,152,145,247,123,124,0,0,0,45,27,18,5,2,3
1.0 Scen,2037,269,King County,293,150,143,243,121,122,0,0,0,45,27,18,5,2,3
1.0 Scen,2038,269,King County,287,147,140,237,118,119,0,0,0,45,27,18,5,2,3
1.0 Scen,2039,269,King County,283,145,138,233,116,117,0,0,0,45,27,18,5,2,3
1.0 Scen,2040,269,King County,277,142,135,227,113,114,0,0,0,45,27,18,5,2,3
1.0 Scen,2041,269,King County,275,141,134,225,112,113,0,0,0,45,27,18,5,2,3
1.0 Scen,2042,269,King County,268,138,130,218,109,109,0,0,0,45,27,18,5,2,3
1.0 Scen,2043,269,King County,266,138,128,216,109,107,0,0,0,45,27,18,5,2,3
1.0 Scen,2044,269,King County,262,136,126,212,107,105,0,0,0,45,27,18,5,2,3
1.0 Scen,2045,269,King County,255,134,121,206,105,101,0,0,0,45,27,18,4,2,2
1.0 Scen,2046,269,King County,251,133,118,202,104,98,0,0,0,45,27,18,4,2,2
1.0 Scen,2047,269,King County,248,131,117,199,102,97,0,0,0,45,27,18,4,2,2
1.0 Scen,2048,269,King County,245,128,117,196,99,97,0,0,0,45,27,18,4,2,2
1.0 Scen,2049,269,King County,243,127,116,195,99,96,0,0,0,44,26,18,4,2,2
1.0 Scen,2050,269,King County,241,125,116,194,98,96,0,0,0,43,25,18,4,2,2
1.0 Scen,2010,271,Kinney County,3598,1955,1643,1496,749,747,39,21,18,2004,1153,851,59,32,27
1.0 Scen,2011,271,Kinney County,3622,1967,1655,1490,742,748,39,21,18,2034,1172,862,59,32,27
1.0 Scen,2012,271,Kinney County,3654,1986,1668,1481,734,747,39,21,18,2075,1199,876,59,32,27
1.0 Scen,2013,271,Kinney County,3683,2003,1680,1470,723,747,39,21,18,2115,1227,888,59,32,27
1.0 Scen,2014,271,Kinney County,3718,2022,1696,1468,718,750,39,21,18,2152,1251,901,59,32,27
1.0 Scen,2015,271,Kinney County,3734,2033,1701,1448,705,743,39,21,18,2189,1276,913,58,31,27
1.0 Scen,2016,271,Kinney County,3745,2047,1698,1419,693,726,38,21,17,2230,1302,928,58,31,27
1.0 Scen,2017,271,Kinney County,3765,2061,1704,1398,682,716,38,21,17,2271,1327,944,58,31,27
1.0 Scen,2018,271,Kinney County,3778,2076,1702,1375,671,704,38,21,17,2307,1353,954,58,31,27
1.0 Scen,2019,271,Kinney County,3793,2085,1708,1352,658,694,38,21,17,2344,1374,970,59,32,27
1.0 Scen,2020,271,Kinney County,3816,2101,1715,1335,645,690,38,21,17,2384,1403,981,59,32,27
1.0 Scen,2021,271,Kinney County,3837,2120,1717,1315,635,680,37,20,17,2426,1433,993,59,32,27
1.0 Scen,2022,271,Kinney County,3851,2131,1720,1294,621,673,37,20,17,2463,1460,1003,57,30,27
1.0 Scen,2023,271,Kinney County,3874,2148,1726,1276,611,665,37,20,17,2503,1486,1017,58,31,27
1.0 Scen,2024,271,Kinney County,3878,2161,1717,1250,601,649,36,19,17,2535,1510,1025,57,31,26
1.0 Scen,2025,271,Kinney County,3873,2167,1706,1225,588,637,35,18,17,2558,1532,1026,55,29,26
1.0 Scen,2026,271,Kinney County,3870,2176,1694,1203,579,624,35,18,17,2577,1550,1027,55,29,26
1.0 Scen,2027,271,Kinney County,3878,2190,1688,1178,569,609,35,18,17,2609,1573,1036,56,30,26
1.0 Scen,2028,271,Kinney County,3885,2206,1679,1159,560,599,36,18,18,2637,1600,1037,53,28,25
1.0 Scen,2029,271,Kinney County,3888,2219,1669,1133,549,584,36,18,18,2666,1624,1042,53,28,25
1.0 Scen,2030,271,Kinney County,3896,2229,1667,1112,538,574,36,18,18,2695,1645,1050,53,28,25
1.0 Scen,2031,271,Kinney County,3897,2238,1659,1091,531,560,36,18,18,2720,1662,1058,50,27,23
1.0 Scen,2032,271,Kinney County,3905,2246,1659,1071,518,553,33,17,16,2751,1684,1067,50,27,23
1.0 Scen,2033,271,Kinney County,3899,2253,1646,1051,514,537,32,17,15,2768,1696,1072,48,26,22
1.0 Scen,2034,271,Kinney County,3895,2259,1636,1035,510,525,32,18,14,2782,1706,1076,46,25,21
1.0 Scen,2035,271,Kinney County,3894,2271,1623,1019,506,513,29,16,13,2801,1724,1077,45,25,20
1.0 Scen,2036,271,Kinney County,3900,2286,1614,1005,502,503,30,17,13,2820,1742,1078,45,25,20
1.0 Scen,2037,271,Kinney County,3902,2292,1610,986,495,491,28,15,13,2844,1758,1086,44,24,20
1.0 Scen,2038,271,Kinney County,3904,2300,1604,967,487,480,27,14,13,2866,1776,1090,44,23,21
1.0 Scen,2039,271,Kinney County,3909,2307,1602,946,477,469,27,15,12,2893,1793,1100,43,22,21
1.0 Scen,2040,271,Kinney County,3896,2300,1596,924,468,456,24,13,11,2906,1797,1109,42,22,20
1.0 Scen,2041,271,Kinney County,3884,2301,1583,900,460,440,23,12,11,2918,1806,1112,43,23,20
1.0 Scen,2042,271,Kinney County,3869,2304,1565,877,450,427,23,13,10,2928,1819,1109,41,22,19
1.0 Scen,2043,271,Kinney County,3847,2298,1549,858,441,417,21,11,10,2930,1826,1104,38,20,18
1.0 Scen,2044,271,Kinney County,3847,2298,1549,838,431,407,22,11,11,2948,1835,1113,39,21,18
1.0 Scen,2045,271,Kinney County,3855,2303,1552,823,426,397,21,10,11,2972,1846,1126,39,21,18
1.0 Scen,2046,271,Kinney County,3852,2304,1548,810,421,389,21,10,11,2984,1853,1131,37,20,17
1.0 Scen,2047,271,Kinney County,3838,2307,1531,798,421,377,20,10,10,2987,1858,1129,33,18,15
1.0 Scen,2048,271,Kinney County,3824,2300,1524,780,410,370,20,10,10,2990,1862,1128,34,18,16
1.0 Scen,2049,271,Kinney County,3833,2308,1525,772,406,366,20,10,10,3010,1875,1135,31,17,14
1.0 Scen,2050,271,Kinney County,3828,2310,1518,761,404,357,20,10,10,3017,1880,1137,30,16,14
1.0 Scen,2010,273,Kleberg County,32061,16337,15724,7479,3961,3518,1070,621,449,22495,11183,11312,1017,572,445
1.0 Scen,2011,273,Kleberg County,32478,16568,15910,7518,3984,3534,1089,633,456,22820,11355,11465,1051,596,455
1.0 Scen,2012,273,Kleberg County,32828,16759,16069,7528,3989,3539,1109,644,465,23103,11504,11599,1088,622,466
1.0 Scen,2013,273,Kleberg County,33128,16934,16194,7514,3985,3529,1128,655,473,23366,11648,11718,1120,646,474
1.0 Scen,2014,273,Kleberg County,33414,17091,16323,7486,3967,3519,1146,664,482,23636,11793,11843,1146,667,479
1.0 Scen,2015,273,Kleberg County,33715,17275,16440,7474,3964,3510,1165,676,489,23902,11946,11956,1174,689,485
1.0 Scen,2016,273,Kleberg County,34035,17446,16589,7442,3941,3501,1185,688,497,24213,12110,12103,1195,707,488
1.0 Scen,2017,273,Kleberg County,34388,17642,16746,7426,3931,3495,1202,698,504,24540,12289,12251,1220,724,496
1.0 Scen,2018,273,Kleberg County,34778,17863,16915,7433,3932,3501,1217,708,509,24876,12474,12402,1252,749,503
1.0 Scen,2019,273,Kleberg County,35141,18069,17072,7410,3918,3492,1234,716,518,25215,12662,12553,1282,773,509
1.0 Scen,2020,273,Kleberg County,35499,18279,17220,7403,3915,3488,1250,724,526,25538,12848,12690,1308,792,516
1.0 Scen,2021,273,Kleberg County,35807,18462,17345,7388,3908,3480,1262,730,532,25820,13010,12810,1337,814,523
1.0 Scen,2022,273,Kleberg County,36086,18627,17459,7367,3896,3471,1262,727,535,26093,13165,12928,1364,839,525
1.0 Scen,2023,273,Kleberg County,36376,18802,17574,7341,3886,3455,1257,727,530,26388,13329,13059,1390,860,530
1.0 Scen,2024,273,Kleberg County,36665,18974,17691,7311,3869,3442,1266,732,534,26667,13486,13181,1421,887,534
1.0 Scen,2025,273,Kleberg County,36928,19136,17792,7270,3851,3419,1279,740,539,26931,13636,13295,1448,909,539
1.0 Scen,2026,273,Kleberg County,37201,19307,17894,7232,3829,3403,1292,748,544,27195,13789,13406,1482,941,541
1.0 Scen,2027,273,Kleberg County,37447,19465,17982,7198,3816,3382,1299,754,545,27432,13922,13510,1518,973,545
1.0 Scen,2028,273,Kleberg County,37709,19626,18083,7170,3805,3365,1310,759,551,27678,14059,13619,1551,1003,548
1.0 Scen,2029,273,Kleberg County,37962,19784,18178,7141,3792,3349,1316,764,552,27917,14190,13727,1588,1038,550
1.0 Scen,2030,273,Kleberg County,38202,19945,18257,7107,3779,3328,1329,773,556,28142,14323,13819,1624,1070,554
1.0 Scen,2031,273,Kleberg County,38452,20095,18357,7076,3758,3318,1332,777,555,28378,14453,13925,1666,1107,559
1.0 Scen,2032,273,Kleberg County,38682,20242,18440,7049,3745,3304,1346,784,562,28586,14568,14018,1701,1145,556
1.0 Scen,2033,273,Kleberg County,38914,20394,18520,7013,3728,3285,1363,792,571,28791,14688,14103,1747,1186,561
1.0 Scen,2034,273,Kleberg County,39098,20527,18571,6974,3709,3265,1369,797,572,28973,14795,14178,1782,1226,556
1.0 Scen,2035,273,Kleberg County,39284,20657,18627,6941,3691,3250,1374,803,571,29151,14902,14249,1818,1261,557
1.0 Scen,2036,273,Kleberg County,39453,20765,18688,6902,3669,3233,1382,804,578,29309,14993,14316,1860,1299,561
1.0 Scen,2037,273,Kleberg County,39611,20882,18729,6865,3647,3218,1388,808,580,29453,15085,14368,1905,1342,563
1.0 Scen,2038,273,Kleberg County,39757,20987,18770,6821,3628,3193,1394,810,584,29597,15165,14432,1945,1384,561
1.0 Scen,2039,273,Kleberg County,39882,21084,18798,6783,3609,3174,1392,808,584,29719,15242,14477,1988,1425,563
1.0 Scen,2040,273,Kleberg County,40018,21188,18830,6746,3588,3158,1405,814,591,29835,15318,14517,2032,1468,564
1.0 Scen,2041,273,Kleberg County,40116,21281,18835,6694,3566,3128,1410,822,588,29935,15379,14556,2077,1514,563
1.0 Scen,2042,273,Kleberg County,40206,21363,18843,6653,3548,3105,1415,826,589,30019,15434,14585,2119,1555,564
1.0 Scen,2043,273,Kleberg County,40296,21446,18850,6604,3525,3079,1417,827,590,30113,15498,14615,2162,1596,566
1.0 Scen,2044,273,Kleberg County,40340,21497,18843,6543,3498,3045,1418,828,590,30173,15537,14636,2206,1634,572
1.0 Scen,2045,273,Kleberg County,40409,21560,18849,6504,3475,3029,1417,828,589,30245,15585,14660,2243,1672,571
1.0 Scen,2046,273,Kleberg County,40438,21611,18827,6450,3450,3000,1418,833,585,30297,15623,14674,2273,1705,568
1.0 Scen,2047,273,Kleberg County,40497,21675,18822,6408,3428,2980,1426,837,589,30346,15665,14681,2317,1745,572
1.0 Scen,2048,273,Kleberg County,40519,21726,18793,6360,3412,2948,1430,841,589,30392,15703,14689,2337,1770,567
1.0 Scen,2049,273,Kleberg County,40535,21763,18772,6308,3387,2921,1432,843,589,30421,15731,14690,2374,1802,572
1.0 Scen,2050,273,Kleberg County,40555,21796,18759,6265,3366,2899,1435,842,593,30442,15749,14693,2413,1839,574
1.0 Scen,2010,275,Knox County,3719,1835,1884,2347,1142,1205,209,98,111,1101,559,542,62,36,26
1.0 Scen,2011,275,Knox County,3726,1841,1885,2335,1139,1196,209,98,111,1120,568,552,62,36,26
1.0 Scen,2012,275,Knox County,3736,1852,1884,2324,1139,1185,211,99,112,1139,578,561,62,36,26
1.0 Scen,2013,275,Knox County,3745,1862,1883,2305,1134,1171,215,101,114,1163,591,572,62,36,26
1.0 Scen,2014,275,Knox County,3750,1869,1881,2288,1129,1159,219,103,116,1182,602,580,61,35,26
1.0 Scen,2015,275,Knox County,3752,1878,1874,2267,1126,1141,222,105,117,1202,612,590,61,35,26
1.0 Scen,2016,275,Knox County,3753,1884,1869,2246,1120,1126,225,107,118,1221,622,599,61,35,26
1.0 Scen,2017,275,Knox County,3757,1894,1863,2228,1116,1112,227,109,118,1241,634,607,61,35,26
1.0 Scen,2018,275,Knox County,3756,1902,1854,2203,1110,1093,230,111,119,1262,646,616,61,35,26
1.0 Scen,2019,275,Knox County,3765,1908,1857,2188,1104,1084,233,112,121,1283,657,626,61,35,26
1.0 Scen,2020,275,Knox County,3762,1907,1855,2164,1091,1073,233,113,120,1303,668,635,62,35,27
1.0 Scen,2021,275,Knox County,3762,1906,1856,2142,1076,1066,234,114,120,1323,680,643,63,36,27
1.0 Scen,2022,275,Knox County,3776,1916,1860,2130,1072,1058,237,116,121,1344,691,653,65,37,28
1.0 Scen,2023,275,Knox County,3791,1927,1864,2117,1068,1049,243,119,124,1367,704,663,64,36,28
1.0 Scen,2024,275,Knox County,3805,1937,1868,2106,1063,1043,248,123,125,1386,715,671,65,36,29
1.0 Scen,2025,275,Knox County,3817,1946,1871,2094,1059,1035,252,125,127,1404,724,680,67,38,29
1.0 Scen,2026,275,Knox County,3829,1956,1873,2080,1054,1026,256,127,129,1425,737,688,68,38,30
1.0 Scen,2027,275,Knox County,3834,1962,1872,2073,1052,1021,258,128,130,1434,743,691,69,39,30
1.0 Scen,2028,275,Knox County,3837,1969,1868,2056,1048,1008,260,128,132,1451,754,697,70,39,31
1.0 Scen,2029,275,Knox County,3845,1982,1863,2049,1048,1001,260,128,132,1465,766,699,71,40,31
1.0 Scen,2030,275,Knox County,3844,1982,1862,2033,1040,993,259,127,132,1481,775,706,71,40,31
1.0 Scen,2031,275,Knox County,3847,1987,1860,2019,1035,984,258,128,130,1499,783,716,71,41,30
1.0 Scen,2032,275,Knox County,3850,1986,1864,2006,1025,981,256,128,128,1516,792,724,72,41,31
1.0 Scen,2033,275,Knox County,3853,1987,1866,1997,1020,977,256,128,128,1531,800,731,69,39,30
1.0 Scen,2034,275,Knox County,3854,1986,1868,1982,1010,972,256,128,128,1546,809,737,70,39,31
1.0 Scen,2035,275,Knox County,3855,1992,1863,1966,1007,959,255,128,127,1562,816,746,72,41,31
1.0 Scen,2036,275,Knox County,3839,1981,1858,1945,997,948,254,127,127,1567,816,751,73,41,32
1.0 Scen,2037,275,Knox County,3824,1983,1841,1926,993,933,254,128,126,1571,821,750,73,41,32
1.0 Scen,2038,275,Knox County,3819,1978,1841,1914,984,930,253,128,125,1578,825,753,74,41,33
1.0 Scen,2039,275,Knox County,3814,1977,1837,1899,978,921,253,128,125,1587,829,758,75,42,33
1.0 Scen,2040,275,Knox County,3800,1977,1823,1882,975,907,249,124,125,1594,836,758,75,42,33
1.0 Scen,2041,275,Knox County,3804,1981,1823,1876,974,902,247,123,124,1605,841,764,76,43,33
1.0 Scen,2042,275,Knox County,3796,1978,1818,1858,967,891,246,122,124,1615,846,769,77,43,34
1.0 Scen,2043,275,Knox County,3788,1970,1818,1838,951,887,246,123,123,1626,852,774,78,44,34
1.0 Scen,2044,275,Knox County,3786,1972,1814,1835,951,884,245,123,122,1628,854,774,78,44,34
1.0 Scen,2045,275,Knox County,3777,1971,1806,1826,948,878,241,124,117,1632,855,777,78,44,34
1.0 Scen,2046,275,Knox County,3754,1958,1796,1809,943,866,239,123,116,1630,850,780,76,42,34
1.0 Scen,2047,275,Knox County,3739,1955,1784,1796,938,858,234,123,111,1634,853,781,75,41,34
1.0 Scen,2048,275,Knox County,3714,1944,1770,1773,927,846,230,120,110,1636,856,780,75,41,34
1.0 Scen,2049,275,Knox County,3711,1948,1763,1766,924,842,225,119,106,1646,864,782,74,41,33
1.0 Scen,2050,275,Knox County,3695,1944,1751,1750,920,830,221,116,105,1653,869,784,71,39,32
1.0 Scen,2010,277,Lamar County,49793,24044,25749,37891,18362,19529,6628,3061,3567,3223,1661,1562,2051,960,1091
1.0 Scen,2011,277,Lamar County,50139,24252,25887,37904,18395,19509,6731,3117,3614,3378,1742,1636,2126,998,1128
1.0 Scen,2012,277,Lamar County,50482,24453,26029,37926,18429,19497,6819,3167,3652,3526,1819,1707,2211,1038,1173
1.0 Scen,2013,277,Lamar County,50833,24651,26182,37945,18464,19481,6891,3206,3685,3699,1906,1793,2298,1075,1223
1.0 Scen,2014,277,Lamar County,51160,24844,26316,37942,18485,19457,6968,3241,3727,3872,1999,1873,2378,1119,1259
1.0 Scen,2015,277,Lamar County,51516,25070,26446,37957,18526,19431,7038,3283,3755,4057,2095,1962,2464,1166,1298
1.0 Scen,2016,277,Lamar County,51822,25255,26567,37924,18537,19387,7096,3317,3779,4248,2190,2058,2554,1211,1343
1.0 Scen,2017,277,Lamar County,52162,25459,26703,37900,18553,19347,7156,3349,3807,4449,2294,2155,2657,1263,1394
1.0 Scen,2018,277,Lamar County,52456,25639,26817,37853,18562,19291,7216,3381,3835,4647,2397,2250,2740,1299,1441
1.0 Scen,2019,277,Lamar County,52788,25846,26942,37793,18560,19233,7276,3421,3855,4869,2511,2358,2850,1354,1496
1.0 Scen,2020,277,Lamar County,53136,26058,27078,37725,18552,19173,7330,3453,3877,5120,2640,2480,2961,1413,1548
1.0 Scen,2021,277,Lamar County,53487,26273,27214,37666,18545,19121,7377,3485,3892,5370,2774,2596,3074,1469,1605
1.0 Scen,2022,277,Lamar County,53806,26471,27335,37568,18519,19049,7426,3518,3908,5630,2910,2720,3182,1524,1658
1.0 Scen,2023,277,Lamar County,54168,26691,27477,37468,18490,18978,7487,3560,3927,5918,3059,2859,3295,1582,1713
1.0 Scen,2024,277,Lamar County,54531,26911,27620,37351,18461,18890,7538,3592,3946,6225,3217,3008,3417,1641,1776
1.0 Scen,2025,277,Lamar County,54895,27134,27761,37222,18425,18797,7595,3623,3972,6529,3377,3152,3549,1709,1840
1.0 Scen,2026,277,Lamar County,55240,27346,27894,37067,18376,18691,7642,3654,3988,6857,3547,3310,3674,1769,1905
1.0 Scen,2027,277,Lamar County,55597,27564,28033,36891,18313,18578,7682,3677,4005,7204,3726,3478,3820,1848,1972
1.0 Scen,2028,277,Lamar County,56003,27811,28192,36703,18247,18456,7749,3721,4028,7575,3918,3657,3976,1925,2051
1.0 Scen,2029,277,Lamar County,56373,28048,28325,36499,18172,18327,7794,3754,4040,7961,4117,3844,4119,2005,2114
1.0 Scen,2030,277,Lamar County,56747,28282,28465,36269,18088,18181,7837,3785,4052,8347,4316,4031,4294,2093,2201
1.0 Scen,2031,277,Lamar County,57108,28518,28590,36031,17997,18034,7869,3815,4054,8750,4525,4225,4458,2181,2277
1.0 Scen,2032,277,Lamar County,57480,28746,28734,35788,17903,17885,7906,3840,4066,9154,4735,4419,4632,2268,2364
1.0 Scen,2033,277,Lamar County,57847,28976,28871,35531,17797,17734,7929,3858,4071,9582,4957,4625,4805,2364,2441
1.0 Scen,2034,277,Lamar County,58183,29199,28984,35254,17695,17559,7932,3871,4061,10009,5175,4834,4988,2458,2530
1.0 Scen,2035,277,Lamar County,58544,29424,29120,34966,17582,17384,7959,3885,4074,10443,5397,5046,5176,2560,2616
1.0 Scen,2036,277,Lamar County,58894,29640,29254,34677,17465,17212,7952,3887,4065,10900,5632,5268,5365,2656,2709
1.0 Scen,2037,277,Lamar County,59287,29881,29406,34375,17344,17031,7968,3900,4068,11379,5876,5503,5565,2761,2804
1.0 Scen,2038,277,Lamar County,59659,30113,29546,34071,17217,16854,7970,3909,4061,11856,6123,5733,5762,2864,2898
1.0 Scen,2039,277,Lamar County,60069,30378,29691,33763,17098,16665,7970,3916,4054,12358,6379,5979,5978,2985,2993
1.0 Scen,2040,277,Lamar County,60460,30624,29836,33439,16961,16478,7954,3924,4030,12869,6643,6226,6198,3096,3102
1.0 Scen,2041,277,Lamar County,60841,30856,29985,33102,16821,16281,7935,3919,4016,13386,6905,6481,6418,3211,3207
1.0 Scen,2042,277,Lamar County,61246,31115,30131,32761,16677,16084,7905,3914,3991,13928,7186,6742,6652,3338,3314
1.0 Scen,2043,277,Lamar County,61630,31360,30270,32394,16524,15870,7877,3915,3962,14472,7465,7007,6887,3456,3431
1.0 Scen,2044,277,Lamar County,62054,31634,30420,32032,16374,15658,7840,3910,3930,15046,7760,7286,7136,3590,3546
1.0 Scen,2045,277,Lamar County,62475,31906,30569,31663,16220,15443,7802,3903,3899,15621,8063,7558,7389,3720,3669
1.0 Scen,2046,277,Lamar County,62916,32184,30732,31299,16068,15231,7751,3884,3867,16224,8378,7846,7642,3854,3788
1.0 Scen,2047,277,Lamar County,63387,32481,30906,30923,15908,15015,7711,3879,3832,16843,8699,8144,7910,3995,3915
1.0 Scen,2048,277,Lamar County,63865,32771,31094,30553,15752,14801,7658,3858,3800,17480,9033,8447,8174,4128,4046
1.0 Scen,2049,277,Lamar County,64415,33107,31308,30188,15602,14586,7612,3846,3766,18159,9386,8773,8456,4273,4183
1.0 Scen,2050,277,Lamar County,64970,33443,31527,29826,15447,14379,7553,3828,3725,18854,9754,9100,8737,4414,4323
1.0 Scen,2010,279,Lamb County,13977,6964,7013,6020,2925,3095,555,281,274,7231,3689,3542,171,69,102
1.0 Scen,2011,279,Lamb County,14073,7022,7051,5970,2906,3064,558,282,276,7372,3764,3608,173,70,103
1.0 Scen,2012,279,Lamb County,14136,7068,7068,5901,2880,3021,563,285,278,7499,3833,3666,173,70,103
1.0 Scen,2013,279,Lamb County,14196,7120,7076,5822,2854,2968,569,289,280,7631,3907,3724,174,70,104
1.0 Scen,2014,279,Lamb County,14262,7163,7099,5753,2822,2931,573,291,282,7756,3977,3779,180,73,107
1.0 Scen,2015,279,Lamb County,14307,7187,7120,5673,2779,2894,577,292,285,7875,4041,3834,182,75,107
1.0 Scen,2016,279,Lamb County,14366,7215,7151,5609,2742,2867,577,294,283,7995,4103,3892,185,76,109
1.0 Scen,2017,279,Lamb County,14431,7259,7172,5543,2716,2827,582,297,285,8118,4168,3950,188,78,110
1.0 Scen,2018,279,Lamb County,14494,7302,7192,5477,2690,2787,588,300,288,8238,4233,4005,191,79,112
1.0 Scen,2019,279,Lamb County,14557,7346,7211,5423,2669,2754,590,302,288,8350,4294,4056,194,81,113
1.0 Scen,2020,279,Lamb County,14620,7388,7232,5365,2647,2718,593,303,290,8466,4356,4110,196,82,114
1.0 Scen,2021,279,Lamb County,14671,7424,7247,5307,2630,2677,601,306,295,8565,4404,4161,198,84,114
1.0 Scen,2022,279,Lamb County,14732,7470,7262,5254,2610,2644,606,309,297,8672,4466,4206,200,85,115
1.0 Scen,2023,279,Lamb County,14808,7517,7291,5211,2592,2619,610,313,297,8783,4525,4258,204,87,117
1.0 Scen,2024,279,Lamb County,14867,7566,7301,5161,2576,2585,614,317,297,8884,4584,4300,208,89,119
1.0 Scen,2025,279,Lamb County,14932,7607,7325,5111,2555,2556,617,319,298,8994,4643,4351,210,90,120
1.0 Scen,2026,279,Lamb County,15001,7655,7346,5068,2539,2529,620,323,297,9101,4701,4400,212,92,120
1.0 Scen,2027,279,Lamb County,15069,7700,7369,5025,2525,2500,622,326,296,9205,4755,4450,217,94,123
1.0 Scen,2028,279,Lamb County,15131,7750,7381,4975,2510,2465,627,330,297,9311,4814,4497,218,96,122
1.0 Scen,2029,279,Lamb County,15175,7783,7392,4924,2488,2436,627,331,296,9405,4867,4538,219,97,122
1.0 Scen,2030,279,Lamb County,15232,7823,7409,4885,2473,2412,627,332,295,9497,4918,4579,223,100,123
1.0 Scen,2031,279,Lamb County,15268,7848,7420,4840,2456,2384,625,330,295,9580,4962,4618,223,100,123
1.0 Scen,2032,279,Lamb County,15301,7879,7422,4802,2441,2361,618,325,293,9654,5010,4644,227,103,124
1.0 Scen,2033,279,Lamb County,15332,7920,7412,4755,2430,2325,613,326,287,9737,5059,4678,227,105,122
1.0 Scen,2034,279,Lamb County,15366,7944,7422,4712,2407,2305,605,322,283,9820,5109,4711,229,106,123
1.0 Scen,2035,279,Lamb County,15384,7967,7417,4664,2388,2276,595,319,276,9895,5153,4742,230,107,123
1.0 Scen,2036,279,Lamb County,15395,7993,7402,4613,2369,2244,590,313,277,9960,5203,4757,232,108,124
1.0 Scen,2037,279,Lamb County,15420,8020,7400,4564,2350,2214,581,309,272,10039,5250,4789,236,111,125
1.0 Scen,2038,279,Lamb County,15434,8046,7388,4510,2328,2182,576,306,270,10111,5301,4810,237,111,126
1.0 Scen,2039,279,Lamb County,15434,8058,7376,4462,2305,2157,567,304,263,10165,5336,4829,240,113,127
1.0 Scen,2040,279,Lamb County,15440,8072,7368,4412,2288,2124,559,297,262,10226,5372,4854,243,115,128
1.0 Scen,2041,279,Lamb County,15437,8085,7352,4360,2264,2096,549,292,257,10281,5411,4870,247,118,129
1.0 Scen,2042,279,Lamb County,15429,8085,7344,4317,2243,2074,540,287,253,10324,5437,4887,248,118,130
1.0 Scen,2043,279,Lamb County,15411,8091,7320,4274,2228,2046,530,278,252,10359,5467,4892,248,118,130
1.0 Scen,2044,279,Lamb County,15410,8100,7310,4229,2212,2017,522,273,249,10411,5497,4914,248,118,130
1.0 Scen,2045,279,Lamb County,15407,8110,7297,4184,2189,1995,515,269,246,10463,5532,4931,245,120,125
1.0 Scen,2046,279,Lamb County,15380,8114,7266,4130,2165,1965,511,269,242,10502,5562,4940,237,118,119
1.0 Scen,2047,279,Lamb County,15350,8109,7241,4090,2149,1941,502,265,237,10526,5578,4948,232,117,115
1.0 Scen,2048,279,Lamb County,15339,8118,7221,4057,2139,1918,496,263,233,10558,5601,4957,228,115,113
1.0 Scen,2049,279,Lamb County,15306,8118,7188,4012,2122,1890,491,261,230,10574,5619,4955,229,116,113
1.0 Scen,2050,279,Lamb County,15304,8125,7179,3980,2105,1875,483,257,226,10610,5646,4964,231,117,114
1.0 Scen,2010,281,Lampasas County,19677,9705,9972,14836,7290,7546,581,298,283,3443,1759,1684,817,358,459
1.0 Scen,2011,281,Lampasas County,20039,9894,10145,15007,7379,7628,590,304,286,3598,1840,1758,844,371,473
1.0 Scen,2012,281,Lampasas County,20383,10071,10312,15157,7454,7703,601,308,293,3752,1923,1829,873,386,487
1.0 Scen,2013,281,Lampasas County,20734,10246,10488,15301,7524,7777,609,312,297,3921,2011,1910,903,399,504
1.0 Scen,2014,281,Lampasas County,21082,10422,10660,15446,7593,7853,614,314,300,4090,2102,1988,932,413,519
1.0 Scen,2015,281,Lampasas County,21463,10622,10841,15600,7673,7927,626,320,306,4273,2200,2073,964,429,535
1.0 Scen,2016,281,Lampasas County,21841,10816,11025,15756,7749,8007,637,327,310,4454,2296,2158,994,444,550
1.0 Scen,2017,281,Lampasas County,22231,11013,11218,15925,7823,8102,651,335,316,4638,2397,2241,1017,458,559
1.0 Scen,2018,281,Lampasas County,22609,11197,11412,16072,7884,8188,662,340,322,4822,2495,2327,1053,478,575
1.0 Scen,2019,281,Lampasas County,22999,11402,11597,16213,7952,8261,673,346,327,5025,2608,2417,1088,496,592
1.0 Scen,2020,281,Lampasas County,23399,11607,11792,16360,8024,8336,685,351,334,5232,2718,2514,1122,514,608
1.0 Scen,2021,281,Lampasas County,23795,11815,11980,16505,8092,8413,694,359,335,5441,2831,2610,1155,533,622
1.0 Scen,2022,281,Lampasas County,24181,12014,12167,16635,8155,8480,701,363,338,5655,2945,2710,1190,551,639
1.0 Scen,2023,281,Lampasas County,24572,12220,12352,16755,8212,8543,710,369,341,5877,3068,2809,1230,571,659
1.0 Scen,2024,281,Lampasas County,24979,12438,12541,16881,8277,8604,715,374,341,6114,3193,2921,1269,594,675
1.0 Scen,2025,281,Lampasas County,25376,12642,12734,17003,8335,8668,721,377,344,6343,3314,3029,1309,616,693
1.0 Scen,2026,281,Lampasas County,25769,12843,12926,17105,8387,8718,728,379,349,6593,3443,3150,1343,634,709
1.0 Scen,2027,281,Lampasas County,26169,13050,13119,17208,8442,8766,733,384,349,6842,3571,3271,1386,653,733
1.0 Scen,2028,281,Lampasas County,26575,13267,13308,17314,8497,8817,736,385,351,7099,3708,3391,1426,677,749
1.0 Scen,2029,281,Lampasas County,26979,13480,13499,17408,8548,8860,734,382,352,7363,3844,3519,1474,706,768
1.0 Scen,2030,281,Lampasas County,27387,13698,13689,17499,8598,8901,731,379,352,7623,3979,3644,1534,742,792
1.0 Scen,2031,281,Lampasas County,27772,13910,13862,17563,8637,8926,718,374,344,7899,4124,3775,1592,775,817
1.0 Scen,2032,281,Lampasas County,28155,14110,14045,17630,8665,8965,703,365,338,8168,4272,3896,1654,808,846
1.0 Scen,2033,281,Lampasas County,28545,14321,14224,17691,8700,8991,702,366,336,8444,4417,4027,1708,838,870
1.0 Scen,2034,281,Lampasas County,28927,14531,14396,17730,8723,9007,697,363,334,8724,4570,4154,1776,875,901
1.0 Scen,2035,281,Lampasas County,29335,14753,14582,17761,8742,9019,694,363,331,9026,4733,4293,1854,915,939
1.0 Scen,2036,281,Lampasas County,29729,14976,14753,17784,8761,9023,690,360,330,9324,4899,4425,1931,956,975
1.0 Scen,2037,281,Lampasas County,30112,15189,14923,17804,8778,9026,684,359,325,9620,5054,4566,2004,998,1006
1.0 Scen,2038,281,Lampasas County,30536,15428,15108,17822,8794,9028,679,358,321,9944,5227,4717,2091,1049,1042
1.0 Scen,2039,281,Lampasas County,30926,15652,15274,17830,8806,9024,671,355,316,10266,5403,4863,2159,1088,1071
1.0 Scen,2040,281,Lampasas County,31337,15884,15453,17844,8825,9019,665,351,314,10585,5577,5008,2243,1131,1112
1.0 Scen,2041,281,Lampasas County,31753,16116,15637,17840,8829,9011,659,345,314,10922,5758,5164,2332,1184,1148
1.0 Scen,2042,281,Lampasas County,32160,16337,15823,17826,8828,8998,643,339,304,11265,5935,5330,2426,1235,1191
1.0 Scen,2043,281,Lampasas County,32566,16581,15985,17802,8831,8971,637,335,302,11606,6124,5482,2521,1291,1230
1.0 Scen,2044,281,Lampasas County,32979,16809,16170,17777,8829,8948,629,329,300,11955,6307,5648,2618,1344,1274
1.0 Scen,2045,281,Lampasas County,33412,17065,16347,17751,8829,8922,615,322,293,12320,6508,5812,2726,1406,1320
1.0 Scen,2046,281,Lampasas County,33830,17304,16526,17715,8818,8897,607,316,291,12686,6712,5974,2822,1458,1364
1.0 Scen,2047,281,Lampasas County,34265,17552,16713,17678,8816,8862,597,309,288,13058,6909,6149,2932,1518,1414
1.0 Scen,2048,281,Lampasas County,34691,17799,16892,17642,8810,8832,585,301,284,13430,7109,6321,3034,1579,1455
1.0 Scen,2049,281,Lampasas County,35128,18056,17072,17595,8800,8795,580,298,282,13809,7316,6493,3144,1642,1502
1.0 Scen,2050,281,Lampasas County,35589,18317,17272,17549,8789,8760,567,291,276,14201,7525,6676,3272,1712,1560
1.0 Scen,2010,283,La Salle County,6886,4089,2797,894,465,429,18,17,1,5920,3575,2345,54,32,22
1.0 Scen,2011,283,La Salle County,7039,4183,2856,905,470,435,18,17,1,6061,3663,2398,55,33,22
1.0 Scen,2012,283,La Salle County,7196,4276,2920,920,480,440,18,17,1,6203,3746,2457,55,33,22
1.0 Scen,2013,283,La Salle County,7337,4359,2978,930,487,443,18,17,1,6334,3822,2512,55,33,22
1.0 Scen,2014,283,La Salle County,7474,4444,3030,941,497,444,18,17,1,6459,3896,2563,56,34,22
1.0 Scen,2015,283,La Salle County,7601,4515,3086,941,496,445,18,17,1,6587,3968,2619,55,34,21
1.0 Scen,2016,283,La Salle County,7718,4580,3138,943,500,443,18,17,1,6701,4028,2673,56,35,21
1.0 Scen,2017,283,La Salle County,7837,4646,3191,946,502,444,18,17,1,6816,4091,2725,57,36,21
1.0 Scen,2018,283,La Salle County,7957,4714,3243,944,502,442,18,17,1,6937,4158,2779,58,37,21
1.0 Scen,2019,283,La Salle County,8078,4786,3292,937,499,438,18,17,1,7065,4233,2832,58,37,21
1.0 Scen,2020,283,La Salle County,8210,4863,3347,937,500,437,18,17,1,7196,4307,2889,59,39,20
1.0 Scen,2021,283,La Salle County,8342,4941,3401,933,499,434,17,16,1,7332,4386,2946,60,40,20
1.0 Scen,2022,283,La Salle County,8456,5009,3447,925,493,432,17,16,1,7453,4459,2994,61,41,20
1.0 Scen,2023,283,La Salle County,8585,5091,3494,917,490,427,17,16,1,7589,4544,3045,62,41,21
1.0 Scen,2024,283,La Salle County,8716,5163,3553,907,485,422,17,16,1,7729,4620,3109,63,42,21
1.0 Scen,2025,283,La Salle County,8839,5239,3600,896,478,418,17,16,1,7861,4701,3160,65,44,21
1.0 Scen,2026,283,La Salle County,8971,5316,3655,885,470,415,17,16,1,8002,4784,3218,67,46,21
1.0 Scen,2027,283,La Salle County,9086,5391,3695,867,463,404,17,16,1,8134,4865,3269,68,47,21
1.0 Scen,2028,283,La Salle County,9199,5457,3742,849,451,398,17,16,1,8264,4940,3324,69,50,19
1.0 Scen,2029,283,La Salle County,9318,5531,3787,832,445,387,17,16,1,8401,5020,3381,68,50,18
1.0 Scen,2030,283,La Salle County,9420,5598,3822,809,434,375,17,16,1,8524,5096,3428,70,52,18
1.0 Scen,2031,283,La Salle County,9536,5677,3859,792,427,365,17,16,1,8654,5179,3475,73,55,18
1.0 Scen,2032,283,La Salle County,9651,5752,3899,774,418,356,17,16,1,8783,5259,3524,77,59,18
1.0 Scen,2033,283,La Salle County,9749,5806,3943,763,412,351,16,15,1,8894,5322,3572,76,57,19
1.0 Scen,2034,283,La Salle County,9868,5873,3995,751,406,345,16,15,1,9021,5391,3630,80,61,19
1.0 Scen,2035,283,La Salle County,9965,5941,4024,731,399,332,17,16,1,9139,5465,3674,78,61,17
1.0 Scen,2036,283,La Salle County,10058,6000,4058,717,396,321,17,16,1,9242,5525,3717,82,63,19
1.0 Scen,2037,283,La Salle County,10157,6058,4099,708,394,314,15,14,1,9352,5586,3766,82,64,18
1.0 Scen,2038,283,La Salle County,10265,6125,4140,702,392,310,16,15,1,9466,5655,3811,81,63,18
1.0 Scen,2039,283,La Salle County,10364,6186,4178,691,388,303,16,15,1,9578,5722,3856,79,61,18
1.0 Scen,2040,283,La Salle County,10455,6242,4213,682,385,297,16,15,1,9680,5782,3898,77,60,17
1.0 Scen,2041,283,La Salle County,10543,6298,4245,669,380,289,16,15,1,9780,5842,3938,78,61,17
1.0 Scen,2042,283,La Salle County,10657,6365,4292,658,374,284,16,15,1,9905,5915,3990,78,61,17
1.0 Scen,2043,283,La Salle County,10765,6430,4335,653,375,278,14,13,1,10020,5981,4039,78,61,17
1.0 Scen,2044,283,La Salle County,10877,6499,4378,643,371,272,14,13,1,10142,6053,4089,78,62,16
1.0 Scen,2045,283,La Salle County,10979,6564,4415,629,365,264,13,12,1,10260,6125,4135,77,62,15
1.0 Scen,2046,283,La Salle County,11089,6632,4457,621,361,260,12,11,1,10383,6200,4183,73,60,13
1.0 Scen,2047,283,La Salle County,11199,6700,4499,614,360,254,11,10,1,10502,6271,4231,72,59,13
1.0 Scen,2048,283,La Salle County,11323,6782,4541,608,358,250,11,10,1,10634,6358,4276,70,56,14
1.0 Scen,2049,283,La Salle County,11424,6845,4579,595,348,247,11,10,1,10750,6431,4319,68,56,12
1.0 Scen,2050,283,La Salle County,11537,6921,4616,586,347,239,11,10,1,10875,6511,4364,65,53,12
1.0 Scen,2010,285,Lavaca County,19263,9416,9847,14674,7109,7565,1255,612,643,3077,1567,1510,257,128,129
1.0 Scen,2011,285,Lavaca County,19317,9473,9844,14625,7107,7518,1266,621,645,3164,1614,1550,262,131,131
1.0 Scen,2012,285,Lavaca County,19351,9513,9838,14563,7094,7469,1275,630,645,3244,1655,1589,269,134,135
1.0 Scen,2013,285,Lavaca County,19419,9566,9853,14522,7086,7436,1291,642,649,3330,1701,1629,276,137,139
1.0 Scen,2014,285,Lavaca County,19483,9637,9846,14468,7084,7384,1306,652,654,3427,1760,1667,282,141,141
1.0 Scen,2015,285,Lavaca County,19541,9693,9848,14415,7072,7343,1318,662,656,3517,1813,1704,291,146,145
1.0 Scen,2016,285,Lavaca County,19599,9746,9853,14366,7061,7305,1333,675,658,3604,1861,1743,296,149,147
1.0 Scen,2017,285,Lavaca County,19649,9796,9853,14305,7047,7258,1354,689,665,3688,1908,1780,302,152,150
1.0 Scen,2018,285,Lavaca County,19717,9856,9861,14261,7039,7222,1361,698,663,3788,1963,1825,307,156,151
1.0 Scen,2019,285,Lavaca County,19764,9899,9865,14198,7021,7177,1363,700,663,3888,2019,1869,315,159,156
1.0 Scen,2020,285,Lavaca County,19830,9957,9873,14153,7013,7140,1371,710,661,3986,2071,1915,320,163,157
1.0 Scen,2021,285,Lavaca County,19894,10011,9883,14100,6998,7102,1380,718,662,4088,2128,1960,326,167,159
1.0 Scen,2022,285,Lavaca County,19938,10054,9884,14026,6973,7053,1397,728,669,4185,2183,2002,330,170,160
1.0 Scen,2023,285,Lavaca County,20000,10113,9887,13968,6959,7009,1407,741,666,4288,2240,2048,337,173,164
1.0 Scen,2024,285,Lavaca County,20048,10159,9889,13897,6936,6961,1410,746,664,4399,2301,2098,342,176,166
1.0 Scen,2025,285,Lavaca County,20093,10208,9885,13832,6914,6918,1408,752,656,4507,2363,2144,346,179,167
1.0 Scen,2026,285,Lavaca County,20130,10259,9871,13757,6891,6866,1396,753,643,4624,2430,2194,353,185,168
1.0 Scen,2027,285,Lavaca County,20163,10298,9865,13679,6862,6817,1397,761,636,4727,2485,2242,360,190,170
1.0 Scen,2028,285,Lavaca County,20197,10352,9845,13590,6837,6753,1404,771,633,4839,2551,2288,364,193,171
1.0 Scen,2029,285,Lavaca County,20243,10403,9840,13506,6808,6698,1414,782,632,4956,2617,2339,367,196,171
1.0 Scen,2030,285,Lavaca County,20256,10429,9827,13405,6766,6639,1413,786,627,5067,2679,2388,371,198,173
1.0 Scen,2031,285,Lavaca County,20253,10455,9798,13292,6724,6568,1418,794,624,5169,2735,2434,374,202,172
1.0 Scen,2032,285,Lavaca County,20255,10484,9771,13181,6683,6498,1425,803,622,5272,2795,2477,377,203,174
1.0 Scen,2033,285,Lavaca County,20242,10500,9742,13047,6628,6419,1428,808,620,5388,2857,2531,379,207,172
1.0 Scen,2034,285,Lavaca County,20227,10515,9712,12914,6575,6339,1433,815,618,5496,2914,2582,384,211,173
1.0 Scen,2035,285,Lavaca County,20187,10518,9669,12763,6512,6251,1431,817,614,5598,2972,2626,395,217,178
1.0 Scen,2036,285,Lavaca County,20154,10526,9628,12618,6450,6168,1435,824,611,5698,3031,2667,403,221,182
1.0 Scen,2037,285,Lavaca County,20121,10532,9589,12467,6380,6087,1431,829,602,5815,3099,2716,408,224,184
1.0 Scen,2038,285,Lavaca County,20060,10522,9538,12308,6312,5996,1424,829,595,5914,3153,2761,414,228,186
1.0 Scen,2039,285,Lavaca County,19986,10509,9477,12139,6238,5901,1408,823,585,6021,3217,2804,418,231,187
1.0 Scen,2040,285,Lavaca County,19918,10496,9422,11971,6165,5806,1402,824,578,6122,3273,2849,423,234,189
1.0 Scen,2041,285,Lavaca County,19854,10490,9364,11801,6088,5713,1394,823,571,6224,3336,2888,435,243,192
1.0 Scen,2042,285,Lavaca County,19774,10463,9311,11624,6007,5617,1380,818,562,6328,3389,2939,442,249,193
1.0 Scen,2043,285,Lavaca County,19701,10450,9251,11444,5924,5520,1372,817,555,6434,3453,2981,451,256,195
1.0 Scen,2044,285,Lavaca County,19625,10437,9188,11274,5850,5424,1360,812,548,6529,3511,3018,462,264,198
1.0 Scen,2045,285,Lavaca County,19549,10425,9124,11100,5772,5328,1347,808,539,6631,3573,3058,471,272,199
1.0 Scen,2046,285,Lavaca County,19456,10402,9054,10923,5695,5228,1337,799,538,6720,3627,3093,476,281,195
1.0 Scen,2047,285,Lavaca County,19375,10382,8993,10752,5620,5132,1312,787,525,6822,3686,3136,489,289,200
1.0 Scen,2048,285,Lavaca County,19317,10368,8949,10588,5544,5044,1306,785,521,6927,3745,3182,496,294,202
1.0 Scen,2049,285,Lavaca County,19253,10359,8894,10427,5472,4955,1295,782,513,7029,3806,3223,502,299,203
1.0 Scen,2050,285,Lavaca County,19205,10354,8851,10266,5400,4866,1285,776,509,7141,3870,3271,513,308,205
1.0 Scen,2010,287,Lee County,16612,8410,8202,10798,5343,5455,1772,940,832,3724,1966,1758,318,161,157
1.0 Scen,2011,287,Lee County,16876,8530,8346,10920,5389,5531,1795,956,839,3835,2022,1813,326,163,163
1.0 Scen,2012,287,Lee County,17111,8662,8449,11003,5433,5570,1823,974,849,3949,2087,1862,336,168,168
1.0 Scen,2013,287,Lee County,17365,8784,8581,11104,5473,5631,1852,994,858,4066,2147,1919,343,170,173
1.0 Scen,2014,287,Lee County,17624,8915,8709,11199,5510,5689,1883,1016,867,4188,2214,1974,354,175,179
1.0 Scen,2015,287,Lee County,17880,9043,8837,11299,5551,5748,1904,1031,873,4311,2280,2031,366,181,185
1.0 Scen,2016,287,Lee County,18131,9173,8958,11401,5597,5804,1928,1047,881,4425,2341,2084,377,188,189
1.0 Scen,2017,287,Lee County,18373,9297,9076,11496,5640,5856,1942,1060,882,4547,2403,2144,388,194,194
1.0 Scen,2018,287,Lee County,18614,9414,9200,11588,5675,5913,1953,1070,883,4674,2469,2205,399,200,199
1.0 Scen,2019,287,Lee County,18863,9546,9317,11683,5715,5968,1963,1084,879,4807,2540,2267,410,207,203
1.0 Scen,2020,287,Lee County,19104,9654,9450,11762,5738,6024,1982,1093,889,4941,2610,2331,419,213,206
1.0 Scen,2021,287,Lee County,19343,9774,9569,11847,5773,6074,1987,1101,886,5080,2680,2400,429,220,209
1.0 Scen,2022,287,Lee County,19595,9893,9702,11942,5810,6132,1998,1104,894,5219,2752,2467,436,227,209
1.0 Scen,2023,287,Lee County,19829,10014,9815,12026,5845,6181,1994,1108,886,5360,2827,2533,449,234,215
1.0 Scen,2024,287,Lee County,20070,10135,9935,12108,5878,6230,1999,1113,886,5506,2906,2600,457,238,219
1.0 Scen,2025,287,Lee County,20321,10268,10053,12184,5913,6271,2009,1123,886,5658,2987,2671,470,245,225
1.0 Scen,2026,287,Lee County,20571,10390,10181,12270,5945,6325,2014,1128,886,5804,3064,2740,483,253,230
1.0 Scen,2027,287,Lee County,20797,10502,10295,12335,5971,6364,2020,1132,888,5950,3141,2809,492,258,234
1.0 Scen,2028,287,Lee County,21039,10614,10425,12417,6006,6411,2022,1133,889,6096,3212,2884,504,263,241
1.0 Scen,2029,287,Lee County,21265,10730,10535,12477,6031,6446,2027,1138,889,6241,3287,2954,520,274,246
1.0 Scen,2030,287,Lee County,21494,10832,10662,12543,6049,6494,2022,1139,883,6392,3361,3031,537,283,254
1.0 Scen,2031,287,Lee County,21690,10936,10754,12585,6072,6513,2019,1140,879,6531,3430,3101,555,294,261
1.0 Scen,2032,287,Lee County,21881,11027,10854,12627,6089,6538,2012,1143,869,6665,3490,3175,577,305,272
1.0 Scen,2033,287,Lee County,22048,11117,10931,12650,6093,6557,2009,1151,858,6795,3559,3236,594,314,280
1.0 Scen,2034,287,Lee County,22210,11194,11016,12661,6092,6569,2005,1155,850,6925,3620,3305,619,327,292
1.0 Scen,2035,287,Lee County,22363,11280,11083,12655,6088,6567,1999,1157,842,7062,3691,3371,647,344,303
1.0 Scen,2036,287,Lee County,22489,11347,11142,12649,6079,6570,1989,1159,830,7179,3750,3429,672,359,313
1.0 Scen,2037,287,Lee County,22615,11412,11203,12639,6071,6568,1983,1162,821,7299,3808,3491,694,371,323
1.0 Scen,2038,287,Lee County,22735,11478,11257,12609,6054,6555,1972,1164,808,7433,3877,3556,721,383,338
1.0 Scen,2039,287,Lee County,22832,11532,11300,12571,6030,6541,1960,1165,795,7558,3943,3615,743,394,349
1.0 Scen,2040,287,Lee County,22927,11586,11341,12528,6008,6520,1951,1165,786,7676,4001,3675,772,412,360
1.0 Scen,2041,287,Lee County,23020,11646,11374,12478,5986,6492,1937,1163,774,7799,4068,3731,806,429,377
1.0 Scen,2042,287,Lee County,23086,11676,11410,12415,5951,6464,1919,1155,764,7916,4126,3790,836,444,392
1.0 Scen,2043,287,Lee County,23158,11727,11431,12346,5918,6428,1901,1152,749,8030,4186,3844,881,471,410
1.0 Scen,2044,287,Lee County,23239,11780,11459,12284,5888,6396,1892,1153,739,8146,4246,3900,917,493,424
1.0 Scen,2045,287,Lee County,23286,11818,11468,12205,5853,6352,1881,1153,728,8250,4298,3952,950,514,436
1.0 Scen,2046,287,Lee County,23327,11860,11467,12129,5819,6310,1863,1151,712,8354,4355,3999,981,535,446
1.0 Scen,2047,287,Lee County,23376,11899,11477,12046,5783,6263,1856,1155,701,8459,4407,4052,1015,554,461
1.0 Scen,2048,287,Lee County,23435,11944,11491,11973,5754,6219,1845,1155,690,8560,4456,4104,1057,579,478
1.0 Scen,2049,287,Lee County,23472,11976,11496,11889,5721,6168,1839,1156,683,8651,4502,4149,1093,597,496
1.0 Scen,2050,287,Lee County,23515,12014,11501,11812,5685,6127,1831,1156,675,8746,4553,4193,1126,620,506
1.0 Scen,2010,289,Leon County,16801,8385,8416,13078,6501,6577,1181,561,620,2260,1205,1055,282,118,164
1.0 Scen,2011,289,Leon County,17068,8536,8532,13236,6592,6644,1185,566,619,2360,1258,1102,287,120,167
1.0 Scen,2012,289,Leon County,17311,8672,8639,13362,6665,6697,1189,572,617,2464,1311,1153,296,124,172
1.0 Scen,2013,289,Leon County,17577,8819,8758,13516,6749,6767,1194,579,615,2566,1364,1202,301,127,174
1.0 Scen,2014,289,Leon County,17850,8967,8883,13651,6820,6831,1202,586,616,2691,1431,1260,306,130,176
1.0 Scen,2015,289,Leon County,18131,9130,9001,13798,6908,6890,1211,594,617,2808,1494,1314,314,134,180
1.0 Scen,2016,289,Leon County,18398,9280,9118,13928,6982,6946,1217,600,617,2932,1560,1372,321,138,183
1.0 Scen,2017,289,Leon County,18670,9432,9238,14055,7053,7002,1229,609,620,3060,1629,1431,326,141,185
1.0 Scen,2018,289,Leon County,18940,9584,9356,14180,7120,7060,1235,616,619,3192,1703,1489,333,145,188
1.0 Scen,2019,289,Leon County,19200,9745,9455,14296,7199,7097,1237,621,616,3328,1777,1551,339,148,191
1.0 Scen,2020,289,Leon County,19495,9913,9582,14427,7277,7150,1242,626,616,3482,1860,1622,344,150,194
1.0 Scen,2021,289,Leon County,19770,10069,9701,14537,7342,7195,1245,631,614,3636,1941,1695,352,155,197
1.0 Scen,2022,289,Leon County,20042,10229,9813,14651,7411,7240,1245,634,611,3792,2027,1765,354,157,197
1.0 Scen,2023,289,Leon County,20317,10394,9923,14757,7482,7275,1246,638,608,3956,2113,1843,358,161,197
1.0 Scen,2024,289,Leon County,20588,10551,10037,14860,7542,7318,1242,639,603,4125,2206,1919,361,164,197
1.0 Scen,2025,289,Leon County,20880,10727,10153,14960,7610,7350,1237,638,599,4318,2311,2007,365,168,197
1.0 Scen,2026,289,Leon County,21147,10873,10274,15043,7660,7383,1222,631,591,4515,2412,2103,367,170,197
1.0 Scen,2027,289,Leon County,21372,11010,10362,15107,7704,7403,1205,626,579,4690,2509,2181,370,171,199
1.0 Scen,2028,289,Leon County,21618,11158,10460,15168,7749,7419,1189,620,569,4889,2618,2271,372,171,201
1.0 Scen,2029,289,Leon County,21864,11309,10555,15205,7785,7420,1175,613,562,5109,2736,2373,375,175,200
1.0 Scen,2030,289,Leon County,22103,11456,10647,15242,7816,7426,1160,611,549,5322,2853,2469,379,176,203
1.0 Scen,2031,289,Leon County,22346,11601,10745,15265,7839,7426,1146,605,541,5548,2975,2573,387,182,205
1.0 Scen,2032,289,Leon County,22552,11738,10814,15268,7859,7409,1131,600,531,5762,3094,2668,391,185,206
1.0 Scen,2033,289,Leon County,22764,11865,10899,15269,7869,7400,1122,597,525,5982,3212,2770,391,187,204
1.0 Scen,2034,289,Leon County,22969,11990,10979,15258,7875,7383,1110,592,518,6210,3336,2874,391,187,204
1.0 Scen,2035,289,Leon County,23166,12116,11050,15233,7876,7357,1096,588,508,6442,3462,2980,395,190,205
1.0 Scen,2036,289,Leon County,23360,12229,11131,15207,7874,7333,1080,582,498,6672,3580,3092,401,193,208
1.0 Scen,2037,289,Leon County,23548,12342,11206,15175,7871,7304,1063,573,490,6905,3704,3201,405,194,211
1.0 Scen,2038,289,Leon County,23740,12460,11280,15124,7861,7263,1049,567,482,7159,3834,3325,408,198,210
1.0 Scen,2039,289,Leon County,23898,12546,11352,15064,7836,7228,1029,554,475,7395,3955,3440,410,201,209
1.0 Scen,2040,289,Leon County,24086,12661,11425,15009,7820,7189,1006,542,464,7655,4092,3563,416,207,209
1.0 Scen,2041,289,Leon County,24274,12773,11501,14947,7794,7153,989,533,456,7919,4234,3685,419,212,207
1.0 Scen,2042,289,Leon County,24456,12888,11568,14876,7772,7104,971,524,447,8186,4377,3809,423,215,208
1.0 Scen,2043,289,Leon County,24653,13006,11647,14801,7747,7054,948,510,438,8475,4530,3945,429,219,210
1.0 Scen,2044,289,Leon County,24838,13128,11710,14709,7711,6998,931,505,426,8760,4686,4074,438,226,212
1.0 Scen,2045,289,Leon County,25064,13267,11797,14645,7693,6952,918,499,419,9054,4843,4211,447,232,215
1.0 Scen,2046,289,Leon County,25290,13408,11882,14570,7665,6905,910,498,412,9364,5011,4353,446,234,212
1.0 Scen,2047,289,Leon County,25527,13547,11980,14497,7640,6857,892,486,406,9685,5183,4502,453,238,215
1.0 Scen,2048,289,Leon County,25768,13692,12076,14423,7615,6808,877,478,399,10010,5357,4653,458,242,216
1.0 Scen,2049,289,Leon County,26035,13851,12184,14361,7595,6766,866,471,395,10341,5534,4807,467,251,216
1.0 Scen,2050,289,Leon County,26297,14012,12285,14300,7579,6721,851,461,390,10672,5716,4956,474,256,218
1.0 Scen,2010,291,Liberty County,75643,37190,38453,52321,25549,26772,8074,3798,4276,13602,7066,6536,1646,777,869
1.0 Scen,2011,291,Liberty County,77090,37908,39182,52866,25832,27034,8219,3867,4352,14297,7410,6887,1708,799,909
1.0 Scen,2012,291,Liberty County,78520,38610,39910,53400,26099,27301,8326,3920,4406,15019,7768,7251,1775,823,952
1.0 Scen,2013,291,Liberty County,80017,39339,40678,53948,26369,27579,8444,3976,4468,15782,8146,7636,1843,848,995
1.0 Scen,2014,291,Liberty County,81483,40051,41432,54441,26615,27826,8556,4028,4528,16579,8540,8039,1907,868,1039
1.0 Scen,2015,291,Liberty County,82984,40785,42199,54936,26867,28069,8669,4088,4581,17408,8940,8468,1971,890,1081
1.0 Scen,2016,291,Liberty County,84504,41519,42985,55423,27114,28309,8777,4142,4635,18266,9353,8913,2038,910,1128
1.0 Scen,2017,291,Liberty County,86047,42268,43779,55865,27340,28525,8895,4205,4690,19174,9791,9383,2113,932,1181
1.0 Scen,2018,291,Liberty County,87600,43006,44594,56299,27554,28745,9000,4257,4743,20118,10242,9876,2183,953,1230
1.0 Scen,2019,291,Liberty County,89190,43769,45421,56716,27764,28952,9120,4317,4803,21096,10709,10387,2258,979,1279
1.0 Scen,2020,291,Liberty County,90780,44531,46249,57114,27960,29154,9216,4369,4847,22117,11195,10922,2333,1007,1326
1.0 Scen,2021,291,Liberty County,92435,45328,47107,57518,28171,29347,9318,4417,4901,23194,11706,11488,2405,1034,1371
1.0 Scen,2022,291,Liberty County,94130,46132,47998,57908,28373,29535,9427,4466,4961,24309,12237,12072,2486,1056,1430
1.0 Scen,2023,291,Liberty County,95821,46949,48872,58272,28560,29712,9524,4517,5007,25461,12789,12672,2564,1083,1481
1.0 Scen,2024,291,Liberty County,97589,47784,49805,58625,28742,29883,9631,4563,5068,26675,13368,13307,2658,1111,1547
1.0 Scen,2025,291,Liberty County,99344,48634,50710,58930,28910,30020,9735,4618,5117,27934,13970,13964,2745,1136,1609
1.0 Scen,2026,291,Liberty County,101159,49506,51653,59217,29063,30154,9841,4671,5170,29251,14596,14655,2850,1176,1674
1.0 Scen,2027,291,Liberty County,102954,50362,52592,59465,29192,30273,9930,4716,5214,30602,15242,15360,2957,1212,1745
1.0 Scen,2028,291,Liberty County,104775,51231,53544,59664,29303,30361,10039,4770,5269,32005,15909,16096,3067,1249,1818
1.0 Scen,2029,291,Liberty County,106615,52110,54505,59849,29405,30444,10114,4807,5307,33473,16605,16868,3179,1293,1886
1.0 Scen,2030,291,Liberty County,108512,53018,55494,60001,29501,30500,10201,4856,5345,35001,17322,17679,3309,1339,1970
1.0 Scen,2031,291,Liberty County,110405,53922,56483,60122,29580,30542,10273,4892,5381,36572,18060,18512,3438,1390,2048
1.0 Scen,2032,291,Liberty County,112352,54849,57503,60226,29649,30577,10344,4931,5413,38201,18822,19379,3581,1447,2134
1.0 Scen,2033,291,Liberty County,114313,55773,58540,60301,29701,30600,10403,4961,5442,39878,19604,20274,3731,1507,2224
1.0 Scen,2034,291,Liberty County,116283,56713,59570,60342,29744,30598,10459,4994,5465,41612,20412,21200,3870,1563,2307
1.0 Scen,2035,291,Liberty County,118252,57651,60601,60342,29771,30571,10501,5016,5485,43386,21242,22144,4023,1622,2401
1.0 Scen,2036,291,Liberty County,120274,58629,61645,60332,29793,30539,10546,5051,5495,45222,22101,23121,4174,1684,2490
1.0 Scen,2037,291,Liberty County,122332,59612,62720,60295,29804,30491,10589,5074,5515,47111,22980,24131,4337,1754,2583
1.0 Scen,2038,291,Liberty County,124381,60580,63801,60213,29791,30422,10630,5097,5533,49045,23877,25168,4493,1815,2678
1.0 Scen,2039,291,Liberty County,126480,61578,64902,60107,29769,30338,10654,5115,5539,51050,24810,26240,4669,1884,2785
1.0 Scen,2040,291,Liberty County,128582,62583,65999,59991,29743,30248,10671,5130,5541,53088,25762,27326,4832,1948,2884
1.0 Scen,2041,291,Liberty County,130740,63601,67139,59838,29706,30132,10688,5141,5547,55207,26740,28467,5007,2014,2993
1.0 Scen,2042,291,Liberty County,132930,64638,68292,59682,29667,30015,10693,5147,5546,57370,27742,29628,5185,2082,3103
1.0 Scen,2043,291,Liberty County,135144,65684,69460,59493,29611,29882,10691,5148,5543,59578,28768,30810,5382,2157,3225
1.0 Scen,2044,291,Liberty County,137376,66754,70622,59289,29549,29740,10680,5151,5529,61841,29824,32017,5566,2230,3336
1.0 Scen,2045,291,Liberty County,139671,67845,71826,59070,29484,29586,10667,5152,5515,64178,30910,33268,5756,2299,3457
1.0 Scen,2046,291,Liberty County,141998,68947,73051,58824,29411,29413,10662,5150,5512,66555,32010,34545,5957,2376,3581
1.0 Scen,2047,291,Liberty County,144375,70063,74312,58584,29332,29252,10637,5146,5491,68987,33132,35855,6167,2453,3714
1.0 Scen,2048,291,Liberty County,146808,71214,75594,58340,29256,29084,10620,5141,5479,71466,34283,37183,6382,2534,3848
1.0 Scen,2049,291,Liberty County,149302,72401,76901,58081,29172,28909,10595,5136,5459,74015,35463,38552,6611,2630,3981
1.0 Scen,2050,291,Liberty County,151846,73599,78247,57820,29080,28740,10568,5130,5438,76608,36662,39946,6850,2727,4123
1.0 Scen,2010,293,Limestone County,23384,12122,11262,14433,7321,7112,4041,2037,2004,4465,2544,1921,445,220,225
1.0 Scen,2011,293,Limestone County,23673,12298,11375,14516,7377,7139,4085,2069,2016,4616,2627,1989,456,225,231
1.0 Scen,2012,293,Limestone County,23934,12456,11478,14583,7422,7161,4124,2092,2032,4761,2712,2049,466,230,236
1.0 Scen,2013,293,Limestone County,24222,12620,11602,14661,7463,7198,4161,2117,2044,4921,2803,2118,479,237,242
1.0 Scen,2014,293,Limestone County,24485,12782,11703,14721,7505,7216,4187,2136,2051,5083,2897,2186,494,244,250
1.0 Scen,2015,293,Limestone County,24761,12945,11816,14794,7558,7236,4219,2151,2068,5238,2984,2254,510,252,258
1.0 Scen,2016,293,Limestone County,25044,13105,11939,14863,7602,7261,4248,2166,2082,5408,3078,2330,525,259,266
1.0 Scen,2017,293,Limestone County,25304,13264,12040,14910,7638,7272,4273,2181,2092,5585,3181,2404,536,264,272
1.0 Scen,2018,293,Limestone County,25576,13417,12159,14974,7676,7298,4298,2195,2103,5755,3275,2480,549,271,278
1.0 Scen,2019,293,Limestone County,25830,13571,12259,15024,7709,7315,4308,2205,2103,5936,3379,2557,562,278,284
1.0 Scen,2020,293,Limestone County,26085,13716,12369,15060,7734,7326,4322,2213,2109,6127,3484,2643,576,285,291
1.0 Scen,2021,293,Limestone County,26336,13871,12465,15111,7772,7339,4328,2220,2108,6312,3588,2724,585,291,294
1.0 Scen,2022,293,Limestone County,26567,14017,12550,15140,7799,7341,4333,2229,2104,6494,3690,2804,600,299,301
1.0 Scen,2023,293,Limestone County,26806,14164,12642,15165,7820,7345,4345,2238,2107,6689,3799,2890,607,307,300
1.0 Scen,2024,293,Limestone County,27044,14320,12724,15184,7846,7338,4358,2249,2109,6887,3912,2975,615,313,302
1.0 Scen,2025,293,Limestone County,27277,14474,12803,15193,7861,7332,4378,2269,2109,7083,4027,3056,623,317,306
1.0 Scen,2026,293,Limestone County,27496,14615,12881,15185,7870,7315,4387,2280,2107,7290,4142,3148,634,323,311
1.0 Scen,2027,293,Limestone County,27715,14755,12960,15178,7881,7297,4396,2288,2108,7491,4257,3234,650,329,321
1.0 Scen,2028,293,Limestone County,27913,14881,13032,15156,7884,7272,4388,2287,2101,7703,4371,3332,666,339,327
1.0 Scen,2029,293,Limestone County,28115,15012,13103,15126,7885,7241,4392,2295,2097,7905,4477,3428,692,355,337
1.0 Scen,2030,293,Limestone County,28319,15144,13175,15081,7876,7205,4398,2308,2090,8121,4590,3531,719,370,349
1.0 Scen,2031,293,Limestone County,28498,15270,13228,15028,7865,7163,4401,2315,2086,8319,4701,3618,750,389,361
1.0 Scen,2032,293,Limestone County,28666,15375,13291,14970,7848,7122,4408,2321,2087,8514,4806,3708,774,400,374
1.0 Scen,2033,293,Limestone County,28833,15485,13348,14908,7831,7077,4404,2325,2079,8720,4914,3806,801,415,386
1.0 Scen,2034,293,Limestone County,28978,15582,13396,14834,7808,7026,4385,2323,2062,8925,5021,3904,834,430,404
1.0 Scen,2035,293,Limestone County,29130,15682,13448,14764,7784,6980,4377,2321,2056,9126,5129,3997,863,448,415
1.0 Scen,2036,293,Limestone County,29279,15790,13489,14688,7769,6919,4361,2312,2049,9330,5239,4091,900,470,430
1.0 Scen,2037,293,Limestone County,29403,15870,13533,14597,7734,6863,4348,2307,2041,9526,5344,4182,932,485,447
1.0 Scen,2038,293,Limestone County,29511,15956,13555,14501,7698,6803,4320,2301,2019,9731,5454,4277,959,503,456
1.0 Scen,2039,293,Limestone County,29637,16057,13580,14413,7674,6739,4298,2295,2003,9929,5564,4365,997,524,473
1.0 Scen,2040,293,Limestone County,29756,16141,13615,14314,7640,6674,4276,2282,1994,10130,5675,4455,1036,544,492
1.0 Scen,2041,293,Limestone County,29852,16214,13638,14211,7607,6604,4245,2272,1973,10320,5771,4549,1076,564,512
1.0 Scen,2042,293,Limestone County,29966,16294,13672,14112,7572,6540,4217,2259,1958,10525,5881,4644,1112,582,530
1.0 Scen,2043,293,Limestone County,30063,16371,13692,13991,7530,6461,4181,2246,1935,10732,5990,4742,1159,605,554
1.0 Scen,2044,293,Limestone County,30182,16460,13722,13878,7488,6390,4158,2238,1920,10931,6100,4831,1215,634,581
1.0 Scen,2045,293,Limestone County,30308,16546,13762,13778,7457,6321,4127,2224,1903,11137,6208,4929,1266,657,609
1.0 Scen,2046,293,Limestone County,30400,16609,13791,13662,7411,6251,4085,2203,1882,11343,6316,5027,1310,679,631
1.0 Scen,2047,293,Limestone County,30524,16701,13823,13554,7376,6178,4063,2199,1864,11545,6422,5123,1362,704,658
1.0 Scen,2048,293,Limestone County,30629,16778,13851,13442,7334,6108,4022,2180,1842,11749,6534,5215,1416,730,686
1.0 Scen,2049,293,Limestone County,30768,16874,13894,13331,7289,6042,4003,2173,1830,11956,6652,5304,1478,760,718
1.0 Scen,2050,293,Limestone County,30871,16960,13911,13215,7246,5969,3958,2154,1804,12158,6765,5393,1540,795,745
1.0 Scen,2010,295,Lipscomb County,3302,1662,1640,2213,1100,1113,7,2,5,1007,528,479,75,32,43
1.0 Scen,2011,295,Lipscomb County,3346,1689,1657,2224,1107,1117,7,2,5,1039,547,492,76,33,43
1.0 Scen,2012,295,Lipscomb County,3403,1725,1678,2241,1121,1120,7,2,5,1078,569,509,77,33,44
1.0 Scen,2013,295,Lipscomb County,3454,1755,1699,2252,1128,1124,7,2,5,1118,592,526,77,33,44
1.0 Scen,2014,295,Lipscomb County,3504,1791,1713,2264,1140,1124,7,2,5,1155,616,539,78,33,45
1.0 Scen,2015,295,Lipscomb County,3549,1827,1722,2265,1149,1116,7,2,5,1198,642,556,79,34,45
1.0 Scen,2016,295,Lipscomb County,3594,1856,1738,2263,1151,1112,7,2,5,1244,669,575,80,34,46
1.0 Scen,2017,295,Lipscomb County,3639,1893,1746,2264,1158,1106,7,2,5,1286,697,589,82,36,46
1.0 Scen,2018,295,Lipscomb County,3685,1925,1760,2260,1159,1101,7,2,5,1335,728,607,83,36,47
1.0 Scen,2019,295,Lipscomb County,3731,1962,1769,2262,1165,1097,7,2,5,1378,758,620,84,37,47
1.0 Scen,2020,295,Lipscomb County,3797,2002,1795,2270,1171,1099,7,2,5,1434,791,643,86,38,48
1.0 Scen,2021,295,Lipscomb County,3849,2030,1819,2269,1169,1100,7,2,5,1485,820,665,88,39,49
1.0 Scen,2022,295,Lipscomb County,3896,2059,1837,2263,1169,1094,7,2,5,1536,848,688,90,40,50
1.0 Scen,2023,295,Lipscomb County,3962,2101,1861,2270,1174,1096,7,2,5,1594,884,710,91,41,50
1.0 Scen,2024,295,Lipscomb County,4030,2140,1890,2277,1178,1099,7,2,5,1655,919,736,91,41,50
1.0 Scen,2025,295,Lipscomb County,4093,2181,1912,2276,1181,1095,7,2,5,1717,956,761,93,42,51
1.0 Scen,2026,295,Lipscomb County,4156,2226,1930,2278,1185,1093,7,2,5,1776,996,780,95,43,52
1.0 Scen,2027,295,Lipscomb County,4205,2258,1947,2278,1186,1092,7,2,5,1823,1026,797,97,44,53
1.0 Scen,2028,295,Lipscomb County,4249,2289,1960,2262,1183,1079,7,2,5,1881,1059,822,99,45,54
1.0 Scen,2029,295,Lipscomb County,4313,2335,1978,2265,1188,1077,7,2,5,1940,1099,841,101,46,55
1.0 Scen,2030,295,Lipscomb County,4374,2379,1995,2260,1190,1070,7,2,5,2005,1140,865,102,47,55
1.0 Scen,2031,295,Lipscomb County,4426,2417,2009,2246,1188,1058,7,2,5,2070,1179,891,103,48,55
1.0 Scen,2032,295,Lipscomb County,4491,2459,2032,2234,1186,1048,7,2,5,2145,1222,923,105,49,56
1.0 Scen,2033,295,Lipscomb County,4556,2493,2063,2233,1183,1050,7,2,5,2210,1259,951,106,49,57
1.0 Scen,2034,295,Lipscomb County,4604,2530,2074,2224,1183,1041,7,2,5,2268,1298,970,105,47,58
1.0 Scen,2035,295,Lipscomb County,4648,2565,2083,2198,1176,1022,7,2,5,2338,1339,999,105,48,57
1.0 Scen,2036,295,Lipscomb County,4700,2601,2099,2182,1171,1011,7,2,5,2405,1380,1025,106,48,58
1.0 Scen,2037,295,Lipscomb County,4756,2643,2113,2164,1166,998,7,2,5,2478,1426,1052,107,49,58
1.0 Scen,2038,295,Lipscomb County,4806,2673,2133,2151,1161,990,7,2,5,2540,1461,1079,108,49,59
1.0 Scen,2039,295,Lipscomb County,4867,2718,2149,2142,1160,982,7,2,5,2609,1506,1103,109,50,59
1.0 Scen,2040,295,Lipscomb County,4930,2754,2176,2132,1157,975,7,2,5,2682,1546,1136,109,49,60
1.0 Scen,2041,295,Lipscomb County,4981,2794,2187,2115,1154,961,7,2,5,2749,1588,1161,110,50,60
1.0 Scen,2042,295,Lipscomb County,5053,2841,2212,2103,1154,949,7,2,5,2832,1635,1197,111,50,61
1.0 Scen,2043,295,Lipscomb County,5097,2870,2227,2088,1145,943,7,2,5,2892,1673,1219,110,50,60
1.0 Scen,2044,295,Lipscomb County,5157,2910,2247,2074,1139,935,7,2,5,2965,1719,1246,111,50,61
1.0 Scen,2045,295,Lipscomb County,5207,2951,2256,2055,1134,921,7,2,5,3035,1764,1271,110,51,59
1.0 Scen,2046,295,Lipscomb County,5264,2991,2273,2042,1133,909,7,2,5,3107,1806,1301,108,50,58
1.0 Scen,2047,295,Lipscomb County,5334,3036,2298,2033,1133,900,7,2,5,3185,1850,1335,109,51,58
1.0 Scen,2048,295,Lipscomb County,5390,3072,2318,2024,1131,893,7,2,5,3250,1888,1362,109,51,58
1.0 Scen,2049,295,Lipscomb County,5441,3114,2327,2018,1131,887,7,2,5,3309,1930,1379,107,51,56
1.0 Scen,2050,295,Lipscomb County,5507,3152,2355,2018,1135,883,7,2,5,3377,1966,1411,105,49,56
1.0 Scen,2010,297,Live Oak County,11531,6195,5336,6805,3491,3314,453,433,20,4060,2143,1917,213,128,85
1.0 Scen,2011,297,Live Oak County,11591,6226,5365,6801,3485,3316,454,434,20,4122,2178,1944,214,129,85
1.0 Scen,2012,297,Live Oak County,11635,6258,5377,6777,3479,3298,453,433,20,4190,2217,1973,215,129,86
1.0 Scen,2013,297,Live Oak County,11644,6272,5372,6723,3459,3264,454,434,20,4251,2249,2002,216,130,86
1.0 Scen,2014,297,Live Oak County,11683,6289,5394,6699,3441,3258,454,434,20,4312,2285,2027,218,129,89
1.0 Scen,2015,297,Live Oak County,11718,6308,5410,6672,3424,3248,453,433,20,4371,2319,2052,222,132,90
1.0 Scen,2016,297,Live Oak County,11752,6329,5423,6647,3411,3236,456,436,20,4428,2352,2076,221,130,91
1.0 Scen,2017,297,Live Oak County,11769,6342,5427,6613,3395,3218,452,432,20,4481,2384,2097,223,131,92
1.0 Scen,2018,297,Live Oak County,11793,6359,5434,6584,3385,3199,450,430,20,4533,2411,2122,226,133,93
1.0 Scen,2019,297,Live Oak County,11831,6390,5441,6550,3374,3176,450,430,20,4602,2452,2150,229,134,95
1.0 Scen,2020,297,Live Oak County,11854,6404,5450,6510,3355,3155,451,430,21,4664,2487,2177,229,132,97
1.0 Scen,2021,297,Live Oak County,11871,6419,5452,6474,3337,3137,450,429,21,4720,2524,2196,227,129,98
1.0 Scen,2022,297,Live Oak County,11880,6431,5449,6432,3315,3117,453,431,22,4762,2552,2210,233,133,100
1.0 Scen,2023,297,Live Oak County,11872,6443,5429,6385,3301,3084,450,428,22,4803,2582,2221,234,132,102
1.0 Scen,2024,297,Live Oak County,11868,6442,5426,6341,3278,3063,445,422,23,4847,2611,2236,235,131,104
1.0 Scen,2025,297,Live Oak County,11880,6454,5426,6309,3264,3045,444,421,23,4888,2636,2252,239,133,106
1.0 Scen,2026,297,Live Oak County,11861,6456,5405,6254,3243,3011,442,418,24,4926,2662,2264,239,133,106
1.0 Scen,2027,297,Live Oak County,11848,6463,5385,6210,3230,2980,441,417,24,4954,2681,2273,243,135,108
1.0 Scen,2028,297,Live Oak County,11853,6481,5372,6165,3217,2948,438,413,25,5009,2717,2292,241,134,107
1.0 Scen,2029,297,Live Oak County,11837,6484,5353,6118,3199,2919,434,409,25,5046,2742,2304,239,134,105
1.0 Scen,2030,297,Live Oak County,11803,6473,5330,6063,3181,2882,429,403,26,5074,2756,2318,237,133,104
1.0 Scen,2031,297,Live Oak County,11787,6475,5312,6021,3163,2858,423,397,26,5107,2783,2324,236,132,104
1.0 Scen,2032,297,Live Oak County,11786,6483,5303,5967,3141,2826,424,398,26,5156,2810,2346,239,134,105
1.0 Scen,2033,297,Live Oak County,11735,6467,5268,5899,3118,2781,418,392,26,5182,2825,2357,236,132,104
1.0 Scen,2034,297,Live Oak County,11724,6476,5248,5851,3100,2751,418,392,26,5217,2849,2368,238,135,103
1.0 Scen,2035,297,Live Oak County,11689,6464,5225,5794,3076,2718,413,387,26,5246,2867,2379,236,134,102
1.0 Scen,2036,297,Live Oak County,11662,6462,5200,5728,3051,2677,410,384,26,5286,2891,2395,238,136,102
1.0 Scen,2037,297,Live Oak County,11600,6441,5159,5664,3025,2639,405,379,26,5296,2903,2393,235,134,101
1.0 Scen,2038,297,Live Oak County,11580,6446,5134,5596,3001,2595,403,377,26,5342,2932,2410,239,136,103
1.0 Scen,2039,297,Live Oak County,11517,6422,5095,5514,2971,2543,397,371,26,5369,2946,2423,237,134,103
1.0 Scen,2040,297,Live Oak County,11473,6407,5066,5450,2941,2509,394,368,26,5391,2962,2429,238,136,102
1.0 Scen,2041,297,Live Oak County,11426,6391,5035,5377,2910,2467,393,367,26,5417,2979,2438,239,135,104
1.0 Scen,2042,297,Live Oak County,11364,6361,5003,5299,2869,2430,388,362,26,5439,2996,2443,238,134,104
1.0 Scen,2043,297,Live Oak County,11321,6356,4965,5220,2836,2384,388,362,26,5472,3022,2450,241,136,105
1.0 Scen,2044,297,Live Oak County,11266,6330,4936,5150,2806,2344,381,355,26,5498,3037,2461,237,132,105
1.0 Scen,2045,297,Live Oak County,11198,6311,4887,5068,2773,2295,375,352,23,5516,3051,2465,239,135,104
1.0 Scen,2046,297,Live Oak County,11154,6295,4859,5005,2744,2261,372,349,23,5542,3069,2473,235,133,102
1.0 Scen,2047,297,Live Oak County,11111,6280,4831,4940,2723,2217,369,346,23,5567,3078,2489,235,133,102
1.0 Scen,2048,297,Live Oak County,11070,6268,4802,4878,2689,2189,365,343,22,5596,3106,2490,231,130,101
1.0 Scen,2049,297,Live Oak County,11025,6247,4778,4815,2663,2152,364,342,22,5613,3113,2500,233,129,104
1.0 Scen,2050,297,Live Oak County,10984,6236,4748,4758,2637,2121,357,336,21,5637,3132,2505,232,131,101
1.0 Scen,2010,299,Llano County,19301,9329,9972,17303,8374,8929,102,60,42,1542,736,806,354,159,195
1.0 Scen,2011,299,Llano County,19518,9435,10083,17471,8454,9017,103,61,42,1585,758,827,359,162,197
1.0 Scen,2012,299,Llano County,19749,9545,10204,17649,8535,9114,104,61,43,1628,782,846,368,167,201
1.0 Scen,2013,299,Llano County,19968,9649,10319,17816,8612,9204,104,61,43,1674,806,868,374,170,204
1.0 Scen,2014,299,Llano County,20185,9753,10432,17990,8692,9298,105,61,44,1709,826,883,381,174,207
1.0 Scen,2015,299,Llano County,20400,9858,10542,18158,8770,9388,105,62,43,1750,848,902,387,178,209
1.0 Scen,2016,299,Llano County,20617,9974,10643,18320,8854,9466,107,63,44,1797,874,923,393,183,210
1.0 Scen,2017,299,Llano County,20829,10078,10751,18478,8927,9551,108,64,44,1844,902,942,399,185,214
1.0 Scen,2018,299,Llano County,21031,10181,10850,18629,9003,9626,110,64,46,1889,927,962,403,187,216
1.0 Scen,2019,299,Llano County,21220,10283,10937,18766,9073,9693,112,65,47,1938,956,982,404,189,215
1.0 Scen,2020,299,Llano County,21407,10390,11017,18898,9146,9752,113,65,48,1989,986,1003,407,193,214
1.0 Scen,2021,299,Llano County,21606,10493,11113,19038,9213,9825,115,66,49,2041,1017,1024,412,197,215
1.0 Scen,2022,299,Llano County,21777,10589,11188,19158,9275,9883,115,65,50,2089,1049,1040,415,200,215
1.0 Scen,2023,299,Llano County,21938,10677,11261,19260,9326,9934,116,65,51,2143,1082,1061,419,204,215
1.0 Scen,2024,299,Llano County,22085,10764,11321,19365,9383,9982,117,65,52,2185,1111,1074,418,205,213
1.0 Scen,2025,299,Llano County,22214,10846,11368,19455,9433,10022,118,66,52,2223,1141,1082,418,206,212
1.0 Scen,2026,299,Llano County,22335,10915,11420,19520,9469,10051,119,66,53,2274,1171,1103,422,209,213
1.0 Scen,2027,299,Llano County,22448,10985,11463,19572,9506,10066,120,67,53,2334,1203,1131,422,209,213
1.0 Scen,2028,299,Llano County,22539,11046,11493,19604,9534,10070,121,67,54,2390,1236,1154,424,209,215
1.0 Scen,2029,299,Llano County,22622,11102,11520,19622,9552,10070,121,67,54,2452,1271,1181,427,212,215
1.0 Scen,2030,299,Llano County,22697,11158,11539,19635,9572,10063,122,67,55,2510,1305,1205,430,214,216
1.0 Scen,2031,299,Llano County,22747,11204,11543,19636,9586,10050,122,68,54,2558,1336,1222,431,214,217
1.0 Scen,2032,299,Llano County,22791,11250,11541,19617,9592,10025,123,68,55,2619,1373,1246,432,217,215
1.0 Scen,2033,299,Llano County,22828,11296,11532,19590,9594,9996,122,68,54,2682,1414,1268,434,220,214
1.0 Scen,2034,299,Llano County,22854,11333,11521,19548,9589,9959,123,68,55,2740,1450,1290,443,226,217
1.0 Scen,2035,299,Llano County,22868,11372,11496,19501,9591,9910,123,69,54,2796,1480,1316,448,232,216
1.0 Scen,2036,299,Llano County,22844,11386,11458,19420,9571,9849,124,69,55,2849,1512,1337,451,234,217
1.0 Scen,2037,299,Llano County,22852,11404,11448,19356,9550,9806,125,70,55,2912,1546,1366,459,238,221
1.0 Scen,2038,299,Llano County,22826,11412,11414,19268,9521,9747,125,70,55,2969,1580,1389,464,241,223
1.0 Scen,2039,299,Llano County,22790,11423,11367,19184,9505,9679,125,71,54,3017,1605,1412,464,242,222
1.0 Scen,2040,299,Llano County,22787,11453,11334,19111,9485,9626,125,71,54,3082,1648,1434,469,249,220
1.0 Scen,2041,299,Llano County,22745,11459,11286,19009,9455,9554,124,71,53,3138,1682,1456,474,251,223
1.0 Scen,2042,299,Llano County,22716,11469,11247,18916,9427,9489,124,70,54,3200,1718,1482,476,254,222
1.0 Scen,2043,299,Llano County,22687,11481,11206,18823,9403,9420,124,70,54,3259,1750,1509,481,258,223
1.0 Scen,2044,299,Llano County,22653,11496,11157,18726,9375,9351,122,69,53,3323,1792,1531,482,260,222
1.0 Scen,2045,299,Llano County,22630,11507,11123,18633,9345,9288,118,69,49,3390,1830,1560,489,263,226
1.0 Scen,2046,299,Llano County,22598,11523,11075,18540,9321,9219,116,68,48,3458,1872,1586,484,262,222
1.0 Scen,2047,299,Llano County,22577,11535,11042,18456,9292,9164,113,67,46,3519,1911,1608,489,265,224
1.0 Scen,2048,299,Llano County,22564,11552,11012,18377,9273,9104,110,64,46,3585,1949,1636,492,266,226
1.0 Scen,2049,299,Llano County,22553,11577,10976,18296,9252,9044,109,64,45,3652,1992,1660,496,269,227
1.0 Scen,2050,299,Llano County,22551,11599,10952,18236,9241,8995,106,61,45,3710,2027,1683,499,270,229
1.0 Scen,2010,301,Loving County,82,46,36,60,34,26,0,0,0,18,9,9,4,3,1
1.0 Scen,2011,301,Loving County,82,46,36,60,34,26,0,0,0,18,9,9,4,3,1
1.0 Scen,2012,301,Loving County,82,46,36,60,34,26,0,0,0,18,9,9,4,3,1
1.0 Scen,2013,301,Loving County,82,46,36,60,34,26,0,0,0,18,9,9,4,3,1
1.0 Scen,2014,301,Loving County,81,46,35,59,34,25,0,0,0,18,9,9,4,3,1
1.0 Scen,2015,301,Loving County,81,46,35,59,34,25,0,0,0,18,9,9,4,3,1
1.0 Scen,2016,301,Loving County,81,46,35,59,34,25,0,0,0,18,9,9,4,3,1
1.0 Scen,2017,301,Loving County,81,46,35,59,34,25,0,0,0,18,9,9,4,3,1
1.0 Scen,2018,301,Loving County,80,45,35,58,33,25,0,0,0,18,9,9,4,3,1
1.0 Scen,2019,301,Loving County,80,45,35,58,33,25,0,0,0,18,9,9,4,3,1
1.0 Scen,2020,301,Loving County,81,45,36,59,33,26,0,0,0,18,9,9,4,3,1
1.0 Scen,2021,301,Loving County,81,45,36,59,33,26,0,0,0,18,9,9,4,3,1
1.0 Scen,2022,301,Loving County,82,46,36,60,34,26,0,0,0,18,9,9,4,3,1
1.0 Scen,2023,301,Loving County,82,46,36,60,34,26,0,0,0,18,9,9,4,3,1
1.0 Scen,2024,301,Loving County,81,45,36,59,33,26,0,0,0,18,9,9,4,3,1
1.0 Scen,2025,301,Loving County,81,45,36,59,33,26,0,0,0,18,9,9,4,3,1
1.0 Scen,2026,301,Loving County,79,43,36,57,31,26,0,0,0,18,9,9,4,3,1
1.0 Scen,2027,301,Loving County,78,42,36,56,30,26,0,0,0,18,9,9,4,3,1
1.0 Scen,2028,301,Loving County,75,41,34,54,29,25,0,0,0,17,9,8,4,3,1
1.0 Scen,2029,301,Loving County,76,42,34,55,30,25,0,0,0,17,9,8,4,3,1
1.0 Scen,2030,301,Loving County,76,42,34,55,30,25,0,0,0,17,9,8,4,3,1
1.0 Scen,2031,301,Loving County,75,41,34,54,29,25,0,0,0,17,9,8,4,3,1
1.0 Scen,2032,301,Loving County,74,40,34,53,28,25,0,0,0,17,9,8,4,3,1
1.0 Scen,2033,301,Loving County,71,38,33,51,27,24,0,0,0,17,9,8,3,2,1
1.0 Scen,2034,301,Loving County,70,37,33,50,26,24,0,0,0,17,9,8,3,2,1
1.0 Scen,2035,301,Loving County,69,36,33,49,25,24,0,0,0,17,9,8,3,2,1
1.0 Scen,2036,301,Loving County,67,36,31,47,25,22,0,0,0,17,9,8,3,2,1
1.0 Scen,2037,301,Loving County,65,35,30,45,24,21,0,0,0,17,9,8,3,2,1
1.0 Scen,2038,301,Loving County,64,35,29,44,24,20,0,0,0,17,9,8,3,2,1
1.0 Scen,2039,301,Loving County,61,33,28,41,22,19,0,0,0,17,9,8,3,2,1
1.0 Scen,2040,301,Loving County,58,31,27,39,21,18,0,0,0,16,8,8,3,2,1
1.0 Scen,2041,301,Loving County,55,30,25,36,20,16,0,0,0,16,8,8,3,2,1
1.0 Scen,2042,301,Loving County,53,29,24,34,19,15,0,0,0,16,8,8,3,2,1
1.0 Scen,2043,301,Loving County,51,28,23,32,18,14,0,0,0,16,8,8,3,2,1
1.0 Scen,2044,301,Loving County,48,25,23,29,15,14,0,0,0,16,8,8,3,2,1
1.0 Scen,2045,301,Loving County,45,24,21,27,14,13,0,0,0,16,8,8,2,2,0
1.0 Scen,2046,301,Loving County,43,23,20,25,13,12,0,0,0,16,8,8,2,2,0
1.0 Scen,2047,301,Loving County,42,22,20,24,12,12,0,0,0,16,8,8,2,2,0
1.0 Scen,2048,301,Loving County,43,22,21,24,12,12,0,0,0,17,8,9,2,2,0
1.0 Scen,2049,301,Loving County,42,21,21,23,11,12,0,0,0,17,8,9,2,2,0
1.0 Scen,2050,301,Loving County,40,20,20,21,10,11,0,0,0,17,8,9,2,2,0
1.0 Scen,2010,303,Lubbock County,278831,137786,141045,159815,78165,81650,19957,9918,10039,88924,44536,44388,10135,5167,4968
1.0 Scen,2011,303,Lubbock County,282133,139633,142500,160003,78431,81572,20216,10061,10155,91316,45742,45574,10598,5399,5199
1.0 Scen,2012,303,Lubbock County,285385,141414,143971,160077,78601,81476,20472,10202,10270,93766,46971,46795,11070,5640,5430
1.0 Scen,2013,303,Lubbock County,288627,143222,145405,160109,78781,81328,20719,10333,10386,96250,48231,48019,11549,5877,5672
1.0 Scen,2014,303,Lubbock County,291927,145028,146899,160102,78916,81186,20968,10464,10504,98798,49521,49277,12059,6127,5932
1.0 Scen,2015,303,Lubbock County,295257,146861,148396,160083,79058,81025,21207,10588,10619,101398,50831,50567,12569,6384,6185
1.0 Scen,2016,303,Lubbock County,298916,148880,150036,160250,79294,80956,21457,10729,10728,104085,52195,51890,13124,6662,6462
1.0 Scen,2017,303,Lubbock County,302568,150891,151677,160393,79520,80873,21702,10862,10840,106800,53565,53235,13673,6944,6729
1.0 Scen,2018,303,Lubbock County,306336,152949,153387,160507,79723,80784,21947,10991,10956,109600,54996,54604,14282,7239,7043
1.0 Scen,2019,303,Lubbock County,310146,155071,155075,160609,79937,80672,22184,11126,11058,112467,56467,56000,14886,7541,7345
1.0 Scen,2020,303,Lubbock County,313938,157156,156782,160605,80108,80497,22421,11255,11166,115374,57928,57446,15538,7865,7673
1.0 Scen,2021,303,Lubbock County,317797,159303,158494,160574,80256,80318,22649,11379,11270,118364,59468,58896,16210,8200,8010
1.0 Scen,2022,303,Lubbock County,321695,161449,160246,160539,80396,80143,22878,11505,11373,121372,61004,60368,16906,8544,8362
1.0 Scen,2023,303,Lubbock County,325560,163565,161995,160441,80492,79949,23096,11628,11468,124399,62549,61850,17624,8896,8728
1.0 Scen,2024,303,Lubbock County,329494,165730,163764,160312,80576,79736,23332,11758,11574,127475,64127,63348,18375,9269,9106
1.0 Scen,2025,303,Lubbock County,333368,167877,165491,160134,80628,79506,23541,11875,11666,130567,65724,64843,19126,9650,9476
1.0 Scen,2026,303,Lubbock County,337291,170016,167275,159919,80659,79260,23753,11998,11755,133676,67318,66358,19943,10041,9902
1.0 Scen,2027,303,Lubbock County,341226,172155,169071,159670,80666,79004,23963,12112,11851,136820,68932,67888,20773,10445,10328
1.0 Scen,2028,303,Lubbock County,345151,174319,170832,159378,80656,78722,24165,12232,11933,139975,70564,69411,21633,10867,10766
1.0 Scen,2029,303,Lubbock County,349054,176465,172589,159054,80626,78428,24352,12340,12012,143128,72198,70930,22520,11301,11219
1.0 Scen,2030,303,Lubbock County,352940,178594,174346,158677,80569,78108,24531,12449,12082,146288,73832,72456,23444,11744,11700
1.0 Scen,2031,303,Lubbock County,356789,180709,176080,158288,80498,77790,24680,12543,12137,149433,75469,73964,24388,12199,12189
1.0 Scen,2032,303,Lubbock County,360632,182806,177826,157863,80415,77448,24833,12632,12201,152574,77100,75474,25362,12659,12703
1.0 Scen,2033,303,Lubbock County,364412,184894,179518,157401,80315,77086,24961,12716,12245,155685,78715,76970,26365,13148,13217
1.0 Scen,2034,303,Lubbock County,368158,186972,181186,156907,80199,76708,25079,12801,12278,158763,80323,78440,27409,13649,13760
1.0 Scen,2035,303,Lubbock County,371932,189050,182882,156418,80086,76332,25182,12869,12313,161835,81928,79907,28497,14167,14330
1.0 Scen,2036,303,Lubbock County,375656,191090,184566,155901,79964,75937,25249,12902,12347,164887,83527,81360,29619,14697,14922
1.0 Scen,2037,303,Lubbock County,379462,193209,186253,155393,79848,75545,25349,12981,12368,167933,85123,82810,30787,15257,15530
1.0 Scen,2038,303,Lubbock County,383252,195312,187940,154893,79736,75157,25414,13036,12378,170963,86719,84244,31982,15821,16161
1.0 Scen,2039,303,Lubbock County,387109,197441,189668,154404,79629,74775,25480,13091,12389,173980,88309,85671,33245,16412,16833
1.0 Scen,2040,303,Lubbock County,390972,199581,191391,153923,79534,74389,25531,13131,12400,176988,89900,87088,34530,17016,17514
1.0 Scen,2041,303,Lubbock County,394831,201732,193099,153454,79441,74013,25558,13166,12392,179974,91491,88483,35845,17634,18211
1.0 Scen,2042,303,Lubbock County,398743,203900,194843,152985,79350,73635,25592,13197,12395,182949,93075,89874,37217,18278,18939
1.0 Scen,2043,303,Lubbock County,402635,206061,196574,152494,79242,73252,25608,13224,12384,185923,94667,91256,38610,18928,19682
1.0 Scen,2044,303,Lubbock County,406568,208239,198329,152003,79130,72873,25607,13243,12364,188897,96258,92639,40061,19608,20453
1.0 Scen,2045,303,Lubbock County,410488,210421,200067,151482,79010,72472,25611,13266,12345,191861,97854,94007,41534,20291,21243
1.0 Scen,2046,303,Lubbock County,414413,212599,201814,150947,78873,72074,25601,13281,12320,194801,99447,95354,43064,20998,22066
1.0 Scen,2047,303,Lubbock County,418361,214779,203582,150407,78730,71677,25587,13291,12296,197744,101040,96704,44623,21718,22905
1.0 Scen,2048,303,Lubbock County,422287,216953,205334,149851,78591,71260,25561,13298,12263,200661,102620,98041,46214,22444,23770
1.0 Scen,2049,303,Lubbock County,426212,219119,207093,149273,78427,70846,25531,13300,12231,203547,104196,99351,47861,23196,24665
1.0 Scen,2050,303,Lubbock County,430186,221312,208874,148705,78262,70443,25502,13302,12200,206429,105772,100657,49550,23976,25574
1.0 Scen,2010,305,Lynn County,5915,2947,2968,2984,1437,1547,113,66,47,2743,1407,1336,75,37,38
1.0 Scen,2011,305,Lynn County,5962,2974,2988,2984,1438,1546,114,67,47,2787,1430,1357,77,39,38
1.0 Scen,2012,305,Lynn County,6000,2996,3004,2978,1437,1541,113,66,47,2831,1454,1377,78,39,39
1.0 Scen,2013,305,Lynn County,6036,3017,3019,2967,1433,1534,114,67,47,2876,1477,1399,79,40,39
1.0 Scen,2014,305,Lynn County,6075,3042,3033,2958,1434,1524,115,67,48,2922,1501,1421,80,40,40
1.0 Scen,2015,305,Lynn County,6095,3067,3028,2935,1433,1502,116,68,48,2964,1526,1438,80,40,40
1.0 Scen,2016,305,Lynn County,6116,3088,3028,2917,1432,1485,118,69,49,3000,1547,1453,81,40,41
1.0 Scen,2017,305,Lynn County,6140,3107,3033,2891,1423,1468,119,70,49,3048,1573,1475,82,41,41
1.0 Scen,2018,305,Lynn County,6177,3136,3041,2881,1425,1456,121,70,51,3091,1599,1492,84,42,42
1.0 Scen,2019,305,Lynn County,6204,3151,3053,2861,1412,1449,121,71,50,3137,1625,1512,85,43,42
1.0 Scen,2020,305,Lynn County,6239,3171,3068,2851,1410,1441,121,71,50,3181,1647,1534,86,43,43
1.0 Scen,2021,305,Lynn County,6269,3184,3085,2838,1400,1438,122,72,50,3222,1668,1554,87,44,43
1.0 Scen,2022,305,Lynn County,6304,3205,3099,2826,1394,1432,121,71,50,3269,1696,1573,88,44,44
1.0 Scen,2023,305,Lynn County,6329,3219,3110,2814,1387,1427,121,71,50,3305,1716,1589,89,45,44
1.0 Scen,2024,305,Lynn County,6361,3241,3120,2806,1387,1419,119,70,49,3346,1739,1607,90,45,45
1.0 Scen,2025,305,Lynn County,6392,3259,3133,2795,1382,1413,117,70,47,3390,1761,1629,90,46,44
1.0 Scen,2026,305,Lynn County,6409,3270,3139,2780,1379,1401,115,69,46,3423,1776,1647,91,46,45
1.0 Scen,2027,305,Lynn County,6428,3275,3153,2763,1369,1394,115,69,46,3459,1791,1668,91,46,45
1.0 Scen,2028,305,Lynn County,6442,3288,3154,2744,1362,1382,114,68,46,3493,1812,1681,91,46,45
1.0 Scen,2029,305,Lynn County,6453,3296,3157,2726,1355,1371,114,68,46,3521,1826,1695,92,47,45
1.0 Scen,2030,305,Lynn County,6473,3309,3164,2712,1352,1360,113,68,45,3555,1842,1713,93,47,46
1.0 Scen,2031,305,Lynn County,6478,3312,3166,2692,1343,1349,112,68,44,3580,1853,1727,94,48,46
1.0 Scen,2032,305,Lynn County,6491,3320,3171,2679,1339,1340,111,67,44,3606,1866,1740,95,48,47
1.0 Scen,2033,305,Lynn County,6488,3324,3164,2662,1333,1329,109,66,43,3622,1877,1745,95,48,47
1.0 Scen,2034,305,Lynn County,6489,3327,3162,2640,1324,1316,107,65,42,3646,1890,1756,96,48,48
1.0 Scen,2035,305,Lynn County,6487,3334,3153,2620,1321,1299,105,64,41,3667,1900,1767,95,49,46
1.0 Scen,2036,305,Lynn County,6484,3331,3153,2601,1313,1288,101,61,40,3686,1908,1778,96,49,47
1.0 Scen,2037,305,Lynn County,6473,3333,3140,2585,1310,1275,101,62,39,3690,1911,1779,97,50,47
1.0 Scen,2038,305,Lynn County,6470,3334,3136,2562,1302,1260,102,62,40,3709,1921,1788,97,49,48
1.0 Scen,2039,305,Lynn County,6464,3331,3133,2542,1292,1250,101,62,39,3723,1927,1796,98,50,48
1.0 Scen,2040,305,Lynn County,6443,3327,3116,2511,1283,1228,100,61,39,3733,1933,1800,99,50,49
1.0 Scen,2041,305,Lynn County,6411,3318,3093,2481,1274,1207,98,60,38,3732,1933,1799,100,51,49
1.0 Scen,2042,305,Lynn County,6396,3314,3082,2463,1268,1195,95,58,37,3737,1937,1800,101,51,50
1.0 Scen,2043,305,Lynn County,6400,3319,3081,2449,1260,1189,93,57,36,3756,1950,1806,102,52,50
1.0 Scen,2044,305,Lynn County,6390,3316,3074,2434,1251,1183,92,56,36,3761,1957,1804,103,52,51
1.0 Scen,2045,305,Lynn County,6389,3318,3071,2422,1249,1173,89,55,34,3774,1961,1813,104,53,51
1.0 Scen,2046,305,Lynn County,6372,3320,3052,2407,1248,1159,86,54,32,3779,1966,1813,100,52,48
1.0 Scen,2047,305,Lynn County,6354,3318,3036,2382,1234,1148,82,52,30,3790,1980,1810,100,52,48
1.0 Scen,2048,305,Lynn County,6331,3307,3024,2353,1222,1131,80,51,29,3797,1982,1815,101,52,49
1.0 Scen,2049,305,Lynn County,6334,3309,3025,2344,1219,1125,78,50,28,3811,1987,1824,101,53,48
1.0 Scen,2050,305,Lynn County,6328,3315,3013,2334,1218,1116,75,47,28,3817,1997,1820,102,53,49
1.0 Scen,2010,307,McCulloch County,8283,4057,4226,5568,2672,2896,133,67,66,2476,1263,1213,106,55,51
1.0 Scen,2011,307,McCulloch County,8378,4110,4268,5600,2691,2909,134,68,66,2537,1295,1242,107,56,51
1.0 Scen,2012,307,McCulloch County,8451,4156,4295,5620,2708,2912,134,68,66,2590,1324,1266,107,56,51
1.0 Scen,2013,307,McCulloch County,8505,4195,4310,5618,2715,2903,134,69,65,2645,1354,1291,108,57,51
1.0 Scen,2014,307,McCulloch County,8560,4235,4325,5617,2726,2891,134,68,66,2700,1384,1316,109,57,52
1.0 Scen,2015,307,McCulloch County,8634,4278,4356,5633,2739,2894,134,68,66,2756,1413,1343,111,58,53
1.0 Scen,2016,307,McCulloch County,8710,4323,4387,5642,2747,2895,135,69,66,2821,1449,1372,112,58,54
1.0 Scen,2017,307,McCulloch County,8798,4378,4420,5660,2759,2901,137,71,66,2888,1489,1399,113,59,54
1.0 Scen,2018,307,McCulloch County,8872,4422,4450,5666,2766,2900,139,71,68,2953,1526,1427,114,59,55
1.0 Scen,2019,307,McCulloch County,8959,4472,4487,5687,2781,2906,140,71,69,3017,1560,1457,115,60,55
1.0 Scen,2020,307,McCulloch County,9040,4522,4518,5696,2788,2908,142,72,70,3087,1602,1485,115,60,55
1.0 Scen,2021,307,McCulloch County,9116,4574,4542,5712,2800,2912,144,74,70,3144,1639,1505,116,61,55
1.0 Scen,2022,307,McCulloch County,9196,4621,4575,5726,2808,2918,145,75,70,3209,1678,1531,116,60,56
1.0 Scen,2023,307,McCulloch County,9260,4659,4601,5725,2807,2918,147,76,71,3271,1715,1556,117,61,56
1.0 Scen,2024,307,McCulloch County,9319,4694,4625,5727,2808,2919,149,77,72,3325,1748,1577,118,61,57
1.0 Scen,2025,307,McCulloch County,9384,4733,4651,5729,2812,2917,150,78,72,3386,1781,1605,119,62,57
1.0 Scen,2026,307,McCulloch County,9452,4773,4679,5724,2812,2912,150,78,72,3458,1821,1637,120,62,58
1.0 Scen,2027,307,McCulloch County,9500,4806,4694,5723,2817,2906,149,78,71,3509,1849,1660,119,62,57
1.0 Scen,2028,307,McCulloch County,9538,4831,4707,5711,2811,2900,148,77,71,3560,1882,1678,119,61,58
1.0 Scen,2029,307,McCulloch County,9576,4850,4726,5708,2809,2899,148,77,71,3603,1903,1700,117,61,56
1.0 Scen,2030,307,McCulloch County,9610,4876,4734,5691,2804,2887,149,77,72,3653,1934,1719,117,61,56
1.0 Scen,2031,307,McCulloch County,9661,4906,4755,5679,2800,2879,149,78,71,3718,1968,1750,115,60,55
1.0 Scen,2032,307,McCulloch County,9695,4927,4768,5666,2797,2869,149,78,71,3766,1993,1773,114,59,55
1.0 Scen,2033,307,McCulloch County,9725,4950,4775,5655,2794,2861,148,78,70,3808,2018,1790,114,60,54
1.0 Scen,2034,307,McCulloch County,9749,4968,4781,5626,2784,2842,147,77,70,3864,2048,1816,112,59,53
1.0 Scen,2035,307,McCulloch County,9768,4991,4777,5594,2778,2816,147,77,70,3916,2077,1839,111,59,52
1.0 Scen,2036,307,McCulloch County,9787,5009,4778,5568,2769,2799,146,76,70,3963,2105,1858,110,59,51
1.0 Scen,2037,307,McCulloch County,9804,5027,4777,5537,2756,2781,145,76,69,4013,2136,1877,109,59,50
1.0 Scen,2038,307,McCulloch County,9814,5045,4769,5507,2751,2756,142,74,68,4056,2162,1894,109,58,51
1.0 Scen,2039,307,McCulloch County,9823,5062,4761,5468,2739,2729,141,74,67,4105,2190,1915,109,59,50
1.0 Scen,2040,307,McCulloch County,9827,5071,4756,5422,2722,2700,139,72,67,4158,2219,1939,108,58,50
1.0 Scen,2041,307,McCulloch County,9842,5095,4747,5391,2713,2678,137,72,65,4207,2252,1955,107,58,49
1.0 Scen,2042,307,McCulloch County,9843,5108,4735,5350,2702,2648,135,70,65,4252,2279,1973,106,57,49
1.0 Scen,2043,307,McCulloch County,9862,5132,4730,5310,2689,2621,134,70,64,4313,2316,1997,105,57,48
1.0 Scen,2044,307,McCulloch County,9863,5152,4711,5267,2679,2588,130,69,61,4361,2347,2014,105,57,48
1.0 Scen,2045,307,McCulloch County,9854,5164,4690,5227,2668,2559,127,68,59,4396,2371,2025,104,57,47
1.0 Scen,2046,307,McCulloch County,9855,5178,4677,5184,2653,2531,127,67,60,4442,2401,2041,102,57,45
1.0 Scen,2047,307,McCulloch County,9860,5192,4668,5152,2646,2506,126,67,59,4482,2424,2058,100,55,45
1.0 Scen,2048,307,McCulloch County,9848,5194,4654,5120,2639,2481,122,63,59,4507,2439,2068,99,53,46
1.0 Scen,2049,307,McCulloch County,9842,5199,4643,5073,2623,2450,121,63,58,4549,2460,2089,99,53,46
1.0 Scen,2050,307,McCulloch County,9854,5219,4635,5038,2617,2421,119,61,58,4598,2489,2109,99,52,47
1.0 Scen,2010,309,McLennan County,234906,114169,120737,138295,66939,71356,33892,15776,18116,55471,28147,27324,7248,3307,3941
1.0 Scen,2011,309,McLennan County,236795,115245,121550,137723,66756,70967,34261,15986,18275,57328,29093,28235,7483,3410,4073
1.0 Scen,2012,309,McLennan County,238684,116323,122361,137098,66545,70553,34621,16191,18430,59242,30067,29175,7723,3520,4203
1.0 Scen,2013,309,McLennan County,240621,117447,123174,136440,66352,70088,34992,16392,18600,61223,31072,30151,7966,3631,4335
1.0 Scen,2014,309,McLennan County,242575,118555,124020,135727,66103,69624,35343,16595,18748,63273,32113,31160,8232,3744,4488
1.0 Scen,2015,309,McLennan County,244576,119679,124897,135020,65853,69167,35658,16774,18884,65398,33193,32205,8500,3859,4641
1.0 Scen,2016,309,McLennan County,246680,120884,125796,134289,65588,68701,35992,16985,19007,67613,34321,33292,8786,3990,4796
1.0 Scen,2017,309,McLennan County,248752,122044,126708,133526,65313,68213,36290,17154,19136,69854,35460,34394,9082,4117,4965
1.0 Scen,2018,309,McLennan County,250941,123284,127657,132809,65049,67760,36570,17327,19243,72182,36657,35525,9380,4251,5129
1.0 Scen,2019,309,McLennan County,253203,124533,128670,132080,64779,67301,36851,17494,19357,74572,37875,36697,9700,4385,5315
1.0 Scen,2020,309,McLennan County,255521,125843,129678,131366,64532,66834,37098,17650,19448,77026,39130,37896,10031,4531,5500
1.0 Scen,2021,309,McLennan County,257943,127198,130745,130658,64284,66374,37368,17821,19547,79551,40418,39133,10366,4675,5691
1.0 Scen,2022,309,McLennan County,260401,128550,131851,129941,64030,65911,37586,17944,19642,82154,41750,40404,10720,4826,5894
1.0 Scen,2023,309,McLennan County,262951,129981,132970,129203,63762,65441,37850,18110,19740,84816,43116,41700,11082,4993,6089
1.0 Scen,2024,309,McLennan County,265553,131395,134158,128445,63470,64975,38059,18242,19817,87563,44519,43044,11486,5164,6322
1.0 Scen,2025,309,McLennan County,268123,132808,135315,127674,63167,64507,38242,18364,19878,90331,45939,44392,11876,5338,6538
1.0 Scen,2026,309,McLennan County,270771,134257,136514,126858,62843,64015,38446,18495,19951,93167,47396,45771,12300,5523,6777
1.0 Scen,2027,309,McLennan County,273396,135703,137693,126030,62519,63511,38605,18602,20003,96041,48874,47167,12720,5708,7012
1.0 Scen,2028,309,McLennan County,275987,137122,138865,125125,62142,62983,38756,18714,20042,98944,50366,48578,13162,5900,7262
1.0 Scen,2029,309,McLennan County,278502,138510,139992,124167,61752,62415,38852,18794,20058,101873,51870,50003,13610,6094,7516
1.0 Scen,2030,309,McLennan County,281009,139884,141125,123146,61322,61824,38975,18887,20088,104833,53393,51440,14055,6282,7773
1.0 Scen,2031,309,McLennan County,283444,141243,142201,122081,60876,61205,39038,18955,20083,107798,54927,52871,14527,6485,8042
1.0 Scen,2032,309,McLennan County,285871,142604,143267,120960,60408,60552,39122,19034,20088,110789,56468,54321,15000,6694,8306
1.0 Scen,2033,309,McLennan County,288226,143899,144327,119773,59898,59875,39170,19090,20080,113784,58013,55771,15499,6898,8601
1.0 Scen,2034,309,McLennan County,290532,145181,145351,118561,59377,59184,39180,19130,20050,116787,59558,57229,16004,7116,8888
1.0 Scen,2035,309,McLennan County,292791,146441,146350,117309,58840,58469,39155,19149,20006,119809,61117,58692,16518,7335,9183
1.0 Scen,2036,309,McLennan County,295015,147696,147319,116028,58285,57743,39124,19182,19942,122830,62677,60153,17033,7552,9481
1.0 Scen,2037,309,McLennan County,297235,148943,148292,114745,57732,57013,39068,19186,19882,125882,64258,61624,17540,7767,9773
1.0 Scen,2038,309,McLennan County,299431,150190,149241,113434,57164,56270,38991,19194,19797,128948,65849,63099,18058,7983,10075
1.0 Scen,2039,309,McLennan County,301623,151431,150192,112112,56589,55523,38896,19191,19705,132031,67450,64581,18584,8201,10383
1.0 Scen,2040,309,McLennan County,303830,152683,151147,110796,56025,54771,38777,19166,19611,135144,69071,66073,19113,8421,10692
1.0 Scen,2041,309,McLennan County,306054,153972,152082,109459,55446,54013,38659,19164,19495,138284,70714,67570,19652,8648,11004
1.0 Scen,2042,309,McLennan County,308247,155243,153004,108123,54865,53258,38481,19128,19353,141440,72374,69066,20203,8876,11327
1.0 Scen,2043,309,McLennan County,310474,156519,153955,106768,54282,52486,38321,19091,19230,144630,74042,70588,20755,9104,11651
1.0 Scen,2044,309,McLennan County,312739,157819,154920,105425,53690,51735,38138,19042,19096,147858,75744,72114,21318,9343,11975
1.0 Scen,2045,309,McLennan County,315005,159122,155883,104065,53098,50967,37946,18993,18953,151105,77450,73655,21889,9581,12308
1.0 Scen,2046,309,McLennan County,317326,160455,156871,102726,52512,50214,37752,18942,18810,154385,79184,75201,22463,9817,12646
1.0 Scen,2047,309,McLennan County,319642,161775,157867,101384,51920,49464,37521,18873,18648,157684,80925,76759,23053,10057,12996
1.0 Scen,2048,309,McLennan County,322034,163137,158897,100073,51341,48732,37307,18810,18497,161022,82698,78324,23632,10288,13344
1.0 Scen,2049,309,McLennan County,324431,164503,159928,98784,50771,48013,37063,18736,18327,164375,84474,79901,24209,10522,13687
1.0 Scen,2050,309,McLennan County,326877,165896,160981,97502,50208,47294,36824,18660,18164,167753,86266,81487,24798,10762,14036
1.0 Scen,2010,311,McMullen County,707,367,340,432,219,213,8,5,3,261,142,119,6,1,5
1.0 Scen,2011,311,McMullen County,717,372,345,438,222,216,8,5,3,265,144,121,6,1,5
1.0 Scen,2012,311,McMullen County,727,377,350,444,225,219,8,5,3,269,146,123,6,1,5
1.0 Scen,2013,311,McMullen County,734,380,354,447,226,221,8,5,3,273,148,125,6,1,5
1.0 Scen,2014,311,McMullen County,742,383,359,452,228,224,8,5,3,276,149,127,6,1,5
1.0 Scen,2015,311,McMullen County,750,387,363,456,230,226,8,5,3,280,151,129,6,1,5
1.0 Scen,2016,311,McMullen County,755,389,366,457,230,227,8,5,3,284,153,131,6,1,5
1.0 Scen,2017,311,McMullen County,759,391,368,457,229,228,8,5,3,288,156,132,6,1,5
1.0 Scen,2018,311,McMullen County,763,394,369,456,229,227,8,5,3,293,159,134,6,1,5
1.0 Scen,2019,311,McMullen County,769,399,370,458,232,226,8,5,3,297,161,136,6,1,5
1.0 Scen,2020,311,McMullen County,771,399,372,456,230,226,8,5,3,301,163,138,6,1,5
1.0 Scen,2021,311,McMullen County,772,401,371,453,229,224,8,5,3,305,166,139,6,1,5
1.0 Scen,2022,311,McMullen County,775,404,371,451,229,222,8,5,3,310,169,141,6,1,5
1.0 Scen,2023,311,McMullen County,778,406,372,449,228,221,8,5,3,315,172,143,6,1,5
1.0 Scen,2024,311,McMullen County,778,407,371,446,227,219,8,5,3,318,174,144,6,1,5
1.0 Scen,2025,311,McMullen County,778,408,370,445,228,217,8,5,3,319,174,145,6,1,5
1.0 Scen,2026,311,McMullen County,776,408,368,440,226,214,8,5,3,322,176,146,6,1,5
1.0 Scen,2027,311,McMullen County,773,408,365,434,225,209,8,5,3,325,177,148,6,1,5
1.0 Scen,2028,311,McMullen County,773,408,365,430,223,207,8,5,3,329,179,150,6,1,5
1.0 Scen,2029,311,McMullen County,772,408,364,426,221,205,8,5,3,332,181,151,6,1,5
1.0 Scen,2030,311,McMullen County,774,411,363,426,222,204,8,5,3,334,183,151,6,1,5
1.0 Scen,2031,311,McMullen County,769,409,360,418,218,200,8,5,3,337,185,152,6,1,5
1.0 Scen,2032,311,McMullen County,759,408,351,408,215,193,8,5,3,337,187,150,6,1,5
1.0 Scen,2033,311,McMullen County,753,406,347,401,211,190,8,5,3,339,189,150,5,1,4
1.0 Scen,2034,311,McMullen County,754,408,346,399,211,188,8,5,3,342,191,151,5,1,4
1.0 Scen,2035,311,McMullen County,751,406,345,394,208,186,7,4,3,345,193,152,5,1,4
1.0 Scen,2036,311,McMullen County,748,405,343,389,205,184,7,4,3,347,195,152,5,1,4
1.0 Scen,2037,311,McMullen County,741,402,339,380,201,179,7,4,3,349,196,153,5,1,4
1.0 Scen,2038,311,McMullen County,735,395,340,371,192,179,7,4,3,352,198,154,5,1,4
1.0 Scen,2039,311,McMullen County,732,395,337,365,190,175,7,4,3,355,200,155,5,1,4
1.0 Scen,2040,311,McMullen County,727,395,332,357,188,169,7,4,3,358,202,156,5,1,4
1.0 Scen,2041,311,McMullen County,722,393,329,352,186,166,6,4,2,359,202,157,5,1,4
1.0 Scen,2042,311,McMullen County,714,388,326,344,182,162,6,4,2,359,201,158,5,1,4
1.0 Scen,2043,311,McMullen County,707,387,320,336,181,155,6,4,2,360,201,159,5,1,4
1.0 Scen,2044,311,McMullen County,703,385,318,336,182,154,6,4,2,356,198,158,5,1,4
1.0 Scen,2045,311,McMullen County,689,383,306,326,181,145,6,4,2,353,197,156,4,1,3
1.0 Scen,2046,311,McMullen County,678,374,304,320,176,144,6,4,2,348,193,155,4,1,3
1.0 Scen,2047,311,McMullen County,670,367,303,318,174,144,6,4,2,343,189,154,3,0,3
1.0 Scen,2048,311,McMullen County,665,364,301,319,173,146,6,4,2,337,187,150,3,0,3
1.0 Scen,2049,311,McMullen County,661,357,304,318,169,149,6,4,2,334,184,150,3,0,3
1.0 Scen,2050,311,McMullen County,653,351,302,315,168,147,6,4,2,329,179,150,3,0,3
1.0 Scen,2010,313,Madison County,13664,7873,5791,8030,4240,3790,2687,1750,937,2688,1752,936,259,131,128
1.0 Scen,2011,313,Madison County,13876,7990,5886,8138,4295,3843,2713,1771,942,2759,1790,969,266,134,132
1.0 Scen,2012,313,Madison County,14062,8098,5964,8216,4346,3870,2737,1787,950,2834,1829,1005,275,136,139
1.0 Scen,2013,313,Madison County,14252,8204,6048,8288,4387,3901,2764,1806,958,2916,1872,1044,284,139,145
1.0 Scen,2014,313,Madison County,14456,8313,6143,8379,4433,3946,2786,1822,964,2996,1914,1082,295,144,151
1.0 Scen,2015,313,Madison County,14639,8402,6237,8459,4466,3993,2803,1835,968,3074,1955,1119,303,146,157
1.0 Scen,2016,313,Madison County,14850,8512,6338,8552,4514,4038,2822,1847,975,3163,2001,1162,313,150,163
1.0 Scen,2017,313,Madison County,15040,8606,6434,8632,4552,4080,2836,1853,983,3249,2047,1202,323,154,169
1.0 Scen,2018,313,Madison County,15245,8706,6539,8717,4595,4122,2852,1863,989,3344,2090,1254,332,158,174
1.0 Scen,2019,313,Madison County,15452,8808,6644,8805,4638,4167,2865,1869,996,3441,2138,1303,341,163,178
1.0 Scen,2020,313,Madison County,15654,8920,6734,8885,4687,4198,2883,1879,1004,3534,2189,1345,352,165,187
1.0 Scen,2021,313,Madison County,15860,9027,6833,8971,4731,4240,2891,1884,1007,3639,2244,1395,359,168,191
1.0 Scen,2022,313,Madison County,16067,9138,6929,9046,4776,4270,2912,1894,1018,3740,2296,1444,369,172,197
1.0 Scen,2023,313,Madison County,16275,9245,7030,9120,4814,4306,2933,1907,1026,3841,2348,1493,381,176,205
1.0 Scen,2024,313,Madison County,16454,9346,7108,9183,4851,4332,2945,1915,1030,3941,2402,1539,385,178,207
1.0 Scen,2025,313,Madison County,16654,9455,7199,9253,4896,4357,2954,1917,1037,4052,2460,1592,395,182,213
1.0 Scen,2026,313,Madison County,16866,9565,7301,9325,4930,4395,2973,1927,1046,4162,2520,1642,406,188,218
1.0 Scen,2027,313,Madison County,17054,9654,7400,9390,4962,4428,2976,1926,1050,4269,2573,1696,419,193,226
1.0 Scen,2028,313,Madison County,17220,9741,7479,9442,4998,4444,2980,1928,1052,4365,2617,1748,433,198,235
1.0 Scen,2029,313,Madison County,17419,9849,7570,9505,5040,4465,2991,1931,1060,4475,2675,1800,448,203,245
1.0 Scen,2030,313,Madison County,17585,9934,7651,9557,5066,4491,2990,1930,1060,4575,2727,1848,463,211,252
1.0 Scen,2031,313,Madison County,17772,10039,7733,9612,5108,4504,2982,1926,1056,4691,2784,1907,487,221,266
1.0 Scen,2032,313,Madison County,17940,10129,7811,9644,5128,4516,2979,1924,1055,4806,2846,1960,511,231,280
1.0 Scen,2033,313,Madison County,18134,10246,7888,9688,5161,4527,2979,1927,1052,4923,2911,2012,544,247,297
1.0 Scen,2034,313,Madison County,18329,10351,7978,9718,5183,4535,2977,1924,1053,5054,2980,2074,580,264,316
1.0 Scen,2035,313,Madison County,18509,10457,8052,9752,5208,4544,2969,1920,1049,5168,3046,2122,620,283,337
1.0 Scen,2036,313,Madison County,18718,10575,8143,9780,5230,4550,2973,1924,1049,5302,3117,2185,663,304,359
1.0 Scen,2037,313,Madison County,18912,10682,8230,9804,5249,4555,2966,1920,1046,5431,3187,2244,711,326,385
1.0 Scen,2038,313,Madison County,19088,10784,8304,9826,5263,4563,2955,1918,1037,5552,3253,2299,755,350,405
1.0 Scen,2039,313,Madison County,19275,10898,8377,9845,5283,4562,2947,1917,1030,5673,3322,2351,810,376,434
1.0 Scen,2040,313,Madison County,19495,11020,8475,9860,5297,4563,2939,1915,1024,5827,3403,2424,869,405,464
1.0 Scen,2041,313,Madison County,19689,11128,8561,9875,5312,4563,2936,1912,1024,5947,3471,2476,931,433,498
1.0 Scen,2042,313,Madison County,19912,11256,8656,9885,5325,4560,2937,1916,1021,6091,3552,2539,999,463,536
1.0 Scen,2043,313,Madison County,20123,11379,8744,9900,5342,4558,2927,1912,1015,6229,3630,2599,1067,495,572
1.0 Scen,2044,313,Madison County,20344,11501,8843,9902,5346,4556,2915,1906,1009,6381,3718,2663,1146,531,615
1.0 Scen,2045,313,Madison County,20545,11618,8927,9899,5358,4541,2895,1899,996,6521,3794,2727,1230,567,663
1.0 Scen,2046,313,Madison County,20761,11745,9016,9904,5371,4533,2885,1892,993,6663,3878,2785,1309,604,705
1.0 Scen,2047,313,Madison County,20965,11854,9111,9903,5378,4525,2869,1883,986,6802,3952,2850,1391,641,750
1.0 Scen,2048,313,Madison County,21186,11980,9206,9911,5395,4516,2852,1872,980,6946,4035,2911,1477,678,799
1.0 Scen,2049,313,Madison County,21395,12093,9302,9907,5400,4507,2842,1868,974,7079,4109,2970,1567,716,851
1.0 Scen,2050,313,Madison County,21611,12212,9399,9913,5409,4504,2823,1858,965,7219,4187,3032,1656,758,898
1.0 Scen,2010,315,Marion County,10546,5171,5375,7564,3796,3768,2319,1047,1272,328,164,164,335,164,171
1.0 Scen,2011,315,Marion County,10670,5244,5426,7638,3838,3800,2352,1068,1284,338,170,168,342,168,174
1.0 Scen,2012,315,Marion County,10781,5315,5466,7691,3874,3817,2391,1092,1299,347,176,171,352,173,179
1.0 Scen,2013,315,Marion County,10868,5373,5495,7725,3899,3826,2427,1116,1311,356,181,175,360,177,183
1.0 Scen,2014,315,Marion County,10972,5438,5534,7776,3930,3846,2462,1141,1321,366,186,180,368,181,187
1.0 Scen,2015,315,Marion County,11059,5490,5569,7817,3950,3867,2490,1163,1327,375,191,184,377,186,191
1.0 Scen,2016,315,Marion County,11151,5548,5603,7873,3987,3886,2509,1176,1333,383,195,188,386,190,196
1.0 Scen,2017,315,Marion County,11220,5598,5622,7907,4013,3894,2527,1192,1335,391,199,192,395,194,201
1.0 Scen,2018,315,Marion County,11285,5646,5639,7940,4041,3899,2542,1202,1340,399,203,196,404,200,204
1.0 Scen,2019,315,Marion County,11338,5687,5651,7970,4063,3907,2550,1214,1336,406,207,199,412,203,209
1.0 Scen,2020,315,Marion County,11384,5718,5666,7986,4076,3910,2567,1225,1342,414,211,203,417,206,211
1.0 Scen,2021,315,Marion County,11434,5761,5673,8004,4097,3907,2582,1239,1343,423,215,208,425,210,215
1.0 Scen,2022,315,Marion County,11483,5800,5683,8027,4116,3911,2597,1253,1344,430,219,211,429,212,217
1.0 Scen,2023,315,Marion County,11527,5835,5692,8041,4135,3906,2614,1262,1352,438,223,215,434,215,219
1.0 Scen,2024,315,Marion County,11544,5853,5691,8045,4145,3900,2620,1264,1356,446,228,218,433,216,217
1.0 Scen,2025,315,Marion County,11550,5876,5674,8041,4153,3888,2624,1272,1352,454,234,220,431,217,214
1.0 Scen,2026,315,Marion County,11562,5902,5660,8026,4158,3868,2639,1285,1354,464,240,224,433,219,214
1.0 Scen,2027,315,Marion County,11564,5917,5647,8016,4161,3855,2638,1289,1349,475,246,229,435,221,214
1.0 Scen,2028,315,Marion County,11551,5928,5623,7994,4166,3828,2640,1292,1348,481,249,232,436,221,215
1.0 Scen,2029,315,Marion County,11535,5938,5597,7965,4164,3801,2643,1298,1345,489,254,235,438,222,216
1.0 Scen,2030,315,Marion County,11531,5955,5576,7947,4168,3779,2644,1304,1340,500,260,240,440,223,217
1.0 Scen,2031,315,Marion County,11522,5966,5556,7925,4165,3760,2644,1308,1336,508,267,241,445,226,219
1.0 Scen,2032,315,Marion County,11506,5967,5539,7895,4157,3738,2644,1309,1335,518,272,246,449,229,220
1.0 Scen,2033,315,Marion County,11456,5965,5491,7850,4147,3703,2632,1311,1321,524,276,248,450,231,219
1.0 Scen,2034,315,Marion County,11398,5950,5448,7794,4131,3663,2621,1308,1313,523,274,249,460,237,223
1.0 Scen,2035,315,Marion County,11336,5938,5398,7735,4111,3624,2606,1307,1299,530,278,252,465,242,223
1.0 Scen,2036,315,Marion County,11277,5923,5354,7685,4094,3591,2590,1304,1286,532,281,251,470,244,226
1.0 Scen,2037,315,Marion County,11206,5907,5299,7625,4079,3546,2572,1297,1275,536,284,252,473,247,226
1.0 Scen,2038,315,Marion County,11144,5895,5249,7567,4063,3504,2557,1294,1263,540,287,253,480,251,229
1.0 Scen,2039,315,Marion County,11076,5875,5201,7498,4037,3461,2544,1291,1253,546,291,255,488,256,232
1.0 Scen,2040,315,Marion County,10991,5862,5129,7422,4015,3407,2526,1292,1234,547,296,251,496,259,237
1.0 Scen,2041,315,Marion County,10917,5840,5077,7349,3990,3359,2512,1286,1226,549,297,252,507,267,240
1.0 Scen,2042,315,Marion County,10834,5815,5019,7272,3956,3316,2484,1283,1201,554,300,254,524,276,248
1.0 Scen,2043,315,Marion County,10749,5790,4959,7193,3928,3265,2455,1272,1183,562,305,257,539,285,254
1.0 Scen,2044,315,Marion County,10659,5764,4895,7108,3894,3214,2431,1267,1164,568,309,259,552,294,258
1.0 Scen,2045,315,Marion County,10562,5734,4828,7028,3862,3166,2396,1256,1140,574,314,260,564,302,262
1.0 Scen,2046,315,Marion County,10461,5695,4766,6934,3825,3109,2368,1244,1124,583,318,265,576,308,268
1.0 Scen,2047,315,Marion County,10372,5664,4708,6851,3791,3060,2343,1235,1108,591,324,267,587,314,273
1.0 Scen,2048,315,Marion County,10291,5637,4654,6779,3764,3015,2322,1230,1092,599,329,270,591,314,277
1.0 Scen,2049,315,Marion County,10191,5599,4592,6695,3731,2964,2291,1216,1075,604,334,270,601,318,283
1.0 Scen,2050,315,Marion County,10105,5564,4541,6626,3706,2920,2260,1203,1057,607,332,275,612,323,289
1.0 Scen,2010,317,Martin County,4799,2411,2388,2578,1289,1289,67,33,34,2086,1051,1035,68,38,30
1.0 Scen,2011,317,Martin County,4883,2459,2424,2612,1309,1303,68,34,34,2135,1078,1057,68,38,30
1.0 Scen,2012,317,Martin County,4965,2505,2460,2639,1326,1313,69,34,35,2189,1107,1082,68,38,30
1.0 Scen,2013,317,Martin County,5044,2550,2494,2664,1342,1322,70,35,35,2242,1135,1107,68,38,30
1.0 Scen,2014,317,Martin County,5115,2592,2523,2686,1357,1329,71,35,36,2291,1162,1129,67,38,29
1.0 Scen,2015,317,Martin County,5182,2634,2548,2713,1375,1338,71,35,36,2331,1186,1145,67,38,29
1.0 Scen,2016,317,Martin County,5258,2683,2575,2736,1394,1342,72,35,37,2383,1216,1167,67,38,29
1.0 Scen,2017,317,Martin County,5347,2734,2613,2767,1411,1356,72,36,36,2441,1249,1192,67,38,29
1.0 Scen,2018,317,Martin County,5431,2788,2643,2797,1433,1364,73,36,37,2493,1281,1212,68,38,30
1.0 Scen,2019,317,Martin County,5529,2847,2682,2839,1461,1378,74,37,37,2548,1311,1237,68,38,30
1.0 Scen,2020,317,Martin County,5606,2885,2721,2861,1471,1390,75,37,38,2602,1339,1263,68,38,30
1.0 Scen,2021,317,Martin County,5700,2947,2753,2894,1498,1396,78,39,39,2659,1371,1288,69,39,30
1.0 Scen,2022,317,Martin County,5794,3001,2793,2923,1517,1406,79,39,40,2722,1406,1316,70,39,31
1.0 Scen,2023,317,Martin County,5866,3049,2817,2944,1533,1411,80,40,40,2771,1436,1335,71,40,31
1.0 Scen,2024,317,Martin County,5944,3094,2850,2974,1553,1421,81,40,41,2817,1461,1356,72,40,32
1.0 Scen,2025,317,Martin County,6022,3143,2879,2994,1567,1427,82,41,41,2874,1494,1380,72,41,31
1.0 Scen,2026,317,Martin County,6098,3186,2912,3015,1582,1433,83,41,42,2927,1522,1405,73,41,32
1.0 Scen,2027,317,Martin County,6182,3233,2949,3034,1595,1439,84,42,42,2991,1555,1436,73,41,32
1.0 Scen,2028,317,Martin County,6261,3278,2983,3054,1606,1448,84,41,43,3049,1590,1459,74,41,33
1.0 Scen,2029,317,Martin County,6330,3321,3009,3068,1616,1452,86,43,43,3106,1621,1485,70,41,29
1.0 Scen,2030,317,Martin County,6382,3354,3028,3079,1626,1453,87,43,44,3146,1646,1500,70,39,31
1.0 Scen,2031,317,Martin County,6446,3397,3049,3092,1636,1456,87,43,44,3196,1678,1518,71,40,31
1.0 Scen,2032,317,Martin County,6516,3445,3071,3101,1649,1452,87,42,45,3255,1713,1542,73,41,32
1.0 Scen,2033,317,Martin County,6570,3478,3092,3104,1654,1450,86,42,44,3308,1742,1566,72,40,32
1.0 Scen,2034,317,Martin County,6632,3519,3113,3118,1664,1454,87,42,45,3354,1773,1581,73,40,33
1.0 Scen,2035,317,Martin County,6671,3548,3123,3114,1668,1446,87,43,44,3395,1795,1600,75,42,33
1.0 Scen,2036,317,Martin County,6726,3583,3143,3116,1670,1446,88,43,45,3447,1828,1619,75,42,33
1.0 Scen,2037,317,Martin County,6789,3625,3164,3129,1684,1445,89,44,45,3496,1855,1641,75,42,33
1.0 Scen,2038,317,Martin County,6843,3659,3184,3136,1693,1443,88,44,44,3545,1880,1665,74,42,32
1.0 Scen,2039,317,Martin County,6893,3689,3204,3151,1704,1447,88,45,43,3582,1900,1682,72,40,32
1.0 Scen,2040,317,Martin County,6949,3726,3223,3166,1714,1452,88,44,44,3624,1928,1696,71,40,31
1.0 Scen,2041,317,Martin County,6998,3760,3238,3172,1725,1447,88,44,44,3669,1952,1717,69,39,30
1.0 Scen,2042,317,Martin County,7052,3796,3256,3183,1732,1451,89,44,45,3711,1981,1730,69,39,30
1.0 Scen,2043,317,Martin County,7123,3843,3280,3209,1758,1451,88,44,44,3758,2003,1755,68,38,30
1.0 Scen,2044,317,Martin County,7182,3879,3303,3222,1771,1451,89,44,45,3803,2026,1777,68,38,30
1.0 Scen,2045,317,Martin County,7214,3910,3304,3229,1777,1452,88,44,44,3829,2051,1778,68,38,30
1.0 Scen,2046,317,Martin County,7267,3944,3323,3245,1790,1455,88,44,44,3871,2074,1797,63,36,27
1.0 Scen,2047,317,Martin County,7315,3980,3335,3253,1803,1450,87,44,43,3913,2098,1815,62,35,27
1.0 Scen,2048,317,Martin County,7368,4012,3356,3277,1816,1461,85,42,43,3945,2120,1825,61,34,27
1.0 Scen,2049,317,Martin County,7413,4044,3369,3287,1826,1461,84,42,42,3985,2144,1841,57,32,25
1.0 Scen,2050,317,Martin County,7454,4078,3376,3299,1840,1459,84,41,43,4014,2164,1850,57,33,24
1.0 Scen,2010,319,Mason County,4012,1978,2034,3092,1497,1595,14,7,7,864,452,412,42,22,20
1.0 Scen,2011,319,Mason County,4055,1995,2060,3116,1503,1613,14,7,7,883,463,420,42,22,20
1.0 Scen,2012,319,Mason County,4084,2006,2078,3131,1507,1624,14,7,7,897,470,427,42,22,20
1.0 Scen,2013,319,Mason County,4096,2018,2078,3124,1506,1618,14,7,7,916,483,433,42,22,20
1.0 Scen,2014,319,Mason County,4116,2023,2093,3131,1503,1628,14,7,7,930,491,439,41,22,19
1.0 Scen,2015,319,Mason County,4128,2032,2096,3124,1500,1624,14,7,7,949,503,446,41,22,19
1.0 Scen,2016,319,Mason County,4145,2044,2101,3122,1499,1623,14,7,7,968,516,452,41,22,19
1.0 Scen,2017,319,Mason County,4155,2055,2100,3111,1499,1612,14,7,7,989,527,462,41,22,19
1.0 Scen,2018,319,Mason County,4179,2066,2113,3111,1498,1613,14,7,7,1013,539,474,41,22,19
1.0 Scen,2019,319,Mason County,4192,2077,2115,3109,1499,1610,14,7,7,1029,550,479,40,21,19
1.0 Scen,2020,319,Mason County,4211,2084,2127,3110,1496,1614,14,7,7,1047,560,487,40,21,19
1.0 Scen,2021,319,Mason County,4224,2095,2129,3105,1496,1609,14,7,7,1065,571,494,40,21,19
1.0 Scen,2022,319,Mason County,4248,2104,2144,3112,1496,1616,14,7,7,1081,580,501,41,21,20
1.0 Scen,2023,319,Mason County,4272,2119,2153,3120,1500,1620,13,7,6,1100,591,509,39,21,18
1.0 Scen,2024,319,Mason County,4283,2124,2159,3116,1497,1619,13,7,6,1116,600,516,38,20,18
1.0 Scen,2025,319,Mason County,4303,2134,2169,3124,1502,1622,13,7,6,1128,605,523,38,20,18
1.0 Scen,2026,319,Mason County,4322,2139,2183,3126,1500,1626,13,7,6,1144,612,532,39,20,19
1.0 Scen,2027,319,Mason County,4326,2141,2185,3112,1492,1620,13,7,6,1162,622,540,39,20,19
1.0 Scen,2028,319,Mason County,4334,2147,2187,3108,1492,1616,13,7,6,1174,628,546,39,20,19
1.0 Scen,2029,319,Mason County,4337,2154,2183,3108,1497,1611,13,7,6,1177,630,547,39,20,19
1.0 Scen,2030,319,Mason County,4329,2151,2178,3102,1492,1610,13,7,6,1175,632,543,39,20,19
1.0 Scen,2031,319,Mason County,4325,2155,2170,3090,1488,1602,13,7,6,1184,640,544,38,20,18
1.0 Scen,2032,319,Mason County,4312,2156,2156,3071,1482,1589,13,7,6,1189,646,543,39,21,18
1.0 Scen,2033,319,Mason County,4301,2156,2145,3057,1479,1578,13,7,6,1194,651,543,37,19,18
1.0 Scen,2034,319,Mason County,4285,2154,2131,3040,1474,1566,13,7,6,1195,654,541,37,19,18
1.0 Scen,2035,319,Mason County,4280,2152,2128,3024,1465,1559,13,7,6,1208,661,547,35,19,16
1.0 Scen,2036,319,Mason County,4257,2142,2115,2993,1454,1539,13,7,6,1215,662,553,36,19,17
1.0 Scen,2037,319,Mason County,4248,2144,2104,2974,1449,1525,13,7,6,1225,669,556,36,19,17
1.0 Scen,2038,319,Mason County,4225,2135,2090,2941,1434,1507,13,7,6,1236,676,560,35,18,17
1.0 Scen,2039,319,Mason County,4220,2137,2083,2928,1431,1497,13,7,6,1244,681,563,35,18,17
1.0 Scen,2040,319,Mason County,4199,2130,2069,2902,1423,1479,13,7,6,1249,682,567,35,18,17
1.0 Scen,2041,319,Mason County,4189,2133,2056,2885,1420,1465,13,7,6,1256,688,568,35,18,17
1.0 Scen,2042,319,Mason County,4183,2134,2049,2865,1414,1451,13,7,6,1270,695,575,35,18,17
1.0 Scen,2043,319,Mason County,4159,2119,2040,2839,1401,1438,13,7,6,1273,694,579,34,17,17
1.0 Scen,2044,319,Mason County,4131,2109,2022,2819,1395,1424,14,7,7,1265,690,575,33,17,16
1.0 Scen,2045,319,Mason County,4110,2100,2010,2797,1384,1413,14,7,7,1266,692,574,33,17,16
1.0 Scen,2046,319,Mason County,4065,2083,1982,2770,1373,1397,12,7,5,1254,687,567,29,16,13
1.0 Scen,2047,319,Mason County,4044,2079,1965,2752,1366,1386,11,6,5,1252,691,561,29,16,13
1.0 Scen,2048,319,Mason County,4020,2075,1945,2725,1356,1369,11,6,5,1256,698,558,28,15,13
1.0 Scen,2049,319,Mason County,4008,2072,1936,2706,1347,1359,11,6,5,1264,704,560,27,15,12
1.0 Scen,2050,319,Mason County,4007,2077,1930,2703,1348,1355,11,6,5,1267,708,559,26,15,11
1.0 Scen,2010,321,Matagorda County,36702,18363,18339,17400,8619,8781,4060,1933,2127,14074,7219,6855,1168,592,576
1.0 Scen,2011,321,Matagorda County,37053,18576,18477,17383,8637,8746,4089,1950,2139,14393,7387,7006,1188,602,586
1.0 Scen,2012,321,Matagorda County,37378,18766,18612,17353,8639,8714,4116,1969,2147,14700,7549,7151,1209,609,600
1.0 Scen,2013,321,Matagorda County,37691,18946,18745,17304,8631,8673,4143,1986,2157,15014,7708,7306,1230,621,609
1.0 Scen,2014,321,Matagorda County,37989,19130,18859,17266,8633,8633,4157,1999,2158,15321,7868,7453,1245,630,615
1.0 Scen,2015,321,Matagorda County,38295,19310,18985,17214,8624,8590,4179,2008,2171,15639,8041,7598,1263,637,626
1.0 Scen,2016,321,Matagorda County,38581,19476,19105,17162,8615,8547,4199,2021,2178,15944,8197,7747,1276,643,633
1.0 Scen,2017,321,Matagorda County,38879,19650,19229,17110,8600,8510,4224,2032,2192,16254,8365,7889,1291,653,638
1.0 Scen,2018,321,Matagorda County,39147,19817,19330,17048,8586,8462,4238,2047,2191,16565,8531,8034,1296,653,643
1.0 Scen,2019,321,Matagorda County,39424,19991,19433,16979,8570,8409,4261,2062,2199,16878,8699,8179,1306,660,646
1.0 Scen,2020,321,Matagorda County,39696,20160,19536,16911,8549,8362,4278,2077,2201,17183,8865,8318,1324,669,655
1.0 Scen,2021,321,Matagorda County,39959,20320,19639,16821,8516,8305,4284,2082,2202,17509,9043,8466,1345,679,666
1.0 Scen,2022,321,Matagorda County,40218,20490,19728,16729,8482,8247,4290,2093,2197,17840,9224,8616,1359,691,668
1.0 Scen,2023,321,Matagorda County,40463,20650,19813,16624,8441,8183,4292,2105,2187,18173,9404,8769,1374,700,674
1.0 Scen,2024,321,Matagorda County,40724,20806,19918,16533,8404,8129,4300,2116,2184,18498,9578,8920,1393,708,685
1.0 Scen,2025,321,Matagorda County,40954,20954,20000,16421,8356,8065,4299,2123,2176,18815,9753,9062,1419,722,697
1.0 Scen,2026,321,Matagorda County,41146,21083,20063,16288,8302,7986,4300,2129,2171,19129,9921,9208,1429,731,698
1.0 Scen,2027,321,Matagorda County,41366,21229,20137,16162,8247,7915,4305,2141,2164,19452,10100,9352,1447,741,706
1.0 Scen,2028,321,Matagorda County,41559,21356,20203,16026,8192,7834,4301,2144,2157,19760,10265,9495,1472,755,717
1.0 Scen,2029,321,Matagorda County,41714,21471,20243,15858,8121,7737,4298,2149,2149,20062,10429,9633,1496,772,724
1.0 Scen,2030,321,Matagorda County,41864,21570,20294,15684,8040,7644,4300,2153,2147,20355,10589,9766,1525,788,737
1.0 Scen,2031,321,Matagorda County,42016,21682,20334,15509,7963,7546,4312,2166,2146,20640,10748,9892,1555,805,750
1.0 Scen,2032,321,Matagorda County,42140,21771,20369,15328,7881,7447,4313,2174,2139,20921,10902,10019,1578,814,764
1.0 Scen,2033,321,Matagorda County,42242,21850,20392,15138,7794,7344,4306,2177,2129,21196,11052,10144,1602,827,775
1.0 Scen,2034,321,Matagorda County,42312,21911,20401,14931,7698,7233,4302,2176,2126,21455,11195,10260,1624,842,782
1.0 Scen,2035,321,Matagorda County,42375,21974,20401,14731,7605,7126,4292,2178,2114,21709,11338,10371,1643,853,790
1.0 Scen,2036,321,Matagorda County,42410,22014,20396,14524,7508,7016,4275,2176,2099,21945,11465,10480,1666,865,801
1.0 Scen,2037,321,Matagorda County,42471,22074,20397,14315,7409,6906,4261,2177,2084,22202,11606,10596,1693,882,811
1.0 Scen,2038,321,Matagorda County,42465,22103,20362,14081,7303,6778,4250,2176,2074,22428,11734,10694,1706,890,816
1.0 Scen,2039,321,Matagorda County,42476,22128,20348,13854,7191,6663,4233,2173,2060,22666,11867,10799,1723,897,826
1.0 Scen,2040,321,Matagorda County,42445,22142,20303,13617,7081,6536,4208,2171,2037,22881,11983,10898,1739,907,832
1.0 Scen,2041,321,Matagorda County,42441,22161,20280,13386,6973,6413,4189,2161,2028,23102,12108,10994,1764,919,845
1.0 Scen,2042,321,Matagorda County,42395,22158,20237,13149,6859,6290,4160,2152,2008,23300,12214,11086,1786,933,853
1.0 Scen,2043,321,Matagorda County,42335,22160,20175,12905,6747,6158,4127,2139,1988,23498,12328,11170,1805,946,859
1.0 Scen,2044,321,Matagorda County,42292,22154,20138,12680,6636,6044,4094,2126,1968,23689,12430,11259,1829,962,867
1.0 Scen,2045,321,Matagorda County,42226,22152,20074,12446,6530,5916,4069,2121,1948,23864,12535,11329,1847,966,881
1.0 Scen,2046,321,Matagorda County,42155,22145,20010,12218,6427,5791,4038,2111,1927,24037,12633,11404,1862,974,888
1.0 Scen,2047,321,Matagorda County,42061,22122,19939,11986,6316,5670,3997,2092,1905,24194,12725,11469,1884,989,895
1.0 Scen,2048,321,Matagorda County,41999,22127,19872,11771,6220,5551,3963,2086,1877,24356,12821,11535,1909,1000,909
1.0 Scen,2049,321,Matagorda County,41927,22126,19801,11561,6121,5440,3932,2079,1853,24512,12913,11599,1922,1013,909
1.0 Scen,2050,321,Matagorda County,41834,22096,19738,11346,6016,5330,3894,2061,1833,24657,13000,11657,1937,1019,918
1.0 Scen,2010,323,Maverick County,54258,26451,27807,1552,842,710,75,45,30,51914,25201,26713,717,363,354
1.0 Scen,2011,323,Maverick County,55207,26965,28242,1583,860,723,75,45,30,52808,25683,27125,741,377,364
1.0 Scen,2012,323,Maverick County,56140,27480,28660,1605,873,732,75,45,30,53700,26172,27528,760,390,370
1.0 Scen,2013,323,Maverick County,57080,27985,29095,1624,885,739,76,46,30,54597,26650,27947,783,404,379
1.0 Scen,2014,323,Maverick County,58016,28494,29522,1646,899,747,77,46,31,55489,27134,28355,804,415,389
1.0 Scen,2015,323,Maverick County,58947,29002,29945,1665,910,755,77,46,31,56380,27615,28765,825,431,394
1.0 Scen,2016,323,Maverick County,59874,29516,30358,1673,915,758,77,46,31,57274,28110,29164,850,445,405
1.0 Scen,2017,323,Maverick County,60789,30020,30769,1686,924,762,78,47,31,58153,28588,29565,872,461,411
1.0 Scen,2018,323,Maverick County,61696,30536,31160,1693,934,759,79,47,32,59029,29079,29950,895,476,419
1.0 Scen,2019,323,Maverick County,62606,31047,31559,1700,942,758,80,48,32,59906,29565,30341,920,492,428
1.0 Scen,2020,323,Maverick County,63502,31544,31958,1710,947,763,82,48,34,60759,30035,30724,951,514,437
1.0 Scen,2021,323,Maverick County,64387,32050,32337,1718,954,764,84,50,34,61606,30512,31094,979,534,445
1.0 Scen,2022,323,Maverick County,65283,32563,32720,1722,957,765,85,50,35,62478,31008,31470,998,548,450
1.0 Scen,2023,323,Maverick County,66198,33076,33122,1731,964,767,86,51,35,63354,31495,31859,1027,566,461
1.0 Scen,2024,323,Maverick County,67075,33577,33498,1736,967,769,87,51,36,64192,31972,32220,1060,587,473
1.0 Scen,2025,323,Maverick County,67965,34071,33894,1741,966,775,88,52,36,65049,32450,32599,1087,603,484
1.0 Scen,2026,323,Maverick County,68831,34569,34262,1744,963,781,90,53,37,65874,32925,32949,1123,628,495
1.0 Scen,2027,323,Maverick County,69713,35075,34638,1756,973,783,91,54,37,66710,33399,33311,1156,649,507
1.0 Scen,2028,323,Maverick County,70551,35561,34990,1764,976,788,91,53,38,67501,33856,33645,1195,676,519
1.0 Scen,2029,323,Maverick County,71356,36028,35328,1764,977,787,92,54,38,68275,34298,33977,1225,699,526
1.0 Scen,2030,323,Maverick County,72149,36496,35653,1773,982,791,93,54,39,69028,34739,34289,1255,721,534
1.0 Scen,2031,323,Maverick County,72918,36965,35953,1783,995,788,94,55,39,69751,35171,34580,1290,744,546
1.0 Scen,2032,323,Maverick County,73656,37406,36250,1800,1007,793,95,55,40,70434,35577,34857,1327,767,560
1.0 Scen,2033,323,Maverick County,74390,37855,36535,1809,1012,797,94,55,39,71118,35994,35124,1369,794,575
1.0 Scen,2034,323,Maverick County,75081,38283,36798,1811,1018,793,94,55,39,71775,36395,35380,1401,815,586
1.0 Scen,2035,323,Maverick County,75773,38707,37066,1819,1024,795,93,55,38,72417,36788,35629,1444,840,604
1.0 Scen,2036,323,Maverick County,76447,39135,37312,1827,1033,794,93,55,38,73040,37178,35862,1487,869,618
1.0 Scen,2037,323,Maverick County,77086,39541,37545,1826,1036,790,93,55,38,73636,37551,36085,1531,899,632
1.0 Scen,2038,323,Maverick County,77686,39937,37749,1831,1043,788,92,55,37,74197,37914,36283,1566,925,641
1.0 Scen,2039,323,Maverick County,78281,40328,37953,1841,1055,786,91,54,37,74737,38266,36471,1612,953,659
1.0 Scen,2040,323,Maverick County,78836,40693,38143,1851,1063,788,89,53,36,75238,38596,36642,1658,981,677
1.0 Scen,2041,323,Maverick County,79356,41040,38316,1853,1064,789,88,52,36,75715,38918,36797,1700,1006,694
1.0 Scen,2042,323,Maverick County,79889,41399,38490,1854,1066,788,87,51,36,76200,39246,36954,1748,1036,712
1.0 Scen,2043,323,Maverick County,80379,41741,38638,1855,1072,783,85,50,35,76648,39556,37092,1791,1063,728
1.0 Scen,2044,323,Maverick County,80864,42084,38780,1855,1079,776,83,49,34,77085,39860,37225,1841,1096,745
1.0 Scen,2045,323,Maverick County,81322,42403,38919,1854,1081,773,79,48,31,77496,40148,37348,1893,1126,767
1.0 Scen,2046,323,Maverick County,81774,42725,39049,1857,1089,768,78,47,31,77902,40434,37468,1937,1155,782
1.0 Scen,2047,323,Maverick County,82205,43027,39178,1859,1093,766,76,45,31,78289,40709,37580,1981,1180,801
1.0 Scen,2048,323,Maverick County,82631,43336,39295,1868,1100,768,74,43,31,78662,40986,37676,2027,1207,820
1.0 Scen,2049,323,Maverick County,83011,43616,39395,1863,1104,759,73,43,30,79010,41239,37771,2065,1230,835
1.0 Scen,2050,323,Maverick County,83377,43901,39476,1859,1105,754,71,41,30,79337,41493,37844,2110,1262,848
1.0 Scen,2010,325,Medina County,46006,23656,22350,21408,10724,10684,913,785,128,22871,11711,11160,814,436,378
1.0 Scen,2011,325,Medina County,47034,24151,22883,21736,10854,10882,922,794,128,23540,12054,11486,836,449,387
1.0 Scen,2012,325,Medina County,48078,24642,23436,22067,10981,11086,930,801,129,24218,12397,11821,863,463,400
1.0 Scen,2013,325,Medina County,49131,25123,24008,22405,11104,11301,936,806,130,24901,12739,12162,889,474,415
1.0 Scen,2014,325,Medina County,50202,25629,24573,22747,11237,11510,945,813,132,25598,13093,12505,912,486,426
1.0 Scen,2015,325,Medina County,51307,26144,25163,23101,11367,11734,951,818,133,26318,13458,12860,937,501,436
1.0 Scen,2016,325,Medina County,52408,26650,25758,23429,11482,11947,962,828,134,27060,13830,13230,957,510,447
1.0 Scen,2017,325,Medina County,53517,27162,26355,23751,11599,12152,969,833,136,27815,14208,13607,982,522,460
1.0 Scen,2018,325,Medina County,54632,27676,26956,24075,11716,12359,973,836,137,28584,14592,13992,1000,532,468
1.0 Scen,2019,325,Medina County,55770,28207,27563,24404,11835,12569,985,846,139,29363,14986,14377,1018,540,478
1.0 Scen,2020,325,Medina County,56907,28740,28167,24712,11942,12770,995,853,142,30154,15389,14765,1046,556,490
1.0 Scen,2021,325,Medina County,58050,29271,28779,25028,12053,12975,1006,863,143,30949,15785,15164,1067,570,497
1.0 Scen,2022,325,Medina County,59227,29832,29395,25331,12162,13169,1013,870,143,31779,16210,15569,1104,590,514
1.0 Scen,2023,325,Medina County,60393,30382,30011,25642,12275,13367,1020,876,144,32600,16624,15976,1131,607,524
1.0 Scen,2024,325,Medina County,61585,30951,30634,25928,12376,13552,1032,887,145,33457,17059,16398,1168,629,539
1.0 Scen,2025,325,Medina County,62777,31514,31263,26227,12482,13745,1047,900,147,34304,17484,16820,1199,648,551
1.0 Scen,2026,325,Medina County,63974,32096,31878,26490,12577,13913,1064,915,149,35188,17934,17254,1232,670,562
1.0 Scen,2027,325,Medina County,65172,32657,32515,26770,12668,14102,1083,931,152,36044,18361,17683,1275,697,578
1.0 Scen,2028,325,Medina County,66366,33235,33131,27032,12760,14272,1098,947,151,36919,18803,18116,1317,725,592
1.0 Scen,2029,325,Medina County,67571,33828,33743,27284,12846,14438,1120,969,151,37801,19255,18546,1366,758,608
1.0 Scen,2030,325,Medina County,68762,34399,34363,27526,12926,14600,1141,988,153,38681,19698,18983,1414,787,627
1.0 Scen,2031,325,Medina County,69929,34956,34973,27766,13004,14762,1160,1006,154,39542,20131,19411,1461,815,646
1.0 Scen,2032,325,Medina County,71115,35542,35573,27991,13079,14912,1184,1029,155,40421,20584,19837,1519,850,669
1.0 Scen,2033,325,Medina County,72245,36087,36158,28208,13150,15058,1197,1043,154,41267,21014,20253,1573,880,693
1.0 Scen,2034,325,Medina County,73372,36640,36732,28398,13212,15186,1215,1060,155,42124,21450,20674,1635,918,717
1.0 Scen,2035,325,Medina County,74497,37192,37305,28587,13275,15312,1236,1081,155,42970,21880,21090,1704,956,748
1.0 Scen,2036,325,Medina County,75592,37732,37860,28761,13329,15432,1254,1100,154,43813,22310,21503,1764,993,771
1.0 Scen,2037,325,Medina County,76699,38288,38411,28932,13385,15547,1268,1117,151,44653,22743,21910,1846,1043,803
1.0 Scen,2038,325,Medina County,77745,38807,38938,29068,13419,15649,1273,1123,150,45472,23168,22304,1932,1097,835
1.0 Scen,2039,325,Medina County,78780,39328,39452,29199,13450,15749,1283,1136,147,46304,23602,22702,1994,1140,854
1.0 Scen,2040,325,Medina County,79797,39836,39961,29308,13473,15835,1296,1147,149,47118,24026,23092,2075,1190,885
1.0 Scen,2041,325,Medina County,80799,40345,40454,29395,13486,15909,1305,1157,148,47942,24460,23482,2157,1242,915
1.0 Scen,2042,325,Medina County,81770,40848,40922,29468,13501,15967,1316,1172,144,48740,24880,23860,2246,1295,951
1.0 Scen,2043,325,Medina County,82720,41340,41380,29530,13510,16020,1323,1179,144,49529,25297,24232,2338,1354,984
1.0 Scen,2044,325,Medina County,83658,41822,41836,29584,13509,16075,1330,1190,140,50320,25717,24603,2424,1406,1018
1.0 Scen,2045,325,Medina County,84574,42303,42271,29633,13520,16113,1325,1191,134,51090,26128,24962,2526,1464,1062
1.0 Scen,2046,325,Medina County,85486,42781,42705,29670,13523,16147,1326,1196,130,51866,26542,25324,2624,1520,1104
1.0 Scen,2047,325,Medina County,86386,43256,43130,29703,13524,16179,1326,1199,127,52630,26956,25674,2727,1577,1150
1.0 Scen,2048,325,Medina County,87295,43740,43555,29751,13538,16213,1326,1201,125,53390,27366,26024,2828,1635,1193
1.0 Scen,2049,325,Medina County,88183,44219,43964,29789,13548,16241,1325,1205,120,54133,27766,26367,2936,1700,1236
1.0 Scen,2050,325,Medina County,89087,44695,44392,29833,13559,16274,1319,1201,118,54886,28169,26717,3049,1766,1283
1.0 Scen,2010,327,Menard County,2242,1133,1109,1425,714,711,11,8,3,790,404,386,16,7,9
1.0 Scen,2011,327,Menard County,2265,1148,1117,1433,718,715,11,8,3,805,415,390,16,7,9
1.0 Scen,2012,327,Menard County,2285,1163,1122,1437,720,717,11,8,3,821,428,393,16,7,9
1.0 Scen,2013,327,Menard County,2310,1179,1131,1440,721,719,11,8,3,843,443,400,16,7,9
1.0 Scen,2014,327,Menard County,2328,1196,1132,1436,721,715,11,8,3,865,460,405,16,7,9
1.0 Scen,2015,327,Menard County,2346,1213,1133,1436,724,712,11,8,3,883,474,409,16,7,9
1.0 Scen,2016,327,Menard County,2352,1219,1133,1423,716,707,11,8,3,902,488,414,16,7,9
1.0 Scen,2017,327,Menard County,2380,1238,1142,1426,718,708,11,8,3,927,505,422,16,7,9
1.0 Scen,2018,327,Menard County,2394,1250,1144,1417,711,706,11,8,3,950,524,426,16,7,9
1.0 Scen,2019,327,Menard County,2398,1256,1142,1403,702,701,11,8,3,969,539,430,15,7,8
1.0 Scen,2020,327,Menard County,2406,1267,1139,1391,697,694,11,8,3,989,555,434,15,7,8
1.0 Scen,2021,327,Menard County,2416,1279,1137,1382,694,688,11,8,3,1008,570,438,15,7,8
1.0 Scen,2022,327,Menard County,2425,1289,1136,1373,688,685,11,8,3,1026,586,440,15,7,8
1.0 Scen,2023,327,Menard County,2431,1298,1133,1363,683,680,11,8,3,1042,600,442,15,7,8
1.0 Scen,2024,327,Menard County,2444,1309,1135,1354,678,676,11,8,3,1064,616,448,15,7,8
1.0 Scen,2025,327,Menard County,2448,1318,1130,1340,673,667,11,8,3,1083,631,452,14,6,8
1.0 Scen,2026,327,Menard County,2449,1330,1119,1316,664,652,11,8,3,1108,652,456,14,6,8
1.0 Scen,2027,327,Menard County,2448,1337,1111,1297,655,642,11,8,3,1126,668,458,14,6,8
1.0 Scen,2028,327,Menard County,2448,1348,1100,1277,650,627,11,8,3,1146,684,462,14,6,8
1.0 Scen,2029,327,Menard County,2458,1363,1095,1267,647,620,11,8,3,1166,702,464,14,6,8
1.0 Scen,2030,327,Menard County,2467,1370,1097,1259,640,619,11,8,3,1183,716,467,14,6,8
1.0 Scen,2031,327,Menard County,2453,1365,1088,1242,633,609,11,8,3,1187,718,469,13,6,7
1.0 Scen,2032,327,Menard County,2442,1369,1073,1221,626,595,11,8,3,1197,729,468,13,6,7
1.0 Scen,2033,327,Menard County,2436,1377,1059,1209,624,585,11,8,3,1203,739,464,13,6,7
1.0 Scen,2034,327,Menard County,2422,1381,1041,1192,616,576,10,7,3,1207,752,455,13,6,7
1.0 Scen,2035,327,Menard County,2411,1386,1025,1172,606,566,10,7,3,1216,767,449,13,6,7
1.0 Scen,2036,327,Menard County,2404,1395,1009,1156,599,557,10,7,3,1226,784,442,12,5,7
1.0 Scen,2037,327,Menard County,2392,1400,992,1132,590,542,10,7,3,1238,798,440,12,5,7
1.0 Scen,2038,327,Menard County,2384,1405,979,1111,580,531,10,7,3,1251,813,438,12,5,7
1.0 Scen,2039,327,Menard County,2383,1415,968,1091,572,519,10,7,3,1270,831,439,12,5,7
1.0 Scen,2040,327,Menard County,2374,1417,957,1070,563,507,10,7,3,1282,842,440,12,5,7
1.0 Scen,2041,327,Menard County,2361,1414,947,1047,552,495,10,7,3,1291,850,441,13,5,8
1.0 Scen,2042,327,Menard County,2350,1423,927,1026,546,480,10,7,3,1301,865,436,13,5,8
1.0 Scen,2043,327,Menard County,2340,1425,915,1010,541,469,10,7,3,1306,872,434,14,5,9
1.0 Scen,2044,327,Menard County,2340,1430,910,1006,540,466,9,6,3,1311,879,432,14,5,9
1.0 Scen,2045,327,Menard County,2327,1435,892,983,533,450,9,6,3,1321,891,430,14,5,9
1.0 Scen,2046,327,Menard County,2321,1440,881,965,526,439,9,6,3,1334,904,430,13,4,9
1.0 Scen,2047,327,Menard County,2323,1450,873,957,525,432,9,6,3,1345,915,430,12,4,8
1.0 Scen,2048,327,Menard County,2311,1453,858,933,511,422,8,6,2,1358,932,426,12,4,8
1.0 Scen,2049,327,Menard County,2309,1456,853,925,506,419,8,6,2,1364,940,424,12,4,8
1.0 Scen,2050,327,Menard County,2317,1473,844,919,507,412,8,6,2,1378,956,422,12,4,8
1.0 Scen,2010,329,Midland County,136872,67242,69630,72822,35606,37216,8675,4191,4484,51600,25558,26042,3775,1887,1888
1.0 Scen,2011,329,Midland County,138935,68390,70545,72724,35647,37077,8775,4247,4528,53475,26521,26954,3961,1975,1986
1.0 Scen,2012,329,Midland County,141025,69568,71457,72606,35684,36922,8870,4307,4563,55397,27505,27892,4152,2072,2080
1.0 Scen,2013,329,Midland County,143211,70804,72407,72509,35747,36762,8969,4362,4607,57373,28518,28855,4360,2177,2183
1.0 Scen,2014,329,Midland County,145413,72052,73361,72385,35794,36591,9063,4417,4646,59409,29564,29845,4556,2277,2279
1.0 Scen,2015,329,Midland County,147653,73327,74326,72255,35840,36415,9147,4477,4670,61482,30630,30852,4769,2380,2389
1.0 Scen,2016,329,Midland County,149888,74602,75286,72086,35864,36222,9234,4528,4706,63577,31715,31862,4991,2495,2496
1.0 Scen,2017,329,Midland County,152189,75909,76280,71901,35881,36020,9321,4584,4737,65752,32838,32914,5215,2606,2609
1.0 Scen,2018,329,Midland County,154516,77246,77270,71681,35887,35794,9401,4639,4762,67982,33995,33987,5452,2725,2727
1.0 Scen,2019,329,Midland County,156862,78571,78291,71445,35874,35571,9492,4694,4798,70232,35158,35074,5693,2845,2848
1.0 Scen,2020,329,Midland County,159256,79949,79307,71168,35853,35315,9579,4751,4828,72559,36365,36194,5950,2980,2970
1.0 Scen,2021,329,Midland County,161683,81307,80376,70890,35815,35075,9662,4802,4860,74912,37580,37332,6219,3110,3109
1.0 Scen,2022,329,Midland County,164182,82725,81457,70593,35763,34830,9748,4856,4892,77344,38855,38489,6497,3251,3246
1.0 Scen,2023,329,Midland County,166714,84147,82567,70267,35696,34571,9845,4912,4933,79820,40146,39674,6782,3393,3389
1.0 Scen,2024,329,Midland County,169298,85593,83705,69931,35621,34310,9927,4961,4966,82350,41465,40885,7090,3546,3544
1.0 Scen,2025,329,Midland County,171920,87064,84856,69590,35548,34042,10006,5007,4999,84917,42804,42113,7407,3705,3702
1.0 Scen,2026,329,Midland County,174543,88530,86013,69233,35458,33775,10070,5045,5025,87522,44175,43347,7718,3852,3866
1.0 Scen,2027,329,Midland County,177191,90011,87180,68836,35348,33488,10148,5094,5054,90156,45551,44605,8051,4018,4033
1.0 Scen,2028,329,Midland County,179841,91495,88346,68419,35227,33192,10202,5124,5078,92835,46957,45878,8385,4187,4198
1.0 Scen,2029,329,Midland County,182500,93008,89492,67978,35093,32885,10256,5166,5090,95533,48388,47145,8733,4361,4372
1.0 Scen,2030,329,Midland County,185176,94513,90663,67508,34940,32568,10310,5199,5111,98266,49833,48433,9092,4541,4551
1.0 Scen,2031,329,Midland County,187863,96022,91841,67031,34777,32254,10351,5228,5123,101015,51290,49725,9466,4727,4739
1.0 Scen,2032,329,Midland County,190526,97527,92999,66524,34605,31919,10382,5251,5131,103771,52760,51011,9849,4911,4938
1.0 Scen,2033,329,Midland County,193216,99048,94168,65995,34416,31579,10407,5278,5129,106558,54244,52314,10256,5110,5146
1.0 Scen,2034,329,Midland County,195924,100572,95352,65460,34221,31239,10432,5295,5137,109359,55745,53614,10673,5311,5362
1.0 Scen,2035,329,Midland County,198617,102103,96514,64884,34006,30878,10453,5318,5135,112164,57254,54910,11116,5525,5591
1.0 Scen,2036,329,Midland County,201333,103636,97697,64295,33783,30512,10468,5331,5137,114995,58772,56223,11575,5750,5825
1.0 Scen,2037,329,Midland County,204029,105173,98856,63673,33547,30126,10470,5338,5132,117834,60302,57532,12052,5986,6066
1.0 Scen,2038,329,Midland County,206718,106714,100004,63035,33302,29733,10467,5350,5117,120666,61828,58838,12550,6234,6316
1.0 Scen,2039,329,Midland County,209427,108262,101165,62386,33047,29339,10465,5352,5113,123511,63376,60135,13065,6487,6578
1.0 Scen,2040,329,Midland County,212112,109813,102299,61703,32783,28920,10446,5354,5092,126360,64923,61437,13603,6753,6850
1.0 Scen,2041,329,Midland County,214808,111373,103435,61012,32512,28500,10429,5353,5076,129218,66486,62732,14149,7022,7127
1.0 Scen,2042,329,Midland County,217515,112938,104577,60313,32237,28076,10408,5350,5058,132069,68050,64019,14725,7301,7424
1.0 Scen,2043,329,Midland County,220240,114511,105729,59598,31952,27646,10380,5344,5036,134942,69629,65313,15320,7586,7734
1.0 Scen,2044,329,Midland County,222968,116097,106871,58889,31668,27221,10345,5337,5008,137806,71206,66600,15928,7886,8042
1.0 Scen,2045,329,Midland County,225721,117682,108039,58179,31379,26800,10315,5325,4990,140667,72785,67882,16560,8193,8367
1.0 Scen,2046,329,Midland County,228514,119307,109207,57467,31092,26375,10279,5315,4964,143547,74383,69164,17221,8517,8704
1.0 Scen,2047,329,Midland County,231321,120933,110388,56763,30804,25959,10243,5301,4942,146422,75983,70439,17893,8845,9048
1.0 Scen,2048,329,Midland County,234169,122583,111586,56066,30520,25546,10202,5289,4913,149307,77588,71719,18594,9186,9408
1.0 Scen,2049,329,Midland County,237035,124246,112789,55381,30239,25142,10148,5267,4881,152185,79195,72990,19321,9545,9776
1.0 Scen,2050,329,Midland County,239924,125902,114022,54705,29953,24752,10098,5243,4855,155056,80800,74256,20065,9906,10159
1.0 Scen,2010,331,Milam County,24757,12225,12532,16216,7952,8264,2380,1130,1250,5780,2949,2831,381,194,187
1.0 Scen,2011,331,Milam County,24965,12361,12604,16225,7973,8252,2411,1156,1255,5943,3035,2908,386,197,189
1.0 Scen,2012,331,Milam County,25154,12477,12677,16221,7980,8241,2436,1174,1262,6101,3120,2981,396,203,193
1.0 Scen,2013,331,Milam County,25370,12612,12758,16226,7990,8236,2466,1198,1268,6276,3219,3057,402,205,197
1.0 Scen,2014,331,Milam County,25558,12735,12823,16214,7997,8217,2487,1214,1273,6445,3312,3133,412,212,200
1.0 Scen,2015,331,Milam County,25759,12860,12899,16214,8004,8210,2500,1230,1270,6622,3407,3215,423,219,204
1.0 Scen,2016,331,Milam County,25967,12971,12996,16215,8006,8209,2524,1244,1280,6798,3498,3300,430,223,207
1.0 Scen,2017,331,Milam County,26178,13097,13081,16205,8007,8198,2544,1257,1287,6987,3604,3383,442,229,213
1.0 Scen,2018,331,Milam County,26371,13209,13162,16190,8004,8186,2564,1270,1294,7166,3699,3467,451,236,215
1.0 Scen,2019,331,Milam County,26570,13328,13242,16163,7996,8167,2583,1280,1303,7363,3809,3554,461,243,218
1.0 Scen,2020,331,Milam County,26786,13452,13334,16155,7997,8158,2607,1291,1316,7555,3916,3639,469,248,221
1.0 Scen,2021,331,Milam County,26983,13569,13414,16128,7986,8142,2623,1305,1318,7753,4024,3729,479,254,225
1.0 Scen,2022,331,Milam County,27185,13682,13503,16103,7972,8131,2641,1320,1321,7955,4132,3823,486,258,228
1.0 Scen,2023,331,Milam County,27366,13788,13578,16066,7963,8103,2664,1333,1331,8145,4229,3916,491,263,228
1.0 Scen,2024,331,Milam County,27537,13888,13649,16022,7944,8078,2678,1342,1336,8344,4339,4005,493,263,230
1.0 Scen,2025,331,Milam County,27712,13979,13733,15973,7917,8056,2696,1353,1343,8547,4446,4101,496,263,233
1.0 Scen,2026,331,Milam County,27882,14088,13794,15933,7909,8024,2698,1354,1344,8748,4559,4189,503,266,237
1.0 Scen,2027,331,Milam County,28019,14168,13851,15862,7870,7992,2695,1354,1341,8951,4672,4279,511,272,239
1.0 Scen,2028,331,Milam County,28161,14259,13902,15810,7849,7961,2687,1353,1334,9151,4783,4368,513,274,239
1.0 Scen,2029,331,Milam County,28286,14346,13940,15737,7819,7918,2687,1355,1332,9343,4894,4449,519,278,241
1.0 Scen,2030,331,Milam County,28410,14427,13983,15658,7786,7872,2676,1352,1324,9547,5003,4544,529,286,243
1.0 Scen,2031,331,Milam County,28526,14505,14021,15574,7751,7823,2680,1355,1325,9736,5110,4626,536,289,247
1.0 Scen,2032,331,Milam County,28606,14573,14033,15454,7696,7758,2671,1356,1315,9939,5225,4714,542,296,246
1.0 Scen,2033,331,Milam County,28710,14660,14050,15361,7663,7698,2664,1356,1308,10137,5339,4798,548,302,246
1.0 Scen,2034,331,Milam County,28784,14721,14063,15239,7608,7631,2655,1354,1301,10330,5450,4880,560,309,251
1.0 Scen,2035,331,Milam County,28849,14788,14061,15108,7551,7557,2639,1355,1284,10534,5569,4965,568,313,255
1.0 Scen,2036,331,Milam County,28919,14860,14059,14982,7497,7485,2627,1352,1275,10728,5688,5040,582,323,259
1.0 Scen,2037,331,Milam County,28978,14923,14055,14840,7436,7404,2618,1352,1266,10923,5800,5123,597,335,262
1.0 Scen,2038,331,Milam County,29025,14980,14045,14695,7372,7323,2609,1353,1256,11107,5909,5198,614,346,268
1.0 Scen,2039,331,Milam County,29079,15046,14033,14554,7314,7240,2597,1351,1246,11303,6026,5277,625,355,270
1.0 Scen,2040,331,Milam County,29133,15111,14022,14407,7252,7155,2593,1356,1237,11496,6141,5355,637,362,275
1.0 Scen,2041,331,Milam County,29166,15162,14004,14249,7185,7064,2580,1354,1226,11684,6253,5431,653,370,283
1.0 Scen,2042,331,Milam County,29218,15222,13996,14083,7112,6971,2584,1364,1220,11885,6367,5518,666,379,287
1.0 Scen,2043,331,Milam County,29270,15283,13987,13926,7044,6882,2580,1367,1213,12080,6483,5597,684,389,295
1.0 Scen,2044,331,Milam County,29318,15343,13975,13774,6979,6795,2575,1368,1207,12271,6599,5672,698,397,301
1.0 Scen,2045,331,Milam County,29337,15381,13956,13605,6905,6700,2567,1371,1196,12454,6704,5750,711,401,310
1.0 Scen,2046,331,Milam County,29362,15428,13934,13442,6835,6607,2557,1371,1186,12646,6813,5833,717,409,308
1.0 Scen,2047,331,Milam County,29408,15480,13928,13284,6764,6520,2552,1372,1180,12838,6923,5915,734,421,313
1.0 Scen,2048,331,Milam County,29426,15528,13898,13122,6691,6431,2540,1373,1167,13023,7037,5986,741,427,314
1.0 Scen,2049,331,Milam County,29469,15577,13892,12963,6620,6343,2530,1373,1157,13214,7145,6069,762,439,323
1.0 Scen,2050,331,Milam County,29495,15627,13868,12806,6552,6254,2517,1373,1144,13399,7257,6142,773,445,328
1.0 Scen,2010,333,Mills County,4936,2445,2491,4024,1965,2059,26,13,13,818,429,389,68,38,30
1.0 Scen,2011,333,Mills County,4971,2466,2505,4042,1974,2068,26,13,13,834,440,394,69,39,30
1.0 Scen,2012,333,Mills County,5003,2480,2523,4053,1979,2074,26,13,13,854,449,405,70,39,31
1.0 Scen,2013,333,Mills County,5016,2487,2529,4049,1977,2072,26,13,13,871,458,413,70,39,31
1.0 Scen,2014,333,Mills County,5031,2498,2533,4042,1977,2065,26,13,13,893,469,424,70,39,31
1.0 Scen,2015,333,Mills County,5056,2508,2548,4046,1977,2069,26,13,13,914,479,435,70,39,31
1.0 Scen,2016,333,Mills County,5084,2523,2561,4051,1981,2070,26,13,13,937,491,446,70,38,32
1.0 Scen,2017,333,Mills County,5121,2547,2574,4067,1993,2074,25,13,12,959,503,456,70,38,32
1.0 Scen,2018,333,Mills County,5160,2566,2594,4081,1999,2082,26,13,13,982,516,466,71,38,33
1.0 Scen,2019,333,Mills County,5198,2588,2610,4094,2006,2088,27,14,13,1005,529,476,72,39,33
1.0 Scen,2020,333,Mills County,5240,2606,2634,4110,2010,2100,28,14,14,1029,542,487,73,40,33
1.0 Scen,2021,333,Mills County,5289,2632,2657,4133,2019,2114,29,15,14,1054,558,496,73,40,33
1.0 Scen,2022,333,Mills County,5328,2654,2674,4149,2027,2122,30,15,15,1076,572,504,73,40,33
1.0 Scen,2023,333,Mills County,5369,2680,2689,4169,2038,2131,31,16,15,1096,586,510,73,40,33
1.0 Scen,2024,333,Mills County,5425,2712,2713,4198,2053,2145,32,16,16,1122,603,519,73,40,33
1.0 Scen,2025,333,Mills County,5474,2738,2736,4224,2065,2159,33,17,16,1145,617,528,72,39,33
1.0 Scen,2026,333,Mills County,5520,2761,2759,4242,2072,2170,34,17,17,1172,633,539,72,39,33
1.0 Scen,2027,333,Mills County,5564,2786,2778,4263,2083,2180,35,18,17,1194,646,548,72,39,33
1.0 Scen,2028,333,Mills County,5597,2808,2789,4279,2094,2185,35,18,17,1211,657,554,72,39,33
1.0 Scen,2029,333,Mills County,5629,2823,2806,4295,2096,2199,35,18,17,1227,670,557,72,39,33
1.0 Scen,2030,333,Mills County,5662,2849,2813,4311,2109,2202,35,18,17,1245,683,562,71,39,32
1.0 Scen,2031,333,Mills County,5701,2875,2826,4334,2123,2211,34,18,16,1263,695,568,70,39,31
1.0 Scen,2032,333,Mills County,5749,2897,2852,4359,2131,2228,34,18,16,1289,711,578,67,37,30
1.0 Scen,2033,333,Mills County,5789,2919,2870,4374,2139,2235,34,18,16,1316,727,589,65,35,30
1.0 Scen,2034,333,Mills County,5842,2957,2885,4405,2161,2244,34,18,16,1337,742,595,66,36,30
1.0 Scen,2035,333,Mills County,5880,2979,2901,4421,2169,2252,34,18,16,1359,756,603,66,36,30
1.0 Scen,2036,333,Mills County,5912,2997,2915,4436,2176,2260,34,18,16,1378,769,609,64,34,30
1.0 Scen,2037,333,Mills County,5944,3014,2930,4450,2184,2266,34,18,16,1396,779,617,64,33,31
1.0 Scen,2038,333,Mills County,5981,3034,2947,4467,2191,2276,34,18,16,1416,792,624,64,33,31
1.0 Scen,2039,333,Mills County,6011,3049,2962,4483,2201,2282,34,18,16,1431,798,633,63,32,31
1.0 Scen,2040,333,Mills County,6043,3068,2975,4498,2209,2289,33,17,16,1448,809,639,64,33,31
1.0 Scen,2041,333,Mills County,6069,3079,2990,4509,2213,2296,33,17,16,1466,818,648,61,31,30
1.0 Scen,2042,333,Mills County,6112,3107,3005,4531,2226,2305,33,17,16,1487,832,655,61,32,29
1.0 Scen,2043,333,Mills County,6149,3133,3016,4550,2238,2312,33,17,16,1506,847,659,60,31,29
1.0 Scen,2044,333,Mills County,6179,3152,3027,4570,2250,2320,33,17,16,1518,856,662,58,29,29
1.0 Scen,2045,333,Mills County,6216,3176,3040,4592,2264,2328,30,17,13,1534,865,669,60,30,30
1.0 Scen,2046,333,Mills County,6252,3202,3050,4617,2280,2337,30,17,13,1549,875,674,56,30,26
1.0 Scen,2047,333,Mills County,6289,3228,3061,4638,2295,2343,30,17,13,1566,887,679,55,29,26
1.0 Scen,2048,333,Mills County,6332,3251,3081,4673,2312,2361,28,14,14,1578,898,680,53,27,26
1.0 Scen,2049,333,Mills County,6383,3275,3108,4705,2327,2378,28,14,14,1598,908,690,52,26,26
1.0 Scen,2050,333,Mills County,6437,3309,3128,4741,2349,2392,27,15,12,1617,919,698,52,26,26
1.0 Scen,2010,335,Mitchell County,9403,5746,3657,4753,2509,2244,1043,922,121,3481,2245,1236,126,70,56
1.0 Scen,2011,335,Mitchell County,9488,5795,3693,4775,2520,2255,1048,927,121,3537,2277,1260,128,71,57
1.0 Scen,2012,335,Mitchell County,9561,5835,3726,4790,2528,2262,1048,926,122,3594,2310,1284,129,71,58
1.0 Scen,2013,335,Mitchell County,9628,5882,3746,4795,2539,2256,1051,927,124,3652,2344,1308,130,72,58
1.0 Scen,2014,335,Mitchell County,9668,5905,3763,4784,2535,2249,1050,924,126,3703,2374,1329,131,72,59
1.0 Scen,2015,335,Mitchell County,9727,5941,3786,4782,2535,2247,1053,925,128,3760,2408,1352,132,73,59
1.0 Scen,2016,335,Mitchell County,9780,5973,3807,4784,2540,2244,1054,924,130,3808,2435,1373,134,74,60
1.0 Scen,2017,335,Mitchell County,9853,6012,3841,4802,2550,2252,1047,916,131,3869,2472,1397,135,74,61
1.0 Scen,2018,335,Mitchell County,9917,6051,3866,4792,2545,2247,1048,917,131,3939,2513,1426,138,76,62
1.0 Scen,2019,335,Mitchell County,9991,6086,3905,4799,2544,2255,1046,913,133,4006,2552,1454,140,77,63
1.0 Scen,2020,335,Mitchell County,10050,6115,3935,4797,2539,2258,1044,910,134,4069,2589,1480,140,77,63
1.0 Scen,2021,335,Mitchell County,10121,6163,3958,4798,2545,2253,1042,908,134,4140,2632,1508,141,78,63
1.0 Scen,2022,335,Mitchell County,10197,6208,3989,4799,2548,2251,1041,907,134,4215,2675,1540,142,78,64
1.0 Scen,2023,335,Mitchell County,10251,6239,4012,4798,2548,2250,1038,903,135,4272,2709,1563,143,79,64
1.0 Scen,2024,335,Mitchell County,10298,6268,4030,4790,2545,2245,1035,898,137,4329,2746,1583,144,79,65
1.0 Scen,2025,335,Mitchell County,10364,6306,4058,4791,2548,2243,1037,900,137,4391,2778,1613,145,80,65
1.0 Scen,2026,335,Mitchell County,10416,6328,4088,4783,2543,2240,1033,894,139,4456,2812,1644,144,79,65
1.0 Scen,2027,335,Mitchell County,10474,6360,4114,4778,2543,2235,1031,890,141,4519,2847,1672,146,80,66
1.0 Scen,2028,335,Mitchell County,10492,6379,4113,4755,2539,2216,1025,883,142,4564,2876,1688,148,81,67
1.0 Scen,2029,335,Mitchell County,10542,6410,4132,4754,2542,2212,1023,880,143,4616,2906,1710,149,82,67
1.0 Scen,2030,335,Mitchell County,10581,6434,4147,4739,2537,2202,1019,875,144,4674,2940,1734,149,82,67
1.0 Scen,2031,335,Mitchell County,10628,6464,4164,4733,2537,2196,1016,871,145,4731,2974,1757,148,82,66
1.0 Scen,2032,335,Mitchell County,10673,6493,4180,4723,2535,2188,1016,870,146,4790,3009,1781,144,79,65
1.0 Scen,2033,335,Mitchell County,10716,6529,4187,4713,2535,2178,1014,869,145,4844,3045,1799,145,80,65
1.0 Scen,2034,335,Mitchell County,10757,6556,4201,4690,2527,2163,1012,865,147,4911,3085,1826,144,79,65
1.0 Scen,2035,335,Mitchell County,10795,6580,4215,4669,2523,2146,1006,859,147,4975,3119,1856,145,79,66
1.0 Scen,2036,335,Mitchell County,10828,6600,4228,4651,2513,2138,1006,858,148,5024,3149,1875,147,80,67
1.0 Scen,2037,335,Mitchell County,10857,6621,4236,4630,2507,2123,1002,855,147,5079,3180,1899,146,79,67
1.0 Scen,2038,335,Mitchell County,10881,6638,4243,4608,2498,2110,993,847,146,5134,3214,1920,146,79,67
1.0 Scen,2039,335,Mitchell County,10901,6648,4253,4593,2495,2098,975,831,144,5186,3242,1944,147,80,67
1.0 Scen,2040,335,Mitchell County,10914,6662,4252,4568,2488,2080,965,821,144,5233,3273,1960,148,80,68
1.0 Scen,2041,335,Mitchell County,10950,6687,4263,4549,2482,2067,962,818,144,5290,3306,1984,149,81,68
1.0 Scen,2042,335,Mitchell County,10967,6695,4272,4526,2468,2058,954,811,143,5338,3335,2003,149,81,68
1.0 Scen,2043,335,Mitchell County,10999,6716,4283,4499,2457,2042,952,808,144,5399,3370,2029,149,81,68
1.0 Scen,2044,335,Mitchell County,11009,6730,4279,4481,2457,2024,942,800,142,5436,3392,2044,150,81,69
1.0 Scen,2045,335,Mitchell County,11048,6747,4301,4464,2447,2017,934,791,143,5501,3428,2073,149,81,68
1.0 Scen,2046,335,Mitchell County,11050,6758,4292,4438,2433,2005,924,786,138,5545,3460,2085,143,79,64
1.0 Scen,2047,335,Mitchell County,11073,6773,4300,4418,2428,1990,910,775,135,5601,3491,2110,144,79,65
1.0 Scen,2048,335,Mitchell County,11079,6778,4301,4397,2416,1981,898,765,133,5642,3520,2122,142,77,65
1.0 Scen,2049,335,Mitchell County,11109,6799,4310,4373,2411,1962,890,759,131,5703,3552,2151,143,77,66
1.0 Scen,2050,335,Mitchell County,11113,6812,4301,4344,2404,1940,880,751,129,5746,3580,2166,143,77,66
1.0 Scen,2010,337,Montague County,19719,9665,10054,17347,8488,8859,38,27,11,1930,968,962,404,182,222
1.0 Scen,2011,337,Montague County,19910,9781,10129,17447,8559,8888,38,27,11,2013,1010,1003,412,185,227
1.0 Scen,2012,337,Montague County,20079,9880,10199,17523,8611,8912,38,27,11,2099,1054,1045,419,188,231
1.0 Scen,2013,337,Montague County,20251,9984,10267,17601,8670,8931,38,27,11,2185,1096,1089,427,191,236
1.0 Scen,2014,337,Montague County,20432,10098,10334,17693,8739,8954,38,27,11,2265,1137,1128,436,195,241
1.0 Scen,2015,337,Montague County,20610,10212,10398,17773,8802,8971,38,27,11,2355,1185,1170,444,198,246
1.0 Scen,2016,337,Montague County,20779,10326,10453,17839,8860,8979,38,27,11,2453,1239,1214,449,200,249
1.0 Scen,2017,337,Montague County,20950,10435,10515,17904,8915,8989,38,27,11,2552,1291,1261,456,202,254
1.0 Scen,2018,337,Montague County,21132,10552,10580,17976,8970,9006,38,27,11,2653,1348,1305,465,207,258
1.0 Scen,2019,337,Montague County,21296,10661,10635,18031,9020,9011,38,27,11,2759,1406,1353,468,208,260
1.0 Scen,2020,337,Montague County,21462,10773,10689,18089,9073,9016,38,27,11,2862,1461,1401,473,212,261
1.0 Scen,2021,337,Montague County,21638,10882,10756,18145,9114,9031,39,28,11,2975,1523,1452,479,217,262
1.0 Scen,2022,337,Montague County,21808,10995,10813,18194,9161,9033,40,28,12,3091,1585,1506,483,221,262
1.0 Scen,2023,337,Montague County,21970,11093,10877,18239,9196,9043,41,29,12,3204,1644,1560,486,224,262
1.0 Scen,2024,337,Montague County,22138,11203,10935,18287,9242,9045,42,29,13,3325,1708,1617,484,224,260
1.0 Scen,2025,337,Montague County,22298,11314,10984,18315,9279,9036,43,30,13,3456,1779,1677,484,226,258
1.0 Scen,2026,337,Montague County,22455,11427,11028,18335,9313,9022,43,30,13,3585,1853,1732,492,231,261
1.0 Scen,2027,337,Montague County,22599,11519,11080,18345,9335,9010,44,31,13,3711,1919,1792,499,234,265
1.0 Scen,2028,337,Montague County,22728,11612,11116,18340,9356,8984,44,31,13,3841,1990,1851,503,235,268
1.0 Scen,2029,337,Montague County,22854,11694,11160,18320,9360,8960,44,31,13,3980,2063,1917,510,240,270
1.0 Scen,2030,337,Montague County,22985,11782,11203,18294,9363,8931,44,31,13,4128,2145,1983,519,243,276
1.0 Scen,2031,337,Montague County,23080,11860,11220,18244,9361,8883,44,31,13,4267,2222,2045,525,246,279
1.0 Scen,2032,337,Montague County,23202,11937,11265,18196,9350,8846,44,31,13,4430,2305,2125,532,251,281
1.0 Scen,2033,337,Montague County,23304,12012,11292,18146,9343,8803,44,31,13,4574,2383,2191,540,255,285
1.0 Scen,2034,337,Montague County,23382,12073,11309,18058,9318,8740,44,31,13,4733,2465,2268,547,259,288
1.0 Scen,2035,337,Montague County,23470,12134,11336,17985,9296,8689,44,31,13,4888,2545,2343,553,262,291
1.0 Scen,2036,337,Montague County,23537,12180,11357,17884,9261,8623,44,31,13,5044,2622,2422,565,266,299
1.0 Scen,2037,337,Montague County,23612,12235,11377,17793,9230,8563,44,31,13,5204,2708,2496,571,266,305
1.0 Scen,2038,337,Montague County,23669,12277,11392,17690,9193,8497,44,31,13,5357,2785,2572,578,268,310
1.0 Scen,2039,337,Montague County,23712,12318,11394,17574,9154,8420,44,31,13,5513,2866,2647,581,267,314
1.0 Scen,2040,337,Montague County,23779,12372,11407,17466,9118,8348,44,31,13,5680,2955,2725,589,268,321
1.0 Scen,2041,337,Montague County,23835,12418,11417,17345,9073,8272,44,31,13,5844,3043,2801,602,271,331
1.0 Scen,2042,337,Montague County,23883,12457,11426,17220,9023,8197,43,30,13,6010,3132,2878,610,272,338
1.0 Scen,2043,337,Montague County,23934,12493,11441,17088,8966,8122,42,29,13,6179,3224,2955,625,274,351
1.0 Scen,2044,337,Montague County,23983,12539,11444,16954,8915,8039,42,29,13,6348,3319,3029,639,276,363
1.0 Scen,2045,337,Montague County,24019,12586,11433,16820,8864,7956,41,29,12,6513,3414,3099,645,279,366
1.0 Scen,2046,337,Montague County,24053,12618,11435,16671,8797,7874,41,29,12,6688,3512,3176,653,280,373
1.0 Scen,2047,337,Montague County,24103,12667,11436,16535,8748,7787,40,28,12,6864,3609,3255,664,282,382
1.0 Scen,2048,337,Montague County,24123,12677,11446,16389,8681,7708,38,26,12,7022,3691,3331,674,279,395
1.0 Scen,2049,337,Montague County,24182,12718,11464,16258,8621,7637,38,26,12,7204,3798,3406,682,273,409
1.0 Scen,2050,337,Montague County,24244,12759,11485,16123,8563,7560,37,25,12,7394,3899,3495,690,272,418
1.0 Scen,2010,339,Montgomery County,455746,225911,229835,324611,159667,164944,18537,8908,9629,94698,48868,45830,17900,8468,9432
1.0 Scen,2011,339,Montgomery County,472814,233809,239005,332812,163109,169703,19437,9340,10097,101536,52343,49193,19029,9017,10012
1.0 Scen,2012,339,Montgomery County,490672,242026,248646,341163,166566,174597,20387,9790,10597,108918,56084,52834,20204,9586,10618
1.0 Scen,2013,339,Montgomery County,509191,250570,258621,349557,170041,179516,21373,10255,11118,116842,60101,56741,21419,10173,11246
1.0 Scen,2014,339,Montgomery County,528509,259473,269036,358075,173522,184553,22406,10742,11664,125331,64396,60935,22697,10813,11884
1.0 Scen,2015,339,Montgomery County,548532,268693,279839,366610,176981,189629,23467,11243,12224,134436,69016,65420,24019,11453,12566
1.0 Scen,2016,339,Montgomery County,569235,278300,290935,375149,180481,194668,24565,11769,12796,144130,73929,70201,25391,12121,13270
1.0 Scen,2017,339,Montgomery County,590851,288281,302570,383740,183921,199819,25735,12327,13408,154536,79206,75330,26840,12827,14013
1.0 Scen,2018,339,Montgomery County,613169,298582,314587,392315,187344,204971,26914,12880,14034,165610,84793,80817,28330,13565,14765
1.0 Scen,2019,339,Montgomery County,636414,309403,327011,400948,190830,210118,28144,13467,14677,177438,90796,86642,29884,14310,15574
1.0 Scen,2020,339,Montgomery County,660481,320621,339860,409547,194263,215284,29427,14064,15363,189992,97143,92849,31515,15151,16364
1.0 Scen,2021,339,Montgomery County,685645,332341,353304,418221,197693,220528,30763,14692,16071,203441,103980,99461,33220,15976,17244
1.0 Scen,2022,339,Montgomery County,711882,344592,367290,426965,201151,225814,32136,15337,16799,217700,111203,106497,35081,16901,18180
1.0 Scen,2023,339,Montgomery County,739195,357380,381815,435732,204623,231109,33563,16008,17555,232945,118907,114038,36955,17842,19113
1.0 Scen,2024,339,Montgomery County,767701,370689,397012,444558,208068,236490,35023,16700,18323,249141,127079,122062,38979,18842,20137
1.0 Scen,2025,339,Montgomery County,797415,384625,412790,453439,211549,241890,36538,17414,19124,266356,135778,130578,41082,19884,21198
1.0 Scen,2026,339,Montgomery County,828370,399125,429245,462290,214987,247303,38079,18140,19939,284652,145027,139625,43349,20971,22378
1.0 Scen,2027,339,Montgomery County,860633,414280,446353,471155,218437,252718,39678,18904,20774,304126,154822,149304,45674,22117,23557
1.0 Scen,2028,339,Montgomery County,894191,430049,464142,479979,221842,258137,41335,19685,21650,324770,165201,159569,48107,23321,24786
1.0 Scen,2029,339,Montgomery County,929159,446569,482590,488826,225276,263550,43001,20482,22519,346643,176193,170450,50689,24618,26071
1.0 Scen,2030,339,Montgomery County,965553,463738,501815,497640,228676,268964,44761,21302,23459,369791,187798,181993,53361,25962,27399
1.0 Scen,2031,339,Montgomery County,1003377,481650,521727,506353,232033,274320,46494,22134,24360,394353,200123,194230,56177,27360,28817
1.0 Scen,2032,339,Montgomery County,1042741,500271,542470,515033,235360,279673,48304,22975,25329,420305,213123,207182,59099,28813,30286
1.0 Scen,2033,339,Montgomery County,1083551,519610,563941,523545,238608,284937,50152,23843,26309,447703,226834,220869,62151,30325,31826
1.0 Scen,2034,339,Montgomery County,1125885,539744,586141,531926,241811,290115,52018,24721,27297,476606,241292,235314,65335,31920,33415
1.0 Scen,2035,339,Montgomery County,1169836,560695,609141,540185,244955,295230,53955,25654,28301,507046,256504,250542,68650,33582,35068
1.0 Scen,2036,339,Montgomery County,1215354,582402,632952,548307,248033,300274,55817,26507,29310,539150,272550,266600,72080,35312,36768
1.0 Scen,2037,339,Montgomery County,1262836,605182,657654,556311,251063,305248,57878,27523,30355,572988,289463,283525,75659,37133,38526
1.0 Scen,2038,339,Montgomery County,1311941,628706,683235,564163,254017,310146,59873,28491,31382,608532,307212,301320,79373,38986,40387
1.0 Scen,2039,339,Montgomery County,1362927,653223,709704,571843,256897,314946,61938,29466,32472,645886,325904,319982,83260,40956,42304
1.0 Scen,2040,339,Montgomery County,1415763,678677,737086,579355,259712,319643,64002,30450,33552,685140,345545,339595,87266,42970,44296
1.0 Scen,2041,339,Montgomery County,1470515,705169,765346,586664,262440,324224,66165,31502,34663,726296,366150,360146,91390,45077,46313
1.0 Scen,2042,339,Montgomery County,1527207,732622,794585,593742,265077,328665,68318,32539,35779,769474,387780,381694,95673,47226,48447
1.0 Scen,2043,339,Montgomery County,1585918,761192,824726,600637,267630,333007,70474,33588,36886,814682,410449,404233,100125,49525,50600
1.0 Scen,2044,339,Montgomery County,1646674,790785,855889,607315,270109,337206,72687,34652,38035,862025,434205,427820,104647,51819,52828
1.0 Scen,2045,339,Montgomery County,1709770,821612,888158,613844,272524,341320,74903,35728,39175,911574,459087,452487,109449,54273,55176
1.0 Scen,2046,339,Montgomery County,1775125,853621,921504,620214,274887,345327,77184,36830,40354,963397,485133,478264,114330,56771,57559
1.0 Scen,2047,339,Montgomery County,1842934,886885,956049,626493,277212,349281,79451,37930,41521,1017578,512379,505199,119412,59364,60048
1.0 Scen,2048,339,Montgomery County,1913247,921500,991747,632645,279532,353113,81766,39059,42707,1074208,540890,533318,124628,62019,62609
1.0 Scen,2049,339,Montgomery County,1986199,957484,1028715,638743,281829,356914,84095,40207,43888,1133329,570668,562661,130032,64780,65252
1.0 Scen,2050,339,Montgomery County,2061972,994984,1066988,644751,284113,360638,86484,41377,45107,1195083,601809,593274,135654,67685,67969
1.0 Scen,2010,341,Moore County,21904,11317,10587,8370,4091,4279,287,205,82,11542,6019,5523,1705,1002,703
1.0 Scen,2011,341,Moore County,22305,11546,10759,8367,4092,4275,291,207,84,11839,6184,5655,1808,1063,745
1.0 Scen,2012,341,Moore County,22686,11765,10921,8339,4089,4250,295,209,86,12136,6344,5792,1916,1123,793
1.0 Scen,2013,341,Moore County,23063,11988,11075,8304,4086,4218,299,212,87,12431,6499,5932,2029,1191,838
1.0 Scen,2014,341,Moore County,23461,12215,11246,8277,4074,4203,303,214,89,12732,6664,6068,2149,1263,886
1.0 Scen,2015,341,Moore County,23849,12442,11407,8247,4068,4179,308,217,91,13018,6819,6199,2276,1338,938
1.0 Scen,2016,341,Moore County,24262,12672,11590,8225,4065,4160,312,220,92,13313,6971,6342,2412,1416,996
1.0 Scen,2017,341,Moore County,24636,12885,11751,8168,4043,4125,317,223,94,13602,7122,6480,2549,1497,1052
1.0 Scen,2018,341,Moore County,25030,13112,11918,8130,4040,4090,323,227,96,13891,7270,6621,2686,1575,1111
1.0 Scen,2019,341,Moore County,25426,13333,12093,8087,4020,4067,327,229,98,14166,7418,6748,2846,1666,1180
1.0 Scen,2020,341,Moore County,25817,13555,12262,8044,4007,4037,329,229,100,14435,7557,6878,3009,1762,1247
1.0 Scen,2021,341,Moore County,26228,13794,12434,8016,3998,4018,332,230,102,14703,7703,7000,3177,1863,1314
1.0 Scen,2022,341,Moore County,26631,14022,12609,7972,3983,3989,336,232,104,14971,7842,7129,3352,1965,1387
1.0 Scen,2023,341,Moore County,27070,14281,12789,7943,3976,3967,340,234,106,15248,7994,7254,3539,2077,1462
1.0 Scen,2024,341,Moore County,27500,14540,12960,7905,3967,3938,344,236,108,15515,8143,7372,3736,2194,1542
1.0 Scen,2025,341,Moore County,27943,14793,13150,7864,3953,3911,345,236,109,15788,8294,7494,3946,2310,1636
1.0 Scen,2026,341,Moore County,28402,15065,13337,7819,3936,3883,349,238,111,16070,8452,7618,4164,2439,1725
1.0 Scen,2027,341,Moore County,28877,15344,13533,7773,3919,3854,353,241,112,16352,8612,7740,4399,2572,1827
1.0 Scen,2028,341,Moore County,29351,15622,13729,7718,3898,3820,356,243,113,16634,8767,7867,4643,2714,1929
1.0 Scen,2029,341,Moore County,29827,15908,13919,7659,3877,3782,360,245,115,16911,8925,7986,4897,2861,2036
1.0 Scen,2030,341,Moore County,30308,16187,14121,7597,3848,3749,362,246,116,17188,9079,8109,5161,3014,2147
1.0 Scen,2031,341,Moore County,30817,16488,14329,7544,3830,3714,366,248,118,17459,9227,8232,5448,3183,2265
1.0 Scen,2032,341,Moore County,31328,16785,14543,7485,3806,3679,368,248,120,17726,9376,8350,5749,3355,2394
1.0 Scen,2033,341,Moore County,31846,17086,14760,7417,3778,3639,372,250,122,17991,9525,8466,6066,3533,2533
1.0 Scen,2034,341,Moore County,32356,17396,14960,7351,3754,3597,374,251,123,18248,9673,8575,6383,3718,2665
1.0 Scen,2035,341,Moore County,32903,17714,15189,7299,3735,3564,376,252,124,18492,9810,8682,6736,3917,2819
1.0 Scen,2036,341,Moore County,33433,18025,15408,7231,3710,3521,378,252,126,18732,9942,8790,7092,4121,2971
1.0 Scen,2037,341,Moore County,33977,18342,15635,7158,3678,3480,379,251,128,18964,10074,8890,7476,4339,3137
1.0 Scen,2038,341,Moore County,34526,18663,15863,7081,3645,3436,380,251,129,19186,10202,8984,7879,4565,3314
1.0 Scen,2039,341,Moore County,35073,18983,16090,7004,3618,3386,374,244,130,19398,10315,9083,8297,4806,3491
1.0 Scen,2040,341,Moore County,35643,19315,16328,6933,3593,3340,376,245,131,19603,10430,9173,8731,5047,3684
1.0 Scen,2041,341,Moore County,36226,19650,16576,6855,3561,3294,377,245,132,19800,10538,9262,9194,5306,3888
1.0 Scen,2042,341,Moore County,36828,20005,16823,6772,3529,3243,377,245,132,19999,10649,9350,9680,5582,4098
1.0 Scen,2043,341,Moore County,37444,20356,17088,6692,3492,3200,377,244,133,20188,10756,9432,10187,5864,4323
1.0 Scen,2044,341,Moore County,38069,20717,17352,6603,3456,3147,373,241,132,20367,10856,9511,10726,6164,4562
1.0 Scen,2045,341,Moore County,38711,21081,17630,6517,3418,3099,365,235,130,20548,10957,9591,11281,6471,4810
1.0 Scen,2046,341,Moore County,39387,21474,17913,6436,3385,3051,357,233,124,20715,11055,9660,11879,6801,5078
1.0 Scen,2047,341,Moore County,40081,21877,18204,6359,3353,3006,350,231,119,20885,11152,9733,12487,7141,5346
1.0 Scen,2048,341,Moore County,40798,22284,18514,6279,3316,2963,345,229,116,21045,11246,9799,13129,7493,5636
1.0 Scen,2049,341,Moore County,41520,22691,18829,6190,3279,2911,343,229,114,21189,11326,9863,13798,7857,5941
1.0 Scen,2050,341,Moore County,42278,23120,19158,6112,3246,2866,340,227,113,21328,11410,9918,14498,8237,6261
1.0 Scen,2010,343,Morris County,12934,6239,6695,8636,4187,4449,2952,1353,1599,1003,527,476,343,172,171
1.0 Scen,2011,343,Morris County,13051,6310,6741,8664,4207,4457,2990,1377,1613,1049,550,499,348,176,172
1.0 Scen,2012,343,Morris County,13147,6376,6771,8668,4223,4445,3027,1400,1627,1100,575,525,352,178,174
1.0 Scen,2013,343,Morris County,13235,6438,6797,8656,4232,4424,3066,1424,1642,1153,600,553,360,182,178
1.0 Scen,2014,343,Morris County,13339,6500,6839,8657,4231,4426,3106,1455,1651,1208,628,580,368,186,182
1.0 Scen,2015,343,Morris County,13438,6561,6877,8653,4236,4417,3141,1477,1664,1267,658,609,377,190,187
1.0 Scen,2016,343,Morris County,13529,6631,6898,8640,4245,4395,3175,1501,1674,1326,690,636,388,195,193
1.0 Scen,2017,343,Morris County,13625,6687,6938,8625,4242,4383,3211,1521,1690,1390,724,666,399,200,199
1.0 Scen,2018,343,Morris County,13733,6756,6977,8619,4247,4372,3242,1541,1701,1461,761,700,411,207,204
1.0 Scen,2019,343,Morris County,13825,6825,7000,8610,4258,4352,3262,1556,1706,1535,800,735,418,211,207
1.0 Scen,2020,343,Morris County,13917,6881,7036,8592,4253,4339,3286,1571,1715,1611,840,771,428,217,211
1.0 Scen,2021,343,Morris County,13988,6927,7061,8563,4245,4318,3303,1582,1721,1690,880,810,432,220,212
1.0 Scen,2022,343,Morris County,14055,6976,7079,8538,4241,4297,3307,1587,1720,1771,925,846,439,223,216
1.0 Scen,2023,343,Morris County,14125,7027,7098,8511,4240,4271,3313,1592,1721,1855,969,886,446,226,220
1.0 Scen,2024,343,Morris County,14185,7078,7107,8487,4237,4250,3312,1594,1718,1939,1019,920,447,228,219
1.0 Scen,2025,343,Morris County,14257,7140,7117,8465,4235,4230,3320,1606,1714,2017,1066,951,455,233,222
1.0 Scen,2026,343,Morris County,14334,7193,7141,8436,4226,4210,3321,1614,1707,2120,1116,1004,457,237,220
1.0 Scen,2027,343,Morris County,14414,7246,7168,8398,4217,4181,3329,1620,1709,2221,1167,1054,466,242,224
1.0 Scen,2028,343,Morris County,14496,7298,7198,8362,4204,4158,3326,1624,1702,2333,1225,1108,475,245,230
1.0 Scen,2029,343,Morris County,14588,7374,7214,8325,4205,4120,3326,1632,1694,2452,1286,1166,485,251,234
1.0 Scen,2030,343,Morris County,14677,7442,7235,8282,4196,4086,3333,1644,1689,2568,1348,1220,494,254,240
1.0 Scen,2031,343,Morris County,14771,7511,7260,8242,4185,4057,3331,1645,1686,2693,1420,1273,505,261,244
1.0 Scen,2032,343,Morris County,14878,7590,7288,8195,4173,4022,3341,1659,1682,2828,1490,1338,514,268,246
1.0 Scen,2033,343,Morris County,14981,7656,7325,8140,4153,3987,3354,1669,1685,2961,1560,1401,526,274,252
1.0 Scen,2034,343,Morris County,15088,7733,7355,8089,4139,3950,3355,1681,1674,3101,1629,1472,543,284,259
1.0 Scen,2035,343,Morris County,15175,7794,7381,8037,4119,3918,3345,1681,1664,3237,1702,1535,556,292,264
1.0 Scen,2036,343,Morris County,15287,7871,7416,7975,4099,3876,3351,1685,1666,3394,1788,1606,567,299,268
1.0 Scen,2037,343,Morris County,15391,7939,7452,7909,4073,3836,3353,1688,1665,3545,1869,1676,584,309,275
1.0 Scen,2038,343,Morris County,15490,7998,7492,7845,4043,3802,3352,1691,1661,3693,1946,1747,600,318,282
1.0 Scen,2039,343,Morris County,15585,8064,7521,7777,4019,3758,3343,1694,1649,3851,2027,1824,614,324,290
1.0 Scen,2040,343,Morris County,15691,8138,7553,7716,3999,3717,3326,1690,1636,4014,2114,1900,635,335,300
1.0 Scen,2041,343,Morris County,15803,8205,7598,7640,3963,3677,3319,1689,1630,4185,2204,1981,659,349,310
1.0 Scen,2042,343,Morris County,15926,8291,7635,7567,3938,3629,3307,1691,1616,4372,2302,2070,680,360,320
1.0 Scen,2043,343,Morris County,16048,8367,7681,7505,3913,3592,3285,1686,1599,4557,2397,2160,701,371,330
1.0 Scen,2044,343,Morris County,16170,8467,7703,7431,3891,3540,3259,1681,1578,4757,2510,2247,723,385,338
1.0 Scen,2045,343,Morris County,16317,8558,7759,7361,3861,3500,3246,1682,1564,4970,2623,2347,740,392,348
1.0 Scen,2046,343,Morris County,16460,8655,7805,7296,3839,3457,3234,1681,1553,5172,2731,2441,758,404,354
1.0 Scen,2047,343,Morris County,16599,8747,7852,7214,3802,3412,3214,1684,1530,5392,2847,2545,779,414,365
1.0 Scen,2048,343,Morris County,16762,8847,7915,7157,3786,3371,3191,1672,1519,5613,2963,2650,801,426,375
1.0 Scen,2049,343,Morris County,16941,8950,7991,7089,3759,3330,3183,1669,1514,5845,3086,2759,824,436,388
1.0 Scen,2050,343,Morris County,17117,9060,8057,7030,3737,3293,3158,1665,1493,6082,3209,2873,847,449,398
1.0 Scen,2010,345,Motley County,1210,613,597,1013,509,504,24,15,9,163,84,79,10,5,5
1.0 Scen,2011,345,Motley County,1214,615,599,1014,509,505,24,15,9,166,86,80,10,5,5
1.0 Scen,2012,345,Motley County,1215,614,601,1012,507,505,24,15,9,169,87,82,10,5,5
1.0 Scen,2013,345,Motley County,1215,615,600,1010,506,504,24,15,9,171,89,82,10,5,5
1.0 Scen,2014,345,Motley County,1215,614,601,1008,504,504,24,15,9,173,90,83,10,5,5
1.0 Scen,2015,345,Motley County,1216,616,600,1006,504,502,24,15,9,176,92,84,10,5,5
1.0 Scen,2016,345,Motley County,1216,616,600,1002,502,500,24,15,9,180,94,86,10,5,5
1.0 Scen,2017,345,Motley County,1212,616,596,994,500,494,24,15,9,184,96,88,10,5,5
1.0 Scen,2018,345,Motley County,1208,617,591,986,499,487,24,15,9,188,98,90,10,5,5
1.0 Scen,2019,345,Motley County,1196,611,585,970,491,479,24,15,9,192,100,92,10,5,5
1.0 Scen,2020,345,Motley County,1196,614,582,965,491,474,24,15,9,197,103,94,10,5,5
1.0 Scen,2021,345,Motley County,1185,614,571,951,489,462,23,15,8,201,105,96,10,5,5
1.0 Scen,2022,345,Motley County,1178,610,568,940,483,457,23,15,8,205,107,98,10,5,5
1.0 Scen,2023,345,Motley County,1171,609,562,931,480,451,22,14,8,209,110,99,9,5,4
1.0 Scen,2024,345,Motley County,1164,606,558,920,474,446,22,14,8,213,113,100,9,5,4
1.0 Scen,2025,345,Motley County,1156,599,557,907,464,443,22,14,8,218,116,102,9,5,4
1.0 Scen,2026,345,Motley County,1149,597,552,896,459,437,22,14,8,222,119,103,9,5,4
1.0 Scen,2027,345,Motley County,1141,596,545,883,455,428,22,14,8,227,122,105,9,5,4
1.0 Scen,2028,345,Motley County,1134,596,538,872,452,420,21,14,7,232,125,107,9,5,4
1.0 Scen,2029,345,Motley County,1125,592,533,859,446,413,21,14,7,236,127,109,9,5,4
1.0 Scen,2030,345,Motley County,1114,589,525,844,441,403,21,14,7,240,129,111,9,5,4
1.0 Scen,2031,345,Motley County,1105,586,519,830,435,395,21,14,7,245,132,113,9,5,4
1.0 Scen,2032,345,Motley County,1093,581,512,815,428,387,21,14,7,248,134,114,9,5,4
1.0 Scen,2033,345,Motley County,1086,576,510,803,420,383,21,14,7,253,137,116,9,5,4
1.0 Scen,2034,345,Motley County,1073,571,502,786,413,373,21,14,7,257,139,118,9,5,4
1.0 Scen,2035,345,Motley County,1062,568,494,773,409,364,20,13,7,260,141,119,9,5,4
1.0 Scen,2036,345,Motley County,1053,567,486,762,406,356,20,13,7,262,143,119,9,5,4
1.0 Scen,2037,345,Motley County,1047,567,480,754,403,351,21,14,7,263,145,118,9,5,4
1.0 Scen,2038,345,Motley County,1038,564,474,747,400,347,18,12,6,264,147,117,9,5,4
1.0 Scen,2039,345,Motley County,1032,564,468,738,397,341,18,13,5,267,149,118,9,5,4
1.0 Scen,2040,345,Motley County,1023,561,462,726,392,334,18,13,5,270,151,119,9,5,4
1.0 Scen,2041,345,Motley County,1012,558,454,712,388,324,18,13,5,273,152,121,9,5,4
1.0 Scen,2042,345,Motley County,1004,555,449,701,383,318,18,13,5,276,154,122,9,5,4
1.0 Scen,2043,345,Motley County,992,551,441,689,379,310,16,11,5,279,156,123,8,5,3
1.0 Scen,2044,345,Motley County,978,544,434,674,371,303,15,10,5,281,158,123,8,5,3
1.0 Scen,2045,345,Motley County,970,540,430,665,366,299,15,10,5,282,159,123,8,5,3
1.0 Scen,2046,345,Motley County,956,531,425,654,361,293,15,10,5,281,157,124,6,3,3
1.0 Scen,2047,345,Motley County,947,523,424,647,357,290,15,10,5,279,153,126,6,3,3
1.0 Scen,2048,345,Motley County,937,517,420,639,352,287,15,10,5,277,152,125,6,3,3
1.0 Scen,2049,345,Motley County,925,510,415,631,348,283,14,10,4,274,149,125,6,3,3
1.0 Scen,2050,345,Motley County,918,507,411,624,346,278,14,10,4,274,148,126,6,3,3
1.0 Scen,2010,347,Nacogdoches County,64524,30800,33724,39699,18927,20772,11573,5122,6451,11356,5851,5505,1896,900,996
1.0 Scen,2011,347,Nacogdoches County,65365,31283,34082,39896,19053,20843,11741,5222,6519,11769,6072,5697,1959,936,1023
1.0 Scen,2012,347,Nacogdoches County,66188,31773,34415,40078,19185,20893,11884,5311,6573,12197,6299,5898,2029,978,1051
1.0 Scen,2013,347,Nacogdoches County,66983,32228,34755,40201,19279,20922,12048,5402,6646,12640,6533,6107,2094,1014,1080
1.0 Scen,2014,347,Nacogdoches County,67760,32681,35079,40300,19354,20946,12212,5505,6707,13086,6771,6315,2162,1051,1111
1.0 Scen,2015,347,Nacogdoches County,68586,33152,35434,40412,19439,20973,12386,5605,6781,13561,7021,6540,2227,1087,1140
1.0 Scen,2016,347,Nacogdoches County,69514,33657,35857,40576,19537,21039,12579,5717,6862,14062,7281,6781,2297,1122,1175
1.0 Scen,2017,347,Nacogdoches County,70491,34195,36296,40748,19643,21105,12794,5836,6958,14575,7550,7025,2374,1166,1208
1.0 Scen,2018,347,Nacogdoches County,71465,34732,36733,40919,19744,21175,12990,5949,7041,15115,7836,7279,2441,1203,1238
1.0 Scen,2019,347,Nacogdoches County,72466,35273,37193,41089,19847,21242,13193,6062,7131,15655,8115,7540,2529,1249,1280
1.0 Scen,2020,347,Nacogdoches County,73458,35817,37641,41255,19943,21312,13391,6177,7214,16199,8401,7798,2613,1296,1317
1.0 Scen,2021,347,Nacogdoches County,74457,36344,38113,41419,20038,21381,13584,6283,7301,16761,8688,8073,2693,1335,1358
1.0 Scen,2022,347,Nacogdoches County,75489,36913,38576,41574,20136,21438,13772,6398,7374,17351,8991,8360,2792,1388,1404
1.0 Scen,2023,347,Nacogdoches County,76465,37429,39036,41699,20208,21491,13953,6499,7454,17937,9291,8646,2876,1431,1445
1.0 Scen,2024,347,Nacogdoches County,77469,37976,39493,41833,20288,21545,14125,6602,7523,18542,9606,8936,2969,1480,1489
1.0 Scen,2025,347,Nacogdoches County,78484,38518,39966,41967,20370,21597,14292,6698,7594,19158,9924,9234,3067,1526,1541
1.0 Scen,2026,347,Nacogdoches County,79518,39074,40444,42099,20450,21649,14445,6791,7654,19792,10246,9546,3182,1587,1595
1.0 Scen,2027,347,Nacogdoches County,80542,39638,40904,42206,20521,21685,14607,6888,7719,20433,10576,9857,3296,1653,1643
1.0 Scen,2028,347,Nacogdoches County,81556,40199,41357,42292,20584,21708,14752,6981,7771,21094,10917,10177,3418,1717,1701
1.0 Scen,2029,347,Nacogdoches County,82546,40751,41795,42336,20625,21711,14897,7072,7825,21757,11261,10496,3556,1793,1763
1.0 Scen,2030,347,Nacogdoches County,83503,41279,42224,42332,20642,21690,15045,7156,7889,22449,11619,10830,3677,1862,1815
1.0 Scen,2031,347,Nacogdoches County,84467,41807,42660,42320,20655,21665,15188,7243,7945,23151,11979,11172,3808,1930,1878
1.0 Scen,2032,347,Nacogdoches County,85406,42340,43066,42267,20649,21618,15334,7331,8003,23853,12349,11504,3952,2011,1941
1.0 Scen,2033,347,Nacogdoches County,86372,42864,43508,42195,20629,21566,15485,7416,8069,24575,12721,11854,4117,2098,2019
1.0 Scen,2034,347,Nacogdoches County,87314,43393,43921,42113,20602,21511,15628,7503,8125,25295,13099,12196,4278,2189,2089
1.0 Scen,2035,347,Nacogdoches County,88238,43899,44339,42018,20568,21450,15760,7577,8183,26018,13479,12539,4442,2275,2167
1.0 Scen,2036,347,Nacogdoches County,89164,44413,44751,41910,20529,21381,15899,7662,8237,26755,13864,12891,4600,2358,2242
1.0 Scen,2037,347,Nacogdoches County,90099,44938,45161,41788,20482,21306,16029,7742,8287,27502,14257,13245,4780,2457,2323
1.0 Scen,2038,347,Nacogdoches County,91021,45462,45559,41669,20442,21227,16146,7819,8327,28254,14655,13599,4952,2546,2406
1.0 Scen,2039,347,Nacogdoches County,91947,45974,45973,41552,20398,21154,16255,7889,8366,29007,15047,13960,5133,2640,2493
1.0 Scen,2040,347,Nacogdoches County,92853,46485,46368,41421,20346,21075,16355,7958,8397,29755,15438,14317,5322,2743,2579
1.0 Scen,2041,347,Nacogdoches County,93753,46987,46766,41298,20301,20997,16447,8022,8425,30502,15824,14678,5506,2840,2666
1.0 Scen,2042,347,Nacogdoches County,94655,47505,47150,41173,20259,20914,16515,8077,8438,31265,16229,15036,5702,2940,2762
1.0 Scen,2043,347,Nacogdoches County,95557,48020,47537,41041,20218,20823,16605,8138,8467,32013,16621,15392,5898,3043,2855
1.0 Scen,2044,347,Nacogdoches County,96469,48534,47935,40908,20169,20739,16677,8192,8485,32786,17027,15759,6098,3146,2952
1.0 Scen,2045,347,Nacogdoches County,97360,49038,48322,40772,20122,20650,16741,8239,8502,33535,17417,16118,6312,3260,3052
1.0 Scen,2046,347,Nacogdoches County,98265,49561,48704,40644,20079,20565,16793,8283,8510,34294,17819,16475,6534,3380,3154
1.0 Scen,2047,347,Nacogdoches County,99165,50085,49080,40522,20041,20481,16848,8327,8521,35053,18224,16829,6742,3493,3249
1.0 Scen,2048,347,Nacogdoches County,100072,50611,49461,40401,20006,20395,16877,8367,8510,35823,18627,17196,6971,3611,3360
1.0 Scen,2049,347,Nacogdoches County,100967,51131,49836,40275,19967,20308,16910,8400,8510,36586,19034,17552,7196,3730,3466
1.0 Scen,2050,347,Nacogdoches County,101881,51661,50220,40163,19934,20229,16932,8425,8507,37354,19447,17907,7432,3855,3577
1.0 Scen,2010,349,Navarro County,47735,23657,24078,28587,13966,14621,6490,3151,3339,11345,5888,5457,1313,652,661
1.0 Scen,2011,349,Navarro County,48468,24077,24391,28731,14073,14658,6528,3173,3355,11841,6149,5692,1368,682,686
1.0 Scen,2012,349,Navarro County,49203,24492,24711,28887,14179,14708,6533,3174,3359,12357,6423,5934,1426,716,710
1.0 Scen,2013,349,Navarro County,49942,24920,25022,29017,14277,14740,6550,3191,3359,12894,6706,6188,1481,746,735
1.0 Scen,2014,349,Navarro County,50702,25352,25350,29154,14373,14781,6564,3196,3368,13447,7004,6443,1537,779,758
1.0 Scen,2015,349,Navarro County,51464,25784,25680,29265,14453,14812,6571,3204,3367,14020,7307,6713,1608,820,788
1.0 Scen,2016,349,Navarro County,52236,26223,26013,29370,14535,14835,6566,3205,3361,14624,7625,6999,1676,858,818
1.0 Scen,2017,349,Navarro County,53020,26668,26352,29478,14613,14865,6567,3213,3354,15226,7945,7281,1749,897,852
1.0 Scen,2018,349,Navarro County,53811,27110,26701,29579,14683,14896,6564,3218,3346,15847,8271,7576,1821,938,883
1.0 Scen,2019,349,Navarro County,54628,27560,27068,29661,14745,14916,6567,3224,3343,16508,8615,7893,1892,976,916
1.0 Scen,2020,349,Navarro County,55437,28025,27412,29743,14813,14930,6557,3228,3329,17172,8966,8206,1965,1018,947
1.0 Scen,2021,349,Navarro County,56257,28488,27769,29808,14870,14938,6563,3236,3327,17844,9320,8524,2042,1062,980
1.0 Scen,2022,349,Navarro County,57076,28949,28127,29859,14919,14940,6547,3230,3317,18556,9696,8860,2114,1104,1010
1.0 Scen,2023,349,Navarro County,57961,29441,28520,29927,14976,14951,6537,3226,3311,19305,10088,9217,2192,1151,1041
1.0 Scen,2024,349,Navarro County,58809,29919,28890,29950,15009,14941,6509,3215,3294,20067,10491,9576,2283,1204,1079
1.0 Scen,2025,349,Navarro County,59683,30413,29270,29967,15042,14925,6485,3209,3276,20855,10906,9949,2376,1256,1120
1.0 Scen,2026,349,Navarro County,60550,30918,29632,29957,15064,14893,6465,3206,3259,21661,11338,10323,2467,1310,1157
1.0 Scen,2027,349,Navarro County,61463,31433,30030,29938,15081,14857,6453,3199,3254,22503,11783,10720,2569,1370,1199
1.0 Scen,2028,349,Navarro County,62368,31943,30425,29895,15087,14808,6438,3196,3242,23359,12232,11127,2676,1428,1248
1.0 Scen,2029,349,Navarro County,63274,32469,30805,29834,15080,14754,6411,3187,3224,24236,12710,11526,2793,1492,1301
1.0 Scen,2030,349,Navarro County,64176,32995,31181,29756,15070,14686,6384,3176,3208,25128,13188,11940,2908,1561,1347
1.0 Scen,2031,349,Navarro County,65061,33498,31563,29651,15042,14609,6349,3160,3189,26033,13669,12364,3028,1627,1401
1.0 Scen,2032,349,Navarro County,65981,34035,31946,29543,15014,14529,6310,3139,3171,26971,14176,12795,3157,1706,1451
1.0 Scen,2033,349,Navarro County,66910,34577,32333,29416,14977,14439,6277,3128,3149,27924,14689,13235,3293,1783,1510
1.0 Scen,2034,349,Navarro County,67828,35117,32711,29264,14933,14331,6232,3107,3125,28896,15206,13690,3436,1871,1565
1.0 Scen,2035,349,Navarro County,68743,35658,33085,29094,14873,14221,6182,3085,3097,29884,15740,14144,3583,1960,1623
1.0 Scen,2036,349,Navarro County,69668,36197,33471,28908,14807,14101,6129,3064,3065,30902,16284,14618,3729,2042,1687
1.0 Scen,2037,349,Navarro County,70606,36742,33864,28722,14744,13978,6077,3038,3039,31924,16828,15096,3883,2132,1751
1.0 Scen,2038,349,Navarro County,71537,37296,34241,28507,14661,13846,6023,3019,3004,32973,17394,15579,4034,2222,1812
1.0 Scen,2039,349,Navarro County,72484,37858,34626,28267,14568,13699,5979,3003,2976,34040,17970,16070,4198,2317,1881
1.0 Scen,2040,349,Navarro County,73444,38424,35020,28026,14471,13555,5921,2982,2939,35128,18557,16571,4369,2414,1955
1.0 Scen,2041,349,Navarro County,74430,39011,35419,27776,14374,13402,5869,2960,2909,36241,19156,17085,4544,2521,2023
1.0 Scen,2042,349,Navarro County,75420,39579,35841,27505,14260,13245,5804,2932,2872,37375,19762,17613,4736,2625,2111
1.0 Scen,2043,349,Navarro County,76433,40192,36241,27235,14154,13081,5744,2908,2836,38523,20390,18133,4931,2740,2191
1.0 Scen,2044,349,Navarro County,77479,40814,36665,26954,14039,12915,5683,2884,2799,39713,21036,18677,5129,2855,2274
1.0 Scen,2045,349,Navarro County,78536,41435,37101,26674,13921,12753,5606,2847,2759,40925,21692,19233,5331,2975,2356
1.0 Scen,2046,349,Navarro County,79605,42069,37536,26389,13808,12581,5532,2816,2716,42160,22354,19806,5524,3091,2433
1.0 Scen,2047,349,Navarro County,80717,42716,38001,26104,13689,12415,5466,2787,2679,43411,23029,20382,5736,3211,2525
1.0 Scen,2048,349,Navarro County,81837,43384,38453,25820,13577,12243,5386,2751,2635,44689,23721,20968,5942,3335,2607
1.0 Scen,2049,349,Navarro County,82990,44069,38921,25546,13464,12082,5313,2718,2595,45973,24425,21548,6158,3462,2696
1.0 Scen,2050,349,Navarro County,84173,44774,39399,25273,13358,11915,5240,2690,2550,47291,25139,22152,6369,3587,2782
1.0 Scen,2010,351,Newton County,14445,7445,7000,10825,5501,5324,2891,1550,1341,403,235,168,326,159,167
1.0 Scen,2011,351,Newton County,14455,7452,7003,10799,5489,5310,2912,1561,1351,409,239,170,335,163,172
1.0 Scen,2012,351,Newton County,14444,7464,6980,10745,5478,5267,2939,1575,1364,416,243,173,344,168,176
1.0 Scen,2013,351,Newton County,14440,7465,6975,10707,5461,5246,2959,1587,1372,425,247,178,349,170,179
1.0 Scen,2014,351,Newton County,14440,7475,6965,10670,5447,5223,2977,1600,1377,433,251,182,360,177,183
1.0 Scen,2015,351,Newton County,14431,7475,6956,10634,5428,5206,2985,1608,1377,442,256,186,370,183,187
1.0 Scen,2016,351,Newton County,14409,7472,6937,10586,5410,5176,2992,1612,1380,451,261,190,380,189,191
1.0 Scen,2017,351,Newton County,14388,7477,6911,10535,5396,5139,3002,1621,1381,461,266,195,390,194,196
1.0 Scen,2018,351,Newton County,14374,7481,6893,10482,5377,5105,3019,1630,1389,471,272,199,402,202,200
1.0 Scen,2019,351,Newton County,14341,7473,6868,10428,5355,5073,3022,1633,1389,482,278,204,409,207,202
1.0 Scen,2020,351,Newton County,14314,7470,6844,10372,5334,5038,3031,1639,1392,493,284,209,418,213,205
1.0 Scen,2021,351,Newton County,14271,7462,6809,10307,5312,4995,3041,1645,1396,503,291,212,420,214,206
1.0 Scen,2022,351,Newton County,14256,7460,6796,10259,5292,4967,3051,1650,1401,516,298,218,430,220,210
1.0 Scen,2023,351,Newton County,14212,7445,6767,10183,5261,4922,3060,1653,1407,529,305,224,440,226,214
1.0 Scen,2024,351,Newton County,14163,7428,6735,10116,5235,4881,3060,1652,1408,542,312,230,445,229,216
1.0 Scen,2025,351,Newton County,14114,7411,6703,10043,5203,4840,3059,1651,1408,554,319,235,458,238,220
1.0 Scen,2026,351,Newton County,14051,7390,6661,9973,5175,4798,3049,1646,1403,565,326,239,464,243,221
1.0 Scen,2027,351,Newton County,13983,7364,6619,9886,5137,4749,3052,1648,1404,574,332,242,471,247,224
1.0 Scen,2028,351,Newton County,13902,7328,6574,9801,5095,4706,3045,1646,1399,583,338,245,473,249,224
1.0 Scen,2029,351,Newton County,13802,7291,6511,9703,5054,4649,3022,1636,1386,594,344,250,483,257,226
1.0 Scen,2030,351,Newton County,13723,7261,6462,9621,5018,4603,3008,1631,1377,604,350,254,490,262,228
1.0 Scen,2031,351,Newton County,13647,7236,6411,9533,4983,4550,3002,1631,1371,613,355,258,499,267,232
1.0 Scen,2032,351,Newton County,13542,7191,6351,9437,4942,4495,2978,1618,1360,620,356,264,507,275,232
1.0 Scen,2033,351,Newton County,13439,7144,6295,9349,4905,4444,2953,1605,1348,622,355,267,515,279,236
1.0 Scen,2034,351,Newton County,13318,7104,6214,9243,4862,4381,2932,1597,1335,621,360,261,522,285,237
1.0 Scen,2035,351,Newton County,13214,7063,6151,9145,4819,4326,2909,1587,1322,627,363,264,533,294,239
1.0 Scen,2036,351,Newton County,13107,7027,6080,9045,4777,4268,2889,1584,1305,631,366,265,542,300,242
1.0 Scen,2037,351,Newton County,13000,6981,6019,8939,4729,4210,2875,1577,1298,634,368,266,552,307,245
1.0 Scen,2038,351,Newton County,12888,6932,5956,8837,4684,4153,2855,1570,1285,639,369,270,557,309,248
1.0 Scen,2039,351,Newton County,12770,6882,5888,8735,4643,4092,2830,1557,1273,643,371,272,562,311,251
1.0 Scen,2040,351,Newton County,12645,6831,5814,8619,4592,4027,2809,1551,1258,646,372,274,571,316,255
1.0 Scen,2041,351,Newton County,12534,6781,5753,8523,4549,3974,2779,1531,1248,649,375,274,583,326,257
1.0 Scen,2042,351,Newton County,12418,6731,5687,8404,4492,3912,2761,1525,1236,658,380,278,595,334,261
1.0 Scen,2043,351,Newton County,12309,6692,5617,8301,4447,3854,2739,1520,1219,665,384,281,604,341,263
1.0 Scen,2044,351,Newton County,12205,6652,5553,8201,4406,3795,2722,1513,1209,670,387,283,612,346,266
1.0 Scen,2045,351,Newton County,12105,6607,5498,8100,4357,3743,2702,1504,1198,678,390,288,625,356,269
1.0 Scen,2046,351,Newton County,11989,6562,5427,7996,4311,3685,2676,1491,1185,685,394,291,632,366,266
1.0 Scen,2047,351,Newton County,11867,6506,5361,7880,4260,3620,2656,1477,1179,694,398,296,637,371,266
1.0 Scen,2048,351,Newton County,11775,6463,5312,7790,4219,3571,2639,1470,1169,698,397,301,648,377,271
1.0 Scen,2049,351,Newton County,11683,6426,5257,7695,4175,3520,2623,1467,1156,704,400,304,661,384,277
1.0 Scen,2050,351,Newton County,11573,6374,5199,7588,4124,3464,2603,1457,1146,710,402,308,672,391,281
1.0 Scen,2010,353,Nolan County,15216,7561,7655,9191,4580,4611,666,334,332,5103,2519,2584,256,128,128
1.0 Scen,2011,353,Nolan County,15331,7632,7699,9202,4593,4609,674,340,334,5195,2568,2627,260,131,129
1.0 Scen,2012,353,Nolan County,15411,7692,7719,9185,4602,4583,683,344,339,5278,2613,2665,265,133,132
1.0 Scen,2013,353,Nolan County,15498,7755,7743,9168,4605,4563,688,348,340,5373,2667,2706,269,135,134
1.0 Scen,2014,353,Nolan County,15599,7824,7775,9166,4611,4555,697,354,343,5460,2719,2741,276,140,136
1.0 Scen,2015,353,Nolan County,15690,7886,7804,9162,4617,4545,702,357,345,5545,2769,2776,281,143,138
1.0 Scen,2016,353,Nolan County,15789,7944,7845,9158,4618,4540,712,363,349,5634,2817,2817,285,146,139
1.0 Scen,2017,353,Nolan County,15883,8010,7873,9147,4624,4523,723,368,355,5723,2869,2854,290,149,141
1.0 Scen,2018,353,Nolan County,15985,8082,7903,9145,4638,4507,731,373,358,5812,2918,2894,297,153,144
1.0 Scen,2019,353,Nolan County,16082,8147,7935,9136,4641,4495,740,379,361,5905,2971,2934,301,156,145
1.0 Scen,2020,353,Nolan County,16176,8214,7962,9119,4644,4475,745,382,363,6006,3029,2977,306,159,147
1.0 Scen,2021,353,Nolan County,16258,8265,7993,9092,4634,4458,751,386,365,6103,3084,3019,312,161,151
1.0 Scen,2022,353,Nolan County,16331,8323,8008,9067,4635,4432,755,389,366,6195,3137,3058,314,162,152
1.0 Scen,2023,353,Nolan County,16417,8387,8030,9052,4636,4416,764,395,369,6281,3191,3090,320,165,155
1.0 Scen,2024,353,Nolan County,16491,8448,8043,9024,4635,4389,774,400,374,6369,3246,3123,324,167,157
1.0 Scen,2025,353,Nolan County,16557,8489,8068,8994,4625,4369,783,405,378,6453,3289,3164,327,170,157
1.0 Scen,2026,353,Nolan County,16625,8541,8084,8966,4620,4346,792,409,383,6534,3338,3196,333,174,159
1.0 Scen,2027,353,Nolan County,16691,8594,8097,8932,4611,4321,796,414,382,6624,3391,3233,339,178,161
1.0 Scen,2028,353,Nolan County,16737,8631,8106,8900,4604,4296,787,410,377,6709,3437,3272,341,180,161
1.0 Scen,2029,353,Nolan County,16794,8674,8120,8862,4590,4272,784,410,374,6801,3490,3311,347,184,163
1.0 Scen,2030,353,Nolan County,16833,8704,8129,8815,4570,4245,778,408,370,6888,3540,3348,352,186,166
1.0 Scen,2031,353,Nolan County,16875,8753,8122,8777,4565,4212,776,409,367,6967,3592,3375,355,187,168
1.0 Scen,2032,353,Nolan County,16894,8774,8120,8725,4544,4181,768,404,364,7041,3636,3405,360,190,170
1.0 Scen,2033,353,Nolan County,16912,8802,8110,8663,4521,4142,769,406,363,7115,3683,3432,365,192,173
1.0 Scen,2034,353,Nolan County,16939,8836,8103,8618,4507,4111,767,407,360,7184,3728,3456,370,194,176
1.0 Scen,2035,353,Nolan County,16944,8851,8093,8555,4480,4075,765,404,361,7250,3769,3481,374,198,176
1.0 Scen,2036,353,Nolan County,16940,8868,8072,8491,4456,4035,765,405,360,7306,3806,3500,378,201,177
1.0 Scen,2037,353,Nolan County,16924,8875,8049,8421,4427,3994,760,403,357,7359,3841,3518,384,204,180
1.0 Scen,2038,353,Nolan County,16923,8895,8028,8362,4405,3957,758,402,356,7414,3882,3532,389,206,183
1.0 Scen,2039,353,Nolan County,16905,8897,8008,8291,4378,3913,754,399,355,7469,3914,3555,391,206,185
1.0 Scen,2040,353,Nolan County,16876,8900,7976,8221,4351,3870,749,396,353,7512,3945,3567,394,208,186
1.0 Scen,2041,353,Nolan County,16844,8899,7945,8141,4318,3823,747,395,352,7556,3976,3580,400,210,190
1.0 Scen,2042,353,Nolan County,16828,8910,7918,8075,4294,3781,739,393,346,7606,4009,3597,408,214,194
1.0 Scen,2043,353,Nolan County,16802,8916,7886,7999,4267,3732,738,393,345,7651,4039,3612,414,217,197
1.0 Scen,2044,353,Nolan County,16763,8919,7844,7927,4237,3690,732,389,343,7682,4072,3610,422,221,201
1.0 Scen,2045,353,Nolan County,16735,8924,7811,7849,4211,3638,724,385,339,7735,4104,3631,427,224,203
1.0 Scen,2046,353,Nolan County,16697,8930,7767,7780,4182,3598,719,385,334,7774,4136,3638,424,227,197
1.0 Scen,2047,353,Nolan County,16649,8926,7723,7700,4153,3547,710,379,331,7811,4165,3646,428,229,199
1.0 Scen,2048,353,Nolan County,16615,8918,7697,7627,4119,3508,707,376,331,7849,4193,3656,432,230,202
1.0 Scen,2049,353,Nolan County,16593,8933,7660,7559,4095,3464,705,378,327,7893,4227,3666,436,233,203
1.0 Scen,2050,353,Nolan County,16548,8923,7625,7497,4065,3432,701,377,324,7916,4250,3666,434,231,203
1.0 Scen,2010,355,Nueces County,340223,167038,173185,111870,55804,56066,12178,6239,5939,206293,100452,105841,9882,4543,5339
1.0 Scen,2011,355,Nueces County,343700,168881,174819,110978,55413,55565,12256,6291,5965,210195,102448,107747,10271,4729,5542
1.0 Scen,2012,355,Nueces County,347209,170813,176396,110130,55062,55068,12307,6339,5968,214107,104497,109610,10665,4915,5750
1.0 Scen,2013,355,Nueces County,350748,172686,178062,109214,54651,54563,12362,6378,5984,218115,106554,111561,11057,5103,5954
1.0 Scen,2014,355,Nueces County,354358,174658,179700,108256,54232,54024,12419,6420,5999,222221,108711,113510,11462,5295,6167
1.0 Scen,2015,355,Nueces County,357888,176557,181331,107264,53795,53469,12461,6455,6006,226268,110804,115464,11895,5503,6392
1.0 Scen,2016,355,Nueces County,361555,178553,183002,106261,53330,52931,12526,6498,6028,230431,113009,117422,12337,5716,6621
1.0 Scen,2017,355,Nueces County,365275,180576,184699,105207,52854,52353,12574,6535,6039,234733,115266,119467,12761,5921,6840
1.0 Scen,2018,355,Nueces County,369142,182628,186514,104178,52390,51788,12638,6566,6072,239085,117524,121561,13241,6148,7093
1.0 Scen,2019,355,Nueces County,372883,184686,188197,103129,51907,51222,12691,6608,6083,243355,119802,123553,13708,6369,7339
1.0 Scen,2020,355,Nueces County,376623,186699,189924,102061,51413,50648,12752,6642,6110,247622,122040,125582,14188,6604,7584
1.0 Scen,2021,355,Nueces County,380654,188866,191788,101001,50920,50081,12794,6665,6129,252171,124440,127731,14688,6841,7847
1.0 Scen,2022,355,Nueces County,384571,190966,193605,99941,50434,49507,12845,6698,6147,256603,126751,129852,15182,7083,8099
1.0 Scen,2023,355,Nueces County,388426,193120,195306,98843,49921,48922,12884,6724,6160,261011,129140,131871,15688,7335,8353
1.0 Scen,2024,355,Nueces County,392255,195177,197078,97732,49402,48330,12899,6740,6159,265378,131429,133949,16246,7606,8640
1.0 Scen,2025,355,Nueces County,396093,197269,198824,96601,48864,47737,12926,6751,6175,269775,133788,135987,16791,7866,8925
1.0 Scen,2026,355,Nueces County,399877,199289,200588,95430,48304,47126,12940,6762,6178,274120,136072,138048,17387,8151,9236
1.0 Scen,2027,355,Nueces County,403476,201240,202236,94244,47744,46500,12947,6772,6175,278311,138293,140018,17974,8431,9543
1.0 Scen,2028,355,Nueces County,406999,203185,203814,93014,47159,45855,12944,6771,6173,282471,140540,141931,18570,8715,9855
1.0 Scen,2029,355,Nueces County,410370,205075,205295,91728,46548,45180,12928,6770,6158,286529,142737,143792,19185,9020,10165
1.0 Scen,2030,355,Nueces County,413594,206858,206736,90416,45919,44497,12916,6763,6153,290447,144850,145597,19815,9326,10489
1.0 Scen,2031,355,Nueces County,416706,208577,208129,89101,45291,43810,12898,6754,6144,294251,146902,147349,20456,9630,10826
1.0 Scen,2032,355,Nueces County,419609,210201,209408,87751,44651,43100,12867,6739,6128,297879,148861,149018,21112,9950,11162
1.0 Scen,2033,355,Nueces County,422416,211798,210618,86393,44004,42389,12832,6721,6111,301424,150812,150612,21767,10261,11506
1.0 Scen,2034,355,Nueces County,425061,213317,211744,85020,43344,41676,12790,6700,6090,304809,152682,152127,22442,10591,11851
1.0 Scen,2035,355,Nueces County,427578,214763,212815,83636,42675,40961,12736,6672,6064,308077,154497,153580,23129,10919,12210
1.0 Scen,2036,355,Nueces County,429978,216164,213814,82249,42014,40235,12662,6633,6029,311234,156251,154983,23833,11266,12567
1.0 Scen,2037,355,Nueces County,432288,217542,214746,80859,41349,39510,12621,6619,6002,314264,157962,156302,24544,11612,12932
1.0 Scen,2038,355,Nueces County,434465,218834,215631,79471,40688,38783,12541,6577,5964,317184,159612,157572,25269,11957,13312
1.0 Scen,2039,355,Nueces County,436551,220107,216444,78082,40023,38059,12462,6542,5920,319991,161225,158766,26016,12317,13699
1.0 Scen,2040,355,Nueces County,438565,221352,217213,76706,39368,37338,12374,6503,5871,322711,162795,159916,26774,12686,14088
1.0 Scen,2041,355,Nueces County,440515,222569,217946,75340,38715,36625,12299,6473,5826,325333,164326,161007,27543,13055,14488
1.0 Scen,2042,355,Nueces County,442392,223756,218636,73990,38070,35920,12217,6435,5782,327861,165819,162042,28324,13432,14892
1.0 Scen,2043,355,Nueces County,444226,224933,219293,72656,37436,35220,12123,6392,5731,330306,167282,163024,29141,13823,15318
1.0 Scen,2044,355,Nueces County,445992,226078,219914,71338,36808,34530,12030,6346,5684,332665,168704,163961,29959,14220,15739
1.0 Scen,2045,355,Nueces County,447701,227189,220512,70030,36179,33851,11927,6299,5628,334932,170086,164846,30812,14625,16187
1.0 Scen,2046,355,Nueces County,449414,228313,221101,68755,35568,33187,11826,6255,5571,337137,171441,165696,31696,15049,16647
1.0 Scen,2047,355,Nueces County,451043,229409,221634,67488,34964,32524,11726,6209,5517,339247,172764,166483,32582,15472,17110
1.0 Scen,2048,355,Nueces County,452648,230509,222139,66264,34382,31882,11620,6164,5456,341269,174052,167217,33495,15911,17584
1.0 Scen,2049,355,Nueces County,454201,231573,222628,65062,33802,31260,11516,6116,5400,343204,175301,167903,34419,16354,18065
1.0 Scen,2050,355,Nueces County,455730,232636,223094,63901,33248,30653,11409,6068,5341,345060,176515,168545,35360,16805,18555
1.0 Scen,2010,357,Ochiltree County,10223,5237,4986,5062,2492,2570,19,8,11,4982,2661,2321,160,76,84
1.0 Scen,2011,357,Ochiltree County,10461,5372,5089,5079,2506,2573,19,8,11,5201,2781,2420,162,77,85
1.0 Scen,2012,357,Ochiltree County,10708,5512,5196,5096,2521,2575,19,8,11,5430,2906,2524,163,77,86
1.0 Scen,2013,357,Ochiltree County,10938,5650,5288,5090,2529,2561,19,8,11,5664,3035,2629,165,78,87
1.0 Scen,2014,357,Ochiltree County,11168,5792,5376,5084,2543,2541,19,8,11,5897,3162,2735,168,79,89
1.0 Scen,2015,357,Ochiltree County,11410,5929,5481,5076,2540,2536,19,8,11,6143,3299,2844,172,82,90
1.0 Scen,2016,357,Ochiltree County,11667,6070,5597,5071,2539,2532,19,8,11,6402,3439,2963,175,84,91
1.0 Scen,2017,357,Ochiltree County,11930,6221,5709,5069,2542,2527,19,8,11,6664,3585,3079,178,86,92
1.0 Scen,2018,357,Ochiltree County,12190,6369,5821,5065,2544,2521,19,8,11,6925,3729,3196,181,88,93
1.0 Scen,2019,357,Ochiltree County,12454,6527,5927,5046,2541,2505,19,8,11,7205,3889,3316,184,89,95
1.0 Scen,2020,357,Ochiltree County,12755,6706,6049,5042,2549,2493,19,8,11,7508,4058,3450,186,91,95
1.0 Scen,2021,357,Ochiltree County,13053,6877,6176,5041,2554,2487,19,8,11,7804,4222,3582,189,93,96
1.0 Scen,2022,357,Ochiltree County,13362,7058,6304,5028,2553,2475,19,8,11,8123,4402,3721,192,95,97
1.0 Scen,2023,357,Ochiltree County,13685,7245,6440,5019,2558,2461,19,8,11,8450,4582,3868,197,97,100
1.0 Scen,2024,357,Ochiltree County,14010,7435,6575,5010,2564,2446,20,8,12,8778,4764,4014,202,99,103
1.0 Scen,2025,357,Ochiltree County,14367,7638,6729,5009,2568,2441,21,9,12,9134,4962,4172,203,99,104
1.0 Scen,2026,357,Ochiltree County,14719,7842,6877,4994,2567,2427,22,9,13,9496,5165,4331,207,101,106
1.0 Scen,2027,357,Ochiltree County,15082,8048,7034,4983,2569,2414,23,10,13,9868,5366,4502,208,103,105
1.0 Scen,2028,357,Ochiltree County,15454,8258,7196,4972,2569,2403,24,10,14,10246,5574,4672,212,105,107
1.0 Scen,2029,357,Ochiltree County,15829,8482,7347,4958,2571,2387,25,11,14,10633,5793,4840,213,107,106
1.0 Scen,2030,357,Ochiltree County,16203,8694,7509,4933,2564,2369,26,11,15,11029,6010,5019,215,109,106
1.0 Scen,2031,357,Ochiltree County,16596,8921,7675,4919,2568,2351,26,11,15,11435,6232,5203,216,110,106
1.0 Scen,2032,357,Ochiltree County,16986,9138,7848,4902,2564,2338,26,11,15,11839,6451,5388,219,112,107
1.0 Scen,2033,357,Ochiltree County,17391,9368,8023,4877,2561,2316,26,11,15,12267,6684,5583,221,112,109
1.0 Scen,2034,357,Ochiltree County,17784,9583,8201,4855,2558,2297,26,11,15,12680,6902,5778,223,112,111
1.0 Scen,2035,357,Ochiltree County,18188,9813,8375,4847,2561,2286,26,11,15,13089,7127,5962,226,114,112
1.0 Scen,2036,357,Ochiltree County,18595,10038,8557,4823,2556,2267,26,11,15,13517,7356,6161,229,115,114
1.0 Scen,2037,357,Ochiltree County,19006,10268,8738,4799,2547,2252,26,11,15,13949,7594,6355,232,116,116
1.0 Scen,2038,357,Ochiltree County,19426,10498,8928,4771,2534,2237,26,11,15,14394,7836,6558,235,117,118
1.0 Scen,2039,357,Ochiltree County,19864,10754,9110,4754,2538,2216,26,11,15,14848,8086,6762,236,119,117
1.0 Scen,2040,357,Ochiltree County,20295,11003,9292,4726,2532,2194,26,11,15,15306,8343,6963,237,117,120
1.0 Scen,2041,357,Ochiltree County,20732,11255,9477,4698,2523,2175,26,11,15,15768,8603,7165,240,118,122
1.0 Scen,2042,357,Ochiltree County,21174,11517,9657,4675,2517,2158,26,11,15,16232,8871,7361,241,118,123
1.0 Scen,2043,357,Ochiltree County,21628,11782,9846,4649,2510,2139,26,11,15,16711,9143,7568,242,118,124
1.0 Scen,2044,357,Ochiltree County,22077,12046,10031,4614,2500,2114,26,11,15,17194,9416,7778,243,119,124
1.0 Scen,2045,357,Ochiltree County,22534,12307,10227,4590,2491,2099,26,11,15,17675,9685,7990,243,120,123
1.0 Scen,2046,357,Ochiltree County,22996,12584,10412,4557,2480,2077,26,11,15,18179,9976,8203,234,117,117
1.0 Scen,2047,357,Ochiltree County,23463,12853,10610,4528,2469,2059,26,11,15,18678,10259,8419,231,114,117
1.0 Scen,2048,357,Ochiltree County,23941,13130,10811,4501,2463,2038,26,11,15,19185,10546,8639,229,110,119
1.0 Scen,2049,357,Ochiltree County,24427,13412,11015,4469,2455,2014,26,11,15,19701,10836,8865,231,110,121
1.0 Scen,2050,357,Ochiltree County,24935,13700,11235,4443,2447,1996,26,11,15,20236,11132,9104,230,110,120
1.0 Scen,2010,359,Oldham County,2052,1035,1017,1699,865,834,60,29,31,243,122,121,50,19,31
1.0 Scen,2011,359,Oldham County,2071,1046,1025,1715,874,841,60,29,31,246,124,122,50,19,31
1.0 Scen,2012,359,Oldham County,2084,1055,1029,1724,881,843,61,29,32,249,126,123,50,19,31
1.0 Scen,2013,359,Oldham County,2098,1064,1034,1732,886,846,62,30,32,254,129,125,50,19,31
1.0 Scen,2014,359,Oldham County,2111,1073,1038,1738,892,846,62,29,33,261,133,128,50,19,31
1.0 Scen,2015,359,Oldham County,2128,1082,1046,1746,895,851,64,30,34,268,138,130,50,19,31
1.0 Scen,2016,359,Oldham County,2146,1098,1048,1753,903,850,66,31,35,277,145,132,50,19,31
1.0 Scen,2017,359,Oldham County,2165,1111,1054,1758,905,853,68,32,36,288,154,134,51,20,31
1.0 Scen,2018,359,Oldham County,2192,1132,1060,1769,914,855,71,34,37,300,164,136,52,20,32
1.0 Scen,2019,359,Oldham County,2210,1147,1063,1772,917,855,73,35,38,312,174,138,53,21,32
1.0 Scen,2020,359,Oldham County,2233,1159,1074,1779,917,862,75,36,39,325,185,140,54,21,33
1.0 Scen,2021,359,Oldham County,2258,1184,1074,1788,929,859,77,37,40,339,197,142,54,21,33
1.0 Scen,2022,359,Oldham County,2282,1202,1080,1794,933,861,79,38,41,354,210,144,55,21,34
1.0 Scen,2023,359,Oldham County,2302,1218,1084,1797,934,863,81,39,42,367,222,145,57,23,34
1.0 Scen,2024,359,Oldham County,2325,1236,1089,1806,940,866,83,40,43,378,233,145,58,23,35
1.0 Scen,2025,359,Oldham County,2342,1253,1089,1807,943,864,85,41,44,391,245,146,59,24,35
1.0 Scen,2026,359,Oldham County,2364,1265,1099,1812,942,870,87,42,45,405,257,148,60,24,36
1.0 Scen,2027,359,Oldham County,2379,1275,1104,1816,943,873,88,42,46,414,265,149,61,25,36
1.0 Scen,2028,359,Oldham County,2388,1284,1104,1810,941,869,90,43,47,427,276,151,61,24,37
1.0 Scen,2029,359,Oldham County,2396,1296,1100,1805,940,865,91,44,47,438,287,151,62,25,37
1.0 Scen,2030,359,Oldham County,2404,1301,1103,1803,938,865,92,44,48,447,294,153,62,25,37
1.0 Scen,2031,359,Oldham County,2411,1310,1101,1799,938,861,93,45,48,456,301,155,63,26,37
1.0 Scen,2032,359,Oldham County,2410,1309,1101,1794,934,860,94,45,49,459,304,155,63,26,37
1.0 Scen,2033,359,Oldham County,2405,1314,1091,1782,931,851,95,46,49,465,310,155,63,27,36
1.0 Scen,2034,359,Oldham County,2409,1326,1083,1779,939,840,96,46,50,470,314,156,64,27,37
1.0 Scen,2035,359,Oldham County,2405,1330,1075,1773,940,833,95,46,49,472,316,156,65,28,37
1.0 Scen,2036,359,Oldham County,2391,1320,1071,1758,930,828,96,46,50,472,316,156,65,28,37
1.0 Scen,2037,359,Oldham County,2378,1322,1056,1746,932,814,97,47,50,471,316,155,64,27,37
1.0 Scen,2038,359,Oldham County,2369,1320,1049,1738,929,809,97,47,50,472,318,154,62,26,36
1.0 Scen,2039,359,Oldham County,2366,1320,1046,1733,927,806,98,48,50,473,319,154,62,26,36
1.0 Scen,2040,359,Oldham County,2357,1315,1042,1724,924,800,96,45,51,475,320,155,62,26,36
1.0 Scen,2041,359,Oldham County,2346,1312,1034,1711,920,791,97,46,51,476,320,156,62,26,36
1.0 Scen,2042,359,Oldham County,2344,1315,1029,1706,920,786,97,46,51,480,323,157,61,26,35
1.0 Scen,2043,359,Oldham County,2344,1318,1026,1699,916,783,97,47,50,487,329,158,61,26,35
1.0 Scen,2044,359,Oldham County,2335,1320,1015,1687,915,772,98,47,51,490,332,158,60,26,34
1.0 Scen,2045,359,Oldham County,2328,1320,1008,1676,910,766,99,48,51,494,337,157,59,25,34
1.0 Scen,2046,359,Oldham County,2323,1324,999,1667,909,758,99,48,51,499,343,156,58,24,34
1.0 Scen,2047,359,Oldham County,2328,1332,996,1666,911,755,100,49,51,504,348,156,58,24,34
1.0 Scen,2048,359,Oldham County,2312,1325,987,1651,902,749,100,49,51,505,352,153,56,22,34
1.0 Scen,2049,359,Oldham County,2311,1332,979,1647,904,743,100,49,51,508,356,152,56,23,33
1.0 Scen,2050,359,Oldham County,2309,1337,972,1646,909,737,100,49,51,508,356,152,55,23,32
1.0 Scen,2010,361,Orange County,81837,40708,41129,67895,33669,34226,6922,3347,3575,4766,2566,2200,2254,1126,1128
1.0 Scen,2011,361,Orange County,82543,41102,41441,68150,33827,34323,7047,3407,3640,5005,2696,2309,2341,1172,1169
1.0 Scen,2012,361,Orange County,83198,41470,41728,68374,33971,34403,7145,3453,3692,5243,2826,2417,2436,1220,1216
1.0 Scen,2013,361,Orange County,83866,41848,42018,68591,34110,34481,7239,3498,3741,5505,2968,2537,2531,1272,1259
1.0 Scen,2014,361,Orange County,84496,42219,42277,68753,34235,34518,7344,3545,3799,5776,3117,2659,2623,1322,1301
1.0 Scen,2015,361,Orange County,85098,42570,42528,68887,34337,34550,7431,3593,3838,6048,3263,2785,2732,1377,1355
1.0 Scen,2016,361,Orange County,85684,42920,42764,68978,34425,34553,7526,3644,3882,6345,3422,2923,2835,1429,1406
1.0 Scen,2017,361,Orange County,86261,43267,42994,69035,34497,34538,7625,3696,3929,6653,3588,3065,2948,1486,1462
1.0 Scen,2018,361,Orange County,86836,43607,43229,69077,34557,34520,7742,3753,3989,6963,3757,3206,3054,1540,1514
1.0 Scen,2019,361,Orange County,87429,43963,43466,69111,34616,34495,7842,3803,4039,7304,3936,3368,3172,1608,1564
1.0 Scen,2020,361,Orange County,88026,44315,43711,69125,34659,34466,7946,3848,4098,7667,4138,3529,3288,1670,1618
1.0 Scen,2021,361,Orange County,88623,44664,43959,69140,34710,34430,8049,3898,4151,8033,4331,3702,3401,1725,1676
1.0 Scen,2022,361,Orange County,89239,45029,44210,69132,34737,34395,8154,3949,4205,8424,4544,3880,3529,1799,1730
1.0 Scen,2023,361,Orange County,89831,45386,44445,69094,34758,34336,8256,4004,4252,8823,4756,4067,3658,1868,1790
1.0 Scen,2024,361,Orange County,90433,45745,44688,69050,34781,34269,8364,4054,4310,9226,4967,4259,3793,1943,1850
1.0 Scen,2025,361,Orange County,91033,46108,44925,68973,34787,34186,8473,4107,4366,9660,5199,4461,3927,2015,1912
1.0 Scen,2026,361,Orange County,91654,46475,45179,68909,34795,34114,8568,4150,4418,10102,5433,4669,4075,2097,1978
1.0 Scen,2027,361,Orange County,92271,46841,45430,68797,34783,34014,8668,4204,4464,10586,5683,4903,4220,2171,2049
1.0 Scen,2028,361,Orange County,92879,47212,45667,68664,34758,33906,8768,4256,4512,11064,5937,5127,4383,2261,2122
1.0 Scen,2029,361,Orange County,93475,47576,45899,68504,34723,33781,8851,4299,4552,11576,6204,5372,4544,2350,2194
1.0 Scen,2030,361,Orange County,94084,47939,46145,68339,34686,33653,8918,4334,4584,12105,6473,5632,4722,2446,2276
1.0 Scen,2031,361,Orange County,94679,48295,46384,68150,34630,33520,8987,4371,4616,12649,6756,5893,4893,2538,2355
1.0 Scen,2032,361,Orange County,95293,48672,46621,67942,34571,33371,9055,4408,4647,13208,7048,6160,5088,2645,2443
1.0 Scen,2033,361,Orange County,95874,49035,46839,67695,34494,33201,9115,4441,4674,13795,7350,6445,5269,2750,2519
1.0 Scen,2034,361,Orange County,96456,49380,47076,67436,34410,33026,9173,4461,4712,14393,7659,6734,5454,2850,2604
1.0 Scen,2035,361,Orange County,97027,49741,47286,67147,34313,32834,9232,4493,4739,15007,7982,7025,5641,2953,2688
1.0 Scen,2036,361,Orange County,97610,50110,47500,66846,34215,32631,9277,4523,4754,15654,8317,7337,5833,3055,2778
1.0 Scen,2037,361,Orange County,98155,50453,47702,66505,34091,32414,9316,4546,4770,16305,8655,7650,6029,3161,2868
1.0 Scen,2038,361,Orange County,98730,50811,47919,66156,33964,32192,9354,4564,4790,16991,9009,7982,6229,3274,2955
1.0 Scen,2039,361,Orange County,99277,51174,48103,65772,33825,31947,9384,4587,4797,17681,9374,8307,6440,3388,3052
1.0 Scen,2040,361,Orange County,99829,51534,48295,65368,33682,31686,9403,4598,4805,18396,9749,8647,6662,3505,3157
1.0 Scen,2041,361,Orange County,100376,51875,48501,64948,33512,31436,9413,4607,4806,19134,10130,9004,6881,3626,3255
1.0 Scen,2042,361,Orange County,100938,52241,48697,64515,33345,31170,9419,4621,4798,19901,10528,9373,7103,3747,3356
1.0 Scen,2043,361,Orange County,101485,52582,48903,64053,33160,30893,9429,4623,4806,20674,10931,9743,7329,3868,3461
1.0 Scen,2044,361,Orange County,101998,52915,49083,63581,32975,30606,9411,4619,4792,21466,11340,10126,7540,3981,3559
1.0 Scen,2045,361,Orange County,102606,53294,49312,63101,32784,30317,9414,4621,4793,22296,11772,10524,7795,4117,3678
1.0 Scen,2046,361,Orange County,103176,53670,49506,62618,32594,30024,9397,4616,4781,23133,12215,10918,8028,4245,3783
1.0 Scen,2047,361,Orange County,103784,54050,49734,62131,32395,29736,9386,4616,4770,23992,12662,11330,8275,4377,3898
1.0 Scen,2048,361,Orange County,104412,54442,49970,61634,32192,29442,9369,4614,4755,24876,13121,11755,8533,4515,4018
1.0 Scen,2049,361,Orange County,105041,54847,50194,61128,31986,29142,9350,4615,4735,25757,13584,12173,8806,4662,4144
1.0 Scen,2050,361,Orange County,105721,55270,50451,60628,31785,28843,9332,4612,4720,26690,14068,12622,9071,4805,4266
1.0 Scen,2010,363,Palo Pinto County,28111,13811,14300,21958,10688,11270,597,305,292,4985,2535,2450,571,283,288
1.0 Scen,2011,363,Palo Pinto County,28464,14012,14452,22117,10786,11331,603,311,292,5163,2626,2537,581,289,292
1.0 Scen,2012,363,Palo Pinto County,28824,14201,14623,22286,10873,11413,611,317,294,5336,2715,2621,591,296,295
1.0 Scen,2013,363,Palo Pinto County,29183,14398,14785,22446,10965,11481,617,322,295,5518,2811,2707,602,300,302
1.0 Scen,2014,363,Palo Pinto County,29555,14612,14943,22618,11069,11549,622,327,295,5704,2912,2792,611,304,307
1.0 Scen,2015,363,Palo Pinto County,29914,14810,15104,22764,11155,11609,628,332,296,5899,3012,2887,623,311,312
1.0 Scen,2016,363,Palo Pinto County,30285,15010,15275,22912,11245,11667,635,337,298,6103,3112,2991,635,316,319
1.0 Scen,2017,363,Palo Pinto County,30638,15206,15432,23041,11325,11716,640,340,300,6314,3222,3092,643,319,324
1.0 Scen,2018,363,Palo Pinto County,30988,15402,15586,23169,11399,11770,646,344,302,6522,3334,3188,651,325,326
1.0 Scen,2019,363,Palo Pinto County,31338,15598,15740,23290,11473,11817,648,347,301,6746,3450,3296,654,328,326
1.0 Scen,2020,363,Palo Pinto County,31708,15804,15904,23409,11543,11866,652,350,302,6986,3579,3407,661,332,329
1.0 Scen,2021,363,Palo Pinto County,32073,16009,16064,23519,11615,11904,660,356,304,7227,3704,3523,667,334,333
1.0 Scen,2022,363,Palo Pinto County,32423,16208,16215,23621,11684,11937,664,358,306,7469,3828,3641,669,338,331
1.0 Scen,2023,363,Palo Pinto County,32785,16408,16377,23707,11739,11968,667,361,306,7739,3967,3772,672,341,331
1.0 Scen,2024,363,Palo Pinto County,33108,16595,16513,23779,11789,11990,674,366,308,7983,4096,3887,672,344,328
1.0 Scen,2025,363,Palo Pinto County,33448,16787,16661,23844,11837,12007,683,370,313,8243,4233,4010,678,347,331
1.0 Scen,2026,363,Palo Pinto County,33749,16951,16798,23879,11863,12016,685,370,315,8502,4366,4136,683,352,331
1.0 Scen,2027,363,Palo Pinto County,34071,17124,16947,23912,11890,12022,691,376,315,8780,4506,4274,688,352,336
1.0 Scen,2028,363,Palo Pinto County,34366,17289,17077,23921,11910,12011,694,377,317,9047,4641,4406,704,361,343
1.0 Scen,2029,363,Palo Pinto County,34634,17444,17190,23915,11918,11997,696,380,316,9312,4781,4531,711,365,346
1.0 Scen,2030,363,Palo Pinto County,34900,17586,17314,23907,11923,11984,693,377,316,9587,4919,4668,713,367,346
1.0 Scen,2031,363,Palo Pinto County,35152,17736,17416,23866,11920,11946,697,380,317,9875,5068,4807,714,368,346
1.0 Scen,2032,363,Palo Pinto County,35384,17872,17512,23821,11911,11910,695,381,314,10147,5206,4941,721,374,347
1.0 Scen,2033,363,Palo Pinto County,35583,17988,17595,23753,11892,11861,686,376,310,10424,5347,5077,720,373,347
1.0 Scen,2034,363,Palo Pinto County,35797,18124,17673,23682,11872,11810,673,373,300,10707,5495,5212,735,384,351
1.0 Scen,2035,363,Palo Pinto County,35994,18255,17739,23593,11845,11748,664,373,291,10990,5645,5345,747,392,355
1.0 Scen,2036,363,Palo Pinto County,36188,18373,17815,23493,11817,11676,663,371,292,11270,5784,5486,762,401,361
1.0 Scen,2037,363,Palo Pinto County,36357,18482,17875,23381,11779,11602,651,367,284,11550,5928,5622,775,408,367
1.0 Scen,2038,363,Palo Pinto County,36534,18597,17937,23262,11734,11528,650,369,281,11834,6076,5758,788,418,370
1.0 Scen,2039,363,Palo Pinto County,36684,18699,17985,23116,11678,11438,643,367,276,12120,6227,5893,805,427,378
1.0 Scen,2040,363,Palo Pinto County,36819,18792,18027,22948,11608,11340,639,367,272,12412,6383,6029,820,434,386
1.0 Scen,2041,363,Palo Pinto County,36968,18885,18083,22786,11541,11245,636,365,271,12713,6538,6175,833,441,392
1.0 Scen,2042,363,Palo Pinto County,37095,18982,18113,22597,11466,11131,629,363,266,13020,6702,6318,849,451,398
1.0 Scen,2043,363,Palo Pinto County,37211,19061,18150,22405,11383,11022,623,359,264,13319,6861,6458,864,458,406
1.0 Scen,2044,363,Palo Pinto County,37317,19145,18172,22198,11299,10899,616,356,260,13629,7027,6602,874,463,411
1.0 Scen,2045,363,Palo Pinto County,37446,19244,18202,22012,11231,10781,605,350,255,13944,7191,6753,885,472,413
1.0 Scen,2046,363,Palo Pinto County,37570,19343,18227,21814,11151,10663,601,350,251,14257,7361,6896,898,481,417
1.0 Scen,2047,363,Palo Pinto County,37674,19423,18251,21604,11064,10540,592,345,247,14575,7533,7042,903,481,422
1.0 Scen,2048,363,Palo Pinto County,37790,19502,18288,21392,10976,10416,588,343,245,14901,7705,7196,909,478,431
1.0 Scen,2049,363,Palo Pinto County,37921,19604,18317,21189,10898,10291,581,343,238,15232,7879,7353,919,484,435
1.0 Scen,2050,363,Palo Pinto County,38057,19714,18343,20993,10827,10166,579,343,236,15545,8048,7497,940,496,444
1.0 Scen,2010,365,Panola County,23796,11808,11988,17521,8672,8849,3850,1837,2013,1970,1073,897,455,226,229
1.0 Scen,2011,365,Panola County,24033,11951,12082,17619,8739,8880,3893,1861,2032,2056,1120,936,465,231,234
1.0 Scen,2012,365,Panola County,24266,12080,12186,17709,8790,8919,3935,1885,2050,2148,1169,979,474,236,238
1.0 Scen,2013,365,Panola County,24472,12195,12277,17784,8829,8955,3963,1905,2058,2240,1219,1021,485,242,243
1.0 Scen,2014,365,Panola County,24688,12314,12374,17858,8872,8986,3987,1920,2067,2346,1273,1073,497,249,248
1.0 Scen,2015,365,Panola County,24912,12440,12472,17942,8926,9016,4020,1936,2084,2440,1321,1119,510,257,253
1.0 Scen,2016,365,Panola County,25122,12566,12556,18015,8972,9043,4047,1954,2093,2541,1377,1164,519,263,256
1.0 Scen,2017,365,Panola County,25325,12685,12640,18081,9015,9066,4065,1966,2099,2647,1434,1213,532,270,262
1.0 Scen,2018,365,Panola County,25541,12816,12725,18158,9065,9093,4079,1979,2100,2762,1495,1267,542,277,265
1.0 Scen,2019,365,Panola County,25767,12941,12826,18223,9102,9121,4095,1990,2105,2890,1562,1328,559,287,272
1.0 Scen,2020,365,Panola County,25965,13052,12913,18279,9137,9142,4100,1993,2107,3019,1631,1388,567,291,276
1.0 Scen,2021,365,Panola County,26165,13176,12989,18336,9180,9156,4101,1998,2103,3153,1705,1448,575,293,282
1.0 Scen,2022,365,Panola County,26392,13306,13086,18396,9221,9175,4112,2008,2104,3301,1781,1520,583,296,287
1.0 Scen,2023,365,Panola County,26595,13423,13172,18440,9248,9192,4118,2016,2102,3444,1858,1586,593,301,292
1.0 Scen,2024,365,Panola County,26817,13552,13265,18484,9278,9206,4117,2019,2098,3612,1947,1665,604,308,296
1.0 Scen,2025,365,Panola County,27032,13692,13340,18521,9312,9209,4120,2029,2091,3778,2036,1742,613,315,298
1.0 Scen,2026,365,Panola County,27261,13826,13435,18558,9338,9220,4127,2040,2087,3950,2125,1825,626,323,303
1.0 Scen,2027,365,Panola County,27467,13950,13517,18578,9357,9221,4127,2046,2081,4126,2220,1906,636,327,309
1.0 Scen,2028,365,Panola County,27661,14065,13596,18579,9365,9214,4131,2055,2076,4313,2317,1996,638,328,310
1.0 Scen,2029,365,Panola County,27884,14194,13690,18589,9378,9211,4128,2053,2075,4513,2425,2088,654,338,316
1.0 Scen,2030,365,Panola County,28047,14301,13746,18558,9378,9180,4125,2054,2071,4704,2528,2176,660,341,319
1.0 Scen,2031,365,Panola County,28235,14418,13817,18535,9380,9155,4118,2053,2065,4907,2636,2271,675,349,326
1.0 Scen,2032,365,Panola County,28412,14538,13874,18492,9369,9123,4116,2064,2052,5115,2747,2368,689,358,331
1.0 Scen,2033,365,Panola County,28595,14643,13952,18452,9357,9095,4116,2064,2052,5320,2855,2465,707,367,340
1.0 Scen,2034,365,Panola County,28779,14768,14011,18394,9338,9056,4124,2075,2049,5536,2978,2558,725,377,348
1.0 Scen,2035,365,Panola County,28948,14867,14081,18330,9313,9017,4118,2076,2042,5749,3088,2661,751,390,361
1.0 Scen,2036,365,Panola County,29087,14958,14129,18242,9281,8961,4101,2072,2029,5974,3207,2767,770,398,372
1.0 Scen,2037,365,Panola County,29228,15062,14166,18153,9249,8904,4087,2076,2011,6199,3327,2872,789,410,379
1.0 Scen,2038,365,Panola County,29378,15161,14217,18054,9215,8839,4083,2082,2001,6434,3447,2987,807,417,390
1.0 Scen,2039,365,Panola County,29515,15254,14261,17952,9181,8771,4062,2067,1995,6675,3579,3096,826,427,399
1.0 Scen,2040,365,Panola County,29646,15340,14306,17834,9133,8701,4053,2068,1985,6915,3703,3212,844,436,408
1.0 Scen,2041,365,Panola County,29763,15423,14340,17715,9081,8634,4022,2061,1961,7167,3834,3333,859,447,412
1.0 Scen,2042,365,Panola County,29900,15512,14388,17601,9036,8565,3995,2047,1948,7423,3971,3452,881,458,423
1.0 Scen,2043,365,Panola County,30045,15612,14433,17482,8995,8487,3980,2044,1936,7681,4104,3577,902,469,433
1.0 Scen,2044,365,Panola County,30183,15704,14479,17362,8945,8417,3944,2030,1914,7950,4246,3704,927,483,444
1.0 Scen,2045,365,Panola County,30343,15823,14520,17249,8903,8346,3920,2033,1887,8224,4393,3831,950,494,456
1.0 Scen,2046,365,Panola County,30489,15925,14564,17133,8860,8273,3892,2020,1872,8502,4541,3961,962,504,458
1.0 Scen,2047,365,Panola County,30651,16029,14622,17022,8812,8210,3858,2010,1848,8790,4695,4095,981,512,469
1.0 Scen,2048,365,Panola County,30834,16152,14682,16917,8774,8143,3826,2003,1823,9086,4851,4235,1005,524,481
1.0 Scen,2049,365,Panola County,31027,16274,14753,16803,8729,8074,3791,1990,1801,9401,5016,4385,1032,539,493
1.0 Scen,2050,365,Panola County,31224,16401,14823,16689,8686,8003,3764,1981,1783,9715,5180,4535,1056,554,502
1.0 Scen,2010,367,Parker County,116927,59292,57635,99698,49736,49962,1842,1353,489,12410,6777,5633,2977,1426,1551
1.0 Scen,2011,367,Parker County,120602,60963,59639,102201,50820,51381,1902,1386,516,13346,7245,6101,3153,1512,1641
1.0 Scen,2012,367,Parker County,124406,62687,61719,104736,51915,52821,1959,1413,546,14371,7762,6609,3340,1597,1743
1.0 Scen,2013,367,Parker County,128308,64464,63844,107274,53004,54270,2019,1444,575,15486,8320,7166,3529,1696,1833
1.0 Scen,2014,367,Parker County,132345,66289,66056,109829,54080,55749,2086,1481,605,16707,8937,7770,3723,1791,1932
1.0 Scen,2015,367,Parker County,136501,68171,68330,112395,55170,57225,2157,1517,640,18026,9597,8429,3923,1887,2036
1.0 Scen,2016,367,Parker County,140735,70096,70639,114945,56254,58691,2223,1550,673,19427,10299,9128,4140,1993,2147
1.0 Scen,2017,367,Parker County,145104,72081,73023,117490,57331,60159,2299,1592,707,20956,11062,9894,4359,2096,2263
1.0 Scen,2018,367,Parker County,149616,74139,75477,120031,58407,61624,2385,1633,752,22604,11886,10718,4596,2213,2383
1.0 Scen,2019,367,Parker County,154297,76265,78032,122604,59482,63122,2466,1673,793,24392,12782,11610,4835,2328,2507
1.0 Scen,2020,367,Parker County,159119,78465,80654,125161,60546,64615,2551,1716,835,26330,13758,12572,5077,2445,2632
1.0 Scen,2021,367,Parker County,164209,80806,83403,127791,61648,66143,2653,1768,885,28419,14817,13602,5346,2573,2773
1.0 Scen,2022,367,Parker County,169466,83229,86237,130419,62741,67678,2744,1814,930,30697,15974,14723,5606,2700,2906
1.0 Scen,2023,367,Parker County,174920,85756,89164,133052,63837,69215,2848,1867,981,33137,17209,15928,5883,2843,3040
1.0 Scen,2024,367,Parker County,180618,88406,92212,135698,64946,70752,2965,1932,1033,35784,18550,17234,6171,2978,3193
1.0 Scen,2025,367,Parker County,186542,91183,95359,138360,66071,72289,3087,1997,1090,38633,19992,18641,6462,3123,3339
1.0 Scen,2026,367,Parker County,192701,94080,98621,141021,67192,73829,3225,2071,1154,41703,21548,20155,6752,3269,3483
1.0 Scen,2027,367,Parker County,199150,97110,102040,143718,68335,75383,3369,2148,1221,45003,23211,21792,7060,3416,3644
1.0 Scen,2028,367,Parker County,205857,100282,105575,146417,69477,76940,3508,2220,1288,48548,25006,23542,7384,3579,3805
1.0 Scen,2029,367,Parker County,212838,103580,109258,149134,70621,78513,3647,2296,1351,52350,26921,25429,7707,3742,3965
1.0 Scen,2030,367,Parker County,220119,107039,113080,151868,71777,80091,3797,2377,1420,56406,28966,27440,8048,3919,4129
1.0 Scen,2031,367,Parker County,227701,110644,117057,154609,72941,81668,3955,2458,1497,60749,31153,29596,8388,4092,4296
1.0 Scen,2032,367,Parker County,235600,114401,121199,157350,74098,83252,4111,2537,1574,65381,33483,31898,8758,4283,4475
1.0 Scen,2033,367,Parker County,243801,118307,125494,160057,75247,84810,4289,2625,1664,70327,35962,34365,9128,4473,4655
1.0 Scen,2034,367,Parker County,252315,122366,129949,162744,76393,86351,4469,2713,1756,75595,38596,36999,9507,4664,4843
1.0 Scen,2035,367,Parker County,261197,126621,134576,165406,77524,87882,4653,2811,1842,81227,41412,39815,9911,4874,5037
1.0 Scen,2036,367,Parker County,270463,131046,139417,168065,78647,89418,4836,2900,1936,87234,44409,42825,10328,5090,5238
1.0 Scen,2037,367,Parker County,280101,135678,144423,170704,79764,90940,5014,2997,2017,93626,47600,46026,10757,5317,5440
1.0 Scen,2038,367,Parker County,290186,140517,149669,173331,80872,92459,5209,3095,2114,100428,50996,49432,11218,5554,5664
1.0 Scen,2039,367,Parker County,300692,145542,155150,175924,81959,93965,5408,3186,2222,107664,54594,53070,11696,5803,5893
1.0 Scen,2040,367,Parker County,311672,150808,160864,178499,83038,95461,5623,3294,2329,115348,58414,56934,12202,6062,6140
1.0 Scen,2041,367,Parker County,323090,156302,166788,181039,84104,96935,5823,3389,2434,123503,62481,61022,12725,6328,6397
1.0 Scen,2042,367,Parker County,335041,162059,172982,183558,85153,98405,6040,3498,2542,132176,66800,65376,13267,6608,6659
1.0 Scen,2043,367,Parker County,347541,168090,179451,186049,86189,99860,6267,3609,2658,141397,71398,69999,13828,6894,6934
1.0 Scen,2044,367,Parker County,360569,174411,186158,188480,87206,101274,6481,3714,2767,151201,76302,74899,14407,7189,7218
1.0 Scen,2045,367,Parker County,374250,181066,193184,190897,88221,102676,6710,3828,2882,161634,81519,80115,15009,7498,7511
1.0 Scen,2046,367,Parker County,388583,188061,200522,193294,89227,104067,6955,3957,2998,172706,87060,85646,15628,7817,7811
1.0 Scen,2047,367,Parker County,403637,195434,208203,195678,90232,105446,7213,4097,3116,184474,92955,91519,16272,8150,8122
1.0 Scen,2048,367,Parker County,419424,203186,216238,198052,91248,106804,7470,4225,3245,196973,99225,97748,16929,8488,8441
1.0 Scen,2049,367,Parker County,435971,211329,224642,200415,92262,108153,7736,4363,3373,210231,105875,104356,17589,8829,8760
1.0 Scen,2050,367,Parker County,453381,219922,233459,202781,93287,109494,8009,4503,3506,224316,112947,111369,18275,9185,9090
1.0 Scen,2010,369,Parmer County,10269,5259,5010,3943,1961,1982,91,46,45,6164,3213,2951,71,39,32
1.0 Scen,2011,369,Parmer County,10474,5381,5093,3932,1960,1972,92,47,45,6378,3334,3044,72,40,32
1.0 Scen,2012,369,Parmer County,10674,5498,5176,3910,1954,1956,93,47,46,6598,3457,3141,73,40,33
1.0 Scen,2013,369,Parmer County,10883,5625,5258,3888,1948,1940,94,48,46,6827,3588,3239,74,41,33
1.0 Scen,2014,369,Parmer County,11064,5737,5327,3850,1937,1913,93,47,46,7046,3712,3334,75,41,34
1.0 Scen,2015,369,Parmer County,11258,5853,5405,3808,1923,1885,94,48,46,7281,3841,3440,75,41,34
1.0 Scen,2016,369,Parmer County,11462,5972,5490,3775,1910,1865,95,48,47,7516,3973,3543,76,41,35
1.0 Scen,2017,369,Parmer County,11687,6098,5589,3751,1897,1854,95,48,47,7764,4111,3653,77,42,35
1.0 Scen,2018,369,Parmer County,11909,6225,5684,3723,1881,1842,96,48,48,8012,4254,3758,78,42,36
1.0 Scen,2019,369,Parmer County,12139,6356,5783,3696,1866,1830,96,48,48,8268,4399,3869,79,43,36
1.0 Scen,2020,369,Parmer County,12385,6489,5896,3674,1854,1820,96,48,48,8535,4544,3991,80,43,37
1.0 Scen,2021,369,Parmer County,12608,6623,5985,3644,1844,1800,96,49,47,8786,4685,4101,82,45,37
1.0 Scen,2022,369,Parmer County,12859,6771,6088,3625,1838,1787,96,49,47,9055,4839,4216,83,45,38
1.0 Scen,2023,369,Parmer County,13097,6900,6197,3603,1826,1777,95,49,46,9315,4979,4336,84,46,38
1.0 Scen,2024,369,Parmer County,13344,7040,6304,3574,1814,1760,94,49,45,9591,5131,4460,85,46,39
1.0 Scen,2025,369,Parmer County,13585,7175,6410,3543,1801,1742,93,49,44,9864,5279,4585,85,46,39
1.0 Scen,2026,369,Parmer County,13840,7323,6517,3511,1786,1725,92,48,44,10151,5443,4708,86,46,40
1.0 Scen,2027,369,Parmer County,14089,7463,6626,3482,1774,1708,92,48,44,10430,5596,4834,85,45,40
1.0 Scen,2028,369,Parmer County,14343,7602,6741,3456,1765,1691,91,47,44,10709,5744,4965,87,46,41
1.0 Scen,2029,369,Parmer County,14610,7753,6857,3436,1753,1683,91,47,44,10995,5906,5089,88,47,41
1.0 Scen,2030,369,Parmer County,14861,7899,6962,3405,1741,1664,90,46,44,11278,6065,5213,88,47,41
1.0 Scen,2031,369,Parmer County,15117,8046,7071,3383,1730,1653,90,46,44,11555,6222,5333,89,48,41
1.0 Scen,2032,369,Parmer County,15391,8208,7183,3353,1719,1634,90,45,45,11857,6395,5462,91,49,42
1.0 Scen,2033,369,Parmer County,15653,8369,7284,3324,1712,1612,90,46,44,12148,6562,5586,91,49,42
1.0 Scen,2034,369,Parmer County,15927,8537,7390,3296,1705,1591,89,45,44,12449,6737,5712,93,50,43
1.0 Scen,2035,369,Parmer County,16187,8693,7494,3262,1689,1573,89,46,43,12742,6907,5835,94,51,43
1.0 Scen,2036,369,Parmer County,16447,8850,7597,3237,1681,1556,88,45,43,13028,7074,5954,94,50,44
1.0 Scen,2037,369,Parmer County,16718,9012,7706,3215,1675,1540,88,46,42,13320,7240,6080,95,51,44
1.0 Scen,2038,369,Parmer County,16969,9164,7805,3183,1668,1515,89,46,43,13602,7399,6203,95,51,44
1.0 Scen,2039,369,Parmer County,17216,9316,7900,3148,1656,1492,90,47,43,13883,7562,6321,95,51,44
1.0 Scen,2040,369,Parmer County,17477,9471,8006,3126,1645,1481,90,47,43,14165,7728,6437,96,51,45
1.0 Scen,2041,369,Parmer County,17725,9625,8100,3094,1637,1457,89,47,42,14445,7889,6556,97,52,45
1.0 Scen,2042,369,Parmer County,17987,9784,8203,3066,1622,1444,88,47,41,14735,8063,6672,98,52,46
1.0 Scen,2043,369,Parmer County,18244,9933,8311,3033,1606,1427,86,46,40,15026,8228,6798,99,53,46
1.0 Scen,2044,369,Parmer County,18501,10089,8412,3010,1602,1408,84,44,40,15308,8391,6917,99,52,47
1.0 Scen,2045,369,Parmer County,18752,10242,8510,2979,1593,1386,81,43,38,15593,8553,7040,99,53,46
1.0 Scen,2046,369,Parmer County,18998,10393,8605,2961,1585,1376,79,42,37,15860,8714,7146,98,52,46
1.0 Scen,2047,369,Parmer County,19248,10541,8707,2933,1570,1363,77,41,36,16143,8880,7263,95,50,45
1.0 Scen,2048,369,Parmer County,19497,10693,8804,2905,1559,1346,75,40,35,16422,9046,7376,95,48,47
1.0 Scen,2049,369,Parmer County,19747,10855,8892,2873,1549,1324,72,38,34,16708,9219,7489,94,49,45
1.0 Scen,2050,369,Parmer County,20012,11017,8995,2849,1541,1308,68,36,32,17003,9393,7610,92,47,45
1.0 Scen,2010,371,Pecos County,15507,8742,6765,4326,2554,1772,528,496,32,10430,5579,4851,223,113,110
1.0 Scen,2011,371,Pecos County,15698,8843,6855,4339,2561,1778,529,497,32,10603,5669,4934,227,116,111
1.0 Scen,2012,371,Pecos County,15891,8945,6946,4350,2568,1782,529,497,32,10780,5762,5018,232,118,114
1.0 Scen,2013,371,Pecos County,16058,9037,7021,4356,2577,1779,531,499,32,10934,5840,5094,237,121,116
1.0 Scen,2014,371,Pecos County,16222,9136,7086,4343,2578,1765,534,501,33,11102,5932,5170,243,125,118
1.0 Scen,2015,371,Pecos County,16380,9225,7155,4338,2578,1760,533,500,33,11261,6019,5242,248,128,120
1.0 Scen,2016,371,Pecos County,16527,9303,7224,4329,2578,1751,530,497,33,11415,6097,5318,253,131,122
1.0 Scen,2017,371,Pecos County,16661,9370,7291,4317,2571,1746,526,493,33,11560,6172,5388,258,134,124
1.0 Scen,2018,371,Pecos County,16793,9446,7347,4307,2569,1738,524,491,33,11700,6249,5451,262,137,125
1.0 Scen,2019,371,Pecos County,16910,9523,7387,4298,2568,1730,521,488,33,11826,6329,5497,265,138,127
1.0 Scen,2020,371,Pecos County,17026,9594,7432,4271,2558,1713,521,488,33,11965,6407,5558,269,141,128
1.0 Scen,2021,371,Pecos County,17162,9671,7491,4262,2555,1707,519,486,33,12107,6486,5621,274,144,130
1.0 Scen,2022,371,Pecos County,17295,9742,7553,4253,2550,1703,515,481,34,12249,6565,5684,278,146,132
1.0 Scen,2023,371,Pecos County,17418,9811,7607,4233,2542,1691,515,481,34,12390,6641,5749,280,147,133
1.0 Scen,2024,371,Pecos County,17532,9875,7657,4208,2529,1679,513,478,35,12528,6718,5810,283,150,133
1.0 Scen,2025,371,Pecos County,17663,9942,7721,4192,2522,1670,512,477,35,12674,6792,5882,285,151,134
1.0 Scen,2026,371,Pecos County,17777,10009,7768,4165,2511,1654,515,479,36,12809,6866,5943,288,153,135
1.0 Scen,2027,371,Pecos County,17885,10064,7821,4141,2500,1641,514,478,36,12941,6932,6009,289,154,135
1.0 Scen,2028,371,Pecos County,17992,10131,7861,4123,2497,1626,509,472,37,13071,7007,6064,289,155,134
1.0 Scen,2029,371,Pecos County,18095,10196,7899,4095,2488,1607,509,472,37,13199,7079,6120,292,157,135
1.0 Scen,2030,371,Pecos County,18197,10259,7938,4075,2483,1592,506,468,38,13325,7152,6173,291,156,135
1.0 Scen,2031,371,Pecos County,18278,10302,7976,4050,2471,1579,503,465,38,13432,7209,6223,293,157,136
1.0 Scen,2032,371,Pecos County,18362,10357,8005,4018,2460,1558,500,461,39,13551,7280,6271,293,156,137
1.0 Scen,2033,371,Pecos County,18434,10409,8025,3993,2454,1539,500,461,39,13645,7336,6309,296,158,138
1.0 Scen,2034,371,Pecos County,18498,10451,8047,3968,2445,1523,496,456,40,13740,7394,6346,294,156,138
1.0 Scen,2035,371,Pecos County,18538,10478,8060,3935,2433,1502,492,452,40,13819,7439,6380,292,154,138
1.0 Scen,2036,371,Pecos County,18596,10518,8078,3913,2423,1490,490,450,40,13901,7491,6410,292,154,138
1.0 Scen,2037,371,Pecos County,18653,10548,8105,3891,2415,1476,487,447,40,13981,7531,6450,294,155,139
1.0 Scen,2038,371,Pecos County,18679,10571,8108,3860,2399,1461,481,441,40,14043,7576,6467,295,155,140
1.0 Scen,2039,371,Pecos County,18713,10597,8116,3833,2385,1448,476,437,39,14109,7620,6489,295,155,140
1.0 Scen,2040,371,Pecos County,18721,10604,8117,3788,2361,1427,470,431,39,14164,7654,6510,299,158,141
1.0 Scen,2041,371,Pecos County,18734,10616,8118,3758,2350,1408,461,422,39,14215,7686,6529,300,158,142
1.0 Scen,2042,371,Pecos County,18734,10622,8112,3730,2334,1396,458,420,38,14251,7715,6536,295,153,142
1.0 Scen,2043,371,Pecos County,18740,10635,8105,3696,2312,1384,452,414,38,14293,7753,6540,299,156,143
1.0 Scen,2044,371,Pecos County,18732,10636,8096,3665,2296,1369,443,407,36,14324,7776,6548,300,157,143
1.0 Scen,2045,371,Pecos County,18729,10643,8086,3638,2281,1357,439,403,36,14351,7801,6550,301,158,143
1.0 Scen,2046,371,Pecos County,18704,10643,8061,3604,2262,1342,433,398,35,14372,7824,6548,295,159,136
1.0 Scen,2047,371,Pecos County,18681,10643,8038,3567,2246,1321,425,390,35,14395,7846,6549,294,161,133
1.0 Scen,2048,371,Pecos County,18652,10629,8023,3536,2230,1306,413,380,33,14404,7855,6549,299,164,135
1.0 Scen,2049,371,Pecos County,18619,10620,7999,3495,2209,1286,407,375,32,14414,7870,6544,303,166,137
1.0 Scen,2050,371,Pecos County,18593,10610,7983,3466,2190,1276,406,374,32,14419,7880,6539,302,166,136
1.0 Scen,2010,373,Polk County,45413,24288,21125,32830,16792,16038,5153,3201,1952,5959,3606,2353,1471,689,782
1.0 Scen,2011,373,Polk County,46056,24648,21408,33140,16976,16164,5218,3237,1981,6187,3727,2460,1511,708,803
1.0 Scen,2012,373,Polk County,46696,25005,21691,33449,17159,16290,5273,3267,2006,6408,3843,2565,1566,736,830
1.0 Scen,2013,373,Polk County,47334,25374,21960,33753,17348,16405,5324,3296,2028,6644,3969,2675,1613,761,852
1.0 Scen,2014,373,Polk County,47968,25735,22233,34060,17534,16526,5360,3319,2041,6895,4104,2791,1653,778,875
1.0 Scen,2015,373,Polk County,48633,26117,22516,34375,17726,16649,5401,3338,2063,7152,4242,2910,1705,811,894
1.0 Scen,2016,373,Polk County,49287,26496,22791,34671,17916,16755,5444,3365,2079,7419,4382,3037,1753,833,920
1.0 Scen,2017,373,Polk County,49954,26878,23076,34971,18102,16869,5487,3388,2099,7699,4530,3169,1797,858,939
1.0 Scen,2018,373,Polk County,50600,27255,23345,35252,18283,16969,5519,3404,2115,7978,4679,3299,1851,889,962
1.0 Scen,2019,373,Polk County,51259,27652,23607,35528,18467,17061,5554,3430,2124,8272,4841,3431,1905,914,991
1.0 Scen,2020,373,Polk County,51908,28043,23865,35798,18650,17148,5577,3445,2132,8576,4999,3577,1957,949,1008
1.0 Scen,2021,373,Polk County,52576,28437,24139,36061,18830,17231,5602,3466,2136,8884,5156,3728,2029,985,1044
1.0 Scen,2022,373,Polk County,53243,28843,24400,36313,19011,17302,5624,3481,2143,9212,5330,3882,2094,1021,1073
1.0 Scen,2023,373,Polk County,53879,29226,24653,36549,19178,17371,5644,3496,2148,9528,5493,4035,2158,1059,1099
1.0 Scen,2024,373,Polk County,54515,29613,24902,36770,19344,17426,5666,3515,2151,9854,5657,4197,2225,1097,1128
1.0 Scen,2025,373,Polk County,55150,30003,25147,36961,19493,17468,5688,3535,2153,10197,5835,4362,2304,1140,1164
1.0 Scen,2026,373,Polk County,55760,30392,25368,37132,19639,17493,5707,3555,2152,10535,6010,4525,2386,1188,1198
1.0 Scen,2027,373,Polk County,56365,30775,25590,37277,19776,17501,5728,3571,2157,10898,6199,4699,2462,1229,1233
1.0 Scen,2028,373,Polk County,56927,31139,25788,37386,19892,17494,5738,3588,2150,11249,6379,4870,2554,1280,1274
1.0 Scen,2029,373,Polk County,57475,31493,25982,37475,19999,17476,5742,3592,2150,11615,6571,5044,2643,1331,1312
1.0 Scen,2030,373,Polk County,58037,31863,26174,37540,20100,17440,5756,3606,2150,12001,6769,5232,2740,1388,1352
1.0 Scen,2031,373,Polk County,58567,32225,26342,37585,20197,17388,5762,3615,2147,12378,6965,5413,2842,1448,1394
1.0 Scen,2032,373,Polk County,59084,32581,26503,37593,20272,17321,5781,3638,2143,12769,7166,5603,2941,1505,1436
1.0 Scen,2033,373,Polk County,59609,32915,26694,37586,20327,17259,5791,3645,2146,13169,7372,5797,3063,1571,1492
1.0 Scen,2034,373,Polk County,60110,33256,26854,37551,20379,17172,5796,3653,2143,13587,7589,5998,3176,1635,1541
1.0 Scen,2035,373,Polk County,60594,33586,27008,37507,20421,17086,5788,3654,2134,14010,7812,6198,3289,1699,1590
1.0 Scen,2036,373,Polk County,61089,33930,27159,37430,20445,16985,5794,3666,2128,14443,8040,6403,3422,1779,1643
1.0 Scen,2037,373,Polk County,61556,34261,27295,37341,20474,16867,5791,3676,2115,14872,8262,6610,3552,1849,1703
1.0 Scen,2038,373,Polk County,61991,34560,27431,37237,20482,16755,5781,3670,2111,15298,8489,6809,3675,1919,1756
1.0 Scen,2039,373,Polk County,62432,34866,27566,37106,20477,16629,5772,3668,2104,15751,8723,7028,3803,1998,1805
1.0 Scen,2040,373,Polk County,62845,35163,27682,36951,20461,16490,5744,3662,2082,16202,8960,7242,3948,2080,1868
1.0 Scen,2041,373,Polk County,63262,35450,27812,36782,20434,16348,5722,3653,2069,16660,9200,7460,4098,2163,1935
1.0 Scen,2042,373,Polk County,63632,35718,27914,36581,20387,16194,5689,3640,2049,17121,9445,7676,4241,2246,1995
1.0 Scen,2043,373,Polk County,64036,36001,28035,36382,20336,16046,5671,3643,2028,17585,9686,7899,4398,2336,2062
1.0 Scen,2044,373,Polk County,64424,36278,28146,36162,20283,15879,5641,3636,2005,18065,9934,8131,4556,2425,2131
1.0 Scen,2045,373,Polk County,64803,36534,28269,35941,20222,15719,5610,3623,1987,18542,10178,8364,4710,2511,2199
1.0 Scen,2046,373,Polk County,65183,36803,28380,35712,20164,15548,5578,3609,1969,19012,10426,8586,4881,2604,2277
1.0 Scen,2047,373,Polk County,65591,37070,28521,35492,20103,15389,5544,3590,1954,19495,10675,8820,5060,2702,2358
1.0 Scen,2048,373,Polk County,65982,37342,28640,35267,20042,15225,5494,3567,1927,19984,10927,9057,5237,2806,2431
1.0 Scen,2049,373,Polk County,66405,37615,28790,35046,19974,15072,5463,3554,1909,20477,11180,9297,5419,2907,2512
1.0 Scen,2050,373,Polk County,66807,37873,28934,34807,19896,14911,5414,3529,1885,20967,11431,9536,5619,3017,2602
1.0 Scen,2010,375,Potter County,121073,61919,59154,59322,29232,30090,11823,6861,4962,42692,22152,20540,7236,3674,3562
1.0 Scen,2011,375,Potter County,122352,62640,59712,58937,29095,29842,11919,6910,5009,43931,22794,21137,7565,3841,3724
1.0 Scen,2012,375,Potter County,123637,63353,60284,58557,28945,29612,12005,6959,5046,45195,23446,21749,7880,4003,3877
1.0 Scen,2013,375,Potter County,124970,64099,60871,58161,28802,29359,12097,7008,5089,46484,24114,22370,8228,4175,4053
1.0 Scen,2014,375,Potter County,126306,64840,61466,57729,28634,29095,12194,7060,5134,47794,24791,23003,8589,4355,4234
1.0 Scen,2015,375,Potter County,127643,65581,62062,57274,28444,28830,12281,7112,5169,49134,25488,23646,8954,4537,4417
1.0 Scen,2016,375,Potter County,128970,66325,62645,56793,28248,28545,12373,7164,5209,50476,26189,24287,9328,4724,4604
1.0 Scen,2017,375,Potter County,130334,67074,63260,56275,28030,28245,12459,7212,5247,51867,26906,24961,9733,4926,4807
1.0 Scen,2018,375,Potter County,131699,67835,63864,55724,27799,27925,12547,7267,5280,53289,27642,25647,10139,5127,5012
1.0 Scen,2019,375,Potter County,133055,68584,64471,55160,27562,27598,12630,7315,5315,54707,28376,26331,10558,5331,5227
1.0 Scen,2020,375,Potter County,134475,69369,65106,54579,27309,27270,12712,7359,5353,56187,29143,27044,10997,5558,5439
1.0 Scen,2021,375,Potter County,135935,70173,65762,53996,27052,26944,12790,7408,5382,57679,29924,27755,11470,5789,5681
1.0 Scen,2022,375,Potter County,137426,70981,66445,53396,26787,26609,12875,7453,5422,59210,30718,28492,11945,6023,5922
1.0 Scen,2023,375,Potter County,138905,71784,67121,52775,26513,26262,12948,7489,5459,60744,31516,29228,12438,6266,6172
1.0 Scen,2024,375,Potter County,140420,72622,67798,52147,26239,25908,13017,7529,5488,62301,32324,29977,12955,6530,6425
1.0 Scen,2025,375,Potter County,142003,73484,68519,51520,25963,25557,13102,7568,5534,63907,33162,30745,13474,6791,6683
1.0 Scen,2026,375,Potter County,143568,74317,69251,50864,25668,25196,13156,7586,5570,65516,33999,31517,14032,7064,6968
1.0 Scen,2027,375,Potter County,145187,75197,69990,50198,25370,24828,13231,7625,5606,67136,34845,32291,14622,7357,7265
1.0 Scen,2028,375,Potter County,146831,76086,70745,49544,25076,24468,13288,7651,5637,68776,35700,33076,15223,7659,7564
1.0 Scen,2029,375,Potter County,148485,76965,71520,48857,24763,24094,13345,7668,5677,70425,36563,33862,15858,7971,7887
1.0 Scen,2030,375,Potter County,150155,77861,72294,48187,24458,23729,13398,7693,5705,72057,37414,34643,16513,8296,8217
1.0 Scen,2031,375,Potter County,151818,78765,73053,47514,24150,23364,13432,7706,5726,73677,38275,35402,17195,8634,8561
1.0 Scen,2032,375,Potter County,153483,79654,73829,46845,23841,23004,13452,7711,5741,75285,39117,36168,17901,8985,8916
1.0 Scen,2033,375,Potter County,155163,80543,74620,46166,23527,22639,13478,7713,5765,76891,39956,36935,18628,9347,9281
1.0 Scen,2034,375,Potter County,156835,81431,75404,45496,23215,22281,13485,7711,5774,78471,40785,37686,19383,9720,9663
1.0 Scen,2035,375,Potter County,158534,82326,76208,44823,22900,21923,13491,7709,5782,80047,41608,38439,20173,10109,10064
1.0 Scen,2036,375,Potter County,160224,83238,76986,44139,22583,21556,13492,7710,5782,81625,42442,39183,20968,10503,10465
1.0 Scen,2037,375,Potter County,161918,84137,77781,43451,22262,21189,13470,7694,5776,83180,43261,39919,21817,10920,10897
1.0 Scen,2038,375,Potter County,163602,85045,78557,42755,21942,20813,13449,7677,5772,84724,44083,40641,22674,11343,11331
1.0 Scen,2039,375,Potter County,165315,85952,79363,42053,21605,20448,13426,7662,5764,86263,44901,41362,23573,11784,11789
1.0 Scen,2040,375,Potter County,166994,86854,80140,41341,21281,20060,13389,7635,5754,87780,45706,42074,24484,12232,12252
1.0 Scen,2041,375,Potter County,168682,87757,80925,40628,20943,19685,13350,7607,5743,89294,46518,42776,25410,12689,12721
1.0 Scen,2042,375,Potter County,170406,88674,81732,39913,20603,19310,13302,7579,5723,90801,47321,43480,26390,13171,13219
1.0 Scen,2043,375,Potter County,172089,89579,82510,39188,20263,18925,13248,7539,5709,92285,48123,44162,27368,13654,13714
1.0 Scen,2044,375,Potter County,173819,90498,83321,38474,19924,18550,13194,7502,5692,93774,48924,44850,28377,14148,14229
1.0 Scen,2045,375,Potter County,175554,91414,84140,37752,19583,18169,13125,7455,5670,95264,49726,45538,29413,14650,14763
1.0 Scen,2046,375,Potter County,177292,92332,84960,37040,19244,17796,13058,7407,5651,96739,50521,46218,30455,15160,15295
1.0 Scen,2047,375,Potter County,179071,93296,85775,36333,18914,17419,12992,7366,5626,98214,51321,46893,31532,15695,15837
1.0 Scen,2048,375,Potter County,180832,94223,86609,35632,18576,17056,12925,7318,5607,99654,52104,47550,32621,16225,16396
1.0 Scen,2049,375,Potter County,182624,95196,87428,34930,18243,16687,12848,7268,5580,101103,52899,48204,33743,16786,16957
1.0 Scen,2050,375,Potter County,184439,96173,88266,34260,17924,16336,12763,7216,5547,102538,53685,48853,34878,17348,17530
1.0 Scen,2010,377,Presidio County,7818,3818,4000,1136,604,532,27,19,8,6521,3127,3394,134,68,66
1.0 Scen,2011,377,Presidio County,7931,3876,4055,1147,611,536,27,19,8,6620,3176,3444,137,70,67
1.0 Scen,2012,377,Presidio County,8033,3927,4106,1162,621,541,27,19,8,6704,3216,3488,140,71,69
1.0 Scen,2013,377,Presidio County,8128,3977,4151,1168,626,542,27,19,8,6791,3260,3531,142,72,70
1.0 Scen,2014,377,Presidio County,8215,4022,4193,1169,628,541,27,19,8,6874,3302,3572,145,73,72
1.0 Scen,2015,377,Presidio County,8314,4074,4240,1175,634,541,27,19,8,6965,3347,3618,147,74,73
1.0 Scen,2016,377,Presidio County,8397,4111,4286,1178,639,539,27,19,8,7044,3379,3665,148,74,74
1.0 Scen,2017,377,Presidio County,8485,4152,4333,1179,641,538,27,19,8,7129,3416,3713,150,76,74
1.0 Scen,2018,377,Presidio County,8550,4184,4366,1179,646,533,27,19,8,7192,3442,3750,152,77,75
1.0 Scen,2019,377,Presidio County,8626,4220,4406,1176,645,531,27,19,8,7268,3478,3790,155,78,77
1.0 Scen,2020,377,Presidio County,8683,4247,4436,1172,644,528,27,19,8,7327,3505,3822,157,79,78
1.0 Scen,2021,377,Presidio County,8755,4286,4469,1174,649,525,27,19,8,7395,3539,3856,159,79,80
1.0 Scen,2022,377,Presidio County,8805,4304,4501,1170,646,524,27,19,8,7446,3559,3887,162,80,82
1.0 Scen,2023,377,Presidio County,8862,4325,4537,1156,640,516,27,19,8,7514,3585,3929,165,81,84
1.0 Scen,2024,377,Presidio County,8915,4348,4567,1146,636,510,27,19,8,7574,3611,3963,168,82,86
1.0 Scen,2025,377,Presidio County,8959,4368,4591,1128,628,500,27,19,8,7633,3639,3994,171,82,89
1.0 Scen,2026,377,Presidio County,9009,4391,4618,1115,619,496,27,19,8,7692,3670,4022,175,83,92
1.0 Scen,2027,377,Presidio County,9046,4404,4642,1097,608,489,27,19,8,7742,3692,4050,180,85,95
1.0 Scen,2028,377,Presidio County,9079,4414,4665,1080,597,483,27,19,8,7788,3713,4075,184,85,99
1.0 Scen,2029,377,Presidio County,9122,4437,4685,1066,593,473,27,19,8,7842,3738,4104,187,87,100
1.0 Scen,2030,377,Presidio County,9155,4451,4704,1057,590,467,27,19,8,7880,3755,4125,191,87,104
1.0 Scen,2031,377,Presidio County,9186,4470,4716,1042,583,459,27,19,8,7922,3779,4143,195,89,106
1.0 Scen,2032,377,Presidio County,9224,4489,4735,1033,579,454,27,19,8,7970,3804,4166,194,87,107
1.0 Scen,2033,377,Presidio County,9248,4509,4739,1021,576,445,27,19,8,8005,3827,4178,195,87,108
1.0 Scen,2034,377,Presidio County,9277,4530,4747,1009,571,438,27,19,8,8043,3852,4191,198,88,110
1.0 Scen,2035,377,Presidio County,9274,4535,4739,997,563,434,26,19,7,8053,3864,4189,198,89,109
1.0 Scen,2036,377,Presidio County,9305,4558,4747,994,564,430,26,19,7,8083,3885,4198,202,90,112
1.0 Scen,2037,377,Presidio County,9308,4568,4740,985,564,421,26,19,7,8092,3894,4198,205,91,114
1.0 Scen,2038,377,Presidio County,9319,4579,4740,973,558,415,26,19,7,8114,3911,4203,206,91,115
1.0 Scen,2039,377,Presidio County,9334,4592,4742,966,559,407,26,19,7,8133,3923,4210,209,91,118
1.0 Scen,2040,377,Presidio County,9335,4601,4734,958,556,402,26,19,7,8142,3936,4206,209,90,119
1.0 Scen,2041,377,Presidio County,9334,4610,4724,950,553,397,26,19,7,8143,3946,4197,215,92,123
1.0 Scen,2042,377,Presidio County,9326,4612,4714,939,551,388,26,19,7,8145,3951,4194,216,91,125
1.0 Scen,2043,377,Presidio County,9307,4614,4693,924,543,381,27,19,8,8142,3962,4180,214,90,124
1.0 Scen,2044,377,Presidio County,9297,4617,4680,918,541,377,27,19,8,8139,3967,4172,213,90,123
1.0 Scen,2045,377,Presidio County,9284,4617,4667,913,535,378,27,19,8,8132,3973,4159,212,90,122
1.0 Scen,2046,377,Presidio County,9267,4619,4648,900,525,375,26,18,8,8135,3985,4150,206,91,115
1.0 Scen,2047,377,Presidio County,9241,4620,4621,887,520,367,24,18,6,8127,3991,4136,203,91,112
1.0 Scen,2048,377,Presidio County,9213,4609,4604,867,508,359,24,18,6,8122,3995,4127,200,88,112
1.0 Scen,2049,377,Presidio County,9196,4616,4580,859,504,355,24,18,6,8113,4006,4107,200,88,112
1.0 Scen,2050,377,Presidio County,9169,4613,4556,848,500,348,24,18,6,8096,4007,4089,201,88,113
1.0 Scen,2010,379,Rains County,10914,5485,5429,9553,4772,4781,249,134,115,839,448,391,273,131,142
1.0 Scen,2011,379,Rains County,11150,5591,5559,9755,4856,4899,248,135,113,871,467,404,276,133,143
1.0 Scen,2012,379,Rains County,11362,5687,5675,9931,4931,5000,248,135,113,902,484,418,281,137,144
1.0 Scen,2013,379,Rains County,11574,5771,5803,10101,4993,5108,251,136,115,933,501,432,289,141,148
1.0 Scen,2014,379,Rains County,11798,5859,5939,10286,5060,5226,253,137,116,966,518,448,293,144,149
1.0 Scen,2015,379,Rains County,12019,5948,6071,10460,5125,5335,254,137,117,1007,540,467,298,146,152
1.0 Scen,2016,379,Rains County,12239,6037,6202,10637,5194,5443,257,138,119,1044,557,487,301,148,153
1.0 Scen,2017,379,Rains County,12461,6131,6330,10808,5259,5549,259,140,119,1089,582,507,305,150,155
1.0 Scen,2018,379,Rains County,12678,6224,6454,10973,5323,5650,261,141,120,1134,607,527,310,153,157
1.0 Scen,2019,379,Rains County,12896,6315,6581,11142,5383,5759,262,142,120,1178,634,544,314,156,158
1.0 Scen,2020,379,Rains County,13134,6412,6722,11320,5447,5873,263,142,121,1228,662,566,323,161,162
1.0 Scen,2021,379,Rains County,13352,6504,6848,11480,5507,5973,265,144,121,1282,691,591,325,162,163
1.0 Scen,2022,379,Rains County,13592,6606,6986,11658,5574,6084,265,144,121,1341,724,617,328,164,164
1.0 Scen,2023,379,Rains County,13808,6703,7105,11808,5632,6176,267,146,121,1404,760,644,329,165,164
1.0 Scen,2024,379,Rains County,14025,6791,7234,11966,5683,6283,268,147,121,1460,792,668,331,169,162
1.0 Scen,2025,379,Rains County,14235,6888,7347,12105,5739,6366,270,149,121,1523,827,696,337,173,164
1.0 Scen,2026,379,Rains County,14416,6962,7454,12233,5783,6450,270,149,121,1570,853,717,343,177,166
1.0 Scen,2027,379,Rains County,14596,7035,7561,12355,5819,6536,270,149,121,1627,890,737,344,177,167
1.0 Scen,2028,379,Rains County,14781,7110,7671,12477,5860,6617,270,149,121,1689,923,766,345,178,167
1.0 Scen,2029,379,Rains County,14970,7195,7775,12595,5902,6693,269,149,120,1760,963,797,346,181,165
1.0 Scen,2030,379,Rains County,15142,7266,7876,12693,5936,6757,267,147,120,1833,1000,833,349,183,166
1.0 Scen,2031,379,Rains County,15290,7336,7954,12773,5966,6807,266,148,118,1901,1037,864,350,185,165
1.0 Scen,2032,379,Rains County,15435,7402,8033,12856,5994,6862,264,146,118,1966,1076,890,349,186,163
1.0 Scen,2033,379,Rains County,15576,7474,8102,12924,6021,6903,262,146,116,2040,1121,919,350,186,164
1.0 Scen,2034,379,Rains County,15724,7548,8176,12995,6054,6941,258,143,115,2120,1165,955,351,186,165
1.0 Scen,2035,379,Rains County,15837,7598,8239,13044,6070,6974,253,141,112,2188,1200,988,352,187,165
1.0 Scen,2036,379,Rains County,15937,7643,8294,13073,6080,6993,251,138,113,2261,1236,1025,352,189,163
1.0 Scen,2037,379,Rains County,16061,7709,8352,13120,6103,7017,248,136,112,2339,1279,1060,354,191,163
1.0 Scen,2038,379,Rains County,16162,7769,8393,13148,6120,7028,245,134,111,2419,1325,1094,350,190,160
1.0 Scen,2039,379,Rains County,16245,7822,8423,13154,6130,7024,242,134,108,2497,1365,1132,352,193,159
1.0 Scen,2040,379,Rains County,16358,7879,8479,13168,6137,7031,238,131,107,2596,1416,1180,356,195,161
1.0 Scen,2041,379,Rains County,16454,7934,8520,13181,6150,7031,235,130,105,2680,1458,1222,358,196,162
1.0 Scen,2042,379,Rains County,16537,7983,8554,13182,6157,7025,233,129,104,2767,1506,1261,355,191,164
1.0 Scen,2043,379,Rains County,16617,8044,8573,13163,6161,7002,230,127,103,2868,1563,1305,356,193,163
1.0 Scen,2044,379,Rains County,16690,8090,8600,13137,6155,6982,226,125,101,2971,1616,1355,356,194,162
1.0 Scen,2045,379,Rains County,16755,8141,8614,13119,6159,6960,222,123,99,3061,1665,1396,353,194,159
1.0 Scen,2046,379,Rains County,16815,8194,8621,13088,6156,6932,219,122,97,3165,1722,1443,343,194,149
1.0 Scen,2047,379,Rains County,16878,8244,8634,13055,6148,6907,214,120,94,3273,1782,1491,336,194,142
1.0 Scen,2048,379,Rains County,16954,8302,8652,13027,6148,6879,209,116,93,3385,1846,1539,333,192,141
1.0 Scen,2049,379,Rains County,17021,8350,8671,12985,6138,6847,207,115,92,3496,1906,1590,333,191,142
1.0 Scen,2050,379,Rains County,17101,8404,8697,12947,6128,6819,205,113,92,3615,1971,1644,334,192,142
1.0 Scen,2010,381,Randall County,120725,58737,61988,94361,45444,48917,2701,1509,1192,19775,9820,9955,3888,1964,1924
1.0 Scen,2011,381,Randall County,122620,59671,62949,94891,45701,49190,2815,1570,1245,20832,10335,10497,4082,2065,2017
1.0 Scen,2012,381,Randall County,124605,60643,63962,95438,45955,49483,2934,1638,1296,21941,10871,11070,4292,2179,2113
1.0 Scen,2013,381,Randall County,126652,61666,64986,95994,46233,49761,3050,1701,1349,23107,11438,11669,4501,2294,2207
1.0 Scen,2014,381,Randall County,128733,62688,66045,96514,46487,50027,3163,1763,1400,24349,12039,12310,4707,2399,2308
1.0 Scen,2015,381,Randall County,130799,63717,67082,96965,46707,50258,3283,1830,1453,25630,12664,12966,4921,2516,2405
1.0 Scen,2016,381,Randall County,132939,64772,68167,97413,46918,50495,3402,1902,1500,26979,13317,13662,5145,2635,2510
1.0 Scen,2017,381,Randall County,135116,65852,69264,97820,47117,50703,3547,1981,1566,28388,14004,14384,5361,2750,2611
1.0 Scen,2018,381,Randall County,137390,66981,70409,98221,47309,50912,3692,2064,1628,29864,14720,15144,5613,2888,2725
1.0 Scen,2019,381,Randall County,139717,68142,71575,98597,47501,51096,3846,2148,1698,31409,15471,15938,5865,3022,2843
1.0 Scen,2020,381,Randall County,142109,69336,72773,98938,47665,51273,3993,2228,1765,33050,16280,16770,6128,3163,2965
1.0 Scen,2021,381,Randall County,144620,70594,74026,99292,47841,51451,4152,2311,1841,34779,17128,17651,6397,3314,3083
1.0 Scen,2022,381,Randall County,147216,71900,75316,99618,48004,51614,4312,2399,1913,36605,18030,18575,6681,3467,3214
1.0 Scen,2023,381,Randall County,149887,73242,76645,99914,48154,51760,4479,2486,1993,38512,18971,19541,6982,3631,3351
1.0 Scen,2024,381,Randall County,152663,74634,78029,100185,48298,51887,4658,2586,2072,40518,19950,20568,7302,3800,3502
1.0 Scen,2025,381,Randall County,155527,76069,79458,100428,48424,52004,4833,2679,2154,42630,20986,21644,7636,3980,3656
1.0 Scen,2026,381,Randall County,158459,77534,80925,100642,48543,52099,5008,2768,2240,44829,22059,22770,7980,4164,3816
1.0 Scen,2027,381,Randall County,161456,79036,82420,100815,48648,52167,5178,2855,2323,47131,23183,23948,8332,4350,3982
1.0 Scen,2028,381,Randall County,164556,80597,83959,100956,48737,52219,5372,2953,2419,49524,24354,25170,8704,4553,4151
1.0 Scen,2029,381,Randall County,167737,82203,85534,101040,48798,52242,5564,3050,2514,52042,25594,26448,9091,4761,4330
1.0 Scen,2030,381,Randall County,171030,83860,87170,101113,48859,52254,5759,3147,2612,54670,26881,27789,9488,4973,4515
1.0 Scen,2031,381,Randall County,174402,85567,88835,101137,48897,52240,5960,3245,2715,57390,28219,29171,9915,5206,4709
1.0 Scen,2032,381,Randall County,177840,87308,90532,101105,48914,52191,6141,3336,2805,60237,29609,30628,10357,5449,4908
1.0 Scen,2033,381,Randall County,181319,89075,92244,101016,48907,52109,6335,3430,2905,63164,31040,32124,10804,5698,5106
1.0 Scen,2034,381,Randall County,184890,90863,94027,100880,48867,52013,6519,3516,3003,66202,32522,33680,11289,5958,5331
1.0 Scen,2035,381,Randall County,188535,92711,95824,100676,48808,51868,6722,3619,3103,69347,34053,35294,11790,6231,5559
1.0 Scen,2036,381,Randall County,192278,94605,97673,100456,48741,51715,6925,3718,3207,72597,35642,36955,12300,6504,5796
1.0 Scen,2037,381,Randall County,196085,96541,99544,100184,48654,51530,7127,3813,3314,75939,37279,38660,12835,6795,6040
1.0 Scen,2038,381,Randall County,199967,98523,101444,99852,48546,51306,7338,3917,3421,79384,38967,40417,13393,7093,6300
1.0 Scen,2039,381,Randall County,203928,100541,103387,99488,48426,51062,7539,4012,3527,82931,40697,42234,13970,7406,6564
1.0 Scen,2040,381,Randall County,207994,102625,105369,99103,48295,50808,7745,4113,3632,86576,42484,44092,14570,7733,6837
1.0 Scen,2041,381,Randall County,212124,104745,107379,98655,48141,50514,7958,4218,3740,90321,44316,46005,15190,8070,7120
1.0 Scen,2042,381,Randall County,216393,106938,109455,98203,47980,50223,8183,4329,3854,94183,46214,47969,15824,8415,7409
1.0 Scen,2043,381,Randall County,220748,109194,111554,97717,47818,49899,8399,4439,3960,98156,48170,49986,16476,8767,7709
1.0 Scen,2044,381,Randall County,225234,111494,113740,97215,47634,49581,8628,4549,4079,102246,50181,52065,17145,9130,8015
1.0 Scen,2045,381,Randall County,229842,113872,115970,96702,47452,49250,8851,4659,4192,106444,52251,54193,17845,9510,8335
1.0 Scen,2046,381,Randall County,234564,116304,118260,96184,47261,48923,9066,4760,4306,110762,54389,56373,18552,9894,8658
1.0 Scen,2047,381,Randall County,239430,118811,120619,95655,47071,48584,9287,4866,4421,115193,56578,58615,19295,10296,8999
1.0 Scen,2048,381,Randall County,244492,121422,123070,95130,46880,48250,9522,4985,4537,119781,58851,60930,20059,10706,9353
1.0 Scen,2049,381,Randall County,249686,124100,125586,94602,46691,47911,9752,5100,4652,124487,61181,63306,20845,11128,9717
1.0 Scen,2050,381,Randall County,255054,126860,128194,94087,46505,47582,9994,5211,4783,129322,63583,65739,21651,11561,10090
1.0 Scen,2010,383,Reagan County,3367,1748,1619,1219,600,619,65,41,24,2051,1091,960,32,16,16
1.0 Scen,2011,383,Reagan County,3422,1783,1639,1228,606,622,65,41,24,2097,1120,977,32,16,16
1.0 Scen,2012,383,Reagan County,3483,1824,1659,1239,612,627,65,41,24,2147,1155,992,32,16,16
1.0 Scen,2013,383,Reagan County,3536,1857,1679,1246,617,629,64,40,24,2194,1184,1010,32,16,16
1.0 Scen,2014,383,Reagan County,3582,1888,1694,1250,618,632,64,40,24,2236,1214,1022,32,16,16
1.0 Scen,2015,383,Reagan County,3634,1925,1709,1253,622,631,64,40,24,2285,1247,1038,32,16,16
1.0 Scen,2016,383,Reagan County,3684,1958,1726,1254,622,632,63,40,23,2335,1280,1055,32,16,16
1.0 Scen,2017,383,Reagan County,3747,2004,1743,1265,632,633,63,40,23,2387,1316,1071,32,16,16
1.0 Scen,2018,383,Reagan County,3807,2043,1764,1271,636,635,63,40,23,2442,1351,1091,31,16,15
1.0 Scen,2019,383,Reagan County,3854,2077,1777,1267,636,631,63,40,23,2493,1385,1108,31,16,15
1.0 Scen,2020,383,Reagan County,3908,2116,1792,1263,636,627,63,40,23,2551,1424,1127,31,16,15
1.0 Scen,2021,383,Reagan County,3961,2151,1810,1263,638,625,63,40,23,2605,1458,1147,30,15,15
1.0 Scen,2022,383,Reagan County,4017,2192,1825,1265,640,625,63,41,22,2659,1496,1163,30,15,15
1.0 Scen,2023,383,Reagan County,4079,2235,1844,1268,645,623,61,39,22,2720,1536,1184,30,15,15
1.0 Scen,2024,383,Reagan County,4127,2269,1858,1264,642,622,62,40,22,2771,1572,1199,30,15,15
1.0 Scen,2025,383,Reagan County,4171,2302,1869,1256,637,619,61,40,21,2823,1610,1213,31,15,16
1.0 Scen,2026,383,Reagan County,4222,2339,1883,1254,636,618,60,40,20,2877,1648,1229,31,15,16
1.0 Scen,2027,383,Reagan County,4281,2379,1902,1245,632,613,61,40,21,2944,1692,1252,31,15,16
1.0 Scen,2028,383,Reagan County,4320,2409,1911,1231,625,606,61,40,21,2997,1729,1268,31,15,16
1.0 Scen,2029,383,Reagan County,4361,2434,1927,1223,617,606,61,40,21,3046,1762,1284,31,15,16
1.0 Scen,2030,383,Reagan County,4404,2468,1936,1214,612,602,61,40,21,3099,1802,1297,30,14,16
1.0 Scen,2031,383,Reagan County,4437,2501,1936,1200,603,597,59,40,19,3149,1843,1306,29,15,14
1.0 Scen,2032,383,Reagan County,4477,2537,1940,1190,599,591,57,39,18,3201,1884,1317,29,15,14
1.0 Scen,2033,383,Reagan County,4518,2569,1949,1179,595,584,57,39,18,3253,1920,1333,29,15,14
1.0 Scen,2034,383,Reagan County,4550,2590,1960,1167,587,580,56,38,18,3298,1950,1348,29,15,14
1.0 Scen,2035,383,Reagan County,4576,2623,1953,1148,578,570,56,38,18,3341,1990,1351,31,17,14
1.0 Scen,2036,383,Reagan County,4608,2650,1958,1138,571,567,57,38,19,3382,2024,1358,31,17,14
1.0 Scen,2037,383,Reagan County,4629,2673,1956,1121,563,558,55,37,18,3422,2056,1366,31,17,14
1.0 Scen,2038,383,Reagan County,4658,2703,1955,1106,559,547,55,37,18,3467,2090,1377,30,17,13
1.0 Scen,2039,383,Reagan County,4685,2730,1955,1093,556,537,54,36,18,3508,2121,1387,30,17,13
1.0 Scen,2040,383,Reagan County,4688,2746,1942,1066,546,520,53,35,18,3541,2150,1391,28,15,13
1.0 Scen,2041,383,Reagan County,4701,2773,1928,1048,540,508,53,35,18,3572,2183,1389,28,15,13
1.0 Scen,2042,383,Reagan County,4730,2802,1928,1037,535,502,53,35,18,3611,2216,1395,29,16,13
1.0 Scen,2043,383,Reagan County,4757,2827,1930,1022,529,493,51,34,17,3655,2248,1407,29,16,13
1.0 Scen,2044,383,Reagan County,4776,2853,1923,1001,520,481,50,33,17,3695,2284,1411,30,16,14
1.0 Scen,2045,383,Reagan County,4791,2882,1909,980,516,464,47,31,16,3734,2319,1415,30,16,14
1.0 Scen,2046,383,Reagan County,4808,2907,1901,966,513,453,46,30,16,3767,2350,1417,29,14,15
1.0 Scen,2047,383,Reagan County,4835,2939,1896,950,508,442,45,29,16,3811,2388,1423,29,14,15
1.0 Scen,2048,383,Reagan County,4847,2955,1892,934,497,437,41,26,15,3844,2419,1425,28,13,15
1.0 Scen,2049,383,Reagan County,4863,2971,1892,926,492,434,39,25,14,3869,2441,1428,29,13,16
1.0 Scen,2050,383,Reagan County,4882,2996,1886,915,488,427,36,22,14,3902,2473,1429,29,13,16
1.0 Scen,2010,385,Real County,3309,1638,1671,2398,1175,1223,20,9,11,814,418,396,77,36,41
1.0 Scen,2011,385,Real County,3334,1654,1680,2407,1180,1227,20,9,11,830,429,401,77,36,41
1.0 Scen,2012,385,Real County,3355,1661,1694,2415,1180,1235,20,9,11,844,437,407,76,35,41
1.0 Scen,2013,385,Real County,3366,1666,1700,2409,1176,1233,20,9,11,861,445,416,76,36,40
1.0 Scen,2014,385,Real County,3386,1677,1709,2408,1176,1232,20,9,11,881,456,425,77,36,41
1.0 Scen,2015,385,Real County,3393,1683,1710,2399,1171,1228,21,10,11,895,465,430,78,37,41
1.0 Scen,2016,385,Real County,3408,1689,1719,2392,1166,1226,22,10,12,915,476,439,79,37,42
1.0 Scen,2017,385,Real County,3418,1700,1718,2377,1161,1216,23,11,12,936,489,447,82,39,43
1.0 Scen,2018,385,Real County,3430,1704,1726,2366,1155,1211,24,11,13,957,499,458,83,39,44
1.0 Scen,2019,385,Real County,3434,1708,1726,2349,1145,1204,25,12,13,976,511,465,84,40,44
1.0 Scen,2020,385,Real County,3439,1710,1729,2332,1136,1196,26,12,14,996,522,474,85,40,45
1.0 Scen,2021,385,Real County,3445,1721,1724,2319,1135,1184,26,12,14,1014,533,481,86,41,45
1.0 Scen,2022,385,Real County,3451,1725,1726,2304,1129,1175,27,12,15,1034,543,491,86,41,45
1.0 Scen,2023,385,Real County,3453,1733,1720,2288,1126,1162,28,13,15,1052,553,499,85,41,44
1.0 Scen,2024,385,Real County,3455,1734,1721,2272,1117,1155,29,13,16,1068,563,505,86,41,45
1.0 Scen,2025,385,Real County,3452,1738,1714,2250,1109,1141,29,13,16,1086,574,512,87,42,45
1.0 Scen,2026,385,Real County,3451,1737,1714,2228,1097,1131,29,13,16,1105,584,521,89,43,46
1.0 Scen,2027,385,Real County,3451,1737,1714,2210,1088,1122,29,13,16,1122,592,530,90,44,46
1.0 Scen,2028,385,Real County,3437,1727,1710,2180,1072,1108,29,13,16,1139,600,539,89,42,47
1.0 Scen,2029,385,Real County,3414,1721,1693,2152,1061,1091,29,13,16,1144,604,540,89,43,46
1.0 Scen,2030,385,Real County,3387,1710,1677,2127,1050,1077,29,13,16,1144,607,537,87,40,47
1.0 Scen,2031,385,Real County,3375,1707,1668,2103,1037,1066,29,13,16,1154,614,540,89,43,46
1.0 Scen,2032,385,Real County,3350,1702,1648,2076,1029,1047,29,13,16,1160,619,541,85,41,44
1.0 Scen,2033,385,Real County,3324,1692,1632,2043,1013,1030,29,13,16,1168,624,544,84,42,42
1.0 Scen,2034,385,Real County,3306,1688,1618,2018,1005,1013,30,14,16,1174,627,547,84,42,42
1.0 Scen,2035,385,Real County,3292,1686,1606,1991,994,997,30,14,16,1186,636,550,85,42,43
1.0 Scen,2036,385,Real County,3279,1686,1593,1960,984,976,30,14,16,1203,646,557,86,42,44
1.0 Scen,2037,385,Real County,3266,1685,1581,1935,976,959,29,14,15,1216,653,563,86,42,44
1.0 Scen,2038,385,Real County,3250,1685,1565,1904,966,938,29,14,15,1231,663,568,86,42,44
1.0 Scen,2039,385,Real County,3237,1688,1549,1874,958,916,29,14,15,1248,673,575,86,43,43
1.0 Scen,2040,385,Real County,3207,1680,1527,1831,941,890,29,14,15,1261,682,579,86,43,43
1.0 Scen,2041,385,Real County,3185,1673,1512,1800,928,872,29,14,15,1269,687,582,87,44,43
1.0 Scen,2042,385,Real County,3159,1666,1493,1769,918,851,29,14,15,1274,691,583,87,43,44
1.0 Scen,2043,385,Real County,3137,1660,1477,1741,905,836,27,12,15,1282,700,582,87,43,44
1.0 Scen,2044,385,Real County,3105,1652,1453,1710,892,818,27,12,15,1281,706,575,87,42,45
1.0 Scen,2045,385,Real County,3095,1652,1443,1686,884,802,27,12,15,1297,715,582,85,41,44
1.0 Scen,2046,385,Real County,3086,1656,1430,1665,881,784,26,11,15,1310,723,587,85,41,44
1.0 Scen,2047,385,Real County,3083,1657,1426,1648,875,773,26,11,15,1324,730,594,85,41,44
1.0 Scen,2048,385,Real County,3070,1655,1415,1622,865,757,26,11,15,1339,739,600,83,40,43
1.0 Scen,2049,385,Real County,3068,1656,1412,1604,855,749,26,11,15,1357,751,606,81,39,42
1.0 Scen,2050,385,Real County,3044,1650,1394,1577,849,728,26,11,15,1361,752,609,80,38,42
1.0 Scen,2010,387,Red River County,12860,6266,6594,9503,4654,4849,2211,1016,1195,849,451,398,297,145,152
1.0 Scen,2011,387,Red River County,12947,6320,6627,9532,4674,4858,2240,1035,1205,875,464,411,300,147,153
1.0 Scen,2012,387,Red River County,13013,6381,6632,9528,4695,4833,2274,1056,1218,905,480,425,306,150,156
1.0 Scen,2013,387,Red River County,13082,6428,6654,9532,4702,4830,2307,1079,1228,933,495,438,310,152,158
1.0 Scen,2014,387,Red River County,13149,6474,6675,9536,4709,4827,2337,1099,1238,958,509,449,318,157,161
1.0 Scen,2015,387,Red River County,13227,6525,6702,9548,4718,4830,2364,1117,1247,990,529,461,325,161,164
1.0 Scen,2016,387,Red River County,13286,6565,6721,9549,4730,4819,2382,1125,1257,1024,546,478,331,164,167
1.0 Scen,2017,387,Red River County,13345,6612,6733,9555,4742,4813,2397,1136,1261,1055,564,491,338,170,168
1.0 Scen,2018,387,Red River County,13388,6654,6734,9545,4751,4794,2414,1148,1266,1083,580,503,346,175,171
1.0 Scen,2019,387,Red River County,13441,6696,6745,9546,4756,4790,2428,1161,1267,1117,602,515,350,177,173
1.0 Scen,2020,387,Red River County,13468,6718,6750,9521,4750,4771,2442,1168,1274,1148,620,528,357,180,177
1.0 Scen,2021,387,Red River County,13509,6753,6756,9507,4751,4756,2457,1178,1279,1181,640,541,364,184,180
1.0 Scen,2022,387,Red River County,13547,6782,6765,9489,4749,4740,2469,1186,1283,1215,657,558,374,190,184
1.0 Scen,2023,387,Red River County,13571,6810,6761,9469,4745,4724,2473,1195,1278,1249,676,573,380,194,186
1.0 Scen,2024,387,Red River County,13584,6827,6757,9427,4733,4694,2483,1200,1283,1288,697,591,386,197,189
1.0 Scen,2025,387,Red River County,13594,6851,6743,9386,4723,4663,2493,1209,1284,1326,718,608,389,201,188
1.0 Scen,2026,387,Red River County,13604,6871,6733,9349,4712,4637,2495,1213,1282,1365,740,625,395,206,189
1.0 Scen,2027,387,Red River County,13580,6869,6711,9297,4689,4608,2492,1217,1275,1397,757,640,394,206,188
1.0 Scen,2028,387,Red River County,13556,6872,6684,9251,4671,4580,2478,1214,1264,1434,781,653,393,206,187
1.0 Scen,2029,387,Red River County,13515,6864,6651,9178,4640,4538,2469,1212,1257,1471,804,667,397,208,189
1.0 Scen,2030,387,Red River County,13497,6868,6629,9123,4624,4499,2460,1206,1254,1515,828,687,399,210,189
1.0 Scen,2031,387,Red River County,13466,6866,6600,9048,4593,4455,2446,1203,1243,1565,853,712,407,217,190
1.0 Scen,2032,387,Red River County,13428,6867,6561,8972,4566,4406,2439,1208,1231,1604,873,731,413,220,193
1.0 Scen,2033,387,Red River County,13389,6857,6532,8892,4527,4365,2429,1209,1220,1650,898,752,418,223,195
1.0 Scen,2034,387,Red River County,13348,6856,6492,8819,4500,4319,2422,1212,1210,1685,920,765,422,224,198
1.0 Scen,2035,387,Red River County,13308,6858,6450,8745,4474,4271,2404,1213,1191,1726,942,784,433,229,204
1.0 Scen,2036,387,Red River County,13273,6852,6421,8664,4438,4226,2395,1214,1181,1774,968,806,440,232,208
1.0 Scen,2037,387,Red River County,13228,6844,6384,8577,4403,4174,2381,1210,1171,1823,994,829,447,237,210
1.0 Scen,2038,387,Red River County,13195,6836,6359,8505,4372,4133,2365,1204,1161,1868,1018,850,457,242,215
1.0 Scen,2039,387,Red River County,13144,6837,6307,8418,4340,4078,2345,1203,1142,1916,1045,871,465,249,216
1.0 Scen,2040,387,Red River County,13105,6837,6268,8337,4311,4026,2325,1199,1126,1968,1071,897,475,256,219
1.0 Scen,2041,387,Red River County,13066,6838,6228,8245,4274,3971,2316,1201,1115,2020,1100,920,485,263,222
1.0 Scen,2042,387,Red River County,13007,6831,6176,8158,4241,3917,2286,1190,1096,2068,1130,938,495,270,225
1.0 Scen,2043,387,Red River County,12935,6819,6116,8060,4203,3857,2261,1182,1079,2110,1156,954,504,278,226
1.0 Scen,2044,387,Red River County,12889,6816,6073,7968,4163,3805,2242,1180,1062,2165,1186,979,514,287,227
1.0 Scen,2045,387,Red River County,12822,6808,6014,7871,4126,3745,2218,1173,1045,2211,1214,997,522,295,227
1.0 Scen,2046,387,Red River County,12769,6800,5969,7781,4090,3691,2185,1160,1025,2276,1248,1028,527,302,225
1.0 Scen,2047,387,Red River County,12703,6781,5922,7688,4052,3636,2156,1148,1008,2329,1275,1054,530,306,224
1.0 Scen,2048,387,Red River County,12659,6787,5872,7593,4019,3574,2138,1143,995,2390,1312,1078,538,313,225
1.0 Scen,2049,387,Red River County,12611,6780,5831,7506,3984,3522,2117,1138,979,2441,1339,1102,547,319,228
1.0 Scen,2050,387,Red River County,12569,6770,5799,7417,3946,3471,2093,1127,966,2501,1370,1131,558,327,231
1.0 Scen,2010,389,Reeves County,13783,8281,5502,2690,1783,907,672,573,99,10233,5812,4421,188,113,75
1.0 Scen,2011,389,Reeves County,13931,8367,5564,2692,1786,906,675,576,99,10373,5890,4483,191,115,76
1.0 Scen,2012,389,Reeves County,14044,8429,5615,2682,1779,903,674,574,100,10495,5959,4536,193,117,76
1.0 Scen,2013,389,Reeves County,14160,8495,5665,2670,1773,897,674,574,100,10621,6030,4591,195,118,77
1.0 Scen,2014,389,Reeves County,14283,8562,5721,2653,1762,891,680,578,102,10752,6102,4650,198,120,78
1.0 Scen,2015,389,Reeves County,14398,8627,5771,2634,1749,885,677,575,102,10885,6180,4705,202,123,79
1.0 Scen,2016,389,Reeves County,14494,8676,5818,2605,1727,878,675,574,101,11012,6253,4759,202,122,80
1.0 Scen,2017,389,Reeves County,14605,8742,5863,2584,1721,863,676,574,102,11141,6324,4817,204,123,81
1.0 Scen,2018,389,Reeves County,14720,8817,5903,2560,1712,848,675,573,102,11279,6409,4870,206,123,83
1.0 Scen,2019,389,Reeves County,14816,8879,5937,2537,1706,831,673,571,102,11398,6478,4920,208,124,84
1.0 Scen,2020,389,Reeves County,14934,8952,5982,2521,1702,819,672,571,101,11532,6553,4979,209,126,83
1.0 Scen,2021,389,Reeves County,15034,9015,6019,2505,1698,807,673,572,101,11644,6617,5027,212,128,84
1.0 Scen,2022,389,Reeves County,15146,9077,6069,2483,1685,798,674,572,102,11776,6693,5083,213,127,86
1.0 Scen,2023,389,Reeves County,15253,9139,6114,2459,1667,792,670,568,102,11906,6773,5133,218,131,87
1.0 Scen,2024,389,Reeves County,15361,9203,6158,2438,1657,781,670,566,104,12034,6848,5186,219,132,87
1.0 Scen,2025,389,Reeves County,15482,9274,6208,2428,1652,776,664,561,103,12165,6924,5241,225,137,88
1.0 Scen,2026,389,Reeves County,15597,9347,6250,2414,1647,767,662,559,103,12295,7003,5292,226,138,88
1.0 Scen,2027,389,Reeves County,15707,9410,6297,2396,1636,760,663,560,103,12417,7072,5345,231,142,89
1.0 Scen,2028,389,Reeves County,15820,9486,6334,2380,1627,753,660,556,104,12543,7155,5388,237,148,89
1.0 Scen,2029,389,Reeves County,15916,9546,6370,2363,1619,744,659,554,105,12655,7223,5432,239,150,89
1.0 Scen,2030,389,Reeves County,16004,9601,6403,2342,1602,740,658,552,106,12765,7296,5469,239,151,88
1.0 Scen,2031,389,Reeves County,16069,9642,6427,2318,1589,729,655,548,107,12857,7353,5504,239,152,87
1.0 Scen,2032,389,Reeves County,16146,9691,6455,2295,1577,718,651,545,106,12960,7416,5544,240,153,87
1.0 Scen,2033,389,Reeves County,16213,9735,6478,2267,1565,702,648,542,106,13057,7475,5582,241,153,88
1.0 Scen,2034,389,Reeves County,16305,9792,6513,2247,1552,695,649,542,107,13163,7540,5623,246,158,88
1.0 Scen,2035,389,Reeves County,16374,9832,6542,2226,1539,687,642,535,107,13260,7600,5660,246,158,88
1.0 Scen,2036,389,Reeves County,16435,9877,6558,2206,1527,679,638,532,106,13341,7656,5685,250,162,88
1.0 Scen,2037,389,Reeves County,16514,9930,6584,2184,1516,668,637,531,106,13439,7716,5723,254,167,87
1.0 Scen,2038,389,Reeves County,16572,9973,6599,2157,1503,654,636,529,107,13517,7767,5750,262,174,88
1.0 Scen,2039,389,Reeves County,16632,10017,6615,2135,1491,644,630,523,107,13601,7824,5777,266,179,87
1.0 Scen,2040,389,Reeves County,16667,10042,6625,2110,1473,637,626,519,107,13662,7867,5795,269,183,86
1.0 Scen,2041,389,Reeves County,16712,10077,6635,2088,1462,626,620,514,106,13727,7911,5816,277,190,87
1.0 Scen,2042,389,Reeves County,16746,10102,6644,2067,1448,619,612,507,105,13788,7955,5833,279,192,87
1.0 Scen,2043,389,Reeves County,16777,10123,6654,2039,1431,608,607,503,104,13849,7993,5856,282,196,86
1.0 Scen,2044,389,Reeves County,16807,10148,6659,2017,1417,600,600,497,103,13904,8034,5870,286,200,86
1.0 Scen,2045,389,Reeves County,16836,10171,6665,1991,1400,591,595,493,102,13961,8075,5886,289,203,86
1.0 Scen,2046,389,Reeves County,16860,10191,6669,1972,1388,584,591,491,100,14008,8107,5901,289,205,84
1.0 Scen,2047,389,Reeves County,16867,10207,6660,1959,1382,577,579,482,97,14039,8136,5903,290,207,83
1.0 Scen,2048,389,Reeves County,16878,10216,6662,1928,1362,566,573,478,95,14085,8167,5918,292,209,83
1.0 Scen,2049,389,Reeves County,16879,10220,6659,1902,1342,560,565,472,93,14119,8194,5925,293,212,81
1.0 Scen,2050,389,Reeves County,16875,10227,6648,1878,1329,549,560,467,93,14143,8218,5925,294,213,81
1.0 Scen,2010,391,Refugio County,7383,3669,3714,3337,1655,1682,445,235,210,3487,1716,1771,114,63,51
1.0 Scen,2011,391,Refugio County,7406,3684,3722,3313,1644,1669,446,236,210,3532,1740,1792,115,64,51
1.0 Scen,2012,391,Refugio County,7437,3704,3733,3287,1633,1654,452,239,213,3582,1768,1814,116,64,52
1.0 Scen,2013,391,Refugio County,7449,3717,3732,3251,1615,1636,455,241,214,3626,1796,1830,117,65,52
1.0 Scen,2014,391,Refugio County,7471,3734,3737,3223,1605,1618,459,243,216,3671,1821,1850,118,65,53
1.0 Scen,2015,391,Refugio County,7486,3748,3738,3188,1591,1597,463,246,217,3716,1845,1871,119,66,53
1.0 Scen,2016,391,Refugio County,7479,3755,3724,3148,1578,1570,464,247,217,3747,1864,1883,120,66,54
1.0 Scen,2017,391,Refugio County,7488,3765,3723,3113,1562,1551,470,250,220,3784,1886,1898,121,67,54
1.0 Scen,2018,391,Refugio County,7498,3774,3724,3083,1547,1536,475,253,222,3818,1907,1911,122,67,55
1.0 Scen,2019,391,Refugio County,7516,3788,3728,3059,1537,1522,480,256,224,3854,1927,1927,123,68,55
1.0 Scen,2020,391,Refugio County,7514,3789,3725,3021,1518,1503,484,259,225,3885,1944,1941,124,68,56
1.0 Scen,2021,391,Refugio County,7541,3807,3734,3003,1510,1493,488,260,228,3925,1968,1957,125,69,56
1.0 Scen,2022,391,Refugio County,7553,3816,3737,2976,1495,1481,492,262,230,3960,1991,1969,125,68,57
1.0 Scen,2023,391,Refugio County,7568,3832,3736,2959,1490,1469,496,264,232,3987,2009,1978,126,69,57
1.0 Scen,2024,391,Refugio County,7567,3836,3731,2925,1475,1450,498,265,233,4019,2027,1992,125,69,56
1.0 Scen,2025,391,Refugio County,7556,3832,3724,2897,1464,1433,501,267,234,4033,2032,2001,125,69,56
1.0 Scen,2026,391,Refugio County,7559,3838,3721,2869,1453,1416,504,268,236,4061,2048,2013,125,69,56
1.0 Scen,2027,391,Refugio County,7545,3833,3712,2836,1438,1398,500,267,233,4084,2059,2025,125,69,56
1.0 Scen,2028,391,Refugio County,7535,3830,3705,2809,1423,1386,501,270,231,4100,2069,2031,125,68,57
1.0 Scen,2029,391,Refugio County,7522,3831,3691,2770,1407,1363,499,270,229,4127,2084,2043,126,70,56
1.0 Scen,2030,391,Refugio County,7525,3836,3689,2742,1393,1349,499,270,229,4157,2103,2054,127,70,57
1.0 Scen,2031,391,Refugio County,7509,3830,3679,2703,1375,1328,497,270,227,4181,2114,2067,128,71,57
1.0 Scen,2032,391,Refugio County,7469,3815,3654,2661,1357,1304,493,269,224,4190,2120,2070,125,69,56
1.0 Scen,2033,391,Refugio County,7443,3810,3633,2628,1344,1284,485,266,219,4206,2132,2074,124,68,56
1.0 Scen,2034,391,Refugio County,7423,3809,3614,2598,1334,1264,484,266,218,4219,2143,2076,122,66,56
1.0 Scen,2035,391,Refugio County,7386,3792,3594,2564,1320,1244,479,262,217,4220,2142,2078,123,68,55
1.0 Scen,2036,391,Refugio County,7358,3788,3570,2531,1306,1225,475,261,214,4229,2153,2076,123,68,55
1.0 Scen,2037,391,Refugio County,7337,3782,3555,2503,1294,1209,470,259,211,4242,2161,2081,122,68,54
1.0 Scen,2038,391,Refugio County,7313,3774,3539,2470,1281,1189,467,257,210,4254,2168,2086,122,68,54
1.0 Scen,2039,391,Refugio County,7254,3750,3504,2432,1266,1166,446,243,203,4255,2173,2082,121,68,53
1.0 Scen,2040,391,Refugio County,7221,3735,3486,2403,1252,1151,442,240,202,4257,2177,2080,119,66,53
1.0 Scen,2041,391,Refugio County,7190,3721,3469,2376,1241,1135,436,236,200,4258,2177,2081,120,67,53
1.0 Scen,2042,391,Refugio County,7161,3719,3442,2353,1232,1121,429,232,197,4260,2189,2071,119,66,53
1.0 Scen,2043,391,Refugio County,7136,3713,3423,2328,1224,1104,425,229,196,4264,2194,2070,119,66,53
1.0 Scen,2044,391,Refugio County,7112,3704,3408,2310,1218,1092,415,224,191,4269,2197,2072,118,65,53
1.0 Scen,2045,391,Refugio County,7061,3681,3380,2281,1201,1080,405,221,184,4257,2194,2063,118,65,53
1.0 Scen,2046,391,Refugio County,7008,3663,3345,2246,1187,1059,392,217,175,4257,2195,2062,113,64,49
1.0 Scen,2047,391,Refugio County,6972,3657,3315,2222,1182,1040,385,215,170,4253,2196,2057,112,64,48
1.0 Scen,2048,391,Refugio County,6935,3640,3295,2194,1170,1024,376,209,167,4255,2199,2056,110,62,48
1.0 Scen,2049,391,Refugio County,6910,3638,3272,2173,1158,1015,368,207,161,4260,2211,2049,109,62,47
1.0 Scen,2050,391,Refugio County,6880,3624,3256,2160,1153,1007,361,204,157,4252,2206,2046,107,61,46
1.0 Scen,2010,393,Roberts County,929,469,460,841,421,420,0,0,0,74,39,35,14,9,5
1.0 Scen,2011,393,Roberts County,939,475,464,850,426,424,0,0,0,75,40,35,14,9,5
1.0 Scen,2012,393,Roberts County,953,484,469,862,434,428,0,0,0,77,41,36,14,9,5
1.0 Scen,2013,393,Roberts County,960,489,471,867,438,429,0,0,0,79,42,37,14,9,5
1.0 Scen,2014,393,Roberts County,969,497,472,874,445,429,0,0,0,81,43,38,14,9,5
1.0 Scen,2015,393,Roberts County,975,499,476,879,446,433,0,0,0,82,44,38,14,9,5
1.0 Scen,2016,393,Roberts County,980,502,478,882,448,434,0,0,0,84,45,39,14,9,5
1.0 Scen,2017,393,Roberts County,988,507,481,888,452,436,0,0,0,86,46,40,14,9,5
1.0 Scen,2018,393,Roberts County,992,510,482,890,454,436,0,0,0,88,47,41,14,9,5
1.0 Scen,2019,393,Roberts County,995,512,483,891,455,436,0,0,0,90,48,42,14,9,5
1.0 Scen,2020,393,Roberts County,994,513,481,888,455,433,0,0,0,92,49,43,14,9,5
1.0 Scen,2021,393,Roberts County,1003,521,482,896,462,434,0,0,0,94,50,44,13,9,4
1.0 Scen,2022,393,Roberts County,1007,527,480,897,467,430,0,0,0,97,51,46,13,9,4
1.0 Scen,2023,393,Roberts County,1007,526,481,895,465,430,0,0,0,99,52,47,13,9,4
1.0 Scen,2024,393,Roberts County,1010,528,482,896,466,430,0,0,0,101,53,48,13,9,4
1.0 Scen,2025,393,Roberts County,1009,531,478,893,468,425,0,0,0,103,54,49,13,9,4
1.0 Scen,2026,393,Roberts County,1010,534,476,892,470,422,0,0,0,105,55,50,13,9,4
1.0 Scen,2027,393,Roberts County,1007,533,474,887,468,419,0,0,0,107,56,51,13,9,4
1.0 Scen,2028,393,Roberts County,999,529,470,877,463,414,0,0,0,109,57,52,13,9,4
1.0 Scen,2029,393,Roberts County,990,524,466,867,458,409,0,0,0,111,58,53,12,8,4
1.0 Scen,2030,393,Roberts County,987,521,466,862,454,408,0,0,0,113,59,54,12,8,4
1.0 Scen,2031,393,Roberts County,987,522,465,860,454,406,0,0,0,115,60,55,12,8,4
1.0 Scen,2032,393,Roberts County,989,521,468,860,452,408,0,0,0,117,61,56,12,8,4
1.0 Scen,2033,393,Roberts County,989,522,467,858,452,406,0,0,0,119,62,57,12,8,4
1.0 Scen,2034,393,Roberts County,982,519,463,849,448,401,0,0,0,121,63,58,12,8,4
1.0 Scen,2035,393,Roberts County,985,521,464,850,449,401,0,0,0,123,64,59,12,8,4
1.0 Scen,2036,393,Roberts County,978,518,460,841,445,396,0,0,0,125,65,60,12,8,4
1.0 Scen,2037,393,Roberts County,971,513,458,833,440,393,0,0,0,127,66,61,11,7,4
1.0 Scen,2038,393,Roberts County,962,510,452,823,437,386,0,0,0,128,66,62,11,7,4
1.0 Scen,2039,393,Roberts County,953,508,445,813,434,379,0,0,0,130,67,63,10,7,3
1.0 Scen,2040,393,Roberts County,946,505,441,804,430,374,0,0,0,132,68,64,10,7,3
1.0 Scen,2041,393,Roberts County,938,500,438,795,425,370,0,0,0,133,68,65,10,7,3
1.0 Scen,2042,393,Roberts County,929,497,432,784,421,363,0,0,0,135,69,66,10,7,3
1.0 Scen,2043,393,Roberts County,927,497,430,781,421,360,0,0,0,136,69,67,10,7,3
1.0 Scen,2044,393,Roberts County,922,496,426,776,419,357,0,0,0,136,70,66,10,7,3
1.0 Scen,2045,393,Roberts County,911,492,419,764,414,350,0,0,0,137,71,66,10,7,3
1.0 Scen,2046,393,Roberts County,906,488,418,759,410,349,0,0,0,137,71,66,10,7,3
1.0 Scen,2047,393,Roberts County,895,483,412,748,406,342,0,0,0,138,71,67,9,6,3
1.0 Scen,2048,393,Roberts County,877,468,409,729,391,338,0,0,0,139,71,68,9,6,3
1.0 Scen,2049,393,Roberts County,873,466,407,725,389,336,0,0,0,139,71,68,9,6,3
1.0 Scen,2050,393,Roberts County,865,465,400,716,388,328,0,0,0,140,71,69,9,6,3
1.0 Scen,2010,395,Robertson County,16622,8230,8392,9821,4917,4904,3509,1639,1870,2990,1522,1468,302,152,150
1.0 Scen,2011,395,Robertson County,16925,8388,8537,9925,4969,4956,3579,1676,1903,3116,1589,1527,305,154,151
1.0 Scen,2012,395,Robertson County,17218,8550,8668,10003,5016,4987,3657,1718,1939,3246,1658,1588,312,158,154
1.0 Scen,2013,395,Robertson County,17501,8694,8807,10093,5057,5036,3717,1748,1969,3372,1726,1646,319,163,156
1.0 Scen,2014,395,Robertson County,17797,8852,8945,10186,5101,5085,3775,1784,1991,3508,1797,1711,328,170,158
1.0 Scen,2015,395,Robertson County,18098,9003,9095,10279,5143,5136,3833,1812,2021,3650,1872,1778,336,176,160
1.0 Scen,2016,395,Robertson County,18380,9154,9226,10357,5189,5168,3893,1839,2054,3788,1945,1843,342,181,161
1.0 Scen,2017,395,Robertson County,18666,9300,9366,10439,5229,5210,3944,1864,2080,3934,2020,1914,349,187,162
1.0 Scen,2018,395,Robertson County,18964,9461,9503,10525,5273,5252,3996,1895,2101,4086,2099,1987,357,194,163
1.0 Scen,2019,395,Robertson County,19252,9612,9640,10598,5312,5286,4035,1914,2121,4254,2186,2068,365,200,165
1.0 Scen,2020,395,Robertson County,19553,9774,9779,10680,5357,5323,4078,1934,2144,4417,2273,2144,378,210,168
1.0 Scen,2021,395,Robertson County,19862,9934,9928,10764,5397,5367,4121,1956,2165,4591,2365,2226,386,216,170
1.0 Scen,2022,395,Robertson County,20155,10091,10064,10839,5438,5401,4157,1973,2184,4766,2458,2308,393,222,171
1.0 Scen,2023,395,Robertson County,20448,10243,10205,10925,5481,5444,4190,1993,2197,4935,2544,2391,398,225,173
1.0 Scen,2024,395,Robertson County,20767,10409,10358,10998,5519,5479,4229,2013,2216,5133,2646,2487,407,231,176
1.0 Scen,2025,395,Robertson County,21075,10582,10493,11063,5558,5505,4259,2038,2221,5339,2748,2591,414,238,176
1.0 Scen,2026,395,Robertson County,21378,10745,10633,11126,5591,5535,4298,2058,2240,5534,2852,2682,420,244,176
1.0 Scen,2027,395,Robertson County,21668,10895,10773,11167,5613,5554,4332,2076,2256,5741,2957,2784,428,249,179
1.0 Scen,2028,395,Robertson County,21988,11070,10918,11228,5650,5578,4361,2093,2268,5961,3069,2892,438,258,180
1.0 Scen,2029,395,Robertson County,22265,11220,11045,11271,5678,5593,4385,2105,2280,6162,3171,2991,447,266,181
1.0 Scen,2030,395,Robertson County,22578,11406,11172,11325,5711,5614,4419,2134,2285,6378,3285,3093,456,276,180
1.0 Scen,2031,395,Robertson County,22860,11553,11307,11347,5724,5623,4454,2153,2301,6596,3390,3206,463,286,177
1.0 Scen,2032,395,Robertson County,23166,11724,11442,11385,5747,5638,4483,2172,2311,6830,3511,3319,468,294,174
1.0 Scen,2033,395,Robertson County,23449,11878,11571,11410,5763,5647,4508,2185,2323,7055,3626,3429,476,304,172
1.0 Scen,2034,395,Robertson County,23739,12032,11707,11438,5783,5655,4531,2201,2330,7286,3737,3549,484,311,173
1.0 Scen,2035,395,Robertson County,24020,12194,11826,11449,5801,5648,4544,2213,2331,7532,3863,3669,495,317,178
1.0 Scen,2036,395,Robertson County,24324,12353,11971,11465,5815,5650,4571,2227,2344,7778,3983,3795,510,328,182
1.0 Scen,2037,395,Robertson County,24589,12490,12099,11482,5828,5654,4568,2226,2342,8013,4096,3917,526,340,186
1.0 Scen,2038,395,Robertson County,24881,12655,12226,11490,5846,5644,4595,2243,2352,8262,4219,4043,534,347,187
1.0 Scen,2039,395,Robertson County,25145,12801,12344,11485,5852,5633,4597,2244,2353,8516,4345,4171,547,360,187
1.0 Scen,2040,395,Robertson County,25406,12957,12449,11476,5859,5617,4610,2257,2353,8764,4470,4294,556,371,185
1.0 Scen,2041,395,Robertson County,25673,13102,12571,11464,5861,5603,4615,2260,2355,9025,4598,4427,569,383,186
1.0 Scen,2042,395,Robertson County,25929,13244,12685,11456,5868,5588,4600,2252,2348,9288,4727,4561,585,397,188
1.0 Scen,2043,395,Robertson County,26194,13399,12795,11445,5874,5571,4598,2255,2343,9550,4857,4693,601,413,188
1.0 Scen,2044,395,Robertson County,26435,13542,12893,11420,5873,5547,4586,2250,2336,9811,4990,4821,618,429,189
1.0 Scen,2045,395,Robertson County,26699,13689,13010,11417,5878,5539,4568,2239,2329,10079,5126,4953,635,446,189
1.0 Scen,2046,395,Robertson County,26958,13842,13116,11395,5879,5516,4568,2240,2328,10349,5264,5085,646,459,187
1.0 Scen,2047,395,Robertson County,27216,13995,13221,11372,5874,5498,4558,2238,2320,10620,5404,5216,666,479,187
1.0 Scen,2048,395,Robertson County,27461,14151,13310,11351,5878,5473,4543,2237,2306,10888,5540,5348,679,496,183
1.0 Scen,2049,395,Robertson County,27728,14306,13422,11340,5880,5460,4529,2232,2297,11162,5680,5482,697,514,183
1.0 Scen,2050,395,Robertson County,27984,14463,13521,11319,5882,5437,4509,2223,2286,11440,5823,5617,716,535,181
1.0 Scen,2010,397,Rockwall County,78337,38516,39821,58046,28365,29681,4397,2162,2235,12470,6366,6104,3424,1623,1801
1.0 Scen,2011,397,Rockwall County,81631,40118,41513,60063,29347,30716,4677,2297,2380,13225,6735,6490,3666,1739,1927
1.0 Scen,2012,397,Rockwall County,85046,41767,43279,62137,30351,31786,4962,2430,2532,14013,7113,6900,3934,1873,2061
1.0 Scen,2013,397,Rockwall County,88530,43455,45075,64214,31354,32860,5255,2574,2681,14868,7527,7341,4193,2000,2193
1.0 Scen,2014,397,Rockwall County,92121,45186,46935,66295,32359,33936,5578,2725,2853,15771,7968,7803,4477,2134,2343
1.0 Scen,2015,397,Rockwall County,95829,46958,48871,68409,33379,35030,5914,2878,3036,16728,8425,8303,4778,2276,2502
1.0 Scen,2016,397,Rockwall County,99630,48771,50859,70534,34389,36145,6272,3044,3228,17728,8908,8820,5096,2430,2666
1.0 Scen,2017,397,Rockwall County,103544,50635,52909,72662,35409,37253,6654,3220,3434,18793,9410,9383,5435,2596,2839
1.0 Scen,2018,397,Rockwall County,107563,52543,55020,74810,36438,38372,7052,3400,3652,19905,9935,9970,5796,2770,3026
1.0 Scen,2019,397,Rockwall County,111704,54505,57199,76980,37479,39501,7461,3579,3882,21075,10488,10587,6188,2959,3229
1.0 Scen,2020,397,Rockwall County,115985,56550,59435,79174,38535,40639,7891,3777,4114,22323,11078,11245,6597,3160,3437
1.0 Scen,2021,397,Rockwall County,120413,58659,61754,81416,39613,41803,8340,3980,4360,23619,11694,11925,7038,3372,3666
1.0 Scen,2022,397,Rockwall County,125020,60859,64161,83707,40725,42982,8803,4197,4606,24991,12339,12652,7519,3598,3921
1.0 Scen,2023,397,Rockwall County,129776,63141,66635,86033,41853,44180,9284,4422,4862,26428,13018,13410,8031,3848,4183
1.0 Scen,2024,397,Rockwall County,134700,65504,69196,88386,42991,45395,9814,4664,5150,27934,13743,14191,8566,4106,4460
1.0 Scen,2025,397,Rockwall County,139788,67948,71840,90785,44147,46638,10348,4914,5434,29527,14500,15027,9128,4387,4741
1.0 Scen,2026,397,Rockwall County,145119,70489,74630,93230,45329,47901,10932,5180,5752,31219,15302,15917,9738,4678,5060
1.0 Scen,2027,397,Rockwall County,150625,73124,77501,95717,46531,49186,11531,5451,6080,32987,16138,16849,10390,5004,5386
1.0 Scen,2028,397,Rockwall County,156337,75855,80482,98251,47762,50489,12177,5745,6432,34847,17016,17831,11062,5332,5730
1.0 Scen,2029,397,Rockwall County,162292,78716,83576,100840,49030,51810,12832,6047,6785,36815,17943,18872,11805,5696,6109
1.0 Scen,2030,397,Rockwall County,168455,81665,86790,103496,50328,53168,13516,6357,7159,38870,18910,19960,12573,6070,6503
1.0 Scen,2031,397,Rockwall County,174827,84722,90105,106189,51655,54534,14228,6676,7552,41006,19910,21096,13404,6481,6923
1.0 Scen,2032,397,Rockwall County,181381,87867,93514,108909,53000,55909,14950,7001,7949,43240,20958,22282,14282,6908,7374
1.0 Scen,2033,397,Rockwall County,188121,91115,97006,111654,54367,57287,15701,7335,8366,45546,22042,23504,15220,7371,7849
1.0 Scen,2034,397,Rockwall County,195044,94447,100597,114385,55728,58657,16492,7695,8797,47972,23177,24795,16195,7847,8348
1.0 Scen,2035,397,Rockwall County,202127,97860,104267,117129,57113,60016,17296,8053,9243,50475,24340,26135,17227,8354,8873
1.0 Scen,2036,397,Rockwall County,209398,101372,108026,119867,58496,61371,18135,8437,9698,53077,25544,27533,18319,8895,9424
1.0 Scen,2037,397,Rockwall County,216898,104991,111907,122632,59899,62733,19005,8831,10174,55784,26798,28986,19477,9463,10014
1.0 Scen,2038,397,Rockwall County,224601,108713,115888,125405,61316,64089,19908,9241,10667,58589,28088,30501,20699,10068,10631
1.0 Scen,2039,397,Rockwall County,232487,112530,119957,128176,62740,65436,20835,9659,11176,61501,29435,32066,21975,10696,11279
1.0 Scen,2040,397,Rockwall County,240581,116462,124119,130958,64172,66786,21785,10088,11697,64503,30821,33682,23335,11381,11954
1.0 Scen,2041,397,Rockwall County,248904,120499,128405,133734,65608,68126,22769,10530,12239,67627,32263,35364,24774,12098,12676
1.0 Scen,2042,397,Rockwall County,257394,124627,132767,136505,67060,69445,23767,10984,12783,70849,33735,37114,26273,12848,13425
1.0 Scen,2043,397,Rockwall County,266090,128858,137232,139254,68506,70748,24811,11459,13352,74168,35255,38913,27857,13638,14219
1.0 Scen,2044,397,Rockwall County,275000,133191,141809,141998,69955,72043,25880,11946,13934,77597,36822,40775,29525,14468,15057
1.0 Scen,2045,397,Rockwall County,284129,137632,146497,144730,71403,73327,26978,12441,14537,81150,38449,42701,31271,15339,15932
1.0 Scen,2046,397,Rockwall County,293518,142206,151312,147434,72848,74586,28135,12971,15164,84822,40125,44697,33127,16262,16865
1.0 Scen,2047,397,Rockwall County,303154,146888,156266,150142,74290,75852,29318,13512,15806,88610,41852,46758,35084,17234,17850
1.0 Scen,2048,397,Rockwall County,313049,151704,161345,152855,75749,77106,30539,14073,16466,92524,43636,48888,37131,18246,18885
1.0 Scen,2049,397,Rockwall County,323191,156649,166542,155567,77211,78356,31797,14656,17141,96555,45478,51077,39272,19304,19968
1.0 Scen,2050,397,Rockwall County,333656,161755,171901,158303,78694,79609,33097,15255,17842,100729,47379,53350,41527,20427,21100
1.0 Scen,2010,399,Runnels County,10501,5197,5304,6841,3335,3506,165,90,75,3361,1710,1651,134,62,72
1.0 Scen,2011,399,Runnels County,10570,5239,5331,6828,3330,3498,167,91,76,3439,1755,1684,136,63,73
1.0 Scen,2012,399,Runnels County,10610,5275,5335,6791,3324,3467,168,91,77,3515,1797,1718,136,63,73
1.0 Scen,2013,399,Runnels County,10648,5311,5337,6752,3316,3436,169,92,77,3589,1839,1750,138,64,74
1.0 Scen,2014,399,Runnels County,10708,5344,5364,6721,3301,3420,171,93,78,3675,1885,1790,141,65,76
1.0 Scen,2015,399,Runnels County,10756,5377,5379,6689,3288,3401,174,95,79,3750,1928,1822,143,66,77
1.0 Scen,2016,399,Runnels County,10792,5409,5383,6650,3276,3374,177,96,81,3820,1969,1851,145,68,77
1.0 Scen,2017,399,Runnels County,10846,5450,5396,6624,3272,3352,178,97,81,3897,2012,1885,147,69,78
1.0 Scen,2018,399,Runnels County,10893,5482,5411,6590,3262,3328,179,97,82,3976,2053,1923,148,70,78
1.0 Scen,2019,399,Runnels County,10964,5534,5430,6566,3263,3303,180,98,82,4068,2102,1966,150,71,79
1.0 Scen,2020,399,Runnels County,11010,5566,5444,6536,3258,3278,181,98,83,4142,2140,2002,151,70,81
1.0 Scen,2021,399,Runnels County,11070,5608,5462,6508,3251,3257,182,99,83,4227,2187,2040,153,71,82
1.0 Scen,2022,399,Runnels County,11117,5641,5476,6476,3242,3234,182,98,84,4305,2229,2076,154,72,82
1.0 Scen,2023,399,Runnels County,11150,5659,5491,6453,3233,3220,182,98,84,4359,2255,2104,156,73,83
1.0 Scen,2024,399,Runnels County,11193,5695,5498,6419,3229,3190,183,98,85,4436,2295,2141,155,73,82
1.0 Scen,2025,399,Runnels County,11232,5723,5509,6388,3221,3167,182,97,85,4507,2332,2175,155,73,82
1.0 Scen,2026,399,Runnels County,11258,5751,5507,6350,3213,3137,181,96,85,4572,2369,2203,155,73,82
1.0 Scen,2027,399,Runnels County,11283,5772,5511,6317,3201,3116,180,96,84,4630,2401,2229,156,74,82
1.0 Scen,2028,399,Runnels County,11296,5794,5502,6275,3188,3087,179,95,84,4688,2438,2250,154,73,81
1.0 Scen,2029,399,Runnels County,11337,5822,5515,6241,3179,3062,178,95,83,4763,2474,2289,155,74,81
1.0 Scen,2030,399,Runnels County,11344,5835,5509,6192,3163,3029,177,94,83,4819,2504,2315,156,74,82
1.0 Scen,2031,399,Runnels County,11375,5863,5512,6158,3152,3006,175,94,81,4885,2542,2343,157,75,82
1.0 Scen,2032,399,Runnels County,11380,5865,5515,6106,3134,2972,174,93,81,4943,2564,2379,157,74,83
1.0 Scen,2033,399,Runnels County,11380,5881,5499,6060,3120,2940,174,94,80,4988,2592,2396,158,75,83
1.0 Scen,2034,399,Runnels County,11382,5886,5496,6003,3096,2907,174,94,80,5046,2620,2426,159,76,83
1.0 Scen,2035,399,Runnels County,11375,5889,5486,5952,3079,2873,173,94,79,5091,2640,2451,159,76,83
1.0 Scen,2036,399,Runnels County,11357,5889,5468,5896,3057,2839,171,93,78,5131,2663,2468,159,76,83
1.0 Scen,2037,399,Runnels County,11356,5901,5455,5844,3038,2806,169,93,76,5185,2695,2490,158,75,83
1.0 Scen,2038,399,Runnels County,11349,5906,5443,5789,3017,2772,167,91,76,5235,2722,2513,158,76,82
1.0 Scen,2039,399,Runnels County,11330,5908,5422,5723,2991,2732,164,90,74,5284,2751,2533,159,76,83
1.0 Scen,2040,399,Runnels County,11307,5912,5395,5658,2965,2693,163,89,74,5327,2782,2545,159,76,83
1.0 Scen,2041,399,Runnels County,11288,5906,5382,5600,2937,2663,162,89,73,5366,2804,2562,160,76,84
1.0 Scen,2042,399,Runnels County,11260,5904,5356,5529,2907,2622,159,86,73,5412,2835,2577,160,76,84
1.0 Scen,2043,399,Runnels County,11243,5904,5339,5476,2883,2593,158,86,72,5450,2859,2591,159,76,83
1.0 Scen,2044,399,Runnels County,11217,5906,5311,5410,2861,2549,156,86,70,5491,2883,2608,160,76,84
1.0 Scen,2045,399,Runnels County,11202,5909,5293,5363,2841,2522,156,86,70,5523,2906,2617,160,76,84
1.0 Scen,2046,399,Runnels County,11168,5901,5267,5296,2814,2482,153,84,69,5561,2928,2633,158,75,83
1.0 Scen,2047,399,Runnels County,11138,5892,5246,5241,2790,2451,148,82,66,5593,2946,2647,156,74,82
1.0 Scen,2048,399,Runnels County,11116,5892,5224,5183,2767,2416,145,79,66,5631,2972,2659,157,74,83
1.0 Scen,2049,399,Runnels County,11082,5886,5196,5124,2742,2382,142,77,65,5659,2992,2667,157,75,82
1.0 Scen,2050,399,Runnels County,11071,5889,5182,5069,2715,2354,140,75,65,5702,3022,2680,160,77,83
1.0 Scen,2010,401,Rusk County,53330,28075,25255,35237,17925,17312,9359,5268,4091,7609,4329,3280,1125,553,572
1.0 Scen,2011,401,Rusk County,54258,28577,25681,35570,18108,17462,9500,5348,4152,8010,4540,3470,1178,581,597
1.0 Scen,2012,401,Rusk County,55206,29091,26115,35899,18289,17610,9644,5434,4210,8435,4763,3672,1228,605,623
1.0 Scen,2013,401,Rusk County,56172,29611,26561,36237,18472,17765,9790,5521,4269,8860,4982,3878,1285,636,649
1.0 Scen,2014,401,Rusk County,57166,30146,27020,36557,18649,17908,9938,5604,4334,9331,5228,4103,1340,665,675
1.0 Scen,2015,401,Rusk County,58150,30677,27473,36846,18810,18036,10090,5689,4401,9808,5478,4330,1406,700,706
1.0 Scen,2016,401,Rusk County,59148,31224,27924,37134,18976,18158,10231,5768,4463,10314,5744,4570,1469,736,733
1.0 Scen,2017,401,Rusk County,60164,31768,28396,37404,19126,18278,10385,5854,4531,10845,6019,4826,1530,769,761
1.0 Scen,2018,401,Rusk County,61213,32337,28876,37674,19287,18387,10524,5931,4593,11416,6312,5104,1599,807,792
1.0 Scen,2019,401,Rusk County,62271,32909,29362,37923,19434,18489,10675,6012,4663,12005,6617,5388,1668,846,822
1.0 Scen,2020,401,Rusk County,63351,33481,29870,38175,19576,18599,10820,6090,4730,12619,6929,5690,1737,886,851
1.0 Scen,2021,401,Rusk County,64453,34069,30384,38425,19727,18698,10954,6158,4796,13267,7258,6009,1807,926,881
1.0 Scen,2022,401,Rusk County,65635,34710,30925,38682,19886,18796,11106,6244,4862,13948,7604,6344,1899,976,923
1.0 Scen,2023,401,Rusk County,66811,35336,31475,38921,20023,18898,11257,6330,4927,14645,7953,6692,1988,1030,958
1.0 Scen,2024,401,Rusk County,68039,35992,32047,39151,20162,18989,11419,6425,4994,15374,8320,7054,2095,1085,1010
1.0 Scen,2025,401,Rusk County,69262,36627,32635,39352,20282,19070,11561,6499,5062,16139,8701,7438,2210,1145,1065
1.0 Scen,2026,401,Rusk County,70510,37281,33229,39543,20399,19144,11693,6573,5120,16948,9103,7845,2326,1206,1120
1.0 Scen,2027,401,Rusk County,71784,37966,33818,39728,20521,19207,11822,6647,5175,17782,9517,8265,2452,1281,1171
1.0 Scen,2028,401,Rusk County,73075,38651,34424,39897,20632,19265,11929,6704,5225,18665,9962,8703,2584,1353,1231
1.0 Scen,2029,401,Rusk County,74381,39349,35032,40054,20739,19315,12032,6766,5266,19575,10415,9160,2720,1429,1291
1.0 Scen,2030,401,Rusk County,75713,40052,35661,40189,20832,19357,12136,6825,5311,20524,10889,9635,2864,1506,1358
1.0 Scen,2031,401,Rusk County,77062,40757,36305,40308,20916,19392,12227,6876,5351,21501,11374,10127,3026,1591,1435
1.0 Scen,2032,401,Rusk County,78438,41481,36957,40409,20997,19412,12322,6928,5394,22515,11881,10634,3192,1675,1517
1.0 Scen,2033,401,Rusk County,79815,42209,37606,40497,21068,19429,12394,6970,5424,23563,12404,11159,3361,1767,1594
1.0 Scen,2034,401,Rusk County,81240,42952,38288,40579,21134,19445,12478,7018,5460,24642,12936,11706,3541,1864,1677
1.0 Scen,2035,401,Rusk County,82666,43708,38958,40639,21194,19445,12545,7059,5486,25755,13492,12263,3727,1963,1764
1.0 Scen,2036,401,Rusk County,84111,44453,39658,40685,21239,19446,12605,7094,5511,26897,14051,12846,3924,2069,1855
1.0 Scen,2037,401,Rusk County,85579,45207,40372,40713,21277,19436,12661,7122,5539,28086,14637,13449,4119,2171,1948
1.0 Scen,2038,401,Rusk County,87064,45975,41089,40717,21313,19404,12703,7141,5562,29298,15229,14069,4346,2292,2054
1.0 Scen,2039,401,Rusk County,88576,46762,41814,40699,21328,19371,12745,7170,5575,30569,15851,14718,4563,2413,2150
1.0 Scen,2040,401,Rusk County,90123,47552,42571,40688,21353,19335,12759,7172,5587,31873,16488,15385,4803,2539,2264
1.0 Scen,2041,401,Rusk County,91693,48360,43333,40653,21361,19292,12783,7192,5591,33211,17140,16071,5046,2667,2379
1.0 Scen,2042,401,Rusk County,93296,49179,44117,40606,21368,19238,12806,7201,5605,34599,17812,16787,5285,2798,2487
1.0 Scen,2043,401,Rusk County,94956,50012,44944,40556,21366,19190,12824,7210,5614,36023,18504,17519,5553,2932,2621
1.0 Scen,2044,401,Rusk County,96638,50854,45784,40484,21353,19131,12830,7211,5619,37489,19211,18278,5835,3079,2756
1.0 Scen,2045,401,Rusk County,98380,51764,46616,40408,21349,19059,12843,7217,5626,39001,19956,19045,6128,3242,2886
1.0 Scen,2046,401,Rusk County,100160,52669,47491,40318,21328,18990,12842,7217,5625,40559,20716,19843,6441,3408,3033
1.0 Scen,2047,401,Rusk County,101991,53611,48380,40226,21308,18918,12852,7225,5627,42152,21497,20655,6761,3581,3180
1.0 Scen,2048,401,Rusk County,103874,54563,49311,40135,21290,18845,12839,7217,5622,43810,22298,21512,7090,3758,3332
1.0 Scen,2049,401,Rusk County,105813,55543,50270,40042,21268,18774,12826,7211,5615,45513,23124,22389,7432,3940,3492
1.0 Scen,2050,401,Rusk County,107817,56570,51247,39946,21250,18696,12807,7202,5605,47269,23978,23291,7795,4140,3655
1.0 Scen,2010,403,Sabine County,10834,5301,5533,9484,4631,4853,778,382,396,344,177,167,228,111,117
1.0 Scen,2011,403,Sabine County,10981,5382,5599,9616,4702,4914,783,386,397,352,182,170,230,112,118
1.0 Scen,2012,403,Sabine County,11090,5449,5641,9710,4759,4951,792,392,400,359,187,172,229,111,118
1.0 Scen,2013,403,Sabine County,11216,5515,5701,9822,4817,5005,798,396,402,365,190,175,231,112,119
1.0 Scen,2014,403,Sabine County,11353,5588,5765,9942,4881,5061,805,400,405,373,194,179,233,113,120
1.0 Scen,2015,403,Sabine County,11486,5660,5826,10062,4945,5117,810,403,407,379,198,181,235,114,121
1.0 Scen,2016,403,Sabine County,11617,5741,5876,10175,5013,5162,817,408,409,387,204,183,238,116,122
1.0 Scen,2017,403,Sabine County,11763,5822,5941,10306,5084,5222,823,412,411,394,209,185,240,117,123
1.0 Scen,2018,403,Sabine County,11909,5909,6000,10434,5157,5277,833,421,412,400,213,187,242,118,124
1.0 Scen,2019,403,Sabine County,12055,5989,6066,10562,5224,5338,842,429,413,406,217,189,245,119,126
1.0 Scen,2020,403,Sabine County,12186,6061,6125,10681,5285,5396,847,434,413,413,222,191,245,120,125
1.0 Scen,2021,403,Sabine County,12304,6128,6176,10786,5342,5444,850,438,412,422,227,195,246,121,125
1.0 Scen,2022,403,Sabine County,12433,6203,6230,10893,5403,5490,860,444,416,430,233,197,250,123,127
1.0 Scen,2023,403,Sabine County,12561,6286,6275,11008,5479,5529,864,445,419,437,238,199,252,124,128
1.0 Scen,2024,403,Sabine County,12649,6341,6308,11084,5526,5558,866,447,419,445,243,202,254,125,129
1.0 Scen,2025,403,Sabine County,12756,6409,6347,11177,5585,5592,871,450,421,452,248,204,256,126,130
1.0 Scen,2026,403,Sabine County,12829,6460,6369,11238,5629,5609,872,450,422,461,254,207,258,127,131
1.0 Scen,2027,403,Sabine County,12894,6509,6385,11297,5673,5624,867,447,420,472,261,211,258,128,130
1.0 Scen,2028,403,Sabine County,12949,6555,6394,11347,5713,5634,862,447,415,480,265,215,260,130,130
1.0 Scen,2029,403,Sabine County,12975,6581,6394,11376,5741,5635,849,438,411,489,271,218,261,131,130
1.0 Scen,2030,403,Sabine County,12997,6606,6391,11393,5758,5635,842,439,403,500,277,223,262,132,130
1.0 Scen,2031,403,Sabine County,12997,6630,6367,11389,5775,5614,837,439,398,509,283,226,262,133,129
1.0 Scen,2032,403,Sabine County,12987,6646,6341,11377,5785,5592,833,439,394,518,289,229,259,133,126
1.0 Scen,2033,403,Sabine County,12964,6647,6317,11352,5786,5566,828,434,394,525,293,232,259,134,125
1.0 Scen,2034,403,Sabine County,12919,6638,6281,11315,5781,5534,820,430,390,523,292,231,261,135,126
1.0 Scen,2035,403,Sabine County,12889,6639,6250,11284,5784,5500,815,427,388,529,295,234,261,133,128
1.0 Scen,2036,403,Sabine County,12821,6612,6209,11218,5757,5461,809,423,386,531,298,233,263,134,129
1.0 Scen,2037,403,Sabine County,12756,6584,6172,11157,5734,5423,797,413,384,535,300,235,267,137,130
1.0 Scen,2038,403,Sabine County,12686,6570,6116,11091,5720,5371,788,409,379,539,303,236,268,138,130
1.0 Scen,2039,403,Sabine County,12582,6519,6063,10989,5670,5319,778,402,376,544,306,238,271,141,130
1.0 Scen,2040,403,Sabine County,12501,6489,6012,10911,5641,5270,771,397,374,546,309,237,273,142,131
1.0 Scen,2041,403,Sabine County,12394,6441,5953,10807,5595,5212,764,393,371,550,311,239,273,142,131
1.0 Scen,2042,403,Sabine County,12286,6396,5890,10700,5550,5150,757,391,366,558,316,242,271,139,132
1.0 Scen,2043,403,Sabine County,12182,6351,5831,10591,5501,5090,755,390,365,565,321,244,271,139,132
1.0 Scen,2044,403,Sabine County,12063,6298,5765,10476,5449,5027,750,387,363,570,325,245,267,137,130
1.0 Scen,2045,403,Sabine County,11940,6246,5694,10359,5396,4963,741,381,360,573,330,243,267,139,128
1.0 Scen,2046,403,Sabine County,11802,6184,5618,10239,5339,4900,733,377,356,574,332,242,256,136,120
1.0 Scen,2047,403,Sabine County,11681,6128,5553,10126,5288,4838,724,373,351,575,331,244,256,136,120
1.0 Scen,2048,403,Sabine County,11550,6063,5487,10009,5233,4776,714,367,347,577,331,246,250,132,118
1.0 Scen,2049,403,Sabine County,11445,6019,5426,9906,5186,4720,708,366,342,581,335,246,250,132,118
1.0 Scen,2050,403,Sabine County,11344,5978,5366,9814,5150,4664,694,357,337,588,340,248,248,131,117
1.0 Scen,2010,405,San Augustine County,8865,4360,4505,6183,3072,3111,2013,943,1070,532,279,253,137,66,71
1.0 Scen,2011,405,San Augustine County,8935,4408,4527,6213,3094,3119,2038,962,1076,544,285,259,140,67,73
1.0 Scen,2012,405,San Augustine County,9000,4453,4547,6238,3117,3121,2065,978,1087,557,291,266,140,67,73
1.0 Scen,2013,405,San Augustine County,9052,4502,4550,6242,3135,3107,2097,1001,1096,568,297,271,145,69,76
1.0 Scen,2014,405,San Augustine County,9102,4545,4557,6250,3149,3101,2120,1020,1100,583,305,278,149,71,78
1.0 Scen,2015,405,San Augustine County,9151,4589,4562,6267,3166,3101,2134,1037,1097,598,313,285,152,73,79
1.0 Scen,2016,405,San Augustine County,9196,4617,4579,6275,3169,3106,2152,1052,1100,613,321,292,156,75,81
1.0 Scen,2017,405,San Augustine County,9238,4647,4591,6285,3178,3107,2167,1064,1103,625,328,297,161,77,84
1.0 Scen,2018,405,San Augustine County,9264,4668,4596,6275,3180,3095,2184,1075,1109,640,335,305,165,78,87
1.0 Scen,2019,405,San Augustine County,9306,4703,4603,6280,3191,3089,2203,1089,1114,654,343,311,169,80,89
1.0 Scen,2020,405,San Augustine County,9340,4732,4608,6274,3194,3080,2225,1103,1122,667,352,315,174,83,91
1.0 Scen,2021,405,San Augustine County,9364,4757,4607,6274,3202,3072,2230,1110,1120,682,360,322,178,85,93
1.0 Scen,2022,405,San Augustine County,9374,4773,4601,6249,3193,3056,2244,1123,1121,698,369,329,183,88,95
1.0 Scen,2023,405,San Augustine County,9393,4793,4600,6240,3195,3045,2250,1129,1121,714,378,336,189,91,98
1.0 Scen,2024,405,San Augustine County,9404,4814,4590,6225,3199,3026,2255,1135,1120,732,388,344,192,92,100
1.0 Scen,2025,405,San Augustine County,9414,4826,4588,6208,3195,3013,2258,1139,1119,750,398,352,198,94,104
1.0 Scen,2026,405,San Augustine County,9409,4835,4574,6174,3192,2982,2263,1139,1124,767,408,359,205,96,109
1.0 Scen,2027,405,San Augustine County,9396,4831,4565,6135,3179,2956,2261,1136,1125,787,418,369,213,98,115
1.0 Scen,2028,405,San Augustine County,9380,4825,4555,6097,3162,2935,2256,1135,1121,807,428,379,220,100,120
1.0 Scen,2029,405,San Augustine County,9352,4823,4529,6053,3152,2901,2253,1132,1121,819,437,382,227,102,125
1.0 Scen,2030,405,San Augustine County,9317,4807,4510,6000,3131,2869,2252,1127,1125,833,445,388,232,104,128
1.0 Scen,2031,405,San Augustine County,9282,4797,4485,5954,3113,2841,2240,1122,1118,851,456,395,237,106,131
1.0 Scen,2032,405,San Augustine County,9225,4782,4443,5897,3089,2808,2216,1118,1098,869,467,402,243,108,135
1.0 Scen,2033,405,San Augustine County,9177,4771,4406,5843,3069,2774,2201,1118,1083,887,477,410,246,107,139
1.0 Scen,2034,405,San Augustine County,9143,4759,4384,5795,3048,2747,2193,1115,1078,903,487,416,252,109,143
1.0 Scen,2035,405,San Augustine County,9087,4737,4350,5736,3025,2711,2175,1109,1066,922,495,427,254,108,146
1.0 Scen,2036,405,San Augustine County,9038,4717,4321,5677,2997,2680,2157,1105,1052,943,505,438,261,110,151
1.0 Scen,2037,405,San Augustine County,8980,4687,4293,5611,2966,2645,2135,1094,1041,964,514,450,270,113,157
1.0 Scen,2038,405,San Augustine County,8922,4665,4257,5546,2938,2608,2121,1090,1031,981,523,458,274,114,160
1.0 Scen,2039,405,San Augustine County,8860,4638,4222,5481,2906,2575,2102,1083,1019,996,533,463,281,116,165
1.0 Scen,2040,405,San Augustine County,8802,4611,4191,5427,2882,2545,2082,1075,1007,1006,536,470,287,118,169
1.0 Scen,2041,405,San Augustine County,8750,4586,4164,5364,2851,2513,2072,1074,998,1018,541,477,296,120,176
1.0 Scen,2042,405,San Augustine County,8691,4571,4120,5296,2830,2466,2060,1075,985,1036,550,486,299,116,183
1.0 Scen,2043,405,San Augustine County,8636,4550,4086,5241,2802,2439,2041,1072,969,1048,558,490,306,118,188
1.0 Scen,2044,405,San Augustine County,8573,4526,4047,5175,2768,2407,2026,1070,956,1062,569,493,310,119,191
1.0 Scen,2045,405,San Augustine County,8524,4514,4010,5110,2742,2368,2014,1071,943,1085,581,504,315,120,195
1.0 Scen,2046,405,San Augustine County,8454,4489,3965,5041,2709,2332,2002,1070,932,1100,591,509,311,119,192
1.0 Scen,2047,405,San Augustine County,8407,4460,3947,4987,2680,2307,1992,1061,931,1116,602,514,312,117,195
1.0 Scen,2048,405,San Augustine County,8341,4430,3911,4915,2650,2265,1986,1059,927,1121,606,515,319,115,204
1.0 Scen,2049,405,San Augustine County,8300,4411,3889,4853,2618,2235,1983,1063,920,1137,614,523,327,116,211
1.0 Scen,2050,405,San Augustine County,8233,4380,3853,4785,2585,2200,1964,1059,905,1151,620,531,333,116,217
1.0 Scen,2010,407,San Jacinto County,26384,13205,13179,20204,10064,10140,2662,1330,1332,2880,1475,1405,638,336,302
1.0 Scen,2011,407,San Jacinto County,26973,13477,13496,20538,10202,10336,2748,1376,1372,3035,1554,1481,652,345,307
1.0 Scen,2012,407,San Jacinto County,27581,13742,13839,20871,10326,10545,2834,1420,1414,3204,1639,1565,672,357,315
1.0 Scen,2013,407,San Jacinto County,28182,14013,14169,21202,10458,10744,2926,1466,1460,3367,1723,1644,687,366,321
1.0 Scen,2014,407,San Jacinto County,28787,14281,14506,21535,10583,10952,3003,1507,1496,3544,1813,1731,705,378,327
1.0 Scen,2015,407,San Jacinto County,29386,14545,14841,21867,10712,11155,3072,1541,1531,3723,1902,1821,724,390,334
1.0 Scen,2016,407,San Jacinto County,29984,14796,15188,22182,10823,11359,3151,1577,1574,3914,1998,1916,737,398,339
1.0 Scen,2017,407,San Jacinto County,30578,15043,15535,22491,10932,11559,3217,1603,1614,4120,2101,2019,750,407,343
1.0 Scen,2018,407,San Jacinto County,31199,15304,15895,22805,11043,11762,3282,1635,1647,4343,2208,2135,769,418,351
1.0 Scen,2019,407,San Jacinto County,31826,15576,16250,23102,11149,11953,3351,1669,1682,4589,2330,2259,784,428,356
1.0 Scen,2020,407,San Jacinto County,32428,15836,16592,23399,11258,12141,3405,1697,1708,4829,2448,2381,795,433,362
1.0 Scen,2021,407,San Jacinto County,33065,16114,16951,23689,11364,12325,3468,1727,1741,5098,2580,2518,810,443,367
1.0 Scen,2022,407,San Jacinto County,33702,16397,17305,23975,11466,12509,3533,1763,1770,5367,2714,2653,827,454,373
1.0 Scen,2023,407,San Jacinto County,34334,16672,17662,24245,11559,12686,3594,1794,1800,5652,2854,2798,843,465,378
1.0 Scen,2024,407,San Jacinto County,34985,16969,18016,24513,11661,12852,3653,1825,1828,5961,3005,2956,858,478,380
1.0 Scen,2025,407,San Jacinto County,35645,17266,18379,24773,11755,13018,3703,1854,1849,6287,3165,3122,882,492,390
1.0 Scen,2026,407,San Jacinto County,36308,17569,18739,25008,11836,13172,3768,1895,1873,6625,3331,3294,907,507,400
1.0 Scen,2027,407,San Jacinto County,36969,17866,19103,25232,11914,13318,3821,1922,1899,6986,3506,3480,930,524,406
1.0 Scen,2028,407,San Jacinto County,37640,18168,19472,25453,11989,13464,3885,1953,1932,7346,3684,3662,956,542,414
1.0 Scen,2029,407,San Jacinto County,38333,18484,19849,25661,12064,13597,3943,1982,1961,7738,3875,3863,991,563,428
1.0 Scen,2030,407,San Jacinto County,39026,18801,20225,25850,12129,13721,4005,2015,1990,8141,4071,4070,1030,586,444
1.0 Scen,2031,407,San Jacinto County,39734,19125,20609,26056,12207,13849,4064,2044,2020,8543,4263,4280,1071,611,460
1.0 Scen,2032,407,San Jacinto County,40426,19449,20977,26219,12271,13948,4117,2073,2044,8987,4474,4513,1103,631,472
1.0 Scen,2033,407,San Jacinto County,41114,19756,21358,26367,12321,14046,4184,2103,2081,9436,4689,4747,1127,643,484
1.0 Scen,2034,407,San Jacinto County,41816,20086,21730,26504,12375,14129,4250,2138,2112,9902,4910,4992,1160,663,497
1.0 Scen,2035,407,San Jacinto County,42500,20401,22099,26626,12419,14207,4312,2170,2142,10367,5127,5240,1195,685,510
1.0 Scen,2036,407,San Jacinto County,43196,20729,22467,26736,12461,14275,4366,2196,2170,10855,5359,5496,1239,713,526
1.0 Scen,2037,407,San Jacinto County,43866,21033,22833,26813,12481,14332,4416,2223,2193,11355,5593,5762,1282,736,546
1.0 Scen,2038,407,San Jacinto County,44573,21369,23204,26889,12507,14382,4473,2252,2221,11883,5846,6037,1328,764,564
1.0 Scen,2039,407,San Jacinto County,45246,21689,23557,26940,12521,14419,4515,2276,2239,12415,6097,6318,1376,795,581
1.0 Scen,2040,407,San Jacinto County,45924,22011,23913,26991,12536,14455,4544,2294,2250,12952,6351,6601,1437,830,607
1.0 Scen,2041,407,San Jacinto County,46651,22361,24290,27033,12551,14482,4588,2316,2272,13531,6628,6903,1499,866,633
1.0 Scen,2042,407,San Jacinto County,47367,22706,24661,27064,12562,14502,4634,2341,2293,14114,6903,7211,1555,900,655
1.0 Scen,2043,407,San Jacinto County,48102,23064,25038,27086,12568,14518,4675,2365,2310,14720,7192,7528,1621,939,682
1.0 Scen,2044,407,San Jacinto County,48852,23447,25405,27108,12582,14526,4713,2389,2324,15336,7488,7848,1695,988,707
1.0 Scen,2045,407,San Jacinto County,49599,23809,25790,27119,12583,14536,4741,2405,2336,15971,7791,8180,1768,1030,738
1.0 Scen,2046,407,San Jacinto County,50349,24183,26166,27129,12588,14541,4771,2424,2347,16618,8103,8515,1831,1068,763
1.0 Scen,2047,407,San Jacinto County,51162,24603,26559,27157,12610,14547,4808,2452,2356,17286,8425,8861,1911,1116,795
1.0 Scen,2048,407,San Jacinto County,51985,25008,26977,27186,12628,14558,4838,2464,2374,17965,8743,9222,1996,1173,823
1.0 Scen,2049,407,San Jacinto County,52837,25433,27404,27223,12651,14572,4877,2487,2390,18651,9069,9582,2086,1226,860
1.0 Scen,2050,407,San Jacinto County,53703,25873,27830,27266,12679,14587,4904,2510,2394,19354,9404,9950,2179,1280,899
1.0 Scen,2010,409,San Patricio County,64804,32163,32641,27330,13666,13664,902,491,411,35248,17395,17853,1324,611,713
1.0 Scen,2011,409,San Patricio County,65200,32409,32791,27199,13619,13580,910,497,413,35737,17663,18074,1354,630,724
1.0 Scen,2012,409,San Patricio County,65611,32654,32957,27076,13568,13508,920,502,418,36225,17934,18291,1390,650,740
1.0 Scen,2013,409,San Patricio County,65979,32890,33089,26926,13508,13418,925,506,419,36700,18201,18499,1428,675,753
1.0 Scen,2014,409,San Patricio County,66321,33098,33223,26773,13444,13329,935,510,425,37161,18454,18707,1452,690,762
1.0 Scen,2015,409,San Patricio County,66697,33324,33373,26620,13377,13243,939,512,427,37647,18721,18926,1491,714,777
1.0 Scen,2016,409,San Patricio County,67055,33546,33509,26454,13300,13154,950,518,432,38130,18995,19135,1521,733,788
1.0 Scen,2017,409,San Patricio County,67385,33754,33631,26288,13228,13060,959,524,435,38587,19252,19335,1551,750,801
1.0 Scen,2018,409,San Patricio County,67731,33974,33757,26120,13156,12964,966,528,438,39058,19518,19540,1587,772,815
1.0 Scen,2019,409,San Patricio County,68046,34176,33870,25942,13080,12862,974,533,441,39515,19773,19742,1615,790,825
1.0 Scen,2020,409,San Patricio County,68331,34356,33975,25753,12996,12757,979,536,443,39954,20019,19935,1645,805,840
1.0 Scen,2021,409,San Patricio County,68621,34556,34065,25560,12913,12647,985,539,446,40397,20276,20121,1679,828,851
1.0 Scen,2022,409,San Patricio County,68907,34743,34164,25367,12827,12540,990,543,447,40843,20525,20318,1707,848,859
1.0 Scen,2023,409,San Patricio County,69147,34905,34242,25162,12732,12430,996,548,448,41255,20757,20498,1734,868,866
1.0 Scen,2024,409,San Patricio County,69407,35092,34315,24963,12648,12315,992,548,444,41681,21004,20677,1771,892,879
1.0 Scen,2025,409,San Patricio County,69643,35262,34381,24752,12556,12196,1001,554,447,42087,21237,20850,1803,915,888
1.0 Scen,2026,409,San Patricio County,69838,35405,34433,24528,12456,12072,1004,555,449,42471,21457,21014,1835,937,898
1.0 Scen,2027,409,San Patricio County,70019,35549,34470,24302,12353,11949,999,554,445,42841,21673,21168,1877,969,908
1.0 Scen,2028,409,San Patricio County,70153,35668,34485,24059,12249,11810,991,554,437,43188,21873,21315,1915,992,923
1.0 Scen,2029,409,San Patricio County,70251,35769,34482,23794,12131,11663,981,547,434,43525,22073,21452,1951,1018,933
1.0 Scen,2030,409,San Patricio County,70310,35848,34462,23521,12012,11509,977,547,430,43829,22248,21581,1983,1041,942
1.0 Scen,2031,409,San Patricio County,70373,35939,34434,23256,11886,11370,973,547,426,44124,22438,21686,2020,1068,952
1.0 Scen,2032,409,San Patricio County,70395,35992,34403,22973,11756,11217,976,549,427,44383,22593,21790,2063,1094,969
1.0 Scen,2033,409,San Patricio County,70417,36055,34362,22700,11637,11063,970,544,426,44642,22753,21889,2105,1121,984
1.0 Scen,2034,409,San Patricio County,70400,36095,34305,22424,11513,10911,967,541,426,44865,22894,21971,2144,1147,997
1.0 Scen,2035,409,San Patricio County,70379,36142,34237,22155,11394,10761,965,539,426,45077,23032,22045,2182,1177,1005
1.0 Scen,2036,409,San Patricio County,70325,36159,34166,21880,11266,10614,966,541,425,45255,23148,22107,2224,1204,1020
1.0 Scen,2037,409,San Patricio County,70249,36169,34080,21590,11138,10452,958,533,425,45439,23268,22171,2262,1230,1032
1.0 Scen,2038,409,San Patricio County,70155,36174,33981,21296,11007,10289,952,530,422,45604,23382,22222,2303,1255,1048
1.0 Scen,2039,409,San Patricio County,70046,36174,33872,21018,10886,10132,949,529,420,45737,23477,22260,2342,1282,1060
1.0 Scen,2040,409,San Patricio County,69911,36159,33752,20721,10749,9972,944,524,420,45876,23581,22295,2370,1305,1065
1.0 Scen,2041,409,San Patricio County,69753,36129,33624,20427,10614,9813,940,521,419,45985,23665,22320,2401,1329,1072
1.0 Scen,2042,409,San Patricio County,69580,36089,33491,20141,10478,9663,933,516,417,46068,23741,22327,2438,1354,1084
1.0 Scen,2043,409,San Patricio County,69398,36045,33353,19855,10347,9508,924,508,416,46156,23815,22341,2463,1375,1088
1.0 Scen,2044,409,San Patricio County,69198,35989,33209,19570,10219,9351,908,494,414,46219,23876,22343,2501,1400,1101
1.0 Scen,2045,409,San Patricio County,68978,35925,33053,19276,10079,9197,901,488,413,46260,23931,22329,2541,1427,1114
1.0 Scen,2046,409,San Patricio County,68751,35870,32881,18985,9947,9038,887,481,406,46305,23990,22315,2574,1452,1122
1.0 Scen,2047,409,San Patricio County,68509,35800,32709,18694,9812,8882,874,475,399,46327,24033,22294,2614,1480,1134
1.0 Scen,2048,409,San Patricio County,68270,35738,32532,18422,9687,8735,864,471,393,46336,24075,22261,2648,1505,1143
1.0 Scen,2049,409,San Patricio County,68030,35670,32360,18151,9561,8590,860,471,389,46334,24109,22225,2685,1529,1156
1.0 Scen,2050,409,San Patricio County,67771,35585,32186,17885,9439,8446,849,462,387,46305,24130,22175,2732,1554,1178
1.0 Scen,2010,411,San Saba County,6131,3366,2765,4135,2138,1997,194,182,12,1715,1008,707,87,38,49
1.0 Scen,2011,411,San Saba County,6179,3397,2782,4144,2144,2000,194,182,12,1753,1032,721,88,39,49
1.0 Scen,2012,411,San Saba County,6221,3418,2803,4140,2138,2002,194,183,11,1798,1058,740,89,39,50
1.0 Scen,2013,411,San Saba County,6249,3443,2806,4126,2136,1990,194,183,11,1839,1084,755,90,40,50
1.0 Scen,2014,411,San Saba County,6266,3458,2808,4098,2124,1974,194,182,12,1883,1112,771,91,40,51
1.0 Scen,2015,411,San Saba County,6296,3482,2814,4078,2115,1963,197,184,13,1929,1142,787,92,41,51
1.0 Scen,2016,411,San Saba County,6312,3494,2818,4052,2105,1947,197,183,14,1970,1165,805,93,41,52
1.0 Scen,2017,411,San Saba County,6351,3523,2828,4042,2103,1939,196,182,14,2019,1196,823,94,42,52
1.0 Scen,2018,411,San Saba County,6394,3553,2841,4033,2103,1930,197,182,15,2070,1227,843,94,41,53
1.0 Scen,2019,411,San Saba County,6439,3589,2850,4014,2099,1915,198,183,15,2130,1264,866,97,43,54
1.0 Scen,2020,411,San Saba County,6482,3623,2859,4011,2104,1907,196,181,15,2176,1294,882,99,44,55
1.0 Scen,2021,411,San Saba County,6517,3642,2875,4000,2096,1904,196,181,15,2220,1320,900,101,45,56
1.0 Scen,2022,411,San Saba County,6563,3667,2896,3995,2094,1901,196,180,16,2269,1347,922,103,46,57
1.0 Scen,2023,411,San Saba County,6593,3690,2903,3977,2089,1888,196,180,16,2316,1375,941,104,46,58
1.0 Scen,2024,411,San Saba County,6637,3712,2925,3974,2083,1891,193,177,16,2366,1405,961,104,47,57
1.0 Scen,2025,411,San Saba County,6672,3730,2942,3966,2079,1887,190,174,16,2411,1430,981,105,47,58
1.0 Scen,2026,411,San Saba County,6674,3735,2939,3942,2068,1874,189,173,16,2436,1446,990,107,48,59
1.0 Scen,2027,411,San Saba County,6712,3765,2947,3932,2068,1864,188,172,16,2483,1476,1007,109,49,60
1.0 Scen,2028,411,San Saba County,6755,3792,2963,3918,2062,1856,185,169,16,2541,1511,1030,111,50,61
1.0 Scen,2029,411,San Saba County,6785,3812,2973,3898,2053,1845,184,168,16,2591,1541,1050,112,50,62
1.0 Scen,2030,411,San Saba County,6812,3831,2981,3876,2044,1832,184,168,16,2638,1568,1070,114,51,63
1.0 Scen,2031,411,San Saba County,6844,3856,2988,3851,2033,1818,185,168,17,2696,1603,1093,112,52,60
1.0 Scen,2032,411,San Saba County,6847,3862,2985,3814,2014,1800,184,167,17,2739,1630,1109,110,51,59
1.0 Scen,2033,411,San Saba County,6848,3872,2976,3783,2002,1781,182,165,17,2773,1653,1120,110,52,58
1.0 Scen,2034,411,San Saba County,6864,3893,2971,3751,1991,1760,182,165,17,2820,1685,1135,111,52,59
1.0 Scen,2035,411,San Saba County,6865,3904,2961,3705,1968,1737,181,164,17,2868,1720,1148,111,52,59
1.0 Scen,2036,411,San Saba County,6882,3922,2960,3668,1951,1717,180,163,17,2923,1756,1167,111,52,59
1.0 Scen,2037,411,San Saba County,6894,3932,2962,3628,1933,1695,179,162,17,2976,1785,1191,111,52,59
1.0 Scen,2038,411,San Saba County,6900,3939,2961,3588,1917,1671,180,163,17,3021,1808,1213,111,51,60
1.0 Scen,2039,411,San Saba County,6874,3934,2940,3532,1894,1638,179,162,17,3051,1826,1225,112,52,60
1.0 Scen,2040,411,San Saba County,6886,3953,2933,3487,1875,1612,178,161,17,3110,1866,1244,111,51,60
1.0 Scen,2041,411,San Saba County,6894,3963,2931,3449,1858,1591,176,160,16,3158,1894,1264,111,51,60
1.0 Scen,2042,411,San Saba County,6895,3969,2926,3413,1844,1569,175,159,16,3196,1915,1281,111,51,60
1.0 Scen,2043,411,San Saba County,6891,3975,2916,3369,1823,1546,176,160,16,3238,1941,1297,108,51,57
1.0 Scen,2044,411,San Saba County,6879,3975,2904,3311,1801,1510,174,158,16,3286,1965,1321,108,51,57
1.0 Scen,2045,411,San Saba County,6876,3984,2892,3272,1789,1483,170,154,16,3326,1990,1336,108,51,57
1.0 Scen,2046,411,San Saba County,6865,3988,2877,3235,1777,1458,170,154,16,3356,2009,1347,104,48,56
1.0 Scen,2047,411,San Saba County,6868,3998,2870,3197,1763,1434,169,153,16,3399,2035,1364,103,47,56
1.0 Scen,2048,411,San Saba County,6873,4005,2868,3154,1745,1409,168,152,16,3449,2062,1387,102,46,56
1.0 Scen,2049,411,San Saba County,6858,4005,2853,3108,1722,1386,165,149,16,3484,2088,1396,101,46,55
1.0 Scen,2050,411,San Saba County,6854,4013,2841,3068,1707,1361,163,148,15,3522,2112,1410,101,46,55
1.0 Scen,2010,413,Schleicher County,3461,1726,1735,1872,934,938,32,17,15,1536,767,769,21,8,13
1.0 Scen,2011,413,Schleicher County,3518,1753,1765,1898,948,950,32,17,15,1567,780,787,21,8,13
1.0 Scen,2012,413,Schleicher County,3571,1778,1793,1918,960,958,32,17,15,1600,793,807,21,8,13
1.0 Scen,2013,413,Schleicher County,3635,1810,1825,1945,977,968,32,17,15,1637,808,829,21,8,13
1.0 Scen,2014,413,Schleicher County,3688,1833,1855,1964,985,979,32,17,15,1671,823,848,21,8,13
1.0 Scen,2015,413,Schleicher County,3726,1856,1870,1971,994,977,32,17,15,1702,837,865,21,8,13
1.0 Scen,2016,413,Schleicher County,3758,1877,1881,1973,1001,972,32,17,15,1732,851,881,21,8,13
1.0 Scen,2017,413,Schleicher County,3792,1890,1902,1977,1003,974,31,17,14,1763,862,901,21,8,13
1.0 Scen,2018,413,Schleicher County,3835,1915,1920,1985,1011,974,31,17,14,1798,879,919,21,8,13
1.0 Scen,2019,413,Schleicher County,3872,1937,1935,1989,1017,972,31,17,14,1831,895,936,21,8,13
1.0 Scen,2020,413,Schleicher County,3920,1961,1959,2006,1026,980,31,17,14,1862,910,952,21,8,13
1.0 Scen,2021,413,Schleicher County,3961,1985,1976,2007,1032,975,31,17,14,1902,928,974,21,8,13
1.0 Scen,2022,413,Schleicher County,4009,2007,2002,2011,1035,976,31,17,14,1946,947,999,21,8,13
1.0 Scen,2023,413,Schleicher County,4047,2022,2025,2016,1039,977,31,17,14,1979,958,1021,21,8,13
1.0 Scen,2024,413,Schleicher County,4092,2039,2053,2026,1042,984,31,17,14,2014,972,1042,21,8,13
1.0 Scen,2025,413,Schleicher County,4124,2051,2073,2028,1043,985,30,16,14,2045,984,1061,21,8,13
1.0 Scen,2026,413,Schleicher County,4167,2065,2102,2039,1044,995,30,16,14,2077,997,1080,21,8,13
1.0 Scen,2027,413,Schleicher County,4212,2082,2130,2041,1044,997,30,16,14,2121,1015,1106,20,7,13
1.0 Scen,2028,413,Schleicher County,4260,2101,2159,2047,1047,1000,30,16,14,2163,1031,1132,20,7,13
1.0 Scen,2029,413,Schleicher County,4299,2114,2185,2046,1045,1001,30,16,14,2203,1046,1157,20,7,13
1.0 Scen,2030,413,Schleicher County,4341,2131,2210,2049,1049,1000,31,16,15,2241,1059,1182,20,7,13
1.0 Scen,2031,413,Schleicher County,4365,2146,2219,2041,1053,988,31,16,15,2275,1070,1205,18,7,11
1.0 Scen,2032,413,Schleicher County,4390,2157,2233,2041,1055,986,31,16,15,2300,1079,1221,18,7,11
1.0 Scen,2033,413,Schleicher County,4403,2165,2238,2038,1058,980,31,16,15,2316,1084,1232,18,7,11
1.0 Scen,2034,413,Schleicher County,4445,2181,2264,2048,1062,986,30,17,13,2349,1095,1254,18,7,11
1.0 Scen,2035,413,Schleicher County,4483,2198,2285,2046,1066,980,30,17,13,2389,1108,1281,18,7,11
1.0 Scen,2036,413,Schleicher County,4524,2213,2311,2051,1069,982,30,17,13,2425,1120,1305,18,7,11
1.0 Scen,2037,413,Schleicher County,4545,2224,2321,2043,1066,977,30,17,13,2454,1134,1320,18,7,11
1.0 Scen,2038,413,Schleicher County,4558,2226,2332,2036,1065,971,30,17,13,2473,1137,1336,19,7,12
1.0 Scen,2039,413,Schleicher County,4579,2235,2344,2037,1068,969,30,17,13,2495,1143,1352,17,7,10
1.0 Scen,2040,413,Schleicher County,4604,2243,2361,2031,1065,966,31,17,14,2525,1154,1371,17,7,10
1.0 Scen,2041,413,Schleicher County,4631,2253,2378,2022,1063,959,31,17,14,2561,1166,1395,17,7,10
1.0 Scen,2042,413,Schleicher County,4655,2256,2399,2015,1055,960,31,17,14,2593,1178,1415,16,6,10
1.0 Scen,2043,413,Schleicher County,4662,2252,2410,1999,1050,949,30,16,14,2617,1180,1437,16,6,10
1.0 Scen,2044,413,Schleicher County,4672,2249,2423,1979,1039,940,30,16,14,2647,1188,1459,16,6,10
1.0 Scen,2045,413,Schleicher County,4692,2260,2432,1981,1042,939,29,15,14,2666,1197,1469,16,6,10
1.0 Scen,2046,413,Schleicher County,4726,2275,2451,1982,1045,937,29,15,14,2700,1209,1491,15,6,9
1.0 Scen,2047,413,Schleicher County,4746,2285,2461,1974,1048,926,29,15,14,2728,1216,1512,15,6,9
1.0 Scen,2048,413,Schleicher County,4775,2298,2477,1974,1052,922,25,12,13,2761,1228,1533,15,6,9
1.0 Scen,2049,413,Schleicher County,4796,2310,2486,1973,1057,916,24,11,13,2784,1236,1548,15,6,9
1.0 Scen,2050,413,Schleicher County,4813,2312,2501,1960,1049,911,22,10,12,2816,1247,1569,15,6,9
1.0 Scen,2010,415,Scurry County,16921,9028,7893,9773,4988,4785,764,563,201,6149,3366,2783,235,111,124
1.0 Scen,2011,415,Scurry County,17121,9148,7973,9781,5005,4776,770,567,203,6332,3463,2869,238,113,125
1.0 Scen,2012,415,Scurry County,17309,9271,8038,9770,5022,4748,778,571,207,6519,3564,2955,242,114,128
1.0 Scen,2013,415,Scurry County,17491,9385,8106,9758,5031,4727,783,574,209,6703,3664,3039,247,116,131
1.0 Scen,2014,415,Scurry County,17687,9500,8187,9756,5038,4718,791,580,211,6887,3762,3125,253,120,133
1.0 Scen,2015,415,Scurry County,17884,9626,8258,9745,5051,4694,800,587,213,7082,3866,3216,257,122,135
1.0 Scen,2016,415,Scurry County,18083,9744,8339,9729,5052,4677,801,588,213,7291,3980,3311,262,124,138
1.0 Scen,2017,415,Scurry County,18274,9865,8409,9697,5053,4644,806,592,214,7505,4095,3410,266,125,141
1.0 Scen,2018,415,Scurry County,18492,10000,8492,9694,5062,4632,812,597,215,7714,4212,3502,272,129,143
1.0 Scen,2019,415,Scurry County,18693,10139,8554,9663,5070,4593,816,600,216,7935,4336,3599,279,133,146
1.0 Scen,2020,415,Scurry County,18906,10263,8643,9643,5068,4575,820,604,216,8159,4455,3704,284,136,148
1.0 Scen,2021,415,Scurry County,19095,10385,8710,9616,5071,4545,819,605,214,8371,4570,3801,289,139,150
1.0 Scen,2022,415,Scurry County,19312,10511,8801,9602,5075,4527,818,604,214,8599,4692,3907,293,140,153
1.0 Scen,2023,415,Scurry County,19504,10632,8872,9568,5070,4498,812,599,213,8825,4820,4005,299,143,156
1.0 Scen,2024,415,Scurry County,19705,10751,8954,9547,5069,4478,806,595,211,9048,4941,4107,304,146,158
1.0 Scen,2025,415,Scurry County,19918,10882,9036,9519,5067,4452,809,600,209,9282,5066,4216,308,149,159
1.0 Scen,2026,415,Scurry County,20133,11015,9118,9488,5065,4423,809,599,210,9521,5199,4322,315,152,163
1.0 Scen,2027,415,Scurry County,20347,11141,9206,9457,5060,4397,806,598,208,9762,5327,4435,322,156,166
1.0 Scen,2028,415,Scurry County,20564,11267,9297,9421,5045,4376,808,600,208,10006,5463,4543,329,159,170
1.0 Scen,2029,415,Scurry County,20770,11396,9374,9375,5035,4340,804,599,205,10256,5600,4656,335,162,173
1.0 Scen,2030,415,Scurry County,20986,11528,9458,9334,5022,4312,805,600,205,10509,5740,4769,338,166,172
1.0 Scen,2031,415,Scurry County,21197,11663,9534,9286,5008,4278,801,597,204,10770,5889,4881,340,169,171
1.0 Scen,2032,415,Scurry County,21418,11796,9622,9241,4990,4251,801,597,204,11031,6037,4994,345,172,173
1.0 Scen,2033,415,Scurry County,21619,11926,9693,9194,4976,4218,798,595,203,11278,6180,5098,349,175,174
1.0 Scen,2034,415,Scurry County,21809,12044,9765,9132,4952,4180,793,592,201,11530,6321,5209,354,179,175
1.0 Scen,2035,415,Scurry County,21989,12155,9834,9069,4932,4137,783,588,195,11773,6452,5321,364,183,181
1.0 Scen,2036,415,Scurry County,22190,12272,9918,9013,4910,4103,782,586,196,12022,6589,5433,373,187,186
1.0 Scen,2037,415,Scurry County,22358,12378,9980,8937,4883,4054,776,582,194,12263,6723,5540,382,190,192
1.0 Scen,2038,415,Scurry County,22544,12483,10061,8876,4857,4019,769,577,192,12512,6858,5654,387,191,196
1.0 Scen,2039,415,Scurry County,22707,12585,10122,8804,4828,3976,754,570,184,12757,6994,5763,392,193,199
1.0 Scen,2040,415,Scurry County,22884,12701,10183,8730,4799,3931,742,561,181,13014,7144,5870,398,197,201
1.0 Scen,2041,415,Scurry County,23067,12812,10255,8657,4774,3883,734,556,178,13271,7282,5989,405,200,205
1.0 Scen,2042,415,Scurry County,23222,12906,10316,8564,4730,3834,721,547,174,13526,7427,6099,411,202,209
1.0 Scen,2043,415,Scurry County,23401,13023,10378,8486,4704,3782,708,536,172,13791,7580,6211,416,203,213
1.0 Scen,2044,415,Scurry County,23598,13147,10451,8409,4671,3738,699,533,166,14066,7738,6328,424,205,219
1.0 Scen,2045,415,Scurry County,23764,13244,10520,8318,4635,3683,683,520,163,14332,7882,6450,431,207,224
1.0 Scen,2046,415,Scurry County,23928,13351,10577,8231,4599,3632,670,512,158,14594,8032,6562,433,208,225
1.0 Scen,2047,415,Scurry County,24102,13465,10637,8154,4571,3583,659,507,152,14852,8180,6672,437,207,230
1.0 Scen,2048,415,Scurry County,24295,13581,10714,8073,4536,3537,651,501,150,15128,8335,6793,443,209,234
1.0 Scen,2049,415,Scurry County,24488,13696,10792,8001,4505,3496,642,494,148,15400,8490,6910,445,207,238
1.0 Scen,2050,415,Scurry County,24680,13819,10861,7923,4473,3450,633,488,145,15673,8650,7023,451,208,243
1.0 Scen,2010,417,Shackelford County,3378,1632,1746,2961,1420,1541,14,9,5,340,175,165,63,28,35
1.0 Scen,2011,417,Shackelford County,3420,1656,1764,2997,1441,1556,14,9,5,346,178,168,63,28,35
1.0 Scen,2012,417,Shackelford County,3457,1677,1780,3028,1459,1569,14,9,5,353,181,172,62,28,34
1.0 Scen,2013,417,Shackelford County,3485,1692,1793,3050,1471,1579,14,9,5,359,184,175,62,28,34
1.0 Scen,2014,417,Shackelford County,3516,1715,1801,3074,1490,1584,14,9,5,366,188,178,62,28,34
1.0 Scen,2015,417,Shackelford County,3552,1736,1816,3102,1507,1595,14,9,5,374,192,182,62,28,34
1.0 Scen,2016,417,Shackelford County,3587,1754,1833,3129,1521,1608,14,9,5,381,196,185,63,28,35
1.0 Scen,2017,417,Shackelford County,3621,1770,1851,3154,1531,1623,14,9,5,390,201,189,63,29,34
1.0 Scen,2018,417,Shackelford County,3654,1781,1873,3178,1538,1640,14,9,5,398,205,193,64,29,35
1.0 Scen,2019,417,Shackelford County,3689,1792,1897,3202,1542,1660,14,9,5,407,210,197,66,31,35
1.0 Scen,2020,417,Shackelford County,3734,1810,1924,3236,1555,1681,14,9,5,416,215,201,68,31,37
1.0 Scen,2021,417,Shackelford County,3772,1829,1943,3265,1568,1697,14,9,5,424,220,204,69,32,37
1.0 Scen,2022,417,Shackelford County,3802,1843,1959,3285,1578,1707,13,8,5,434,225,209,70,32,38
1.0 Scen,2023,417,Shackelford County,3841,1865,1976,3313,1594,1719,13,8,5,444,230,214,71,33,38
1.0 Scen,2024,417,Shackelford County,3881,1885,1996,3342,1609,1733,13,8,5,454,235,219,72,33,39
1.0 Scen,2025,417,Shackelford County,3906,1900,2006,3360,1620,1740,12,8,4,461,238,223,73,34,39
1.0 Scen,2026,417,Shackelford County,3934,1915,2019,3378,1631,1747,12,8,4,470,242,228,74,34,40
1.0 Scen,2027,417,Shackelford County,3956,1926,2030,3391,1637,1754,12,8,4,478,246,232,75,35,40
1.0 Scen,2028,417,Shackelford County,3975,1939,2036,3401,1646,1755,12,8,4,487,250,237,75,35,40
1.0 Scen,2029,417,Shackelford County,3993,1949,2044,3411,1651,1760,12,8,4,496,255,241,74,35,39
1.0 Scen,2030,417,Shackelford County,4026,1970,2056,3434,1668,1766,12,8,4,505,259,246,75,35,40
1.0 Scen,2031,417,Shackelford County,4035,1981,2054,3435,1674,1761,12,8,4,512,263,249,76,36,40
1.0 Scen,2032,417,Shackelford County,4043,1988,2055,3438,1677,1761,12,8,4,518,268,250,75,35,40
1.0 Scen,2033,417,Shackelford County,4057,2004,2053,3448,1690,1758,12,8,4,523,271,252,74,35,39
1.0 Scen,2034,417,Shackelford County,4062,2011,2051,3447,1695,1752,12,8,4,528,273,255,75,35,40
1.0 Scen,2035,417,Shackelford County,4084,2026,2058,3462,1705,1757,12,8,4,534,277,257,76,36,40
1.0 Scen,2036,417,Shackelford County,4076,2032,2044,3462,1712,1750,12,8,4,525,276,249,77,36,41
1.0 Scen,2037,417,Shackelford County,4076,2037,2039,3465,1718,1747,12,8,4,521,274,247,78,37,41
1.0 Scen,2038,417,Shackelford County,4075,2043,2032,3463,1722,1741,12,8,4,523,277,246,77,36,41
1.0 Scen,2039,417,Shackelford County,4075,2052,2023,3459,1729,1730,12,8,4,526,278,248,78,37,41
1.0 Scen,2040,417,Shackelford County,4062,2055,2007,3449,1731,1718,12,8,4,523,279,244,78,37,41
1.0 Scen,2041,417,Shackelford County,4053,2055,1998,3440,1733,1707,12,8,4,522,276,246,79,38,41
1.0 Scen,2042,417,Shackelford County,4049,2055,1994,3436,1732,1704,12,8,4,523,278,245,78,37,41
1.0 Scen,2043,417,Shackelford County,4037,2055,1982,3419,1728,1691,13,9,4,526,280,246,79,38,41
1.0 Scen,2044,417,Shackelford County,4037,2063,1974,3415,1732,1683,13,9,4,530,284,246,79,38,41
1.0 Scen,2045,417,Shackelford County,4028,2070,1958,3404,1734,1670,13,9,4,532,288,244,79,39,40
1.0 Scen,2046,417,Shackelford County,4011,2065,1946,3385,1728,1657,13,9,4,535,290,245,78,38,40
1.0 Scen,2047,417,Shackelford County,3995,2067,1928,3371,1733,1638,11,7,4,537,290,247,76,37,39
1.0 Scen,2048,417,Shackelford County,3996,2071,1925,3369,1737,1632,11,7,4,539,290,249,77,37,40
1.0 Scen,2049,417,Shackelford County,3978,2067,1911,3345,1729,1616,11,7,4,545,293,252,77,38,39
1.0 Scen,2050,417,Shackelford County,3974,2069,1905,3340,1732,1608,11,7,4,546,291,255,77,39,38
1.0 Scen,2010,419,Shelby County,25448,12591,12857,16535,8113,8422,4414,2076,2338,4164,2244,1920,335,158,177
1.0 Scen,2011,419,Shelby County,25783,12790,12993,16636,8184,8452,4471,2108,2363,4334,2336,1998,342,162,180
1.0 Scen,2012,419,Shelby County,26095,12969,13126,16723,8241,8482,4524,2137,2387,4497,2423,2074,351,168,183
1.0 Scen,2013,419,Shelby County,26404,13148,13256,16810,8298,8512,4556,2158,2398,4677,2520,2157,361,172,189
1.0 Scen,2014,419,Shelby County,26743,13337,13406,16901,8353,8548,4599,2186,2413,4872,2621,2251,371,177,194
1.0 Scen,2015,419,Shelby County,27068,13530,13538,16988,8416,8572,4643,2208,2435,5058,2725,2333,379,181,198
1.0 Scen,2016,419,Shelby County,27393,13719,13674,17063,8468,8595,4677,2228,2449,5267,2838,2429,386,185,201
1.0 Scen,2017,419,Shelby County,27694,13892,13802,17133,8514,8619,4697,2245,2452,5471,2944,2527,393,189,204
1.0 Scen,2018,419,Shelby County,28013,14082,13931,17205,8562,8643,4723,2264,2459,5683,3062,2621,402,194,208
1.0 Scen,2019,419,Shelby County,28325,14271,14054,17269,8609,8660,4743,2280,2463,5903,3184,2719,410,198,212
1.0 Scen,2020,419,Shelby County,28649,14467,14182,17324,8654,8670,4763,2296,2467,6145,3315,2830,417,202,215
1.0 Scen,2021,419,Shelby County,28969,14647,14322,17393,8700,8693,4773,2303,2470,6380,3439,2941,423,205,218
1.0 Scen,2022,419,Shelby County,29291,14835,14456,17443,8739,8704,4789,2315,2474,6632,3573,3059,427,208,219
1.0 Scen,2023,419,Shelby County,29623,15030,14593,17480,8771,8709,4808,2329,2479,6902,3717,3185,433,213,220
1.0 Scen,2024,419,Shelby County,29951,15233,14718,17521,8813,8708,4821,2339,2482,7177,3867,3310,432,214,218
1.0 Scen,2025,419,Shelby County,30265,15420,14845,17546,8836,8710,4833,2348,2485,7449,4018,3431,437,218,219
1.0 Scen,2026,419,Shelby County,30589,15620,14969,17563,8859,8704,4843,2363,2480,7740,4177,3563,443,221,222
1.0 Scen,2027,419,Shelby County,30918,15825,15093,17585,8889,8696,4852,2373,2479,8030,4337,3693,451,226,225
1.0 Scen,2028,419,Shelby County,31231,16021,15210,17590,8906,8684,4853,2382,2471,8327,4501,3826,461,232,229
1.0 Scen,2029,419,Shelby County,31540,16213,15327,17584,8921,8663,4858,2390,2468,8634,4666,3968,464,236,228
1.0 Scen,2030,419,Shelby County,31841,16397,15444,17578,8940,8638,4860,2394,2466,8934,4825,4109,469,238,231
1.0 Scen,2031,419,Shelby County,32150,16584,15566,17553,8940,8613,4865,2405,2460,9253,4994,4259,479,245,234
1.0 Scen,2032,419,Shelby County,32442,16759,15683,17528,8940,8588,4871,2419,2452,9559,5153,4406,484,247,237
1.0 Scen,2033,419,Shelby County,32700,16915,15785,17483,8933,8550,4863,2419,2444,9867,5316,4551,487,247,240
1.0 Scen,2034,419,Shelby County,32963,17078,15885,17418,8915,8503,4869,2430,2439,10178,5479,4699,498,254,244
1.0 Scen,2035,419,Shelby County,33212,17226,15986,17362,8898,8464,4862,2438,2424,10486,5635,4851,502,255,247
1.0 Scen,2036,419,Shelby County,33465,17381,16084,17295,8878,8417,4857,2443,2414,10805,5802,5003,508,258,250
1.0 Scen,2037,419,Shelby County,33696,17521,16175,17217,8853,8364,4843,2439,2404,11121,5967,5154,515,262,253
1.0 Scen,2038,419,Shelby County,33930,17673,16257,17142,8834,8308,4820,2435,2385,11442,6133,5309,526,271,255
1.0 Scen,2039,419,Shelby County,34164,17815,16349,17048,8799,8249,4813,2434,2379,11774,6308,5466,529,274,255
1.0 Scen,2040,419,Shelby County,34398,17957,16441,16961,8768,8193,4795,2430,2365,12105,6481,5624,537,278,259
1.0 Scen,2041,419,Shelby County,34627,18095,16532,16866,8733,8133,4775,2427,2348,12443,6656,5787,543,279,264
1.0 Scen,2042,419,Shelby County,34810,18214,16596,16755,8688,8067,4745,2418,2327,12761,6825,5936,549,283,266
1.0 Scen,2043,419,Shelby County,35020,18354,16666,16651,8649,8002,4718,2410,2308,13096,7008,6088,555,287,268
1.0 Scen,2044,419,Shelby County,35212,18487,16725,16534,8608,7926,4678,2394,2284,13435,7193,6242,565,292,273
1.0 Scen,2045,419,Shelby County,35426,18628,16798,16421,8566,7855,4650,2386,2264,13780,7380,6400,575,296,279
1.0 Scen,2046,419,Shelby County,35640,18772,16868,16317,8525,7792,4619,2375,2244,14131,7577,6554,573,295,278
1.0 Scen,2047,419,Shelby County,35853,18907,16946,16194,8472,7722,4584,2362,2222,14493,7772,6721,582,301,281
1.0 Scen,2048,419,Shelby County,36060,19045,17015,16075,8430,7645,4550,2348,2202,14842,7959,6883,593,308,285
1.0 Scen,2049,419,Shelby County,36293,19190,17103,15963,8377,7586,4517,2335,2182,15210,8164,7046,603,314,289
1.0 Scen,2050,419,Shelby County,36487,19319,17168,15841,8333,7508,4471,2315,2156,15566,8353,7213,609,318,291
1.0 Scen,2010,421,Sherman County,3034,1548,1486,1762,882,880,12,10,2,1227,638,589,33,18,15
1.0 Scen,2011,421,Sherman County,3074,1574,1500,1764,886,878,12,10,2,1265,660,605,33,18,15
1.0 Scen,2012,421,Sherman County,3112,1597,1515,1764,887,877,12,10,2,1303,682,621,33,18,15
1.0 Scen,2013,421,Sherman County,3148,1621,1527,1760,889,871,12,10,2,1343,704,639,33,18,15
1.0 Scen,2014,421,Sherman County,3183,1641,1542,1753,887,866,12,10,2,1385,726,659,33,18,15
1.0 Scen,2015,421,Sherman County,3220,1663,1557,1748,886,862,12,10,2,1427,749,678,33,18,15
1.0 Scen,2016,421,Sherman County,3259,1688,1571,1741,884,857,12,10,2,1473,776,697,33,18,15
1.0 Scen,2017,421,Sherman County,3311,1721,1590,1742,889,853,12,10,2,1524,804,720,33,18,15
1.0 Scen,2018,421,Sherman County,3341,1748,1593,1729,888,841,12,10,2,1568,832,736,32,18,14
1.0 Scen,2019,421,Sherman County,3390,1781,1609,1722,887,835,12,10,2,1624,866,758,32,18,14
1.0 Scen,2020,421,Sherman County,3440,1813,1627,1717,885,832,12,10,2,1679,900,779,32,18,14
1.0 Scen,2021,421,Sherman County,3488,1844,1644,1705,878,827,12,10,2,1739,938,801,32,18,14
1.0 Scen,2022,421,Sherman County,3531,1873,1658,1692,874,818,12,10,2,1795,971,824,32,18,14
1.0 Scen,2023,421,Sherman County,3572,1904,1668,1677,870,807,12,10,2,1851,1006,845,32,18,14
1.0 Scen,2024,421,Sherman County,3626,1936,1690,1670,864,806,12,10,2,1912,1044,868,32,18,14
1.0 Scen,2025,421,Sherman County,3665,1962,1703,1662,859,803,12,10,2,1958,1075,883,33,18,15
1.0 Scen,2026,421,Sherman County,3720,1998,1722,1652,854,798,12,10,2,2023,1116,907,33,18,15
1.0 Scen,2027,421,Sherman County,3771,2031,1740,1640,852,788,11,9,2,2087,1152,935,33,18,15
1.0 Scen,2028,421,Sherman County,3831,2069,1762,1630,848,782,11,9,2,2157,1194,963,33,18,15
1.0 Scen,2029,421,Sherman County,3893,2109,1784,1624,846,778,11,9,2,2227,1236,991,31,18,13
1.0 Scen,2030,421,Sherman County,3953,2149,1804,1612,841,771,11,9,2,2299,1281,1018,31,18,13
1.0 Scen,2031,421,Sherman County,4008,2182,1826,1605,837,768,11,9,2,2362,1318,1044,30,18,12
1.0 Scen,2032,421,Sherman County,4065,2225,1840,1590,832,758,11,9,2,2434,1366,1068,30,18,12
1.0 Scen,2033,421,Sherman County,4111,2258,1853,1569,827,742,11,9,2,2501,1404,1097,30,18,12
1.0 Scen,2034,421,Sherman County,4174,2295,1879,1554,818,736,11,9,2,2579,1450,1129,30,18,12
1.0 Scen,2035,421,Sherman County,4234,2330,1904,1537,809,728,11,9,2,2656,1494,1162,30,18,12
1.0 Scen,2036,421,Sherman County,4283,2361,1922,1511,797,714,11,9,2,2729,1537,1192,32,18,14
1.0 Scen,2037,421,Sherman County,4346,2401,1945,1496,790,706,11,9,2,2807,1584,1223,32,18,14
1.0 Scen,2038,421,Sherman County,4394,2433,1961,1476,781,695,10,8,2,2876,1626,1250,32,18,14
1.0 Scen,2039,421,Sherman County,4460,2479,1981,1463,775,688,10,8,2,2956,1678,1278,31,18,13
1.0 Scen,2040,421,Sherman County,4527,2520,2007,1451,768,683,10,8,2,3035,1726,1309,31,18,13
1.0 Scen,2041,421,Sherman County,4589,2564,2025,1432,763,669,10,8,2,3115,1775,1340,32,18,14
1.0 Scen,2042,421,Sherman County,4634,2585,2049,1410,749,661,9,7,2,3183,1811,1372,32,18,14
1.0 Scen,2043,421,Sherman County,4686,2614,2072,1385,733,652,9,7,2,3260,1857,1403,32,17,15
1.0 Scen,2044,421,Sherman County,4752,2659,2093,1370,729,641,9,7,2,3341,1906,1435,32,17,15
1.0 Scen,2045,421,Sherman County,4795,2690,2105,1346,718,628,9,7,2,3409,1949,1460,31,16,15
1.0 Scen,2046,421,Sherman County,4846,2723,2123,1323,707,616,8,6,2,3488,1996,1492,27,14,13
1.0 Scen,2047,421,Sherman County,4903,2760,2143,1307,699,608,8,6,2,3562,2042,1520,26,13,13
1.0 Scen,2048,421,Sherman County,4966,2791,2175,1286,687,599,8,6,2,3645,2085,1560,27,13,14
1.0 Scen,2049,421,Sherman County,5022,2832,2190,1270,679,591,8,6,2,3717,2134,1583,27,13,14
1.0 Scen,2050,421,Sherman County,5085,2873,2212,1252,674,578,7,5,2,3800,2182,1618,26,12,14
1.0 Scen,2010,423,Smith County,209714,101425,108289,130246,62654,67592,37195,17172,20023,36088,18670,17418,6185,2929,3256
1.0 Scen,2011,423,Smith County,212682,102974,109708,130650,62899,67751,37749,17459,20290,37784,19536,18248,6499,3080,3419
1.0 Scen,2012,423,Smith County,215837,104613,111224,131091,63147,67944,38330,17762,20568,39585,20453,19132,6831,3251,3580
1.0 Scen,2013,423,Smith County,219098,106341,112757,131528,63435,68093,38937,18070,20867,41471,21420,20051,7162,3416,3746
1.0 Scen,2014,423,Smith County,222393,108078,114315,131932,63684,68248,39507,18374,21133,43437,22429,21008,7517,3591,3926
1.0 Scen,2015,423,Smith County,225731,109849,115882,132272,63907,68365,40070,18674,21396,45496,23488,22008,7893,3780,4113
1.0 Scen,2016,423,Smith County,229067,111637,117430,132521,64110,68411,40629,18959,21670,47627,24585,23042,8290,3983,4307
1.0 Scen,2017,423,Smith County,232478,113477,119001,132758,64301,68457,41148,19241,21907,49873,25744,24129,8699,4191,4508
1.0 Scen,2018,423,Smith County,235940,115353,120587,132913,64457,68456,41661,19524,22137,52224,26956,25268,9142,4416,4726
1.0 Scen,2019,423,Smith County,239468,117242,122226,133050,64595,68455,42142,19773,22369,54673,28219,26454,9603,4655,4948
1.0 Scen,2020,423,Smith County,243064,119215,123849,133147,64732,68415,42597,20040,22557,57217,29533,27684,10103,4910,5193
1.0 Scen,2021,423,Smith County,246767,121201,125566,133239,64862,68377,43002,20259,22743,59886,30899,28987,10640,5181,5459
1.0 Scen,2022,423,Smith County,250549,123221,127328,133304,64980,68324,43394,20460,22934,62657,32318,30339,11194,5463,5731
1.0 Scen,2023,423,Smith County,254411,125326,129085,133329,65073,68256,43798,20707,23091,65525,33790,31735,11759,5756,6003
1.0 Scen,2024,423,Smith County,258392,127467,130925,133306,65141,68165,44170,20919,23251,68531,35333,33198,12385,6074,6311
1.0 Scen,2025,423,Smith County,262380,129610,132770,133201,65169,68032,44517,21106,23411,71632,36923,34709,13030,6412,6618
1.0 Scen,2026,423,Smith County,266499,131817,134682,133049,65172,67877,44883,21313,23570,74838,38566,36272,13729,6766,6963
1.0 Scen,2027,423,Smith County,270627,134059,136568,132840,65163,67677,45186,21491,23695,78153,40269,37884,14448,7136,7312
1.0 Scen,2028,423,Smith County,274826,136305,138521,132558,65110,67448,45506,21656,23850,81563,42019,39544,15199,7520,7679
1.0 Scen,2029,423,Smith County,279071,138620,140451,132228,65044,67184,45777,21833,23944,85068,43819,41249,15998,7924,8074
1.0 Scen,2030,423,Smith County,283362,140943,142419,131838,64954,66884,46035,21977,24058,88665,45664,43001,16824,8348,8476
1.0 Scen,2031,423,Smith County,287692,143322,144370,131392,64839,66553,46262,22138,24124,92351,47558,44793,17687,8787,8900
1.0 Scen,2032,423,Smith County,292106,145714,146392,130881,64689,66192,46500,22277,24223,96130,49497,46633,18595,9251,9344
1.0 Scen,2033,423,Smith County,296517,148124,148393,130327,64526,65801,46686,22397,24289,99977,51476,48501,19527,9725,9802
1.0 Scen,2034,423,Smith County,301026,150570,150456,129726,64330,65396,46892,22530,24362,103909,53489,50420,20499,10221,10278
1.0 Scen,2035,423,Smith County,305571,153069,152502,129064,64115,64949,47083,22673,24410,107915,55540,52375,21509,10741,10768
1.0 Scen,2036,423,Smith County,310169,155579,154590,128350,63870,64480,47260,22798,24462,111998,57634,54364,22561,11277,11284
1.0 Scen,2037,423,Smith County,314784,158105,156679,127580,63598,63982,47404,22912,24492,116158,59767,56391,23642,11828,11814
1.0 Scen,2038,423,Smith County,319504,160682,158822,126797,63312,63485,47533,23010,24523,120408,61955,58453,24766,12405,12361
1.0 Scen,2039,423,Smith County,324298,163306,160992,125950,63003,62947,47684,23117,24567,124745,64194,60551,25919,12992,12927
1.0 Scen,2040,423,Smith County,329198,166013,163185,125083,62694,62389,47793,23223,24570,129189,66478,62711,27133,13618,13515
1.0 Scen,2041,423,Smith County,334139,168721,165418,124180,62357,61823,47896,23315,24581,133700,68805,64895,28363,14244,14119
1.0 Scen,2042,423,Smith County,339151,171488,167663,123245,62007,61238,47969,23399,24570,138304,71188,67116,29633,14894,14739
1.0 Scen,2043,423,Smith County,344237,174297,169940,122284,61649,60635,48010,23466,24544,142999,73621,69378,30944,15561,15383
1.0 Scen,2044,423,Smith County,349425,177154,172271,121305,61276,60029,48049,23530,24519,147790,76108,71682,32281,16240,16041
1.0 Scen,2045,423,Smith County,354716,180078,174638,120315,60902,59413,48064,23584,24480,152668,78648,74020,33669,16944,16725
1.0 Scen,2046,423,Smith County,360108,183064,177044,119299,60518,58781,48063,23632,24431,157660,81246,76414,35086,17668,17418
1.0 Scen,2047,423,Smith County,365600,186111,179489,118278,60135,58143,48035,23664,24371,162744,83904,78840,36543,18408,18135
1.0 Scen,2048,423,Smith County,371232,189246,181986,117265,59752,57513,48008,23706,24302,167920,86612,81308,38039,19176,18863
1.0 Scen,2049,423,Smith County,376942,192403,184539,116236,59362,56874,47953,23716,24237,173184,89371,83813,39569,19954,19615
1.0 Scen,2050,423,Smith County,382835,195670,187165,115224,58972,56252,47899,23739,24160,178565,92197,86368,41147,20762,20385
1.0 Scen,2010,425,Somervell County,8490,4182,4308,6595,3240,3355,54,30,24,1626,820,806,215,92,123
1.0 Scen,2011,425,Somervell County,8697,4284,4413,6729,3306,3423,54,30,24,1693,853,840,221,95,126
1.0 Scen,2012,425,Somervell County,8871,4375,4496,6827,3361,3466,54,30,24,1764,887,877,226,97,129
1.0 Scen,2013,425,Somervell County,9051,4465,4586,6930,3413,3517,55,31,24,1837,923,914,229,98,131
1.0 Scen,2014,425,Somervell County,9244,4560,4684,7036,3466,3570,56,31,25,1916,963,953,236,100,136
1.0 Scen,2015,425,Somervell County,9436,4648,4788,7139,3511,3628,57,32,25,1997,1002,995,243,103,140
1.0 Scen,2016,425,Somervell County,9647,4750,4897,7256,3568,3688,58,32,26,2083,1044,1039,250,106,144
1.0 Scen,2017,425,Somervell County,9844,4847,4997,7362,3617,3745,59,33,26,2168,1089,1079,255,108,147
1.0 Scen,2018,425,Somervell County,10054,4946,5108,7469,3672,3797,60,33,27,2264,1131,1133,261,110,151
1.0 Scen,2019,425,Somervell County,10275,5052,5223,7583,3725,3858,61,34,27,2365,1181,1184,266,112,154
1.0 Scen,2020,425,Somervell County,10480,5155,5325,7687,3779,3908,62,34,28,2458,1226,1232,273,116,157
1.0 Scen,2021,425,Somervell County,10705,5268,5437,7794,3836,3958,63,35,28,2566,1276,1290,282,121,161
1.0 Scen,2022,425,Somervell County,10930,5378,5552,7904,3891,4013,64,35,29,2676,1329,1347,286,123,163
1.0 Scen,2023,425,Somervell County,11159,5485,5674,8012,3939,4073,65,36,29,2791,1384,1407,291,126,165
1.0 Scen,2024,425,Somervell County,11389,5591,5798,8125,3989,4136,65,36,29,2903,1439,1464,296,127,169
1.0 Scen,2025,425,Somervell County,11610,5700,5910,8219,4037,4182,66,37,29,3022,1496,1526,303,130,173
1.0 Scen,2026,425,Somervell County,11849,5817,6032,8320,4088,4232,68,37,31,3152,1559,1593,309,133,176
1.0 Scen,2027,425,Somervell County,12082,5928,6154,8406,4131,4275,69,38,31,3290,1623,1667,317,136,181
1.0 Scen,2028,425,Somervell County,12306,6039,6267,8485,4169,4316,70,38,32,3428,1692,1736,323,140,183
1.0 Scen,2029,425,Somervell County,12542,6147,6395,8573,4208,4365,71,39,32,3568,1756,1812,330,144,186
1.0 Scen,2030,425,Somervell County,12796,6271,6525,8673,4252,4421,72,39,33,3715,1832,1883,336,148,188
1.0 Scen,2031,425,Somervell County,13044,6406,6638,8752,4300,4452,73,40,33,3876,1911,1965,343,155,188
1.0 Scen,2032,425,Somervell County,13274,6520,6754,8829,4336,4493,74,40,34,4017,1981,2036,354,163,191
1.0 Scen,2033,425,Somervell County,13505,6646,6859,8892,4369,4523,75,41,34,4172,2062,2110,366,174,192
1.0 Scen,2034,425,Somervell County,13724,6758,6966,8949,4400,4549,75,40,35,4330,2140,2190,370,178,192
1.0 Scen,2035,425,Somervell County,13949,6870,7079,9010,4427,4583,74,40,34,4479,2214,2265,386,189,197
1.0 Scen,2036,425,Somervell County,14176,6983,7193,9056,4447,4609,75,40,35,4644,2295,2349,401,201,200
1.0 Scen,2037,425,Somervell County,14386,7094,7292,9091,4467,4624,76,41,35,4800,2373,2427,419,213,206
1.0 Scen,2038,425,Somervell County,14626,7217,7409,9128,4490,4638,77,41,36,4983,2460,2523,438,226,212
1.0 Scen,2039,425,Somervell County,14856,7338,7518,9159,4512,4647,78,42,36,5161,2546,2615,458,238,220
1.0 Scen,2040,425,Somervell County,15098,7463,7635,9193,4533,4660,79,42,37,5347,2636,2711,479,252,227
1.0 Scen,2041,425,Somervell County,15345,7592,7753,9218,4551,4667,79,42,37,5544,2731,2813,504,268,236
1.0 Scen,2042,425,Somervell County,15564,7704,7860,9228,4559,4669,80,42,38,5729,2819,2910,527,284,243
1.0 Scen,2043,425,Somervell County,15818,7833,7985,9241,4570,4671,81,43,38,5937,2915,3022,559,305,254
1.0 Scen,2044,425,Somervell County,16060,7959,8101,9253,4584,4669,81,43,38,6138,3009,3129,588,323,265
1.0 Scen,2045,425,Somervell County,16312,8081,8231,9257,4586,4671,80,43,37,6353,3109,3244,622,343,279
1.0 Scen,2046,425,Somervell County,16553,8213,8340,9261,4595,4666,79,43,36,6561,3213,3348,652,362,290
1.0 Scen,2047,425,Somervell County,16805,8355,8450,9260,4602,4658,78,43,35,6790,3331,3459,677,379,298
1.0 Scen,2048,425,Somervell County,17056,8488,8568,9263,4606,4657,77,42,35,7006,3439,3567,710,401,309
1.0 Scen,2049,425,Somervell County,17293,8622,8671,9242,4602,4640,77,42,35,7233,3555,3678,741,423,318
1.0 Scen,2050,425,Somervell County,17540,8761,8779,9238,4610,4628,77,42,35,7450,3663,3787,775,446,329
1.0 Scen,2010,427,Starr County,60968,29440,31528,2449,1207,1242,15,13,2,58337,28135,30202,167,85,82
1.0 Scen,2011,427,Starr County,61789,29878,31911,2486,1228,1258,15,13,2,59118,28550,30568,170,87,83
1.0 Scen,2012,427,Starr County,62614,30316,32298,2521,1247,1274,15,13,2,59906,28968,30938,172,88,84
1.0 Scen,2013,427,Starr County,63476,30775,32701,2562,1270,1292,15,13,2,60725,29403,31322,174,89,85
1.0 Scen,2014,427,Starr County,64295,31214,33081,2592,1286,1306,15,13,2,61512,29825,31687,176,90,86
1.0 Scen,2015,427,Starr County,65101,31634,33467,2620,1299,1321,15,13,2,62288,30231,32057,178,91,87
1.0 Scen,2016,427,Starr County,65894,32056,33838,2654,1321,1333,15,13,2,63046,30631,32415,179,91,88
1.0 Scen,2017,427,Starr County,66659,32478,34181,2680,1342,1338,15,13,2,63784,31031,32753,180,92,88
1.0 Scen,2018,427,Starr County,67425,32888,34537,2719,1364,1355,15,13,2,64510,31419,33091,181,92,89
1.0 Scen,2019,427,Starr County,68148,33268,34880,2754,1384,1370,15,13,2,65197,31778,33419,182,93,89
1.0 Scen,2020,427,Starr County,68878,33658,35220,2785,1400,1385,15,13,2,65895,32152,33743,183,93,90
1.0 Scen,2021,427,Starr County,69586,34036,35550,2829,1426,1403,15,13,2,66558,32503,34055,184,94,90
1.0 Scen,2022,427,Starr County,70272,34427,35845,2856,1445,1411,15,13,2,67216,32875,34341,185,94,91
1.0 Scen,2023,427,Starr County,70939,34789,36150,2904,1475,1429,15,13,2,67835,33207,34628,185,94,91
1.0 Scen,2024,427,Starr County,71594,35156,36438,2949,1505,1444,15,13,2,68444,33544,34900,186,94,92
1.0 Scen,2025,427,Starr County,72205,35497,36708,2998,1533,1465,15,13,2,69005,33856,35149,187,95,92
1.0 Scen,2026,427,Starr County,72782,35832,36950,3045,1569,1476,15,13,2,69534,34154,35380,188,96,92
1.0 Scen,2027,427,Starr County,73287,36125,37162,3089,1601,1488,15,13,2,69993,34414,35579,190,97,93
1.0 Scen,2028,427,Starr County,73804,36426,37378,3140,1633,1507,15,13,2,70458,34681,35777,191,99,92
1.0 Scen,2029,427,Starr County,74261,36699,37562,3190,1660,1530,15,13,2,70865,34926,35939,191,100,91
1.0 Scen,2030,427,Starr County,74657,36945,37712,3230,1688,1542,15,13,2,71222,35145,36077,190,99,91
1.0 Scen,2031,427,Starr County,75041,37180,37861,3266,1710,1556,15,13,2,71568,35357,36211,192,100,92
1.0 Scen,2032,427,Starr County,75398,37402,37996,3313,1735,1578,15,13,2,71880,35557,36323,190,97,93
1.0 Scen,2033,427,Starr County,75740,37627,38113,3357,1763,1594,15,13,2,72179,35754,36425,189,97,92
1.0 Scen,2034,427,Starr County,76085,37853,38232,3408,1795,1613,15,13,2,72470,35947,36523,192,98,94
1.0 Scen,2035,427,Starr County,76375,38052,38323,3436,1813,1623,15,13,2,72733,36127,36606,191,99,92
1.0 Scen,2036,427,Starr County,76652,38250,38402,3471,1838,1633,15,13,2,72973,36299,36674,193,100,93
1.0 Scen,2037,427,Starr County,76874,38416,38458,3492,1854,1638,15,13,2,73173,36449,36724,194,100,94
1.0 Scen,2038,427,Starr County,77103,38598,38505,3515,1877,1638,15,13,2,73378,36607,36771,195,101,94
1.0 Scen,2039,427,Starr County,77297,38758,38539,3547,1900,1647,15,13,2,73539,36744,36795,196,101,95
1.0 Scen,2040,427,Starr County,77464,38912,38552,3570,1924,1646,15,13,2,73682,36873,36809,197,102,95
1.0 Scen,2041,427,Starr County,77608,39042,38566,3593,1945,1648,15,13,2,73803,36982,36821,197,102,95
1.0 Scen,2042,427,Starr County,77714,39159,38555,3615,1970,1645,15,13,2,73887,37075,36812,197,101,96
1.0 Scen,2043,427,Starr County,77803,39280,38523,3631,1992,1639,15,13,2,73964,37175,36789,193,100,93
1.0 Scen,2044,427,Starr County,77878,39376,38502,3667,2017,1650,15,13,2,74004,37246,36758,192,100,92
1.0 Scen,2045,427,Starr County,77924,39468,38456,3702,2050,1652,15,13,2,74016,37305,36711,191,100,91
1.0 Scen,2046,427,Starr County,77913,39529,38384,3717,2066,1651,15,13,2,73997,37351,36646,184,99,85
1.0 Scen,2047,427,Starr County,77888,39581,38307,3745,2093,1652,15,13,2,73949,37377,36572,179,98,81
1.0 Scen,2048,427,Starr County,77831,39612,38219,3771,2114,1657,15,13,2,73867,37389,36478,178,96,82
1.0 Scen,2049,427,Starr County,77746,39641,38105,3794,2141,1653,15,13,2,73761,37392,36369,176,95,81
1.0 Scen,2050,427,Starr County,77616,39639,37977,3807,2160,1647,15,13,2,73619,37373,36246,175,93,82
1.0 Scen,2010,429,Stephens County,9630,4975,4655,7289,3650,3639,195,136,59,2011,1110,901,135,79,56
1.0 Scen,2011,429,Stephens County,9717,5023,4694,7317,3666,3651,196,137,59,2065,1138,927,139,82,57
1.0 Scen,2012,429,Stephens County,9785,5068,4717,7328,3682,3646,196,136,60,2121,1167,954,140,83,57
1.0 Scen,2013,429,Stephens County,9821,5102,4719,7320,3691,3629,195,136,59,2165,1191,974,141,84,57
1.0 Scen,2014,429,Stephens County,9881,5141,4740,7326,3699,3627,196,137,59,2216,1220,996,143,85,58
1.0 Scen,2015,429,Stephens County,9941,5178,4763,7330,3708,3622,196,137,59,2271,1247,1024,144,86,58
1.0 Scen,2016,429,Stephens County,10015,5219,4796,7342,3718,3624,196,136,60,2329,1277,1052,148,88,60
1.0 Scen,2017,429,Stephens County,10094,5261,4833,7357,3729,3628,194,134,60,2392,1308,1084,151,90,61
1.0 Scen,2018,429,Stephens County,10161,5305,4856,7366,3743,3623,196,135,61,2448,1338,1110,151,89,62
1.0 Scen,2019,429,Stephens County,10231,5343,4888,7376,3750,3626,195,135,60,2507,1367,1140,153,91,62
1.0 Scen,2020,429,Stephens County,10297,5386,4911,7383,3761,3622,194,134,60,2564,1398,1166,156,93,63
1.0 Scen,2021,429,Stephens County,10375,5434,4941,7391,3771,3620,194,135,59,2633,1434,1199,157,94,63
1.0 Scen,2022,429,Stephens County,10439,5475,4964,7390,3779,3611,195,135,60,2697,1468,1229,157,93,64
1.0 Scen,2023,429,Stephens County,10516,5524,4992,7399,3789,3610,193,135,58,2768,1507,1261,156,93,63
1.0 Scen,2024,429,Stephens County,10564,5549,5015,7386,3787,3599,193,135,58,2828,1534,1294,157,93,64
1.0 Scen,2025,429,Stephens County,10632,5597,5035,7385,3800,3585,193,135,58,2897,1569,1328,157,93,64
1.0 Scen,2026,429,Stephens County,10715,5644,5071,7398,3813,3585,190,132,58,2969,1606,1363,158,93,65
1.0 Scen,2027,429,Stephens County,10784,5688,5096,7384,3814,3570,192,133,59,3049,1647,1402,159,94,65
1.0 Scen,2028,429,Stephens County,10849,5731,5118,7376,3817,3559,193,133,60,3121,1687,1434,159,94,65
1.0 Scen,2029,429,Stephens County,10907,5774,5133,7366,3826,3540,194,133,61,3190,1722,1468,157,93,64
1.0 Scen,2030,429,Stephens County,10978,5816,5162,7369,3830,3539,192,130,62,3261,1762,1499,156,94,62
1.0 Scen,2031,429,Stephens County,11029,5859,5170,7340,3828,3512,194,133,61,3340,1805,1535,155,93,62
1.0 Scen,2032,429,Stephens County,11089,5899,5190,7324,3829,3495,192,131,61,3417,1847,1570,156,92,64
1.0 Scen,2033,429,Stephens County,11132,5933,5199,7305,3828,3477,192,132,60,3479,1880,1599,156,93,63
1.0 Scen,2034,429,Stephens County,11182,5967,5215,7286,3827,3459,188,128,60,3553,1921,1632,155,91,64
1.0 Scen,2035,429,Stephens County,11228,6008,5220,7253,3822,3431,191,132,59,3629,1962,1667,155,92,63
1.0 Scen,2036,429,Stephens County,11262,6030,5232,7214,3812,3402,186,127,59,3706,1999,1707,156,92,64
1.0 Scen,2037,429,Stephens County,11289,6058,5231,7167,3801,3366,186,128,58,3779,2037,1742,157,92,65
1.0 Scen,2038,429,Stephens County,11310,6079,5231,7124,3789,3335,182,124,58,3846,2073,1773,158,93,65
1.0 Scen,2039,429,Stephens County,11345,6108,5237,7085,3780,3305,185,128,57,3917,2106,1811,158,94,64
1.0 Scen,2040,429,Stephens County,11380,6136,5244,7047,3773,3274,178,122,56,3999,2149,1850,156,92,64
1.0 Scen,2041,429,Stephens County,11403,6166,5237,6998,3759,3239,177,122,55,4072,2193,1879,156,92,64
1.0 Scen,2042,429,Stephens County,11416,6184,5232,6959,3747,3212,173,119,54,4129,2227,1902,155,91,64
1.0 Scen,2043,429,Stephens County,11426,6205,5221,6908,3733,3175,172,119,53,4192,2262,1930,154,91,63
1.0 Scen,2044,429,Stephens County,11464,6231,5233,6870,3719,3151,170,119,51,4271,2303,1968,153,90,63
1.0 Scen,2045,429,Stephens County,11480,6258,5222,6827,3710,3117,166,118,48,4336,2340,1996,151,90,61
1.0 Scen,2046,429,Stephens County,11501,6282,5219,6781,3701,3080,165,117,48,4410,2377,2033,145,87,58
1.0 Scen,2047,429,Stephens County,11520,6299,5221,6731,3677,3054,164,117,47,4481,2418,2063,144,87,57
1.0 Scen,2048,429,Stephens County,11535,6318,5217,6686,3665,3021,161,114,47,4543,2452,2091,145,87,58
1.0 Scen,2049,429,Stephens County,11562,6338,5224,6643,3649,2994,159,112,47,4616,2489,2127,144,88,56
1.0 Scen,2050,429,Stephens County,11598,6362,5236,6615,3640,2975,156,110,46,4684,2525,2159,143,87,56
1.0 Scen,2010,431,Sterling County,1143,576,567,733,362,371,13,10,3,365,187,178,32,17,15
1.0 Scen,2011,431,Sterling County,1154,582,572,738,364,374,13,10,3,371,191,180,32,17,15
1.0 Scen,2012,431,Sterling County,1163,588,575,743,367,376,13,10,3,375,194,181,32,17,15
1.0 Scen,2013,431,Sterling County,1173,595,578,747,370,377,13,10,3,381,198,183,32,17,15
1.0 Scen,2014,431,Sterling County,1184,602,582,751,373,378,13,10,3,388,202,186,32,17,15
1.0 Scen,2015,431,Sterling County,1193,608,585,755,376,379,13,10,3,394,206,188,31,16,15
1.0 Scen,2016,431,Sterling County,1198,613,585,754,376,378,13,10,3,401,211,190,30,16,14
1.0 Scen,2017,431,Sterling County,1201,616,585,752,376,376,13,10,3,406,214,192,30,16,14
1.0 Scen,2018,431,Sterling County,1207,620,587,752,377,375,13,10,3,412,217,195,30,16,14
1.0 Scen,2019,431,Sterling County,1212,624,588,751,378,373,13,10,3,418,220,198,30,16,14
1.0 Scen,2020,431,Sterling County,1214,624,590,746,375,371,13,10,3,425,223,202,30,16,14
1.0 Scen,2021,431,Sterling County,1218,627,591,743,375,368,13,10,3,432,226,206,30,16,14
1.0 Scen,2022,431,Sterling County,1219,629,590,738,374,364,12,9,3,439,230,209,30,16,14
1.0 Scen,2023,431,Sterling County,1223,633,590,735,374,361,12,9,3,446,234,212,30,16,14
1.0 Scen,2024,431,Sterling County,1225,636,589,731,374,357,12,9,3,452,237,215,30,16,14
1.0 Scen,2025,431,Sterling County,1227,640,587,727,375,352,12,9,3,458,240,218,30,16,14
1.0 Scen,2026,431,Sterling County,1225,639,586,718,370,348,12,9,3,464,244,220,31,16,15
1.0 Scen,2027,431,Sterling County,1232,645,587,718,371,347,12,9,3,471,249,222,31,16,15
1.0 Scen,2028,431,Sterling County,1236,648,588,714,369,345,12,9,3,478,253,225,32,17,15
1.0 Scen,2029,431,Sterling County,1233,648,585,706,366,340,12,9,3,485,258,227,30,15,15
1.0 Scen,2030,431,Sterling County,1229,648,581,697,362,335,12,9,3,490,262,228,30,15,15
1.0 Scen,2031,431,Sterling County,1226,648,578,689,358,331,12,9,3,497,266,231,28,15,13
1.0 Scen,2032,431,Sterling County,1217,648,569,675,354,321,12,9,3,502,270,232,28,15,13
1.0 Scen,2033,431,Sterling County,1211,645,566,664,348,316,12,9,3,507,273,234,28,15,13
1.0 Scen,2034,431,Sterling County,1211,645,566,657,343,314,12,9,3,515,278,237,27,15,12
1.0 Scen,2035,431,Sterling County,1206,644,562,645,338,307,12,9,3,522,282,240,27,15,12
1.0 Scen,2036,431,Sterling County,1201,645,556,639,339,300,12,9,3,522,281,241,28,16,12
1.0 Scen,2037,431,Sterling County,1193,639,554,632,336,296,12,9,3,521,278,243,28,16,12
1.0 Scen,2038,431,Sterling County,1189,635,554,626,331,295,12,9,3,525,281,244,26,14,12
1.0 Scen,2039,431,Sterling County,1184,637,547,619,328,291,11,9,2,528,286,242,26,14,12
1.0 Scen,2040,431,Sterling County,1177,640,537,615,328,287,12,10,2,524,288,236,26,14,12
1.0 Scen,2041,431,Sterling County,1163,636,527,600,322,278,12,10,2,525,290,235,26,14,12
1.0 Scen,2042,431,Sterling County,1152,631,521,591,318,273,12,10,2,523,289,234,26,14,12
1.0 Scen,2043,431,Sterling County,1140,625,515,578,313,265,12,10,2,524,288,236,26,14,12
1.0 Scen,2044,431,Sterling County,1123,619,504,566,308,258,12,10,2,517,286,231,28,15,13
1.0 Scen,2045,431,Sterling County,1108,614,494,557,303,254,10,8,2,513,288,225,28,15,13
1.0 Scen,2046,431,Sterling County,1089,600,489,544,294,250,10,8,2,511,285,226,24,13,11
1.0 Scen,2047,431,Sterling County,1086,602,484,539,293,246,10,8,2,513,288,225,24,13,11
1.0 Scen,2048,431,Sterling County,1079,599,480,531,288,243,10,8,2,514,290,224,24,13,11
1.0 Scen,2049,431,Sterling County,1071,592,479,523,283,240,10,8,2,515,289,226,23,12,11
1.0 Scen,2050,431,Sterling County,1055,582,473,510,278,232,10,8,2,512,284,228,23,12,11
1.0 Scen,2010,433,Stonewall County,1490,717,773,1206,581,625,38,20,18,209,100,109,37,16,21
1.0 Scen,2011,433,Stonewall County,1497,719,778,1209,581,628,38,20,18,213,102,111,37,16,21
1.0 Scen,2012,433,Stonewall County,1502,723,779,1211,583,628,38,20,18,216,104,112,37,16,21
1.0 Scen,2013,433,Stonewall County,1502,725,777,1208,584,624,38,20,18,219,105,114,37,16,21
1.0 Scen,2014,433,Stonewall County,1503,727,776,1205,584,621,38,20,18,223,107,116,37,16,21
1.0 Scen,2015,433,Stonewall County,1508,730,778,1205,584,621,38,20,18,228,110,118,37,16,21
1.0 Scen,2016,433,Stonewall County,1512,735,777,1204,586,618,38,20,18,233,113,120,37,16,21
1.0 Scen,2017,433,Stonewall County,1506,737,769,1196,586,610,37,19,18,237,116,121,36,16,20
1.0 Scen,2018,433,Stonewall County,1506,740,766,1191,586,605,37,19,18,242,119,123,36,16,20
1.0 Scen,2019,433,Stonewall County,1513,750,763,1192,592,600,37,19,18,248,123,125,36,16,20
1.0 Scen,2020,433,Stonewall County,1515,754,761,1191,594,597,36,19,17,252,125,127,36,16,20
1.0 Scen,2021,433,Stonewall County,1516,757,759,1187,594,593,36,19,17,257,128,129,36,16,20
1.0 Scen,2022,433,Stonewall County,1508,756,752,1177,591,586,36,19,17,260,131,129,35,15,20
1.0 Scen,2023,433,Stonewall County,1506,759,747,1170,591,579,36,19,17,265,134,131,35,15,20
1.0 Scen,2024,433,Stonewall County,1507,759,748,1166,588,578,36,19,17,270,137,133,35,15,20
1.0 Scen,2025,433,Stonewall County,1503,759,744,1158,585,573,35,18,17,274,140,134,36,16,20
1.0 Scen,2026,433,Stonewall County,1507,762,745,1158,586,572,34,17,17,279,143,136,36,16,20
1.0 Scen,2027,433,Stonewall County,1510,766,744,1156,587,569,34,17,17,284,146,138,36,16,20
1.0 Scen,2028,433,Stonewall County,1504,764,740,1143,583,560,35,17,18,289,148,141,37,16,21
1.0 Scen,2029,433,Stonewall County,1500,762,738,1135,577,558,35,17,18,291,150,141,39,18,21
1.0 Scen,2030,433,Stonewall County,1494,756,738,1122,569,553,35,17,18,296,152,144,41,18,23
1.0 Scen,2031,433,Stonewall County,1494,755,739,1117,565,552,34,16,18,301,155,146,42,19,23
1.0 Scen,2032,433,Stonewall County,1486,751,735,1106,558,548,32,16,16,305,158,147,43,19,24
1.0 Scen,2033,433,Stonewall County,1486,753,733,1100,557,543,32,16,16,311,161,150,43,19,24
1.0 Scen,2034,433,Stonewall County,1488,756,732,1098,558,540,32,16,16,315,163,152,43,19,24
1.0 Scen,2035,433,Stonewall County,1493,760,733,1098,558,540,33,17,16,318,165,153,44,20,24
1.0 Scen,2036,433,Stonewall County,1486,760,726,1088,556,532,33,17,16,321,167,154,44,20,24
1.0 Scen,2037,433,Stonewall County,1479,760,719,1078,554,524,33,17,16,325,170,155,43,19,24
1.0 Scen,2038,433,Stonewall County,1466,758,708,1060,548,512,34,17,17,329,174,155,43,19,24
1.0 Scen,2039,433,Stonewall County,1451,751,700,1043,539,504,34,17,17,331,176,155,43,19,24
1.0 Scen,2040,433,Stonewall County,1440,747,693,1030,534,496,34,17,17,333,177,156,43,19,24
1.0 Scen,2041,433,Stonewall County,1426,742,684,1014,527,487,34,17,17,335,179,156,43,19,24
1.0 Scen,2042,433,Stonewall County,1408,734,674,997,519,478,33,17,16,336,180,156,42,18,24
1.0 Scen,2043,433,Stonewall County,1398,730,668,989,516,473,31,16,15,337,180,157,41,18,23
1.0 Scen,2044,433,Stonewall County,1375,722,653,975,506,469,29,16,13,330,182,148,41,18,23
1.0 Scen,2045,433,Stonewall County,1360,716,644,959,500,459,29,16,13,331,182,149,41,18,23
1.0 Scen,2046,433,Stonewall County,1343,704,639,947,493,454,29,15,14,326,178,148,41,18,23
1.0 Scen,2047,433,Stonewall County,1321,690,631,933,486,447,26,14,12,323,174,149,39,16,23
1.0 Scen,2048,433,Stonewall County,1300,679,621,914,477,437,26,14,12,322,173,149,38,15,23
1.0 Scen,2049,433,Stonewall County,1288,673,615,906,473,433,25,14,11,320,171,149,37,15,22
1.0 Scen,2050,433,Stonewall County,1266,668,598,888,470,418,24,14,10,317,169,148,37,15,22
1.0 Scen,2010,435,Sutton County,4128,2029,2099,1639,790,849,6,6,0,2459,1220,1239,24,13,11
1.0 Scen,2011,435,Sutton County,4191,2065,2126,1650,798,852,6,6,0,2511,1248,1263,24,13,11
1.0 Scen,2012,435,Sutton County,4255,2102,2153,1659,804,855,6,6,0,2566,1279,1287,24,13,11
1.0 Scen,2013,435,Sutton County,4315,2139,2176,1664,810,854,6,6,0,2621,1310,1311,24,13,11
1.0 Scen,2014,435,Sutton County,4368,2174,2194,1671,814,857,6,6,0,2667,1341,1326,24,13,11
1.0 Scen,2015,435,Sutton County,4417,2203,2214,1674,816,858,6,6,0,2713,1368,1345,24,13,11
1.0 Scen,2016,435,Sutton County,4460,2228,2232,1669,816,853,6,6,0,2761,1393,1368,24,13,11
1.0 Scen,2017,435,Sutton County,4505,2260,2245,1665,819,846,6,6,0,2811,1422,1389,23,13,10
1.0 Scen,2018,435,Sutton County,4552,2291,2261,1657,819,838,6,6,0,2866,1453,1413,23,13,10
1.0 Scen,2019,435,Sutton County,4600,2317,2283,1653,816,837,6,6,0,2918,1482,1436,23,13,10
1.0 Scen,2020,435,Sutton County,4651,2346,2305,1646,812,834,6,6,0,2976,1515,1461,23,13,10
1.0 Scen,2021,435,Sutton County,4703,2369,2334,1647,809,838,6,6,0,3027,1541,1486,23,13,10
1.0 Scen,2022,435,Sutton County,4764,2399,2365,1646,805,841,6,6,0,3089,1575,1514,23,13,10
1.0 Scen,2023,435,Sutton County,4811,2425,2386,1638,801,837,6,6,0,3144,1605,1539,23,13,10
1.0 Scen,2024,435,Sutton County,4849,2444,2405,1633,798,835,6,6,0,3187,1627,1560,23,13,10
1.0 Scen,2025,435,Sutton County,4896,2464,2432,1624,789,835,6,6,0,3243,1656,1587,23,13,10
1.0 Scen,2026,435,Sutton County,4952,2489,2463,1617,784,833,6,6,0,3306,1686,1620,23,13,10
1.0 Scen,2027,435,Sutton County,5002,2514,2488,1609,777,832,6,6,0,3365,1719,1646,22,12,10
1.0 Scen,2028,435,Sutton County,5034,2531,2503,1587,764,823,6,6,0,3419,1749,1670,22,12,10
1.0 Scen,2029,435,Sutton County,5083,2554,2529,1581,760,821,6,6,0,3473,1776,1697,23,12,11
1.0 Scen,2030,435,Sutton County,5119,2579,2540,1575,758,817,6,6,0,3515,1803,1712,23,12,11
1.0 Scen,2031,435,Sutton County,5155,2602,2553,1562,754,808,6,6,0,3564,1830,1734,23,12,11
1.0 Scen,2032,435,Sutton County,5179,2619,2560,1546,743,803,5,5,0,3607,1859,1748,21,12,9
1.0 Scen,2033,435,Sutton County,5194,2629,2565,1522,734,788,5,5,0,3646,1878,1768,21,12,9
1.0 Scen,2034,435,Sutton County,5230,2651,2579,1506,727,779,5,5,0,3698,1907,1791,21,12,9
1.0 Scen,2035,435,Sutton County,5260,2672,2588,1482,720,762,5,5,0,3752,1935,1817,21,12,9
1.0 Scen,2036,435,Sutton County,5295,2699,2596,1463,712,751,5,5,0,3806,1970,1836,21,12,9
1.0 Scen,2037,435,Sutton County,5311,2707,2604,1448,705,743,5,5,0,3838,1986,1852,20,11,9
1.0 Scen,2038,435,Sutton County,5335,2726,2609,1432,700,732,5,5,0,3878,2010,1868,20,11,9
1.0 Scen,2039,435,Sutton County,5353,2741,2612,1414,694,720,5,5,0,3915,2031,1884,19,11,8
1.0 Scen,2040,435,Sutton County,5364,2750,2614,1389,685,704,5,5,0,3951,2049,1902,19,11,8
1.0 Scen,2041,435,Sutton County,5376,2764,2612,1369,679,690,5,5,0,3983,2069,1914,19,11,8
1.0 Scen,2042,435,Sutton County,5404,2785,2619,1353,674,679,5,5,0,4027,2095,1932,19,11,8
1.0 Scen,2043,435,Sutton County,5418,2803,2615,1331,668,663,5,5,0,4063,2119,1944,19,11,8
1.0 Scen,2044,435,Sutton County,5446,2827,2619,1315,664,651,5,5,0,4106,2146,1960,20,12,8
1.0 Scen,2045,435,Sutton County,5463,2836,2627,1288,650,638,5,5,0,4152,2171,1981,18,10,8
1.0 Scen,2046,435,Sutton County,5483,2848,2635,1274,645,629,5,5,0,4186,2188,1998,18,10,8
1.0 Scen,2047,435,Sutton County,5494,2865,2629,1253,636,617,5,5,0,4219,2214,2005,17,10,7
1.0 Scen,2048,435,Sutton County,5507,2877,2630,1233,628,605,5,5,0,4251,2233,2018,18,11,7
1.0 Scen,2049,435,Sutton County,5530,2894,2636,1214,624,590,5,5,0,4293,2254,2039,18,11,7
1.0 Scen,2050,435,Sutton County,5548,2912,2636,1202,621,581,5,5,0,4323,2275,2048,18,11,7
1.0 Scen,2010,437,Swisher County,7854,4136,3718,4025,2006,2019,552,386,166,3149,1686,1463,128,58,70
1.0 Scen,2011,437,Swisher County,7898,4169,3729,4005,2001,2004,556,390,166,3208,1719,1489,129,59,70
1.0 Scen,2012,437,Swisher County,7945,4200,3745,3985,1993,1992,561,394,167,3270,1754,1516,129,59,70
1.0 Scen,2013,437,Swisher County,7981,4233,3748,3956,1987,1969,570,401,169,3325,1785,1540,130,60,70
1.0 Scen,2014,437,Swisher County,8025,4273,3752,3929,1986,1943,575,404,171,3387,1821,1566,134,62,72
1.0 Scen,2015,437,Swisher County,8055,4296,3759,3885,1967,1918,579,407,172,3455,1859,1596,136,63,73
1.0 Scen,2016,437,Swisher County,8078,4314,3764,3846,1949,1897,583,409,174,3510,1891,1619,139,65,74
1.0 Scen,2017,437,Swisher County,8107,4341,3766,3814,1935,1879,588,412,176,3564,1927,1637,141,67,74
1.0 Scen,2018,437,Swisher County,8153,4370,3783,3782,1918,1864,595,418,177,3632,1964,1668,144,70,74
1.0 Scen,2019,437,Swisher County,8202,4399,3803,3757,1905,1852,600,420,180,3699,2002,1697,146,72,74
1.0 Scen,2020,437,Swisher County,8230,4417,3813,3720,1887,1833,604,422,182,3757,2035,1722,149,73,76
1.0 Scen,2021,437,Swisher County,8272,4447,3825,3695,1880,1815,611,426,185,3815,2067,1748,151,74,77
1.0 Scen,2022,437,Swisher County,8321,4480,3841,3673,1873,1800,618,432,186,3878,2101,1777,152,74,78
1.0 Scen,2023,437,Swisher County,8351,4501,3850,3650,1864,1786,621,434,187,3926,2128,1798,154,75,79
1.0 Scen,2024,437,Swisher County,8385,4532,3853,3624,1858,1766,624,437,187,3981,2161,1820,156,76,80
1.0 Scen,2025,437,Swisher County,8417,4552,3865,3598,1842,1756,626,436,190,4035,2197,1838,158,77,81
1.0 Scen,2026,437,Swisher County,8470,4584,3886,3585,1835,1750,633,441,192,4092,2230,1862,160,78,82
1.0 Scen,2027,437,Swisher County,8506,4612,3894,3566,1833,1733,634,441,193,4144,2259,1885,162,79,83
1.0 Scen,2028,437,Swisher County,8538,4634,3904,3545,1828,1717,640,443,197,4189,2283,1906,164,80,84
1.0 Scen,2029,437,Swisher County,8567,4656,3911,3522,1815,1707,644,446,198,4236,2313,1923,165,82,83
1.0 Scen,2030,437,Swisher County,8597,4680,3917,3499,1808,1691,651,450,201,4282,2340,1942,165,82,83
1.0 Scen,2031,437,Swisher County,8630,4708,3922,3485,1809,1676,653,450,203,4327,2366,1961,165,83,82
1.0 Scen,2032,437,Swisher County,8639,4720,3919,3457,1799,1658,659,455,204,4356,2382,1974,167,84,83
1.0 Scen,2033,437,Swisher County,8666,4743,3923,3433,1793,1640,662,458,204,4400,2405,1995,171,87,84
1.0 Scen,2034,437,Swisher County,8666,4750,3916,3402,1782,1620,656,455,201,4437,2425,2012,171,88,83
1.0 Scen,2035,437,Swisher County,8664,4749,3915,3374,1774,1600,649,450,199,4466,2435,2031,175,90,85
1.0 Scen,2036,437,Swisher County,8661,4753,3908,3339,1757,1582,651,450,201,4494,2454,2040,177,92,85
1.0 Scen,2037,437,Swisher County,8641,4747,3894,3299,1736,1563,650,450,200,4514,2468,2046,178,93,85
1.0 Scen,2038,437,Swisher County,8625,4747,3878,3260,1723,1537,643,447,196,4544,2484,2060,178,93,85
1.0 Scen,2039,437,Swisher County,8591,4737,3854,3223,1712,1511,628,440,188,4561,2490,2071,179,95,84
1.0 Scen,2040,437,Swisher County,8587,4739,3848,3191,1693,1498,631,443,188,4585,2507,2078,180,96,84
1.0 Scen,2041,437,Swisher County,8566,4736,3830,3151,1675,1476,627,441,186,4606,2522,2084,182,98,84
1.0 Scen,2042,437,Swisher County,8550,4739,3811,3113,1660,1453,623,438,185,4629,2541,2088,185,100,85
1.0 Scen,2043,437,Swisher County,8541,4741,3800,3073,1641,1432,628,443,185,4653,2556,2097,187,101,86
1.0 Scen,2044,437,Swisher County,8535,4739,3796,3048,1627,1421,625,441,184,4674,2570,2104,188,101,87
1.0 Scen,2045,437,Swisher County,8518,4742,3776,3015,1615,1400,623,440,183,4692,2585,2107,188,102,86
1.0 Scen,2046,437,Swisher County,8494,4743,3751,2980,1602,1378,617,436,181,4716,2603,2113,181,102,79
1.0 Scen,2047,437,Swisher County,8469,4733,3736,2955,1590,1365,605,429,176,4728,2613,2115,181,101,80
1.0 Scen,2048,437,Swisher County,8436,4729,3707,2918,1575,1343,600,428,172,4737,2624,2113,181,102,79
1.0 Scen,2049,437,Swisher County,8429,4742,3687,2896,1568,1328,594,426,168,4755,2645,2110,184,103,81
1.0 Scen,2050,437,Swisher County,8410,4736,3674,2870,1560,1310,593,427,166,4765,2649,2116,182,100,82
1.0 Scen,2010,439,Tarrant County,1809034,887235,921799,937135,456911,480224,262522,122902,139620,482977,245804,237173,126400,61618,64782
1.0 Scen,2011,439,Tarrant County,1837896,901784,936112,935022,456480,478542,269368,126056,143312,501659,255116,246543,131847,64132,67715
1.0 Scen,2012,439,Tarrant County,1866996,916555,950441,932696,455850,476846,276264,129276,146988,520869,264764,256105,137167,66665,70502
1.0 Scen,2013,439,Tarrant County,1897086,931395,965691,929846,454936,474910,283455,132525,150930,540905,274765,266140,142880,69169,73711
1.0 Scen,2014,439,Tarrant County,1928056,947032,981024,927003,454079,472924,290535,135882,154653,561809,285200,276609,148709,71871,76838
1.0 Scen,2015,439,Tarrant County,1959449,962768,996681,923613,452971,470642,297902,139205,158697,583417,296030,287387,154517,74562,79955
1.0 Scen,2016,439,Tarrant County,1991639,979051,1012588,919870,451730,468140,305206,142565,162641,605956,307391,298565,160607,77365,83242
1.0 Scen,2017,439,Tarrant County,2023985,995280,1028705,915788,450181,465607,312392,145860,166532,629104,319048,310056,166701,80191,86510
1.0 Scen,2018,439,Tarrant County,2057926,1012376,1045550,911370,448591,462779,319800,149273,170527,653515,331347,322168,173241,83165,90076
1.0 Scen,2019,439,Tarrant County,2092419,1029659,1062760,906751,446824,459927,327381,152812,174569,678624,343976,334648,179663,86047,93616
1.0 Scen,2020,439,Tarrant County,2127850,1047622,1080228,901920,444993,456927,334922,156262,178660,704636,357189,347447,186372,89178,97194
1.0 Scen,2021,439,Tarrant County,2164607,1065993,1098614,896738,442962,453776,342512,159709,182803,731993,371026,360967,193364,92296,101068
1.0 Scen,2022,439,Tarrant County,2201684,1084754,1116930,891325,440840,450485,349913,163158,186755,760124,385185,374939,200322,95571,104751
1.0 Scen,2023,439,Tarrant County,2240106,1104042,1136064,885676,438598,447078,357416,166534,190882,789240,400023,389217,207774,98887,108887
1.0 Scen,2024,439,Tarrant County,2279475,1123891,1155584,879734,436222,443512,364834,169939,194895,819460,415299,404161,215447,102431,113016
1.0 Scen,2025,439,Tarrant County,2319797,1144194,1175603,873591,433745,439846,372317,173421,198896,850557,430997,419560,223332,106031,117301
1.0 Scen,2026,439,Tarrant County,2360808,1165070,1195738,867147,431136,436011,379680,176948,202732,882462,447210,435252,231519,109776,121743
1.0 Scen,2027,439,Tarrant County,2402743,1186240,1216503,860383,428317,432066,386892,180291,206601,915482,463885,451597,239986,113747,126239
1.0 Scen,2028,439,Tarrant County,2445652,1207835,1237817,853361,425406,427955,394453,183781,210672,949196,480982,468214,248642,117666,130976
1.0 Scen,2029,439,Tarrant County,2488734,1229759,1258975,845914,422280,423634,401478,187168,214310,983502,498388,485114,257840,121923,135917
1.0 Scen,2030,439,Tarrant County,2532853,1251751,1281102,838149,418972,419177,408630,190395,218235,1018562,516086,502476,267512,126298,141214
1.0 Scen,2031,439,Tarrant County,2577466,1274288,1303178,830176,415570,414606,415569,193747,221822,1054223,534165,520058,277498,130806,146692
1.0 Scen,2032,439,Tarrant County,2622234,1296755,1325479,821823,411984,409839,422556,196969,225587,1090124,552285,537839,287731,135517,152214
1.0 Scen,2033,439,Tarrant County,2667515,1319632,1347883,813156,408219,404937,429416,200291,229125,1126659,570759,555900,298284,140363,157921
1.0 Scen,2034,439,Tarrant County,2713145,1342540,1370605,804327,404375,399952,435952,203422,232530,1163490,589363,574127,309376,145380,163996
1.0 Scen,2035,439,Tarrant County,2759275,1365642,1393633,795329,400476,394853,442442,206480,235962,1200660,608123,592537,320844,150563,170281
1.0 Scen,2036,439,Tarrant County,2805473,1388813,1416660,786147,396458,389689,448768,209470,239298,1237950,626943,611007,332608,155942,176666
1.0 Scen,2037,439,Tarrant County,2851877,1412049,1439828,776775,392364,384411,454589,212259,242330,1275660,646004,629656,344853,161422,183431
1.0 Scen,2038,439,Tarrant County,2898897,1435731,1463166,767277,388201,379076,460674,215220,245454,1313557,665153,648404,357389,167157,190232
1.0 Scen,2039,439,Tarrant County,2946310,1459544,1486766,757675,383984,373691,466316,217966,248350,1351812,684545,667267,370507,173049,197458
1.0 Scen,2040,439,Tarrant County,2993599,1483431,1510168,747916,379676,368240,471621,220623,250998,1390353,704091,686262,383709,179041,204668
1.0 Scen,2041,439,Tarrant County,3041573,1507558,1534015,738141,375368,362773,476842,223110,253732,1429241,723886,705355,397349,185194,212155
1.0 Scen,2042,439,Tarrant County,3089998,1532114,1557884,728258,370997,357261,481882,225661,256221,1468520,743938,724582,411338,191518,219820
1.0 Scen,2043,439,Tarrant County,3138522,1556765,1581757,718307,366576,351731,486433,228048,258385,1508217,764246,743971,425565,197895,227670
1.0 Scen,2044,439,Tarrant County,3187939,1581719,1606220,708331,362140,346191,491011,230345,260666,1548455,784857,763598,440142,204377,235765
1.0 Scen,2045,439,Tarrant County,3237640,1606890,1630750,698310,357683,340627,495439,232545,262894,1589229,805809,783420,454662,210853,243809
1.0 Scen,2046,439,Tarrant County,3287818,1632366,1655452,688266,353223,335043,499181,234494,264687,1630622,827085,803537,469749,217564,252185
1.0 Scen,2047,439,Tarrant County,3339138,1658504,1680634,678290,348780,329510,503199,236601,266598,1672608,848706,823902,485041,224417,260624
1.0 Scen,2048,439,Tarrant County,3390876,1684825,1706051,668373,344356,324017,506881,238522,268359,1715249,870707,844542,500373,231240,269133
1.0 Scen,2049,439,Tarrant County,3443541,1711689,1731852,658510,339960,318550,510180,240374,269806,1758614,893109,865505,516237,238246,277991
1.0 Scen,2050,439,Tarrant County,3497034,1739012,1758022,648746,335579,313167,513491,242166,271325,1802568,915876,886692,532229,245391,286838
1.0 Scen,2010,441,Taylor County,131506,64028,67478,88121,42479,45642,9122,4713,4409,29074,14409,14665,5189,2427,2762
1.0 Scen,2011,441,Taylor County,132240,64464,67776,87808,42381,45427,9228,4761,4467,29810,14785,15025,5394,2537,2857
1.0 Scen,2012,441,Taylor County,133006,64904,68102,87520,42279,45241,9314,4802,4512,30556,15160,15396,5616,2663,2953
1.0 Scen,2013,441,Taylor County,133835,65399,68436,87286,42213,45073,9410,4848,4562,31315,15554,15761,5824,2784,3040
1.0 Scen,2014,441,Taylor County,134646,65875,68771,87027,42136,44891,9506,4894,4612,32069,15940,16129,6044,2905,3139
1.0 Scen,2015,441,Taylor County,135409,66331,69078,86728,42041,44687,9589,4930,4659,32833,16332,16501,6259,3028,3231
1.0 Scen,2016,441,Taylor County,136089,66755,69334,86347,41901,44446,9654,4964,4690,33597,16733,16864,6491,3157,3334
1.0 Scen,2017,441,Taylor County,136730,67167,69563,85909,41741,44168,9730,5005,4725,34373,17138,17235,6718,3283,3435
1.0 Scen,2018,441,Taylor County,137300,67560,69740,85383,41549,43834,9792,5036,4756,35160,17547,17613,6965,3428,3537
1.0 Scen,2019,441,Taylor County,137820,67916,69904,84802,41320,43482,9864,5074,4790,35957,17963,17994,7197,3559,3638
1.0 Scen,2020,441,Taylor County,138279,68249,70030,84166,41074,43092,9923,5103,4820,36754,18379,18375,7436,3693,3743
1.0 Scen,2021,441,Taylor County,138741,68581,70160,83487,40807,42680,9985,5138,4847,37567,18798,18769,7702,3838,3864
1.0 Scen,2022,441,Taylor County,139159,68896,70263,82756,40512,42244,10053,5171,4882,38374,19219,19155,7976,3994,3982
1.0 Scen,2023,441,Taylor County,139550,69197,70353,81993,40202,41791,10111,5197,4914,39185,19641,19544,8261,4157,4104
1.0 Scen,2024,441,Taylor County,139894,69460,70434,81198,39876,41322,10163,5219,4944,39988,20059,19929,8545,4306,4239
1.0 Scen,2025,441,Taylor County,140277,69761,70516,80403,39556,40847,10225,5246,4979,40811,20487,20324,8838,4472,4366
1.0 Scen,2026,441,Taylor County,140654,70054,70600,79585,39222,40363,10285,5271,5014,41624,20910,20714,9160,4651,4509
1.0 Scen,2027,441,Taylor County,141016,70351,70665,78763,38882,39881,10325,5293,5032,42451,21346,21105,9477,4830,4647
1.0 Scen,2028,441,Taylor County,141361,70632,70729,77921,38533,39388,10374,5312,5062,43274,21780,21494,9792,5007,4785
1.0 Scen,2029,441,Taylor County,141690,70917,70773,77052,38165,38887,10413,5334,5079,44098,22219,21879,10127,5199,4928
1.0 Scen,2030,441,Taylor County,141994,71179,70815,76167,37790,38377,10451,5351,5100,44912,22644,22268,10464,5394,5070
1.0 Scen,2031,441,Taylor County,142276,71419,70857,75290,37404,37886,10477,5362,5115,45712,23064,22648,10797,5589,5208
1.0 Scen,2032,441,Taylor County,142530,71670,70860,74399,37020,37379,10504,5381,5123,46481,23476,23005,11146,5793,5353
1.0 Scen,2033,441,Taylor County,142800,71908,70892,73517,36638,36879,10526,5390,5136,47250,23879,23371,11507,6001,5506
1.0 Scen,2034,441,Taylor County,143032,72127,70905,72622,36248,36374,10548,5393,5155,47994,24278,23716,11868,6208,5660
1.0 Scen,2035,441,Taylor County,143251,72340,70911,71741,35861,35880,10547,5391,5156,48739,24674,24065,12224,6414,5810
1.0 Scen,2036,441,Taylor County,143465,72534,70931,70848,35465,35383,10550,5376,5174,49476,25069,24407,12591,6624,5967
1.0 Scen,2037,441,Taylor County,143645,72741,70904,69972,35088,34884,10550,5374,5176,50171,25446,24725,12952,6833,6119
1.0 Scen,2038,441,Taylor County,143796,72916,70880,69089,34698,34391,10531,5362,5169,50858,25812,25046,13318,7044,6274
1.0 Scen,2039,441,Taylor County,143942,73108,70834,68220,34326,33894,10512,5353,5159,51515,26168,25347,13695,7261,6434
1.0 Scen,2040,441,Taylor County,144077,73271,70806,67334,33935,33399,10492,5337,5155,52171,26519,25652,14080,7480,6600
1.0 Scen,2041,441,Taylor County,144206,73447,70759,66466,33562,32904,10466,5321,5145,52806,26860,25946,14468,7704,6764
1.0 Scen,2042,441,Taylor County,144310,73622,70688,65573,33172,32401,10442,5313,5129,53426,27198,26228,14869,7939,6930
1.0 Scen,2043,441,Taylor County,144374,73774,70600,64672,32779,31893,10411,5297,5114,54020,27528,26492,15271,8170,7101
1.0 Scen,2044,441,Taylor County,144423,73935,70488,63754,32378,31376,10363,5278,5085,54622,27861,26761,15684,8418,7266
1.0 Scen,2045,441,Taylor County,144467,74087,70380,62829,31967,30862,10335,5268,5067,55200,28189,27011,16103,8663,7440
1.0 Scen,2046,441,Taylor County,144471,74212,70259,61886,31548,30338,10294,5253,5041,55769,28505,27264,16522,8906,7616
1.0 Scen,2047,441,Taylor County,144462,74336,70126,60938,31129,29809,10250,5232,5018,56318,28816,27502,16956,9159,7797
1.0 Scen,2048,441,Taylor County,144418,74428,69990,59986,30700,29286,10203,5211,4992,56848,29111,27737,17381,9406,7975
1.0 Scen,2049,441,Taylor County,144331,74501,69830,59032,30271,28761,10150,5190,4960,57370,29406,27964,17779,9634,8145
1.0 Scen,2050,441,Taylor County,144272,74587,69685,58091,29848,28243,10102,5166,4936,57877,29698,28179,18202,9875,8327
1.0 Scen,2010,443,Terrell County,984,509,475,495,257,238,6,5,1,467,238,229,16,9,7
1.0 Scen,2011,443,Terrell County,992,513,479,498,258,240,6,5,1,472,241,231,16,9,7
1.0 Scen,2012,443,Terrell County,999,517,482,500,260,240,6,5,1,477,243,234,16,9,7
1.0 Scen,2013,443,Terrell County,1008,521,487,502,261,241,6,5,1,484,246,238,16,9,7
1.0 Scen,2014,443,Terrell County,1016,527,489,502,262,240,6,5,1,492,251,241,16,9,7
1.0 Scen,2015,443,Terrell County,1026,533,493,506,265,241,6,5,1,498,254,244,16,9,7
1.0 Scen,2016,443,Terrell County,1028,536,492,502,265,237,6,5,1,504,257,247,16,9,7
1.0 Scen,2017,443,Terrell County,1033,540,493,501,266,235,6,5,1,510,260,250,16,9,7
1.0 Scen,2018,443,Terrell County,1039,543,496,500,266,234,6,5,1,517,263,254,16,9,7
1.0 Scen,2019,443,Terrell County,1043,546,497,499,266,233,6,5,1,523,266,257,15,9,6
1.0 Scen,2020,443,Terrell County,1047,550,497,498,267,231,6,5,1,528,269,259,15,9,6
1.0 Scen,2021,443,Terrell County,1051,553,498,496,267,229,6,5,1,534,272,262,15,9,6
1.0 Scen,2022,443,Terrell County,1049,555,494,491,266,225,6,5,1,537,275,262,15,9,6
1.0 Scen,2023,443,Terrell County,1052,559,493,490,267,223,6,5,1,541,278,263,15,9,6
1.0 Scen,2024,443,Terrell County,1051,560,491,486,265,221,6,5,1,544,281,263,15,9,6
1.0 Scen,2025,443,Terrell County,1053,562,491,485,265,220,6,5,1,547,283,264,15,9,6
1.0 Scen,2026,443,Terrell County,1053,563,490,483,264,219,6,5,1,550,286,264,14,8,6
1.0 Scen,2027,443,Terrell County,1052,562,490,478,261,217,6,5,1,554,288,266,14,8,6
1.0 Scen,2028,443,Terrell County,1055,563,492,478,260,218,6,5,1,557,290,267,14,8,6
1.0 Scen,2029,443,Terrell County,1055,566,489,474,259,215,6,5,1,561,294,267,14,8,6
1.0 Scen,2030,443,Terrell County,1057,569,488,472,260,212,6,5,1,565,296,269,14,8,6
1.0 Scen,2031,443,Terrell County,1060,572,488,470,258,212,6,5,1,571,301,270,13,8,5
1.0 Scen,2032,443,Terrell County,1061,573,488,465,255,210,6,5,1,577,305,272,13,8,5
1.0 Scen,2033,443,Terrell County,1063,573,490,461,251,210,6,5,1,583,309,274,13,8,5
1.0 Scen,2034,443,Terrell County,1059,572,487,452,246,206,6,5,1,588,313,275,13,8,5
1.0 Scen,2035,443,Terrell County,1054,568,486,443,240,203,6,5,1,592,315,277,13,8,5
1.0 Scen,2036,443,Terrell County,1042,563,479,434,237,197,6,5,1,589,313,276,13,8,5
1.0 Scen,2037,443,Terrell County,1035,560,475,429,236,193,6,5,1,587,311,276,13,8,5
1.0 Scen,2038,443,Terrell County,1024,556,468,420,231,189,6,5,1,585,312,273,13,8,5
1.0 Scen,2039,443,Terrell County,1014,554,460,413,229,184,6,5,1,582,312,270,13,8,5
1.0 Scen,2040,443,Terrell County,1000,550,450,403,224,179,6,5,1,578,313,265,13,8,5
1.0 Scen,2041,443,Terrell County,981,541,440,392,218,174,6,5,1,569,309,260,14,9,5
1.0 Scen,2042,443,Terrell County,964,535,429,381,214,167,6,5,1,563,307,256,14,9,5
1.0 Scen,2043,443,Terrell County,950,527,423,371,209,162,6,5,1,561,306,255,12,7,5
1.0 Scen,2044,443,Terrell County,934,524,410,365,208,157,6,5,1,552,304,248,11,7,4
1.0 Scen,2045,443,Terrell County,920,518,402,351,202,149,6,5,1,552,304,248,11,7,4
1.0 Scen,2046,443,Terrell County,911,517,394,342,199,143,6,5,1,552,306,246,11,7,4
1.0 Scen,2047,443,Terrell County,900,514,386,330,195,135,6,5,1,553,307,246,11,7,4
1.0 Scen,2048,443,Terrell County,888,505,383,317,183,134,6,5,1,554,310,244,11,7,4
1.0 Scen,2049,443,Terrell County,882,502,380,314,181,133,5,4,1,553,311,242,10,6,4
1.0 Scen,2050,443,Terrell County,875,498,377,312,183,129,5,4,1,548,305,243,10,6,4
1.0 Scen,2010,445,Terry County,12651,6717,5934,5747,2949,2798,565,376,189,6211,3323,2888,128,69,59
1.0 Scen,2011,445,Terry County,12756,6777,5979,5733,2946,2787,568,379,189,6323,3381,2942,132,71,61
1.0 Scen,2012,445,Terry County,12843,6828,6015,5703,2936,2767,570,381,189,6435,3438,2997,135,73,62
1.0 Scen,2013,445,Terry County,12918,6881,6037,5660,2928,2732,577,386,191,6542,3492,3050,139,75,64
1.0 Scen,2014,445,Terry County,12969,6917,6052,5610,2908,2702,578,388,190,6638,3544,3094,143,77,66
1.0 Scen,2015,445,Terry County,13027,6950,6077,5565,2891,2674,584,391,193,6730,3589,3141,148,79,69
1.0 Scen,2016,445,Terry County,13092,6985,6107,5527,2872,2655,587,392,195,6826,3640,3186,152,81,71
1.0 Scen,2017,445,Terry County,13150,7017,6133,5480,2851,2629,591,393,198,6923,3690,3233,156,83,73
1.0 Scen,2018,445,Terry County,13209,7049,6160,5433,2827,2606,595,394,201,7021,3743,3278,160,85,75
1.0 Scen,2019,445,Terry County,13258,7085,6173,5386,2807,2579,597,396,201,7111,3795,3316,164,87,77
1.0 Scen,2020,445,Terry County,13323,7139,6184,5345,2800,2545,599,398,201,7211,3852,3359,168,89,79
1.0 Scen,2021,445,Terry County,13375,7172,6203,5303,2782,2521,599,398,201,7301,3901,3400,172,91,81
1.0 Scen,2022,445,Terry County,13411,7199,6212,5256,2764,2492,600,399,201,7380,3943,3437,175,93,82
1.0 Scen,2023,445,Terry County,13464,7233,6231,5215,2750,2465,603,401,202,7467,3987,3480,179,95,84
1.0 Scen,2024,445,Terry County,13493,7247,6246,5172,2731,2441,602,398,204,7537,4021,3516,182,97,85
1.0 Scen,2025,445,Terry County,13532,7270,6262,5126,2711,2415,605,399,206,7615,4061,3554,186,99,87
1.0 Scen,2026,445,Terry County,13567,7292,6275,5068,2687,2381,607,399,208,7702,4105,3597,190,101,89
1.0 Scen,2027,445,Terry County,13589,7314,6275,5026,2675,2351,607,396,211,7763,4141,3622,193,102,91
1.0 Scen,2028,445,Terry County,13624,7337,6287,4976,2655,2321,611,398,213,7840,4180,3660,197,104,93
1.0 Scen,2029,445,Terry County,13637,7348,6289,4924,2635,2289,610,396,214,7904,4212,3692,199,105,94
1.0 Scen,2030,445,Terry County,13678,7374,6304,4886,2617,2269,606,394,212,7983,4256,3727,203,107,96
1.0 Scen,2031,445,Terry County,13696,7397,6299,4843,2601,2242,611,398,213,8034,4288,3746,208,110,98
1.0 Scen,2032,445,Terry County,13721,7415,6306,4806,2589,2217,608,396,212,8097,4319,3778,210,111,99
1.0 Scen,2033,445,Terry County,13730,7439,6291,4757,2574,2183,608,396,212,8152,4356,3796,213,113,100
1.0 Scen,2034,445,Terry County,13755,7460,6295,4715,2553,2162,608,398,210,8216,4395,3821,216,114,102
1.0 Scen,2035,445,Terry County,13755,7459,6296,4674,2533,2141,602,396,206,8260,4415,3845,219,115,104
1.0 Scen,2036,445,Terry County,13766,7480,6286,4636,2519,2117,599,394,205,8308,4450,3858,223,117,106
1.0 Scen,2037,445,Terry County,13764,7493,6271,4587,2505,2082,601,394,207,8352,4477,3875,224,117,107
1.0 Scen,2038,445,Terry County,13761,7497,6264,4536,2481,2055,595,389,206,8402,4508,3894,228,119,109
1.0 Scen,2039,445,Terry County,13750,7495,6255,4490,2457,2033,585,383,202,8443,4534,3909,232,121,111
1.0 Scen,2040,445,Terry County,13741,7499,6242,4451,2444,2007,574,373,201,8482,4560,3922,234,122,112
1.0 Scen,2041,445,Terry County,13722,7501,6221,4397,2423,1974,571,370,201,8517,4584,3933,237,124,113
1.0 Scen,2042,445,Terry County,13700,7499,6201,4341,2396,1945,568,371,197,8553,4607,3946,238,125,113
1.0 Scen,2043,445,Terry County,13665,7486,6179,4288,2367,1921,564,368,196,8572,4625,3947,241,126,115
1.0 Scen,2044,445,Terry County,13640,7485,6155,4241,2346,1895,560,365,195,8597,4645,3952,242,129,113
1.0 Scen,2045,445,Terry County,13621,7478,6143,4203,2327,1876,554,363,191,8621,4657,3964,243,131,112
1.0 Scen,2046,445,Terry County,13576,7471,6105,4150,2304,1846,546,361,185,8637,4673,3964,243,133,110
1.0 Scen,2047,445,Terry County,13530,7462,6068,4089,2280,1809,538,361,177,8664,4688,3976,239,133,106
1.0 Scen,2048,445,Terry County,13485,7441,6044,4048,2256,1792,523,352,171,8673,4700,3973,241,133,108
1.0 Scen,2049,445,Terry County,13456,7438,6018,4004,2239,1765,520,354,166,8689,4711,3978,243,134,109
1.0 Scen,2050,445,Terry County,13424,7427,5997,3966,2224,1742,511,347,164,8699,4718,3981,248,138,110
1.0 Scen,2010,447,Throckmorton County,1641,807,834,1453,729,724,9,3,6,152,66,86,27,9,18
1.0 Scen,2011,447,Throckmorton County,1647,812,835,1457,733,724,9,3,6,154,67,87,27,9,18
1.0 Scen,2012,447,Throckmorton County,1655,818,837,1463,738,725,9,3,6,156,68,88,27,9,18
1.0 Scen,2013,447,Throckmorton County,1659,823,836,1466,742,724,9,3,6,157,69,88,27,9,18
1.0 Scen,2014,447,Throckmorton County,1659,825,834,1464,743,721,9,3,6,159,70,89,27,9,18
1.0 Scen,2015,447,Throckmorton County,1655,822,833,1459,740,719,9,3,6,161,71,90,26,8,18
1.0 Scen,2016,447,Throckmorton County,1659,822,837,1459,739,720,9,3,6,165,72,93,26,8,18
1.0 Scen,2017,447,Throckmorton County,1655,822,833,1453,737,716,9,3,6,168,74,94,25,8,17
1.0 Scen,2018,447,Throckmorton County,1647,822,825,1442,735,707,9,3,6,171,76,95,25,8,17
1.0 Scen,2019,447,Throckmorton County,1649,826,823,1440,737,703,9,3,6,175,78,97,25,8,17
1.0 Scen,2020,447,Throckmorton County,1639,827,812,1426,736,690,9,3,6,179,80,99,25,8,17
1.0 Scen,2021,447,Throckmorton County,1640,828,812,1421,734,687,9,3,6,184,83,101,26,8,18
1.0 Scen,2022,447,Throckmorton County,1634,827,807,1411,731,680,9,3,6,188,85,103,26,8,18
1.0 Scen,2023,447,Throckmorton County,1622,826,796,1395,727,668,9,3,6,192,88,104,26,8,18
1.0 Scen,2024,447,Throckmorton County,1619,824,795,1389,722,667,9,3,6,197,91,106,24,8,16
1.0 Scen,2025,447,Throckmorton County,1613,822,791,1378,717,661,9,3,6,202,94,108,24,8,16
1.0 Scen,2026,447,Throckmorton County,1604,818,786,1365,710,655,9,3,6,206,97,109,24,8,16
1.0 Scen,2027,447,Throckmorton County,1604,820,784,1361,709,652,9,3,6,210,100,110,24,8,16
1.0 Scen,2028,447,Throckmorton County,1595,817,778,1347,703,644,9,3,6,214,103,111,25,8,17
1.0 Scen,2029,447,Throckmorton County,1590,822,768,1340,705,635,9,3,6,218,106,112,23,8,15
1.0 Scen,2030,447,Throckmorton County,1588,824,764,1335,706,629,9,3,6,222,108,114,22,7,15
1.0 Scen,2031,447,Throckmorton County,1576,816,760,1321,695,626,9,3,6,224,111,113,22,7,15
1.0 Scen,2032,447,Throckmorton County,1571,819,752,1313,696,617,9,3,6,228,113,115,21,7,14
1.0 Scen,2033,447,Throckmorton County,1561,818,743,1301,693,608,9,3,6,230,115,115,21,7,14
1.0 Scen,2034,447,Throckmorton County,1561,819,742,1299,693,606,9,3,6,232,116,116,21,7,14
1.0 Scen,2035,447,Throckmorton County,1545,812,733,1279,684,595,9,3,6,236,118,118,21,7,14
1.0 Scen,2036,447,Throckmorton County,1543,808,735,1275,678,597,9,3,6,238,120,118,21,7,14
1.0 Scen,2037,447,Throckmorton County,1530,803,727,1260,672,588,9,3,6,239,121,118,22,7,15
1.0 Scen,2038,447,Throckmorton County,1519,804,715,1249,672,577,9,3,6,241,122,119,20,7,13
1.0 Scen,2039,447,Throckmorton County,1504,799,705,1232,666,566,9,3,6,243,123,120,20,7,13
1.0 Scen,2040,447,Throckmorton County,1492,796,696,1218,662,556,9,3,6,245,124,121,20,7,13
1.0 Scen,2041,447,Throckmorton County,1489,799,690,1211,663,548,9,3,6,249,126,123,20,7,13
1.0 Scen,2042,447,Throckmorton County,1488,799,689,1205,661,544,9,3,6,253,128,125,21,7,14
1.0 Scen,2043,447,Throckmorton County,1478,797,681,1193,658,535,9,3,6,255,129,126,21,7,14
1.0 Scen,2044,447,Throckmorton County,1466,794,672,1184,656,528,8,2,6,255,129,126,19,7,12
1.0 Scen,2045,447,Throckmorton County,1455,788,667,1171,648,523,8,2,6,257,131,126,19,7,12
1.0 Scen,2046,447,Throckmorton County,1444,781,663,1158,639,519,8,2,6,259,133,126,19,7,12
1.0 Scen,2047,447,Throckmorton County,1433,776,657,1148,636,512,7,2,5,258,131,127,20,7,13
1.0 Scen,2048,447,Throckmorton County,1411,761,650,1128,622,506,7,2,5,258,130,128,18,7,11
1.0 Scen,2049,447,Throckmorton County,1400,757,643,1117,617,500,7,2,5,259,131,128,17,7,10
1.0 Scen,2050,447,Throckmorton County,1385,753,632,1102,614,488,7,2,5,260,131,129,16,6,10
1.0 Scen,2010,449,Titus County,32334,15976,16358,15904,7666,8238,3000,1411,1589,12799,6606,6193,631,293,338
1.0 Scen,2011,449,Titus County,32841,16261,16580,15881,7672,8209,3047,1438,1609,13257,6845,6412,656,306,350
1.0 Scen,2012,449,Titus County,33332,16536,16796,15840,7663,8177,3093,1464,1629,13719,7089,6630,680,320,360
1.0 Scen,2013,449,Titus County,33853,16826,17027,15816,7662,8154,3131,1487,1644,14198,7341,6857,708,336,372
1.0 Scen,2014,449,Titus County,34369,17121,17248,15771,7652,8119,3161,1507,1654,14705,7612,7093,732,350,382
1.0 Scen,2015,449,Titus County,34910,17426,17484,15736,7650,8086,3197,1528,1669,15218,7880,7338,759,368,391
1.0 Scen,2016,449,Titus County,35469,17734,17735,15681,7631,8050,3240,1553,1687,15759,8163,7596,789,387,402
1.0 Scen,2017,449,Titus County,36032,18058,17974,15619,7615,8004,3284,1580,1704,16313,8458,7855,816,405,411
1.0 Scen,2018,449,Titus County,36614,18377,18237,15571,7605,7966,3319,1597,1722,16876,8749,8127,848,426,422
1.0 Scen,2019,449,Titus County,37195,18698,18497,15513,7587,7926,3348,1616,1732,17451,9047,8404,883,448,435
1.0 Scen,2020,449,Titus County,37790,19021,18769,15458,7567,7891,3381,1638,1743,18041,9350,8691,910,466,444
1.0 Scen,2021,449,Titus County,38383,19346,19037,15406,7556,7850,3407,1655,1752,18642,9651,8991,928,484,444
1.0 Scen,2022,449,Titus County,38988,19672,19316,15345,7537,7808,3425,1665,1760,19259,9965,9294,959,505,454
1.0 Scen,2023,449,Titus County,39601,20010,19591,15273,7513,7760,3448,1679,1769,19888,10289,9599,992,529,463
1.0 Scen,2024,449,Titus County,40199,20344,19855,15192,7486,7706,3454,1685,1769,20536,10624,9912,1017,549,468
1.0 Scen,2025,449,Titus County,40817,20682,20135,15098,7450,7648,3467,1695,1772,21199,10962,10237,1053,575,478
1.0 Scen,2026,449,Titus County,41454,21038,20416,15007,7417,7590,3477,1704,1773,21878,11316,10562,1092,601,491
1.0 Scen,2027,449,Titus County,42088,21389,20699,14915,7378,7537,3482,1709,1773,22551,11666,10885,1140,636,504
1.0 Scen,2028,449,Titus County,42724,21750,20974,14809,7335,7474,3486,1717,1769,23246,12033,11213,1183,665,518
1.0 Scen,2029,449,Titus County,43368,22124,21244,14701,7294,7407,3490,1727,1763,23943,12403,11540,1234,700,534
1.0 Scen,2030,449,Titus County,44022,22493,21529,14587,7246,7341,3490,1728,1762,24655,12779,11876,1290,740,550
1.0 Scen,2031,449,Titus County,44677,22870,21807,14478,7207,7271,3479,1723,1756,25367,13159,12208,1353,781,572
1.0 Scen,2032,449,Titus County,45316,23238,22078,14358,7158,7200,3464,1720,1744,26084,13540,12544,1410,820,590
1.0 Scen,2033,449,Titus County,45950,23610,22340,14227,7109,7118,3445,1714,1731,26796,13916,12880,1482,871,611
1.0 Scen,2034,449,Titus County,46596,23989,22607,14089,7054,7035,3436,1720,1716,27518,14299,13219,1553,916,637
1.0 Scen,2035,449,Titus County,47262,24390,22872,13948,6997,6951,3434,1727,1707,28247,14693,13554,1633,973,660
1.0 Scen,2036,449,Titus County,47905,24770,23135,13796,6931,6865,3426,1731,1695,28968,15076,13892,1715,1032,683
1.0 Scen,2037,449,Titus County,48543,25144,23399,13634,6867,6767,3428,1737,1691,29692,15456,14236,1789,1084,705
1.0 Scen,2038,449,Titus County,49198,25533,23665,13483,6804,6679,3415,1737,1678,30428,15846,14582,1872,1146,726
1.0 Scen,2039,449,Titus County,49815,25894,23921,13320,6737,6583,3387,1725,1662,31154,16227,14927,1954,1205,749
1.0 Scen,2040,449,Titus County,50482,26285,24197,13166,6675,6491,3378,1726,1652,31890,16613,15277,2048,1271,777
1.0 Scen,2041,449,Titus County,51127,26677,24450,12993,6607,6386,3366,1728,1638,32615,16998,15617,2153,1344,809
1.0 Scen,2042,449,Titus County,51813,27088,24725,12828,6540,6288,3363,1735,1628,33361,17396,15965,2261,1417,844
1.0 Scen,2043,449,Titus County,52495,27492,25003,12666,6474,6192,3350,1733,1617,34110,17793,16317,2369,1492,877
1.0 Scen,2044,449,Titus County,53183,27899,25284,12498,6398,6100,3345,1735,1610,34854,18189,16665,2486,1577,909
1.0 Scen,2045,449,Titus County,53841,28299,25542,12333,6333,6000,3318,1728,1590,35592,18583,17009,2598,1655,943
1.0 Scen,2046,449,Titus County,54523,28716,25807,12166,6263,5903,3304,1725,1579,36339,18986,17353,2714,1742,972
1.0 Scen,2047,449,Titus County,55206,29133,26073,12002,6193,5809,3277,1726,1551,37096,19390,17706,2831,1824,1007
1.0 Scen,2048,449,Titus County,55908,29559,26349,11835,6118,5717,3267,1724,1543,37851,19800,18051,2955,1917,1038
1.0 Scen,2049,449,Titus County,56599,29980,26619,11671,6048,5623,3250,1723,1527,38601,20207,18394,3077,2002,1075
1.0 Scen,2050,449,Titus County,57313,30414,26899,11513,5976,5537,3233,1718,1515,39359,20621,18738,3208,2099,1109
1.0 Scen,2010,451,Tom Green County,110224,53976,56248,63799,31113,32686,3997,2127,1870,39315,19273,20042,3113,1463,1650
1.0 Scen,2011,451,Tom Green County,110751,54300,56451,63486,31010,32476,4029,2145,1884,40033,19636,20397,3203,1509,1694
1.0 Scen,2012,451,Tom Green County,111249,54612,56637,63145,30896,32249,4052,2158,1894,40744,19994,20750,3308,1564,1744
1.0 Scen,2013,451,Tom Green County,111726,54903,56823,62785,30761,32024,4068,2166,1902,41469,20360,21109,3404,1616,1788
1.0 Scen,2014,451,Tom Green County,112154,55186,56968,62385,30616,31769,4080,2175,1905,42189,20724,21465,3500,1671,1829
1.0 Scen,2015,451,Tom Green County,112579,55461,57118,61962,30461,31501,4092,2180,1912,42937,21100,21837,3588,1720,1868
1.0 Scen,2016,451,Tom Green County,113022,55733,57289,61539,30298,31241,4110,2187,1923,43684,21476,22208,3689,1772,1917
1.0 Scen,2017,451,Tom Green County,113525,56045,57480,61139,30148,30991,4121,2192,1929,44462,21869,22593,3803,1836,1967
1.0 Scen,2018,451,Tom Green County,114017,56347,57670,60736,29993,30743,4132,2196,1936,45237,22265,22972,3912,1893,2019
1.0 Scen,2019,451,Tom Green County,114494,56645,57849,60322,29828,30494,4143,2199,1944,46014,22664,23350,4015,1954,2061
1.0 Scen,2020,451,Tom Green County,114995,56961,58034,59916,29675,30241,4150,2201,1949,46793,23067,23726,4136,2018,2118
1.0 Scen,2021,451,Tom Green County,115481,57257,58224,59509,29518,29991,4140,2194,1946,47579,23462,24117,4253,2083,2170
1.0 Scen,2022,451,Tom Green County,115997,57585,58412,59108,29367,29741,4132,2192,1940,48387,23882,24505,4370,2144,2226
1.0 Scen,2023,451,Tom Green County,116499,57906,58593,58685,29209,29476,4130,2189,1941,49181,24291,24890,4503,2217,2286
1.0 Scen,2024,451,Tom Green County,116972,58196,58776,58260,29046,29214,4113,2177,1936,49974,24690,25284,4625,2283,2342
1.0 Scen,2025,451,Tom Green County,117465,58507,58958,57842,28889,28953,4097,2166,1931,50767,25095,25672,4759,2357,2402
1.0 Scen,2026,451,Tom Green County,117965,58834,59131,57410,28723,28687,4088,2163,1925,51566,25510,26056,4901,2438,2463
1.0 Scen,2027,451,Tom Green County,118407,59113,59294,56959,28547,28412,4067,2152,1915,52343,25903,26440,5038,2511,2527
1.0 Scen,2028,451,Tom Green County,118873,59406,59467,56522,28371,28151,4051,2146,1905,53127,26307,26820,5173,2582,2591
1.0 Scen,2029,451,Tom Green County,119307,59696,59611,56063,28194,27869,4024,2133,1891,53890,26702,27188,5330,2667,2663
1.0 Scen,2030,451,Tom Green County,119675,59946,59729,55569,27992,27577,3993,2115,1878,54636,27090,27546,5477,2749,2728
1.0 Scen,2031,451,Tom Green County,120053,60198,59855,55075,27782,27293,3966,2104,1862,55382,27475,27907,5630,2837,2793
1.0 Scen,2032,451,Tom Green County,120371,60419,59952,54555,27567,26988,3945,2087,1858,56092,27848,28244,5779,2917,2862
1.0 Scen,2033,451,Tom Green County,120696,60641,60055,54051,27358,26693,3925,2079,1846,56790,28206,28584,5930,2998,2932
1.0 Scen,2034,451,Tom Green County,120977,60850,60127,53522,27130,26392,3905,2068,1837,57453,28556,28897,6097,3096,3001
1.0 Scen,2035,451,Tom Green County,121226,61036,60190,52993,26906,26087,3887,2058,1829,58098,28894,29204,6248,3178,3070
1.0 Scen,2036,451,Tom Green County,121436,61206,60230,52464,26676,25788,3862,2048,1814,58715,29223,29492,6395,3259,3136
1.0 Scen,2037,451,Tom Green County,121615,61356,60259,51933,26449,25484,3833,2036,1797,59304,29532,29772,6545,3339,3206
1.0 Scen,2038,451,Tom Green County,121767,61506,60261,51397,26219,25178,3808,2028,1780,59871,29838,30033,6691,3421,3270
1.0 Scen,2039,451,Tom Green County,121909,61658,60251,50859,25997,24862,3793,2021,1772,60424,30138,30286,6833,3502,3331
1.0 Scen,2040,451,Tom Green County,122004,61776,60228,50302,25755,24547,3778,2018,1760,60940,30420,30520,6984,3583,3401
1.0 Scen,2041,451,Tom Green County,122110,61894,60216,49762,25526,24236,3753,1998,1755,61452,30703,30749,7143,3667,3476
1.0 Scen,2042,451,Tom Green County,122146,62008,60138,49193,25288,23905,3715,1985,1730,61940,30981,30959,7298,3754,3544
1.0 Scen,2043,451,Tom Green County,122178,62103,60075,48618,25045,23573,3687,1972,1715,62412,31247,31165,7461,3839,3622
1.0 Scen,2044,451,Tom Green County,122202,62198,60004,48041,24799,23242,3669,1957,1712,62861,31508,31353,7631,3934,3697
1.0 Scen,2045,451,Tom Green County,122182,62271,59911,47454,24550,22904,3640,1937,1703,63289,31757,31532,7799,4027,3772
1.0 Scen,2046,451,Tom Green County,122156,62339,59817,46884,24306,22578,3604,1919,1685,63704,31998,31706,7964,4116,3848
1.0 Scen,2047,451,Tom Green County,122137,62410,59727,46309,24061,22248,3570,1898,1672,64114,32237,31877,8144,4214,3930
1.0 Scen,2048,451,Tom Green County,122090,62461,59629,45755,23819,21936,3538,1879,1659,64491,32463,32028,8306,4300,4006
1.0 Scen,2049,451,Tom Green County,122027,62513,59514,45198,23583,21615,3500,1854,1646,64854,32683,32171,8475,4393,4082
1.0 Scen,2050,451,Tom Green County,121963,62561,59402,44657,23348,21309,3457,1833,1624,65204,32897,32307,8645,4483,4162
1.0 Scen,2010,453,Travis County,1024266,516637,507629,517644,260547,257097,82805,39971,42834,342766,176051,166715,81051,40068,40983
1.0 Scen,2011,453,Travis County,1047190,528071,519119,524281,263801,260480,83834,40513,43321,354175,181846,172329,84900,41911,42989
1.0 Scen,2012,453,Travis County,1070848,539953,530895,531215,267268,263947,84858,41067,43791,365845,187777,178068,88930,43841,45089
1.0 Scen,2013,453,Travis County,1095149,552200,542949,538594,270951,267643,85887,41634,44253,377628,193816,183812,93040,45799,47241
1.0 Scen,2014,453,Travis County,1119822,564413,555409,545929,274532,271397,86913,42155,44758,389682,199908,189774,97298,47818,49480
1.0 Scen,2015,453,Travis County,1144887,576888,567999,553647,278275,275372,87835,42665,45170,401717,206030,195687,101688,49918,51770
1.0 Scen,2016,453,Travis County,1170977,589729,581248,561539,282052,279487,88870,43206,45664,414224,212349,201875,106344,52122,54222
1.0 Scen,2017,453,Travis County,1197053,602624,594429,569348,285788,283560,89791,43705,46086,426816,218760,208056,111098,54371,56727
1.0 Scen,2018,453,Travis County,1223816,615800,608016,577211,289508,287703,90710,44203,46507,439756,225356,214400,116139,56733,59406
1.0 Scen,2019,453,Travis County,1250508,628842,621666,584783,293072,291711,91606,44686,46920,452946,232018,220928,121173,59066,62107
1.0 Scen,2020,453,Travis County,1277007,641940,635067,591968,296457,295511,92541,45213,47328,466130,238725,227405,126368,61545,64823
1.0 Scen,2021,453,Travis County,1303191,654638,648553,598465,299475,298990,93331,45641,47690,479738,245586,234152,131657,63936,67721
1.0 Scen,2022,453,Travis County,1329214,667484,661730,604375,302224,302151,94176,46120,48056,493665,252681,240984,136998,66459,70539
1.0 Scen,2023,453,Travis County,1354441,679848,674593,609435,304585,304850,94970,46550,48420,507635,259750,247885,142401,68963,73438
1.0 Scen,2024,453,Travis County,1379302,692094,687208,613637,306542,307095,95663,46950,48713,521866,266982,254884,148136,71620,76516
1.0 Scen,2025,453,Travis County,1403841,704105,699736,616914,308059,308855,96350,47322,49028,536457,274394,262063,154120,74330,79790
1.0 Scen,2026,453,Travis County,1427546,715877,711669,619367,309214,310153,96905,47637,49268,551101,281871,269230,160173,77155,83018
1.0 Scen,2027,453,Travis County,1450908,727479,723429,621042,310008,311034,97488,47990,49498,566038,289423,276615,166340,80058,86282
1.0 Scen,2028,453,Travis County,1474139,739001,735138,621994,310452,311542,98063,48316,49747,581253,297173,284080,172829,83060,89769
1.0 Scen,2029,453,Travis County,1496779,750321,746458,622305,310585,311720,98513,48560,49953,596568,304949,291619,179393,86227,93166
1.0 Scen,2030,453,Travis County,1519407,761526,757881,622051,310451,311600,98919,48821,50098,612191,312887,299304,186246,89367,96879
1.0 Scen,2031,453,Travis County,1541767,772685,769082,621392,310115,311277,99285,49049,50236,627920,320874,307046,193170,92647,100523
1.0 Scen,2032,453,Travis County,1564065,783805,780260,620372,309616,310756,99558,49245,50313,643843,328990,314853,200292,95954,104338
1.0 Scen,2033,453,Travis County,1586615,795012,791603,619113,308994,310119,99840,49441,50399,659931,337144,322787,207731,99433,108298
1.0 Scen,2034,453,Travis County,1609168,806296,802872,617680,308299,309381,100009,49577,50432,676153,345421,330732,215326,102999,112327
1.0 Scen,2035,453,Travis County,1631951,817649,814302,616099,307523,308576,100090,49670,50420,692483,353759,338724,223279,106697,116582
1.0 Scen,2036,453,Travis County,1654870,829105,825765,614430,306720,307710,100159,49765,50394,708875,362102,346773,231406,110518,120888
1.0 Scen,2037,453,Travis County,1678099,840652,837447,612731,305922,306809,100164,49813,50351,725368,370532,354836,239836,114385,125451
1.0 Scen,2038,453,Travis County,1701541,852457,849084,611049,305136,305913,100077,49843,50234,741919,379003,362916,248496,118475,130021
1.0 Scen,2039,453,Travis County,1725519,864451,861068,609466,304399,305067,99993,49833,50160,758544,387535,371009,257516,122684,134832
1.0 Scen,2040,453,Travis County,1749761,876637,873124,607983,303735,304248,99758,49762,49996,775240,396124,379116,266780,127016,139764
1.0 Scen,2041,453,Travis County,1774492,889076,885416,606642,303157,303485,99609,49755,49854,791970,404735,387235,276271,131429,144842
1.0 Scen,2042,453,Travis County,1799451,901568,897883,605422,302637,302785,99285,49678,49607,808723,413371,395352,286021,135882,150139
1.0 Scen,2043,453,Travis County,1824856,914425,910431,604386,302231,302155,98982,49580,49402,825481,422028,403453,296007,140586,155421
1.0 Scen,2044,453,Travis County,1850693,927455,923238,603514,301894,301620,98703,49514,49189,842282,430731,411551,306194,145316,160878
1.0 Scen,2045,453,Travis County,1876741,940523,936218,602828,301686,301142,98333,49369,48964,859032,439398,419634,316548,150070,166478
1.0 Scen,2046,453,Travis County,1903195,953883,949312,602298,301550,300748,97956,49260,48696,875791,448088,427703,327150,154985,172165
1.0 Scen,2047,453,Travis County,1929990,967453,962537,601906,301478,300428,97516,49108,48408,892616,456860,435756,337952,160007,177945
1.0 Scen,2048,453,Travis County,1956877,981064,975813,601606,301486,300120,97029,48922,48107,909391,465598,443793,348851,165058,183793
1.0 Scen,2049,453,Travis County,1983844,994697,989147,601332,301509,299823,96538,48747,47791,926124,474331,451793,359850,170110,189740
1.0 Scen,2050,453,Travis County,2011009,1008467,1002542,601044,301528,299516,96014,48555,47459,942840,483072,459768,371111,175312,195799
1.0 Scen,2010,455,Trinity County,14585,7100,7485,11819,5747,6072,1377,628,749,1117,613,504,272,112,160
1.0 Scen,2011,455,Trinity County,14803,7213,7590,11981,5827,6154,1399,644,755,1148,629,519,275,113,162
1.0 Scen,2012,455,Trinity County,14988,7310,7678,12101,5887,6214,1423,658,765,1182,650,532,282,115,167
1.0 Scen,2013,455,Trinity County,15196,7417,7779,12247,5955,6292,1446,673,773,1217,671,546,286,118,168
1.0 Scen,2014,455,Trinity County,15413,7528,7885,12402,6025,6377,1468,689,779,1251,693,558,292,121,171
1.0 Scen,2015,455,Trinity County,15618,7644,7974,12536,6097,6439,1495,709,786,1289,714,575,298,124,174
1.0 Scen,2016,455,Trinity County,15821,7743,8078,12672,6160,6512,1519,722,797,1326,735,591,304,126,178
1.0 Scen,2017,455,Trinity County,16035,7865,8170,12816,6235,6581,1544,738,806,1367,762,605,308,130,178
1.0 Scen,2018,455,Trinity County,16236,7970,8266,12951,6299,6652,1562,749,813,1407,788,619,316,134,182
1.0 Scen,2019,455,Trinity County,16416,8082,8334,13077,6373,6704,1573,758,815,1444,813,631,322,138,184
1.0 Scen,2020,455,Trinity County,16618,8190,8428,13209,6439,6770,1588,769,819,1488,839,649,333,143,190
1.0 Scen,2021,455,Trinity County,16822,8310,8512,13346,6517,6829,1602,781,821,1535,866,669,339,146,193
1.0 Scen,2022,455,Trinity County,16993,8401,8592,13459,6568,6891,1612,790,822,1577,893,684,345,150,195
1.0 Scen,2023,455,Trinity County,17166,8513,8653,13578,6639,6939,1620,801,819,1621,919,702,347,154,193
1.0 Scen,2024,455,Trinity County,17347,8624,8723,13686,6702,6984,1630,810,820,1676,954,722,355,158,197
1.0 Scen,2025,455,Trinity County,17496,8710,8786,13779,6753,7026,1634,813,821,1724,982,742,359,162,197
1.0 Scen,2026,455,Trinity County,17638,8806,8832,13863,6807,7056,1641,822,819,1772,1013,759,362,164,198
1.0 Scen,2027,455,Trinity County,17749,8880,8869,13925,6842,7083,1644,829,815,1816,1044,772,364,165,199
1.0 Scen,2028,455,Trinity County,17859,8957,8902,13975,6879,7096,1646,835,811,1866,1076,790,372,167,205
1.0 Scen,2029,455,Trinity County,17974,9033,8941,14031,6915,7116,1652,840,812,1914,1108,806,377,170,207
1.0 Scen,2030,455,Trinity County,18060,9106,8954,14054,6944,7110,1647,844,803,1970,1144,826,389,174,215
1.0 Scen,2031,455,Trinity County,18145,9167,8978,14081,6973,7108,1641,841,800,2025,1176,849,398,177,221
1.0 Scen,2032,455,Trinity County,18209,9217,8992,14089,6987,7102,1635,839,796,2075,1207,868,410,184,226
1.0 Scen,2033,455,Trinity County,18269,9270,8999,14080,6999,7081,1628,836,792,2135,1243,892,426,192,234
1.0 Scen,2034,455,Trinity County,18315,9321,8994,14070,7009,7061,1619,837,782,2186,1278,908,440,197,243
1.0 Scen,2035,455,Trinity County,18347,9361,8986,14040,7012,7028,1609,834,775,2242,1312,930,456,203,253
1.0 Scen,2036,455,Trinity County,18368,9389,8979,13995,7002,6993,1602,833,769,2300,1345,955,471,209,262
1.0 Scen,2037,455,Trinity County,18377,9416,8961,13948,6997,6951,1581,823,758,2362,1382,980,486,214,272
1.0 Scen,2038,455,Trinity County,18371,9439,8932,13881,6988,6893,1563,817,746,2423,1414,1009,504,220,284
1.0 Scen,2039,455,Trinity County,18364,9448,8916,13815,6970,6845,1549,810,739,2477,1443,1034,523,225,298
1.0 Scen,2040,455,Trinity County,18356,9473,8883,13739,6959,6780,1537,805,732,2533,1477,1056,547,232,315
1.0 Scen,2041,455,Trinity County,18350,9494,8856,13663,6940,6723,1519,802,717,2599,1513,1086,569,239,330
1.0 Scen,2042,455,Trinity County,18316,9504,8812,13565,6911,6654,1502,799,703,2656,1547,1109,593,247,346
1.0 Scen,2043,455,Trinity County,18286,9510,8776,13467,6879,6588,1500,801,699,2699,1574,1125,620,256,364
1.0 Scen,2044,455,Trinity County,18275,9534,8741,13376,6858,6518,1492,802,690,2760,1608,1152,647,266,381
1.0 Scen,2045,455,Trinity County,18230,9532,8698,13261,6814,6447,1473,796,677,2823,1648,1175,673,274,399
1.0 Scen,2046,455,Trinity County,18217,9553,8664,13166,6782,6384,1471,800,671,2891,1690,1201,689,281,408
1.0 Scen,2047,455,Trinity County,18165,9548,8617,13055,6744,6311,1455,798,657,2954,1725,1229,701,281,420
1.0 Scen,2048,455,Trinity County,18127,9545,8582,12944,6699,6245,1446,797,649,3018,1765,1253,719,284,435
1.0 Scen,2049,455,Trinity County,18099,9550,8549,12835,6656,6179,1438,797,641,3087,1805,1282,739,292,447
1.0 Scen,2050,455,Trinity County,18078,9553,8525,12729,6614,6115,1431,796,635,3151,1843,1308,767,300,467
1.0 Scen,2010,457,Tyler County,21766,11731,10035,17507,8761,8746,2376,1555,821,1487,1211,276,396,204,192
1.0 Scen,2011,457,Tyler County,21867,11867,10000,17539,8840,8699,2405,1579,826,1523,1242,281,400,206,194
1.0 Scen,2012,457,Tyler County,21977,11993,9984,17575,8909,8666,2432,1599,833,1562,1274,288,408,211,197
1.0 Scen,2013,457,Tyler County,22064,12109,9955,17597,8977,8620,2458,1615,843,1595,1302,293,414,215,199
1.0 Scen,2014,457,Tyler County,22161,12237,9924,17628,9053,8575,2481,1632,849,1631,1333,298,421,219,202
1.0 Scen,2015,457,Tyler County,22257,12359,9898,17660,9128,8532,2502,1646,856,1668,1363,305,427,222,205
1.0 Scen,2016,457,Tyler County,22338,12466,9872,17676,9185,8491,2522,1660,862,1707,1395,312,433,226,207
1.0 Scen,2017,457,Tyler County,22401,12566,9835,17689,9245,8444,2537,1675,862,1735,1416,319,440,230,210
1.0 Scen,2018,457,Tyler County,22481,12670,9811,17713,9310,8403,2553,1685,868,1772,1445,327,443,230,213
1.0 Scen,2019,457,Tyler County,22562,12783,9779,17737,9373,8364,2560,1695,865,1816,1482,334,449,233,216
1.0 Scen,2020,457,Tyler County,22646,12891,9755,17754,9432,8322,2574,1704,870,1858,1516,342,460,239,221
1.0 Scen,2021,457,Tyler County,22719,13001,9718,17774,9497,8277,2579,1707,872,1902,1557,345,464,240,224
1.0 Scen,2022,457,Tyler County,22783,13106,9677,17785,9556,8229,2586,1718,868,1940,1588,352,472,244,228
1.0 Scen,2023,457,Tyler County,22828,13203,9625,17784,9606,8178,2585,1726,859,1981,1623,358,478,248,230
1.0 Scen,2024,457,Tyler County,22881,13305,9576,17773,9658,8115,2592,1732,860,2031,1663,368,485,252,233
1.0 Scen,2025,457,Tyler County,22941,13402,9539,17776,9709,8067,2598,1741,857,2080,1701,379,487,251,236
1.0 Scen,2026,457,Tyler County,22950,13475,9475,17745,9745,8000,2599,1742,857,2118,1736,382,488,252,236
1.0 Scen,2027,457,Tyler County,22983,13559,9424,17721,9781,7940,2600,1742,858,2167,1778,389,495,258,237
1.0 Scen,2028,457,Tyler County,23002,13633,9369,17681,9807,7874,2603,1745,858,2219,1821,398,499,260,239
1.0 Scen,2029,457,Tyler County,23012,13706,9306,17622,9829,7793,2617,1753,864,2266,1856,410,507,268,239
1.0 Scen,2030,457,Tyler County,23007,13763,9244,17563,9845,7718,2615,1753,862,2312,1894,418,517,271,246
1.0 Scen,2031,457,Tyler County,22987,13818,9169,17498,9861,7637,2607,1748,859,2356,1935,421,526,274,252
1.0 Scen,2032,457,Tyler County,22940,13850,9090,17411,9857,7554,2599,1745,854,2400,1973,427,530,275,255
1.0 Scen,2033,457,Tyler County,22912,13891,9021,17333,9860,7473,2593,1743,850,2455,2014,441,531,274,257
1.0 Scen,2034,457,Tyler County,22871,13926,8945,17248,9856,7392,2582,1738,844,2504,2054,450,537,278,259
1.0 Scen,2035,457,Tyler County,22814,13962,8852,17154,9853,7301,2566,1733,833,2554,2098,456,540,278,262
1.0 Scen,2036,457,Tyler County,22744,13983,8761,17039,9828,7211,2549,1730,819,2608,2142,466,548,283,265
1.0 Scen,2037,457,Tyler County,22683,14012,8671,16939,9821,7118,2523,1720,803,2663,2184,479,558,287,271
1.0 Scen,2038,457,Tyler County,22610,14032,8578,16828,9796,7032,2499,1714,785,2721,2231,490,562,291,271
1.0 Scen,2039,457,Tyler County,22540,14048,8492,16716,9772,6944,2485,1709,776,2776,2274,502,563,293,270
1.0 Scen,2040,457,Tyler County,22469,14051,8418,16602,9739,6863,2467,1701,766,2833,2317,516,567,294,273
1.0 Scen,2041,457,Tyler County,22398,14056,8342,16488,9709,6779,2454,1698,756,2885,2354,531,571,295,276
1.0 Scen,2042,457,Tyler County,22291,14039,8252,16361,9666,6695,2421,1684,737,2932,2390,542,577,299,278
1.0 Scen,2043,457,Tyler County,22184,14015,8169,16234,9619,6615,2402,1678,724,2965,2416,549,583,302,281
1.0 Scen,2044,457,Tyler County,22079,13997,8082,16109,9580,6529,2383,1672,711,3000,2441,559,587,304,283
1.0 Scen,2045,457,Tyler County,21950,13950,8000,15985,9536,6449,2343,1647,696,3031,2462,569,591,305,286
1.0 Scen,2046,457,Tyler County,21825,13911,7914,15864,9496,6368,2329,1639,690,3052,2478,574,580,298,282
1.0 Scen,2047,457,Tyler County,21725,13870,7855,15748,9450,6298,2303,1621,682,3085,2497,588,589,302,287
1.0 Scen,2048,457,Tyler County,21596,13816,7780,15612,9396,6216,2278,1604,674,3109,2509,600,597,307,290
1.0 Scen,2049,457,Tyler County,21480,13761,7719,15492,9348,6144,2249,1583,666,3135,2520,615,604,310,294
1.0 Scen,2050,457,Tyler County,21376,13727,7649,15376,9307,6069,2225,1569,656,3168,2540,628,607,311,296
1.0 Scen,2010,459,Upshur County,39309,19462,19847,32257,15966,16291,3388,1618,1770,2613,1360,1253,1051,518,533
1.0 Scen,2011,459,Upshur County,39902,19760,20142,32569,16122,16447,3471,1660,1811,2765,1438,1327,1097,540,557
1.0 Scen,2012,459,Upshur County,40487,20061,20426,32877,16279,16598,3542,1699,1843,2924,1519,1405,1144,564,580
1.0 Scen,2013,459,Upshur County,41068,20360,20708,33174,16426,16748,3612,1736,1876,3092,1608,1484,1190,590,600
1.0 Scen,2014,459,Upshur County,41653,20672,20981,33462,16574,16888,3665,1770,1895,3278,1710,1568,1248,618,630
1.0 Scen,2015,459,Upshur County,42223,20957,21266,33740,16708,17032,3714,1794,1920,3467,1807,1660,1302,648,654
1.0 Scen,2016,459,Upshur County,42803,21251,21552,34003,16841,17162,3780,1825,1955,3656,1905,1751,1364,680,684
1.0 Scen,2017,459,Upshur County,43368,21542,21826,34264,16977,17287,3826,1851,1975,3862,2009,1853,1416,705,711
1.0 Scen,2018,459,Upshur County,43948,21850,22098,34503,17101,17402,3891,1892,1999,4076,2117,1959,1478,740,738
1.0 Scen,2019,459,Upshur County,44527,22148,22379,34737,17218,17519,3939,1919,2020,4312,2237,2075,1539,774,765
1.0 Scen,2020,459,Upshur County,45120,22464,22656,34955,17333,17622,4004,1957,2047,4566,2371,2195,1595,803,792
1.0 Scen,2021,459,Upshur County,45733,22787,22946,35177,17451,17726,4060,1985,2075,4824,2505,2319,1672,846,826
1.0 Scen,2022,459,Upshur County,46316,23091,23225,35375,17552,17823,4111,2011,2100,5077,2636,2441,1753,892,861
1.0 Scen,2023,459,Upshur County,46936,23422,23514,35582,17663,17919,4163,2041,2122,5358,2779,2579,1833,939,894
1.0 Scen,2024,459,Upshur County,47551,23748,23803,35766,17762,18004,4201,2062,2139,5658,2932,2726,1926,992,934
1.0 Scen,2025,459,Upshur County,48159,24070,24089,35926,17850,18076,4251,2088,2163,5962,3086,2876,2020,1046,974
1.0 Scen,2026,459,Upshur County,48807,24420,24387,36082,17943,18139,4312,2121,2191,6288,3252,3036,2125,1104,1021
1.0 Scen,2027,459,Upshur County,49473,24781,24692,36224,18023,18201,4365,2152,2213,6636,3433,3203,2248,1173,1075
1.0 Scen,2028,459,Upshur County,50123,25129,24994,36349,18094,18255,4414,2181,2233,6986,3609,3377,2374,1245,1129
1.0 Scen,2029,459,Upshur County,50791,25494,25297,36470,18173,18297,4453,2202,2251,7367,3804,3563,2501,1315,1186
1.0 Scen,2030,459,Upshur County,51477,25866,25611,36569,18241,18328,4505,2230,2275,7767,4007,3760,2636,1388,1248
1.0 Scen,2031,459,Upshur County,52191,26257,25934,36671,18306,18365,4556,2262,2294,8188,4222,3966,2776,1467,1309
1.0 Scen,2032,459,Upshur County,52899,26663,26236,36734,18361,18373,4613,2295,2318,8622,4449,4173,2930,1558,1372
1.0 Scen,2033,459,Upshur County,53598,27047,26551,36783,18403,18380,4657,2319,2338,9066,4676,4390,3092,1649,1443
1.0 Scen,2034,459,Upshur County,54328,27441,26887,36808,18433,18375,4715,2353,2362,9540,4917,4623,3265,1738,1527
1.0 Scen,2035,459,Upshur County,55043,27843,27200,36818,18455,18363,4751,2379,2372,10032,5167,4865,3442,1842,1600
1.0 Scen,2036,459,Upshur County,55770,28239,27531,36807,18467,18340,4798,2405,2393,10541,5421,5120,3624,1946,1678
1.0 Scen,2037,459,Upshur County,56507,28652,27855,36792,18484,18308,4840,2431,2409,11068,5682,5386,3807,2055,1752
1.0 Scen,2038,459,Upshur County,57222,29059,28163,36746,18491,18255,4874,2451,2423,11592,5947,5645,4010,2170,1840
1.0 Scen,2039,459,Upshur County,57978,29488,28490,36693,18491,18202,4908,2474,2434,12154,6234,5920,4223,2289,1934
1.0 Scen,2040,459,Upshur County,58713,29892,28821,36613,18473,18140,4927,2485,2442,12735,6523,6212,4438,2411,2027
1.0 Scen,2041,459,Upshur County,59475,30315,29160,36526,18455,18071,4950,2498,2452,13333,6822,6511,4666,2540,2126
1.0 Scen,2042,459,Upshur County,60230,30741,29489,36419,18433,17986,4972,2512,2460,13946,7127,6819,4893,2669,2224
1.0 Scen,2043,459,Upshur County,61010,31188,29822,36311,18411,17900,4996,2531,2465,14578,7448,7130,5125,2798,2327
1.0 Scen,2044,459,Upshur County,61812,31638,30174,36197,18384,17813,5009,2550,2459,15239,7773,7466,5367,2931,2436
1.0 Scen,2045,459,Upshur County,62612,32095,30517,36063,18352,17711,5016,2561,2455,15912,8115,7797,5621,3067,2554
1.0 Scen,2046,459,Upshur County,63455,32587,30868,35936,18326,17610,5031,2575,2456,16610,8470,8140,5878,3216,2662
1.0 Scen,2047,459,Upshur County,64309,33071,31238,35801,18291,17510,5035,2585,2450,17332,8832,8500,6141,3363,2778
1.0 Scen,2048,459,Upshur County,65174,33557,31617,35659,18255,17404,5035,2590,2445,18076,9209,8867,6404,3503,2901
1.0 Scen,2049,459,Upshur County,66116,34085,32031,35518,18220,17298,5061,2608,2453,18841,9591,9250,6696,3666,3030
1.0 Scen,2050,459,Upshur County,67047,34607,32440,35373,18182,17191,5051,2609,2442,19642,9996,9646,6981,3820,3161
1.0 Scen,2010,461,Upton County,3355,1675,1680,1611,816,795,49,21,28,1644,812,832,51,26,25
1.0 Scen,2011,461,Upton County,3415,1709,1706,1627,825,802,49,21,28,1688,837,851,51,26,25
1.0 Scen,2012,461,Upton County,3467,1735,1732,1636,829,807,49,21,28,1731,859,872,51,26,25
1.0 Scen,2013,461,Upton County,3527,1766,1761,1652,836,816,49,21,28,1775,883,892,51,26,25
1.0 Scen,2014,461,Upton County,3577,1793,1784,1661,840,821,48,21,27,1817,906,911,51,26,25
1.0 Scen,2015,461,Upton County,3632,1824,1808,1671,845,826,48,21,27,1862,932,930,51,26,25
1.0 Scen,2016,461,Upton County,3688,1859,1829,1680,850,830,48,21,27,1909,962,947,51,26,25
1.0 Scen,2017,461,Upton County,3730,1887,1843,1679,853,826,47,20,27,1953,988,965,51,26,25
1.0 Scen,2018,461,Upton County,3781,1928,1853,1687,862,825,47,20,27,1996,1020,976,51,26,25
1.0 Scen,2019,461,Upton County,3832,1961,1871,1689,864,825,47,20,27,2046,1052,994,50,25,25
1.0 Scen,2020,461,Upton County,3886,1991,1895,1692,865,827,48,20,28,2096,1081,1015,50,25,25
1.0 Scen,2021,461,Upton County,3937,2021,1916,1691,866,825,48,20,28,2148,1110,1038,50,25,25
1.0 Scen,2022,461,Upton County,3996,2057,1939,1694,868,826,47,20,27,2205,1144,1061,50,25,25
1.0 Scen,2023,461,Upton County,4060,2093,1967,1701,870,831,48,21,27,2261,1177,1084,50,25,25
1.0 Scen,2024,461,Upton County,4110,2122,1988,1697,867,830,49,21,28,2314,1209,1105,50,25,25
1.0 Scen,2025,461,Upton County,4159,2148,2011,1704,868,836,50,22,28,2356,1234,1122,49,24,25
1.0 Scen,2026,461,Upton County,4223,2183,2040,1717,873,844,51,22,29,2405,1264,1141,50,24,26
1.0 Scen,2027,461,Upton County,4296,2221,2075,1731,877,854,52,23,29,2462,1296,1166,51,25,26
1.0 Scen,2028,461,Upton County,4360,2252,2108,1740,880,860,53,23,30,2515,1324,1191,52,25,27
1.0 Scen,2029,461,Upton County,4416,2290,2126,1746,886,860,55,25,30,2563,1354,1209,52,25,27
1.0 Scen,2030,461,Upton County,4476,2322,2154,1753,890,863,56,25,31,2614,1382,1232,53,25,28
1.0 Scen,2031,461,Upton County,4536,2359,2177,1758,893,865,56,26,30,2668,1414,1254,54,26,28
1.0 Scen,2032,461,Upton County,4580,2383,2197,1765,894,871,57,26,31,2703,1437,1266,55,26,29
1.0 Scen,2033,461,Upton County,4629,2416,2213,1772,896,876,56,26,30,2747,1468,1279,54,26,28
1.0 Scen,2034,461,Upton County,4693,2452,2241,1785,904,881,56,26,30,2798,1497,1301,54,25,29
1.0 Scen,2035,461,Upton County,4747,2481,2266,1787,903,884,56,26,30,2848,1525,1323,56,27,29
1.0 Scen,2036,461,Upton County,4767,2489,2278,1771,893,878,55,26,29,2884,1543,1341,57,27,30
1.0 Scen,2037,461,Upton County,4804,2515,2289,1772,891,881,54,26,28,2922,1572,1350,56,26,30
1.0 Scen,2038,461,Upton County,4855,2544,2311,1780,895,885,53,26,27,2964,1596,1368,58,27,31
1.0 Scen,2039,461,Upton County,4904,2576,2328,1784,900,884,52,26,26,3010,1623,1387,58,27,31
1.0 Scen,2040,461,Upton County,4954,2604,2350,1788,902,886,51,25,26,3057,1650,1407,58,27,31
1.0 Scen,2041,461,Upton County,5008,2634,2374,1789,900,889,50,25,25,3111,1682,1429,58,27,31
1.0 Scen,2042,461,Upton County,5049,2658,2391,1782,894,888,49,25,24,3160,1712,1448,58,27,31
1.0 Scen,2043,461,Upton County,5092,2686,2406,1787,901,886,47,24,23,3202,1735,1467,56,26,30
1.0 Scen,2044,461,Upton County,5157,2727,2430,1794,903,891,46,24,22,3261,1774,1487,56,26,30
1.0 Scen,2045,461,Upton County,5209,2756,2453,1796,903,893,44,24,20,3313,1803,1510,56,26,30
1.0 Scen,2046,461,Upton County,5267,2795,2472,1805,907,898,44,24,20,3365,1838,1527,53,26,27
1.0 Scen,2047,461,Upton County,5327,2831,2496,1809,908,901,44,24,20,3422,1874,1548,52,25,27
1.0 Scen,2048,461,Upton County,5380,2863,2517,1811,910,901,43,23,20,3474,1905,1569,52,25,27
1.0 Scen,2049,461,Upton County,5429,2898,2531,1813,912,901,43,23,20,3521,1938,1583,52,25,27
1.0 Scen,2050,461,Upton County,5503,2941,2562,1825,920,905,42,22,20,3584,1975,1609,52,24,28
1.0 Scen,2010,463,Uvalde County,26405,12909,13496,7666,3738,3928,110,68,42,18299,8944,9355,330,159,171
1.0 Scen,2011,463,Uvalde County,26629,13026,13603,7635,3721,3914,111,69,42,18549,9074,9475,334,162,172
1.0 Scen,2012,463,Uvalde County,26859,13156,13703,7590,3708,3882,112,69,43,18816,9213,9603,341,166,175
1.0 Scen,2013,463,Uvalde County,27077,13281,13796,7541,3687,3854,112,70,42,19076,9352,9724,348,172,176
1.0 Scen,2014,463,Uvalde County,27315,13406,13909,7513,3674,3839,113,70,43,19333,9487,9846,356,175,181
1.0 Scen,2015,463,Uvalde County,27543,13532,14011,7484,3659,3825,114,71,43,19582,9623,9959,363,179,184
1.0 Scen,2016,463,Uvalde County,27749,13649,14100,7458,3648,3810,117,72,45,19802,9746,10056,372,183,189
1.0 Scen,2017,463,Uvalde County,27942,13758,14184,7409,3627,3782,118,72,46,20038,9874,10164,377,185,192
1.0 Scen,2018,463,Uvalde County,28161,13890,14271,7367,3614,3753,121,74,47,20287,10013,10274,386,189,197
1.0 Scen,2019,463,Uvalde County,28381,14018,14363,7326,3596,3730,123,75,48,20538,10153,10385,394,194,200
1.0 Scen,2020,463,Uvalde County,28593,14143,14450,7288,3578,3710,125,76,49,20777,10289,10488,403,200,203
1.0 Scen,2021,463,Uvalde County,28793,14263,14530,7244,3561,3683,127,77,50,21014,10421,10593,408,204,204
1.0 Scen,2022,463,Uvalde County,28988,14383,14605,7198,3542,3656,128,77,51,21246,10557,10689,416,207,209
1.0 Scen,2023,463,Uvalde County,29178,14504,14674,7162,3529,3633,130,78,52,21463,10685,10778,423,212,211
1.0 Scen,2024,463,Uvalde County,29382,14631,14751,7129,3519,3610,132,79,53,21690,10817,10873,431,216,215
1.0 Scen,2025,463,Uvalde County,29559,14741,14818,7089,3504,3585,133,80,53,21900,10935,10965,437,222,215
1.0 Scen,2026,463,Uvalde County,29747,14859,14888,7054,3492,3562,136,82,54,22112,11058,11054,445,227,218
1.0 Scen,2027,463,Uvalde County,29904,14967,14937,7010,3479,3531,139,83,56,22303,11175,11128,452,230,222
1.0 Scen,2028,463,Uvalde County,30076,15070,15006,6964,3459,3505,140,83,57,22511,11293,11218,461,235,226
1.0 Scen,2029,463,Uvalde County,30213,15162,15051,6906,3434,3472,142,84,58,22696,11404,11292,469,240,229
1.0 Scen,2030,463,Uvalde County,30341,15243,15098,6853,3412,3441,142,83,59,22874,11505,11369,472,243,229
1.0 Scen,2031,463,Uvalde County,30460,15332,15128,6790,3384,3406,146,86,60,23046,11614,11432,478,248,230
1.0 Scen,2032,463,Uvalde County,30560,15411,15149,6722,3357,3365,147,86,61,23208,11712,11496,483,256,227
1.0 Scen,2033,463,Uvalde County,30626,15470,15156,6651,3328,3323,146,85,61,23342,11799,11543,487,258,229
1.0 Scen,2034,463,Uvalde County,30701,15527,15174,6577,3297,3280,147,85,62,23484,11882,11602,493,263,230
1.0 Scen,2035,463,Uvalde County,30778,15587,15191,6513,3269,3244,147,85,62,23619,11967,11652,499,266,233
1.0 Scen,2036,463,Uvalde County,30834,15642,15192,6438,3238,3200,146,84,62,23746,12052,11694,504,268,236
1.0 Scen,2037,463,Uvalde County,30895,15697,15198,6371,3212,3159,146,84,62,23866,12129,11737,512,272,240
1.0 Scen,2038,463,Uvalde County,30932,15736,15196,6293,3177,3116,147,85,62,23969,12194,11775,523,280,243
1.0 Scen,2039,463,Uvalde County,30973,15782,15191,6219,3147,3072,147,86,61,24077,12263,11814,530,286,244
1.0 Scen,2040,463,Uvalde County,30996,15822,15174,6148,3118,3030,146,84,62,24165,12330,11835,537,290,247
1.0 Scen,2041,463,Uvalde County,30993,15846,15147,6071,3087,2984,145,84,61,24233,12380,11853,544,295,249
1.0 Scen,2042,463,Uvalde County,31005,15870,15135,5999,3052,2947,146,84,62,24309,12434,11875,551,300,251
1.0 Scen,2043,463,Uvalde County,30992,15897,15095,5918,3024,2894,145,84,61,24369,12484,11885,560,305,255
1.0 Scen,2044,463,Uvalde County,30989,15915,15074,5844,2989,2855,145,83,62,24435,12537,11898,565,306,259
1.0 Scen,2045,463,Uvalde County,30967,15921,15046,5774,2962,2812,143,83,60,24477,12566,11911,573,310,263
1.0 Scen,2046,463,Uvalde County,30948,15938,15010,5704,2932,2772,144,83,61,24518,12605,11913,582,318,264
1.0 Scen,2047,463,Uvalde County,30931,15949,14982,5634,2899,2735,144,84,60,24563,12644,11919,590,322,268
1.0 Scen,2048,463,Uvalde County,30899,15949,14950,5568,2866,2702,142,81,61,24587,12670,11917,602,332,270
1.0 Scen,2049,463,Uvalde County,30857,15952,14905,5505,2843,2662,143,82,61,24595,12685,11910,614,342,272
1.0 Scen,2050,463,Uvalde County,30803,15949,14854,5439,2816,2623,142,80,62,24596,12704,11892,626,349,277
1.0 Scen,2010,465,Val Verde County,48879,24519,24360,8548,4682,3866,563,332,231,39199,19226,19973,569,279,290
1.0 Scen,2011,465,Val Verde County,49389,24801,24588,8552,4682,3870,571,337,234,39678,19491,20187,588,291,297
1.0 Scen,2012,465,Val Verde County,49857,25070,24787,8534,4676,3858,579,341,238,40137,19751,20386,607,302,305
1.0 Scen,2013,465,Val Verde County,50312,25334,24978,8488,4654,3834,589,346,243,40610,20021,20589,625,313,312
1.0 Scen,2014,465,Val Verde County,50762,25575,25187,8445,4622,3823,598,352,246,41077,20277,20800,642,324,318
1.0 Scen,2015,465,Val Verde County,51217,25823,25394,8391,4587,3804,606,357,249,41560,20544,21016,660,335,325
1.0 Scen,2016,465,Val Verde County,51636,26062,25574,8336,4550,3786,613,360,253,42009,20806,21203,678,346,332
1.0 Scen,2017,465,Val Verde County,52041,26286,25755,8273,4510,3763,621,364,257,42452,21053,21399,695,359,336
1.0 Scen,2018,465,Val Verde County,52475,26528,25947,8224,4485,3739,630,369,261,42911,21305,21606,710,369,341
1.0 Scen,2019,465,Val Verde County,52875,26758,26117,8168,4451,3717,636,371,265,43346,21556,21790,725,380,345
1.0 Scen,2020,465,Val Verde County,53256,26980,26276,8110,4419,3691,640,375,265,43769,21795,21974,737,391,346
1.0 Scen,2021,465,Val Verde County,53634,27211,26423,8045,4391,3654,643,375,268,44197,22044,22153,749,401,348
1.0 Scen,2022,465,Val Verde County,53986,27422,26564,7975,4355,3620,648,379,269,44598,22275,22323,765,413,352
1.0 Scen,2023,465,Val Verde County,54341,27635,26706,7909,4317,3592,651,380,271,45005,22516,22489,776,422,354
1.0 Scen,2024,465,Val Verde County,54662,27826,26836,7839,4279,3560,654,382,272,45382,22734,22648,787,431,356
1.0 Scen,2025,465,Val Verde County,54998,28036,26962,7770,4244,3526,658,384,274,45772,22970,22802,798,438,360
1.0 Scen,2026,465,Val Verde County,55300,28230,27070,7699,4211,3488,663,386,277,46128,23182,22946,810,451,359
1.0 Scen,2027,465,Val Verde County,55609,28417,27192,7632,4169,3463,666,388,278,46489,23397,23092,822,463,359
1.0 Scen,2028,465,Val Verde County,55913,28599,27314,7566,4135,3431,667,388,279,46842,23603,23239,838,473,365
1.0 Scen,2029,465,Val Verde County,56172,28769,27403,7489,4098,3391,669,388,281,47167,23799,23368,847,484,363
1.0 Scen,2030,465,Val Verde County,56400,28922,27478,7421,4064,3357,664,386,278,47460,23983,23477,855,489,366
1.0 Scen,2031,465,Val Verde County,56622,29071,27551,7344,4025,3319,668,387,281,47738,24158,23580,872,501,371
1.0 Scen,2032,465,Val Verde County,56839,29222,27617,7279,3994,3285,670,387,283,48007,24330,23677,883,511,372
1.0 Scen,2033,465,Val Verde County,57009,29353,27656,7207,3960,3247,664,384,280,48245,24493,23752,893,516,377
1.0 Scen,2034,465,Val Verde County,57162,29466,27696,7135,3923,3212,643,374,269,48482,24645,23837,902,524,378
1.0 Scen,2035,465,Val Verde County,57309,29594,27715,7061,3885,3176,631,369,262,48700,24806,23894,917,534,383
1.0 Scen,2036,465,Val Verde County,57451,29704,27747,6985,3848,3137,625,363,262,48911,24951,23960,930,542,388
1.0 Scen,2037,465,Val Verde County,57572,29803,27769,6910,3809,3101,621,359,262,49098,25083,24015,943,552,391
1.0 Scen,2038,465,Val Verde County,57684,29902,27782,6837,3765,3072,617,358,259,49274,25215,24059,956,564,392
1.0 Scen,2039,465,Val Verde County,57773,29999,27774,6756,3732,3024,612,354,258,49435,25340,24095,970,573,397
1.0 Scen,2040,465,Val Verde County,57859,30084,27775,6689,3696,2993,608,350,258,49574,25454,24120,988,584,404
1.0 Scen,2041,465,Val Verde County,57924,30163,27761,6617,3659,2958,600,345,255,49701,25565,24136,1006,594,412
1.0 Scen,2042,465,Val Verde County,57970,30228,27742,6542,3617,2925,595,342,253,49815,25664,24151,1018,605,413
1.0 Scen,2043,465,Val Verde County,57981,30277,27704,6453,3571,2882,587,336,251,49907,25753,24154,1034,617,417
1.0 Scen,2044,465,Val Verde County,58008,30326,27682,6384,3533,2851,586,335,251,49989,25833,24156,1049,625,424
1.0 Scen,2045,465,Val Verde County,58012,30377,27635,6301,3497,2804,584,334,250,50063,25912,24151,1064,634,430
1.0 Scen,2046,465,Val Verde County,57984,30397,27587,6218,3448,2770,580,331,249,50115,25976,24139,1071,642,429
1.0 Scen,2047,465,Val Verde County,57951,30423,27528,6144,3411,2733,578,331,247,50152,26037,24115,1077,644,433
1.0 Scen,2048,465,Val Verde County,57891,30427,27464,6061,3365,2696,569,324,245,50179,26092,24087,1082,646,436
1.0 Scen,2049,465,Val Verde County,57829,30439,27390,5990,3331,2659,564,319,245,50182,26136,24046,1093,653,440
1.0 Scen,2050,465,Val Verde County,57736,30436,27300,5902,3289,2613,560,317,243,50167,26170,23997,1107,660,447
1.0 Scen,2010,467,Van Zandt County,52579,25863,26716,45087,21901,23186,1403,699,704,4847,2651,2196,1242,612,630
1.0 Scen,2011,467,Van Zandt County,53140,26152,26988,45411,22077,23334,1418,712,706,5035,2733,2302,1276,630,646
1.0 Scen,2012,467,Van Zandt County,53695,26425,27270,45723,22241,23482,1436,722,714,5220,2814,2406,1316,648,668
1.0 Scen,2013,467,Van Zandt County,54278,26718,27560,46030,22408,23622,1457,736,721,5430,2906,2524,1361,668,693
1.0 Scen,2014,467,Van Zandt County,54827,26999,27828,46315,22566,23749,1477,751,726,5629,2995,2634,1406,687,719
1.0 Scen,2015,467,Van Zandt County,55413,27288,28125,46625,22733,23892,1498,764,734,5848,3093,2755,1442,698,744
1.0 Scen,2016,467,Van Zandt County,55976,27564,28412,46904,22883,24021,1516,777,739,6075,3192,2883,1481,712,769
1.0 Scen,2017,467,Van Zandt County,56528,27845,28683,47177,23042,24135,1528,786,742,6308,3291,3017,1515,726,789
1.0 Scen,2018,467,Van Zandt County,57106,28133,28973,47447,23185,24262,1541,797,744,6566,3404,3162,1552,747,805
1.0 Scen,2019,467,Van Zandt County,57680,28424,29256,47708,23335,24373,1553,807,746,6832,3518,3314,1587,764,823
1.0 Scen,2020,467,Van Zandt County,58259,28708,29551,47947,23471,24476,1566,818,748,7118,3641,3477,1628,778,850
1.0 Scen,2021,467,Van Zandt County,58855,29002,29853,48184,23602,24582,1574,827,747,7410,3770,3640,1687,803,884
1.0 Scen,2022,467,Van Zandt County,59432,29271,30161,48400,23719,24681,1584,832,752,7717,3899,3818,1731,821,910
1.0 Scen,2023,467,Van Zandt County,60016,29565,30451,48615,23844,24771,1587,837,750,8035,4040,3995,1779,844,935
1.0 Scen,2024,467,Van Zandt County,60585,29853,30732,48805,23960,24845,1590,844,746,8364,4184,4180,1826,865,961
1.0 Scen,2025,467,Van Zandt County,61169,30139,31030,48970,24066,24904,1603,855,748,8721,4332,4389,1875,886,989
1.0 Scen,2026,467,Van Zandt County,61696,30412,31284,49104,24166,24938,1600,855,745,9068,4480,4588,1924,911,1013
1.0 Scen,2027,467,Van Zandt County,62246,30694,31552,49226,24256,24970,1604,862,742,9440,4638,4802,1976,938,1038
1.0 Scen,2028,467,Van Zandt County,62788,30969,31819,49320,24335,24985,1604,864,740,9825,4801,5024,2039,969,1070
1.0 Scen,2029,467,Van Zandt County,63308,31228,32080,49383,24398,24985,1611,872,739,10217,4964,5253,2097,994,1103
1.0 Scen,2030,467,Van Zandt County,63838,31492,32346,49427,24454,24973,1617,877,740,10624,5132,5492,2170,1029,1141
1.0 Scen,2031,467,Van Zandt County,64332,31733,32599,49437,24491,24946,1620,877,743,11037,5301,5736,2238,1064,1174
1.0 Scen,2032,467,Van Zandt County,64808,31973,32835,49423,24522,24901,1615,874,741,11457,5476,5981,2313,1101,1212
1.0 Scen,2033,467,Van Zandt County,65275,32203,33072,49370,24537,24833,1617,875,742,11894,5654,6240,2394,1137,1257
1.0 Scen,2034,467,Van Zandt County,65713,32423,33290,49290,24540,24750,1612,873,739,12336,5835,6501,2475,1175,1300
1.0 Scen,2035,467,Van Zandt County,66117,32614,33503,49186,24526,24660,1600,866,734,12773,6010,6763,2558,1212,1346
1.0 Scen,2036,467,Van Zandt County,66520,32810,33710,49055,24502,24553,1583,860,723,13237,6197,7040,2645,1251,1394
1.0 Scen,2037,467,Van Zandt County,66921,33004,33917,48901,24464,24437,1569,852,717,13713,6395,7318,2738,1293,1445
1.0 Scen,2038,467,Van Zandt County,67318,33197,34121,48728,24421,24307,1561,849,712,14194,6589,7605,2835,1338,1497
1.0 Scen,2039,467,Van Zandt County,67689,33375,34314,48523,24362,24161,1545,839,706,14691,6790,7901,2930,1384,1546
1.0 Scen,2040,467,Van Zandt County,68084,33564,34520,48306,24301,24005,1537,837,700,15201,6995,8206,3040,1431,1609
1.0 Scen,2041,467,Van Zandt County,68460,33745,34715,48070,24231,23839,1534,839,695,15723,7205,8518,3133,1470,1663
1.0 Scen,2042,467,Van Zandt County,68849,33933,34916,47808,24147,23661,1522,836,686,16272,7428,8844,3247,1522,1725
1.0 Scen,2043,467,Van Zandt County,69250,34124,35126,47540,24063,23477,1510,830,680,16845,7661,9184,3355,1570,1785
1.0 Scen,2044,467,Van Zandt County,69667,34320,35347,47260,23976,23284,1506,832,674,17435,7899,9536,3466,1613,1853
1.0 Scen,2045,467,Van Zandt County,70083,34516,35567,46960,23874,23086,1498,835,663,18044,8146,9898,3581,1661,1920
1.0 Scen,2046,467,Van Zandt County,70527,34725,35802,46662,23767,22895,1499,842,657,18673,8405,10268,3693,1711,1982
1.0 Scen,2047,467,Van Zandt County,71001,34940,36061,46360,23659,22701,1493,842,651,19336,8676,10660,3812,1763,2049
1.0 Scen,2048,467,Van Zandt County,71493,35170,36323,46043,23550,22493,1483,837,646,20026,8963,11063,3941,1820,2121
1.0 Scen,2049,467,Van Zandt County,71991,35399,36592,45736,23441,22295,1472,838,634,20734,9253,11481,4049,1867,2182
1.0 Scen,2050,467,Van Zandt County,72513,35640,36873,45421,23334,22087,1464,832,632,21464,9557,11907,4164,1917,2247
1.0 Scen,2010,469,Victoria County,86793,42349,44444,41564,20081,21483,5190,2505,2685,38113,18834,19279,1926,929,997
1.0 Scen,2011,469,Victoria County,87333,42644,44689,41277,19958,21319,5241,2531,2710,38827,19195,19632,1988,960,1028
1.0 Scen,2012,469,Victoria County,87952,42974,44978,41019,19850,21169,5303,2558,2745,39569,19569,20000,2061,997,1064
1.0 Scen,2013,469,Victoria County,88593,43315,45278,40778,19750,21028,5365,2590,2775,40301,19937,20364,2149,1038,1111
1.0 Scen,2014,469,Victoria County,89210,43656,45554,40521,19647,20874,5412,2608,2804,41037,20314,20723,2240,1087,1153
1.0 Scen,2015,469,Victoria County,89831,43980,45851,40246,19522,20724,5466,2634,2832,41793,20692,21101,2326,1132,1194
1.0 Scen,2016,469,Victoria County,90413,44301,46112,39945,19391,20554,5528,2664,2864,42525,21069,21456,2415,1177,1238
1.0 Scen,2017,469,Victoria County,91033,44645,46388,39666,19277,20389,5590,2696,2894,43268,21451,21817,2509,1221,1288
1.0 Scen,2018,469,Victoria County,91624,44958,46666,39363,19142,20221,5642,2720,2922,44011,21829,22182,2608,1267,1341
1.0 Scen,2019,469,Victoria County,92200,45291,46909,39048,19015,20033,5701,2753,2948,44745,22207,22538,2706,1316,1390
1.0 Scen,2020,469,Victoria County,92845,45632,47213,38751,18885,19866,5776,2784,2992,45490,22585,22905,2828,1378,1450
1.0 Scen,2021,469,Victoria County,93356,45935,47421,38384,18733,19651,5824,2811,3013,46208,22955,23253,2940,1436,1504
1.0 Scen,2022,469,Victoria County,93854,46226,47628,38007,18574,19433,5866,2833,3033,46928,23326,23602,3053,1493,1560
1.0 Scen,2023,469,Victoria County,94362,46526,47836,37646,18430,19216,5910,2854,3056,47634,23686,23948,3172,1556,1616
1.0 Scen,2024,469,Victoria County,94861,46828,48033,37261,18261,19000,5944,2878,3066,48349,24065,24284,3307,1624,1683
1.0 Scen,2025,469,Victoria County,95370,47143,48227,36869,18102,18767,5997,2907,3090,49063,24438,24625,3441,1696,1745
1.0 Scen,2026,469,Victoria County,95887,47455,48432,36482,17938,18544,6038,2929,3109,49770,24808,24962,3597,1780,1817
1.0 Scen,2027,469,Victoria County,96367,47754,48613,36090,17772,18318,6073,2954,3119,50452,25170,25282,3752,1858,1894
1.0 Scen,2028,469,Victoria County,96871,48051,48820,35688,17598,18090,6113,2974,3139,51129,25523,25606,3941,1956,1985
1.0 Scen,2029,469,Victoria County,97337,48339,48998,35274,17423,17851,6146,2992,3154,51793,25872,25921,4124,2052,2072
1.0 Scen,2030,469,Victoria County,97790,48627,49163,34844,17240,17604,6194,3026,3168,52444,26216,26228,4308,2145,2163
1.0 Scen,2031,469,Victoria County,98224,48890,49334,34410,17050,17360,6216,3033,3183,53088,26561,26527,4510,2246,2264
1.0 Scen,2032,469,Victoria County,98632,49156,49476,33970,16860,17110,6251,3060,3191,53701,26891,26810,4710,2345,2365
1.0 Scen,2033,469,Victoria County,99024,49404,49620,33529,16670,16859,6281,3077,3204,54296,27208,27088,4918,2449,2469
1.0 Scen,2034,469,Victoria County,99383,49639,49744,33079,16475,16604,6296,3088,3208,54872,27517,27355,5136,2559,2577
1.0 Scen,2035,469,Victoria County,99721,49863,49858,32605,16264,16341,6329,3110,3219,55416,27815,27601,5371,2674,2697
1.0 Scen,2036,469,Victoria County,100017,50067,49950,32134,16057,16077,6350,3125,3225,55933,28095,27838,5600,2790,2810
1.0 Scen,2037,469,Victoria County,100296,50253,50043,31656,15846,15810,6373,3142,3231,56419,28356,28063,5848,2909,2939
1.0 Scen,2038,469,Victoria County,100590,50455,50135,31183,15633,15550,6392,3152,3240,56916,28632,28284,6099,3038,3061
1.0 Scen,2039,469,Victoria County,100856,50650,50206,30705,15423,15282,6407,3169,3238,57386,28895,28491,6358,3163,3195
1.0 Scen,2040,469,Victoria County,101124,50830,50294,30219,15197,15022,6430,3179,3251,57833,29148,28685,6642,3306,3336
1.0 Scen,2041,469,Victoria County,101400,51032,50368,29749,14987,14762,6449,3195,3254,58274,29400,28874,6928,3450,3478
1.0 Scen,2042,469,Victoria County,101636,51204,50432,29277,14780,14497,6462,3201,3261,58679,29633,29046,7218,3590,3628
1.0 Scen,2043,469,Victoria County,101868,51375,50493,28805,14567,14238,6480,3216,3264,59064,29853,29211,7519,3739,3780
1.0 Scen,2044,469,Victoria County,102085,51539,50546,28336,14357,13979,6497,3227,3270,59433,30068,29365,7819,3887,3932
1.0 Scen,2045,469,Victoria County,102304,51711,50593,27875,14154,13721,6503,3237,3266,59787,30273,29514,8139,4047,4092
1.0 Scen,2046,469,Victoria County,102529,51883,50646,27416,13948,13468,6529,3250,3279,60123,30477,29646,8461,4208,4253
1.0 Scen,2047,469,Victoria County,102748,52058,50690,26972,13752,13220,6528,3256,3272,60444,30673,29771,8804,4377,4427
1.0 Scen,2048,469,Victoria County,102998,52240,50758,26538,13557,12981,6540,3268,3272,60759,30864,29895,9161,4551,4610
1.0 Scen,2049,469,Victoria County,103266,52437,50829,26125,13375,12750,6558,3278,3280,61056,31050,30006,9527,4734,4793
1.0 Scen,2050,469,Victoria County,103519,52615,50904,25717,13190,12527,6565,3286,3279,61327,31216,30111,9910,4923,4987
1.0 Scen,2010,471,Walker County,67861,40007,27854,39671,22270,17401,15098,9761,5337,11389,7110,4279,1703,866,837
1.0 Scen,2011,471,Walker County,68411,40310,28101,39811,22358,17453,15190,9810,5380,11624,7236,4388,1786,906,880
1.0 Scen,2012,471,Walker County,68920,40563,28357,39913,22403,17510,15269,9854,5415,11857,7352,4505,1881,954,927
1.0 Scen,2013,471,Walker County,69358,40777,28581,39952,22410,17542,15339,9893,5446,12095,7472,4623,1972,1002,970
1.0 Scen,2014,471,Walker County,69779,40980,28799,39954,22409,17545,15419,9926,5493,12331,7590,4741,2075,1055,1020
1.0 Scen,2015,471,Walker County,70199,41190,29009,39972,22411,17561,15476,9952,5524,12572,7716,4856,2179,1111,1068
1.0 Scen,2016,471,Walker County,70694,41439,29255,40030,22440,17590,15542,9986,5556,12836,7849,4987,2286,1164,1122
1.0 Scen,2017,471,Walker County,71206,41701,29505,40098,22471,17627,15611,10022,5589,13093,7982,5111,2404,1226,1178
1.0 Scen,2018,471,Walker County,71717,41950,29767,40157,22487,17670,15677,10060,5617,13359,8117,5242,2524,1286,1238
1.0 Scen,2019,471,Walker County,72246,42218,30028,40210,22510,17700,15753,10098,5655,13620,8255,5365,2663,1355,1308
1.0 Scen,2020,471,Walker County,72778,42481,30297,40259,22529,17730,15835,10137,5698,13889,8394,5495,2795,1421,1374
1.0 Scen,2021,471,Walker County,73189,42689,30500,40249,22523,17726,15878,10161,5717,14124,8517,5607,2938,1488,1450
1.0 Scen,2022,471,Walker County,73609,42899,30710,40228,22505,17723,15920,10185,5735,14376,8648,5728,3085,1561,1524
1.0 Scen,2023,471,Walker County,74049,43125,30924,40207,22488,17719,15964,10212,5752,14622,8780,5842,3256,1645,1611
1.0 Scen,2024,471,Walker County,74444,43328,31116,40163,22459,17704,15986,10231,5755,14867,8907,5960,3428,1731,1697
1.0 Scen,2025,471,Walker County,74846,43507,31339,40115,22421,17694,16017,10236,5781,15106,9027,6079,3608,1823,1785
1.0 Scen,2026,471,Walker County,75256,43718,31538,40058,22391,17667,16051,10261,5790,15346,9150,6196,3801,1916,1885
1.0 Scen,2027,471,Walker County,75651,43915,31736,40003,22363,17640,16067,10267,5800,15586,9274,6312,3995,2011,1984
1.0 Scen,2028,471,Walker County,76030,44104,31926,39920,22319,17601,16073,10268,5805,15834,9400,6434,4203,2117,2086
1.0 Scen,2029,471,Walker County,76411,44303,32108,39825,22276,17549,16089,10275,5814,16079,9524,6555,4418,2228,2190
1.0 Scen,2030,471,Walker County,76782,44495,32287,39716,22224,17492,16102,10278,5824,16315,9646,6669,4649,2347,2302
1.0 Scen,2031,471,Walker County,77132,44673,32459,39583,22167,17416,16102,10269,5833,16559,9771,6788,4888,2466,2422
1.0 Scen,2032,471,Walker County,77480,44852,32628,39426,22089,17337,16099,10269,5830,16802,9897,6905,5153,2597,2556
1.0 Scen,2033,471,Walker County,77785,45004,32781,39232,21991,17241,16081,10254,5827,17048,10031,7017,5424,2728,2696
1.0 Scen,2034,471,Walker County,78087,45160,32927,39016,21887,17129,16052,10235,5817,17300,10163,7137,5719,2875,2844
1.0 Scen,2035,471,Walker County,78373,45305,33068,38785,21770,17015,16022,10211,5811,17532,10293,7239,6034,3031,3003
1.0 Scen,2036,471,Walker County,78671,45468,33203,38533,21649,16884,15995,10198,5797,17768,10422,7346,6375,3199,3176
1.0 Scen,2037,471,Walker County,78975,45616,33359,38278,21523,16755,15954,10166,5788,17997,10544,7453,6746,3383,3363
1.0 Scen,2038,471,Walker County,79274,45771,33503,38003,21389,16614,15906,10135,5771,18229,10669,7560,7136,3578,3558
1.0 Scen,2039,471,Walker County,79563,45899,33664,37719,21246,16473,15847,10091,5756,18449,10782,7667,7548,3780,3768
1.0 Scen,2040,471,Walker County,79859,46037,33822,37422,21092,16330,15779,10048,5731,18679,10906,7773,7979,3991,3988
1.0 Scen,2041,471,Walker County,80189,46183,34006,37128,20939,16189,15714,10000,5714,18898,11025,7873,8449,4219,4230
1.0 Scen,2042,471,Walker County,80544,46351,34193,36826,20779,16047,15651,9961,5690,19120,11144,7976,8947,4467,4480
1.0 Scen,2043,471,Walker County,80871,46496,34375,36509,20612,15897,15569,9907,5662,19338,11259,8079,9455,4718,4737
1.0 Scen,2044,471,Walker County,81223,46647,34576,36192,20445,15747,15480,9843,5637,19549,11375,8174,10002,4984,5018
1.0 Scen,2045,471,Walker County,81567,46790,34777,35861,20260,15601,15382,9779,5603,19749,11484,8265,10575,5267,5308
1.0 Scen,2046,471,Walker County,81921,46949,34972,35520,20081,15439,15271,9711,5560,19957,11596,8361,11173,5561,5612
1.0 Scen,2047,471,Walker County,82311,47110,35201,35193,19895,15298,15161,9643,5518,20157,11705,8452,11800,5867,5933
1.0 Scen,2048,471,Walker County,82708,47275,35433,34863,19720,15143,15054,9571,5483,20346,11801,8545,12445,6183,6262
1.0 Scen,2049,471,Walker County,83137,47450,35687,34556,19548,15008,14923,9489,5434,20537,11901,8636,13121,6512,6609
1.0 Scen,2050,471,Walker County,83588,47644,35944,34238,19377,14861,14805,9412,5393,20714,11995,8719,13831,6860,6971
1.0 Scen,2010,473,Waller County,43205,21395,21810,19260,9451,9809,10537,4824,5713,12536,6693,5843,872,427,445
1.0 Scen,2011,473,Waller County,44519,22034,22485,19640,9631,10009,10728,4888,5840,13253,7073,6180,898,442,456
1.0 Scen,2012,473,Waller County,45884,22693,23191,20034,9812,10222,10904,4947,5957,14016,7475,6541,930,459,471
1.0 Scen,2013,473,Waller County,47213,23338,23875,20408,9981,10427,11046,4999,6047,14800,7885,6915,959,473,486
1.0 Scen,2014,473,Waller County,48615,24020,24595,20770,10146,10624,11208,5057,6151,15645,8329,7316,992,488,504
1.0 Scen,2015,473,Waller County,50082,24737,25345,21148,10317,10831,11386,5127,6259,16515,8780,7735,1033,513,520
1.0 Scen,2016,473,Waller County,51530,25437,26093,21504,10474,11030,11538,5177,6361,17423,9257,8166,1065,529,536
1.0 Scen,2017,473,Waller County,53094,26176,26918,21880,10638,11242,11718,5240,6478,18390,9749,8641,1106,549,557
1.0 Scen,2018,473,Waller County,54675,26937,27738,22242,10798,11444,11901,5308,6593,19386,10262,9124,1146,569,577
1.0 Scen,2019,473,Waller County,56297,27714,28583,22600,10956,11644,12082,5371,6711,20430,10800,9630,1185,587,598
1.0 Scen,2020,473,Waller County,58002,28532,29470,22961,11116,11845,12278,5441,6837,21540,11368,10172,1223,607,616
1.0 Scen,2021,473,Waller County,59710,29364,30346,23326,11277,12049,12416,5487,6929,22702,11972,10730,1266,628,638
1.0 Scen,2022,473,Waller County,61487,30236,31251,23680,11436,12244,12565,5540,7025,23925,12605,11320,1317,655,662
1.0 Scen,2023,473,Waller County,63324,31138,32186,24028,11596,12432,12719,5592,7127,25202,13263,11939,1375,687,688
1.0 Scen,2024,473,Waller County,65219,32065,33154,24371,11750,12621,12883,5647,7236,26539,13954,12585,1426,714,712
1.0 Scen,2025,473,Waller County,67189,33027,34162,24702,11897,12805,13051,5695,7356,27942,14686,13256,1494,749,745
1.0 Scen,2026,473,Waller County,69225,34038,35187,25017,12040,12977,13236,5762,7474,29420,15455,13965,1552,781,771
1.0 Scen,2027,473,Waller County,71342,35081,36261,25340,12184,13156,13415,5822,7593,30967,16255,14712,1620,820,800
1.0 Scen,2028,473,Waller County,73505,36145,37360,25630,12312,13318,13601,5884,7717,32582,17087,15495,1692,862,830
1.0 Scen,2029,473,Waller County,75749,37252,38497,25925,12448,13477,13787,5950,7837,34266,17949,16317,1771,905,866
1.0 Scen,2030,473,Waller County,78038,38380,39658,26193,12562,13631,13971,6016,7955,36020,18848,17172,1854,954,900
1.0 Scen,2031,473,Waller County,80382,39534,40848,26430,12671,13759,14167,6085,8082,37847,19777,18070,1938,1001,937
1.0 Scen,2032,473,Waller County,82798,40720,42078,26654,12774,13880,14373,6153,8220,39745,20744,19001,2026,1049,977
1.0 Scen,2033,473,Waller County,85271,41952,43319,26862,12872,13990,14577,6229,8348,41714,21750,19964,2118,1101,1017
1.0 Scen,2034,473,Waller County,87787,43212,44575,27055,12967,14088,14780,6304,8476,43746,22793,20953,2206,1148,1058
1.0 Scen,2035,473,Waller County,90347,44482,45865,27221,13045,14176,14987,6379,8608,45833,23854,21979,2306,1204,1102
1.0 Scen,2036,473,Waller County,92967,45795,47172,27358,13115,14243,15169,6438,8731,48024,24974,23050,2416,1268,1148
1.0 Scen,2037,473,Waller County,95663,47151,48512,27476,13173,14303,15369,6518,8851,50282,26124,24158,2536,1336,1200
1.0 Scen,2038,473,Waller County,98431,48540,49891,27574,13221,14353,15574,6598,8976,52630,27316,25314,2653,1405,1248
1.0 Scen,2039,473,Waller County,101235,49958,51277,27656,13266,14390,15768,6679,9089,55030,28538,26492,2781,1475,1306
1.0 Scen,2040,473,Waller County,104095,51408,52687,27722,13309,14413,15950,6752,9198,57518,29801,27717,2905,1546,1359
1.0 Scen,2041,473,Waller County,107004,52888,54116,27774,13344,14430,16129,6821,9308,60060,31104,28956,3041,1619,1422
1.0 Scen,2042,473,Waller County,109975,54409,55566,27809,13376,14433,16306,6899,9407,62680,32436,30244,3180,1698,1482
1.0 Scen,2043,473,Waller County,113017,55961,57056,27834,13400,14434,16483,6971,9512,65376,33813,31563,3324,1777,1547
1.0 Scen,2044,473,Waller County,116138,57568,58570,27841,13426,14415,16654,7043,9611,68164,35239,32925,3479,1860,1619
1.0 Scen,2045,473,Waller County,119303,59186,60117,27814,13431,14383,16827,7114,9713,71027,36700,34327,3635,1941,1694
1.0 Scen,2046,473,Waller County,122587,60874,61713,27806,13453,14353,16996,7183,9813,73979,38209,35770,3806,2029,1777
1.0 Scen,2047,473,Waller County,125943,62600,63343,27779,13465,14314,17167,7251,9916,77017,39764,37253,3980,2120,1860
1.0 Scen,2048,473,Waller County,129380,64380,65000,27744,13478,14266,17332,7323,10009,80143,41361,38782,4161,2218,1943
1.0 Scen,2049,473,Waller County,132937,66207,66730,27710,13487,14223,17511,7393,10118,83367,43009,40358,4349,2318,2031
1.0 Scen,2050,473,Waller County,136570,68088,68482,27668,13498,14170,17676,7457,10219,86683,44713,41970,4543,2420,2123
1.0 Scen,2010,475,Ward County,10658,5151,5507,4922,2330,2592,474,241,233,5074,2487,2587,188,93,95
1.0 Scen,2011,475,Ward County,10732,5194,5538,4918,2331,2587,476,243,233,5146,2525,2621,192,95,97
1.0 Scen,2012,475,Ward County,10803,5236,5567,4911,2330,2581,482,247,235,5215,2563,2652,195,96,99
1.0 Scen,2013,475,Ward County,10868,5279,5589,4892,2330,2562,487,249,238,5289,2601,2688,200,99,101
1.0 Scen,2014,475,Ward County,10905,5314,5591,4853,2321,2532,491,251,240,5358,2642,2716,203,100,103
1.0 Scen,2015,475,Ward County,10960,5353,5607,4826,2311,2515,497,254,243,5429,2685,2744,208,103,105
1.0 Scen,2016,475,Ward County,11008,5384,5624,4803,2301,2502,502,258,244,5491,2720,2771,212,105,107
1.0 Scen,2017,475,Ward County,11063,5418,5645,4779,2294,2485,508,262,246,5560,2755,2805,216,107,109
1.0 Scen,2018,475,Ward County,11111,5441,5670,4758,2283,2475,512,264,248,5620,2784,2836,221,110,111
1.0 Scen,2019,475,Ward County,11155,5473,5682,4727,2273,2454,518,267,251,5685,2821,2864,225,112,113
1.0 Scen,2020,475,Ward County,11213,5509,5704,4712,2269,2443,522,269,253,5750,2857,2893,229,114,115
1.0 Scen,2021,475,Ward County,11259,5546,5713,4688,2267,2421,526,272,254,5813,2891,2922,232,116,116
1.0 Scen,2022,475,Ward County,11276,5563,5713,4655,2257,2398,531,274,257,5855,2914,2941,235,118,117
1.0 Scen,2023,475,Ward County,11312,5594,5718,4628,2248,2380,536,277,259,5909,2948,2961,239,121,118
1.0 Scen,2024,475,Ward County,11346,5620,5726,4601,2241,2360,542,281,261,5959,2974,2985,244,124,120
1.0 Scen,2025,475,Ward County,11372,5639,5733,4564,2223,2341,549,286,263,6011,3003,3008,248,127,121
1.0 Scen,2026,475,Ward County,11404,5669,5735,4523,2210,2313,557,290,267,6072,3040,3032,252,129,123
1.0 Scen,2027,475,Ward County,11438,5695,5743,4501,2204,2297,558,291,267,6125,3070,3055,254,130,124
1.0 Scen,2028,475,Ward County,11475,5719,5756,4469,2192,2277,564,296,268,6183,3098,3085,259,133,126
1.0 Scen,2029,475,Ward County,11505,5741,5764,4444,2186,2258,568,297,271,6232,3124,3108,261,134,127
1.0 Scen,2030,475,Ward County,11522,5761,5761,4413,2176,2237,569,298,271,6278,3151,3127,262,136,126
1.0 Scen,2031,475,Ward County,11536,5775,5761,4391,2168,2223,569,295,274,6315,3176,3139,261,136,125
1.0 Scen,2032,475,Ward County,11551,5790,5761,4357,2158,2199,571,295,276,6358,3199,3159,265,138,127
1.0 Scen,2033,475,Ward County,11527,5788,5739,4327,2148,2179,565,291,274,6370,3211,3159,265,138,127
1.0 Scen,2034,475,Ward County,11524,5801,5723,4298,2137,2161,556,292,264,6404,3235,3169,266,137,129
1.0 Scen,2035,475,Ward County,11523,5813,5710,4266,2127,2139,552,291,261,6436,3257,3179,269,138,131
1.0 Scen,2036,475,Ward County,11519,5820,5699,4237,2118,2119,549,289,260,6461,3273,3188,272,140,132
1.0 Scen,2037,475,Ward County,11515,5832,5683,4211,2111,2100,548,286,262,6482,3294,3188,274,141,133
1.0 Scen,2038,475,Ward County,11500,5837,5663,4177,2098,2079,541,283,258,6506,3314,3192,276,142,134
1.0 Scen,2039,475,Ward County,11491,5845,5646,4149,2087,2062,538,282,256,6526,3331,3195,278,145,133
1.0 Scen,2040,475,Ward County,11471,5850,5621,4112,2075,2037,532,278,254,6548,3353,3195,279,144,135
1.0 Scen,2041,475,Ward County,11451,5849,5602,4075,2062,2013,526,274,252,6567,3366,3201,283,147,136
1.0 Scen,2042,475,Ward County,11431,5843,5588,4048,2049,1999,522,272,250,6580,3379,3201,281,143,138
1.0 Scen,2043,475,Ward County,11416,5856,5560,4016,2043,1973,519,271,248,6599,3398,3201,282,144,138
1.0 Scen,2044,475,Ward County,11382,5856,5526,3978,2031,1947,515,271,244,6606,3407,3199,283,147,136
1.0 Scen,2045,475,Ward County,11369,5855,5514,3953,2019,1934,510,270,240,6623,3418,3205,283,148,135
1.0 Scen,2046,475,Ward County,11330,5858,5472,3917,2005,1912,509,271,238,6626,3434,3192,278,148,130
1.0 Scen,2047,475,Ward County,11294,5852,5442,3887,1998,1889,504,269,235,6626,3436,3190,277,149,128
1.0 Scen,2048,475,Ward County,11273,5855,5418,3860,1988,1872,499,266,233,6636,3449,3187,278,152,126
1.0 Scen,2049,475,Ward County,11222,5848,5374,3815,1975,1840,496,263,233,6633,3458,3175,278,152,126
1.0 Scen,2050,475,Ward County,11167,5835,5332,3785,1965,1820,486,260,226,6623,3460,3163,273,150,123
1.0 Scen,2010,477,Washington County,33718,16580,17138,22394,10848,11546,5861,2873,2988,4641,2466,2175,822,393,429
1.0 Scen,2011,477,Washington County,34082,16813,17269,22427,10900,11527,5968,2932,3036,4850,2582,2268,837,399,438
1.0 Scen,2012,477,Washington County,34485,17045,17440,22495,10955,11540,6074,2987,3087,5058,2697,2361,858,406,452
1.0 Scen,2013,477,Washington County,34877,17277,17600,22551,11006,11545,6173,3040,3133,5272,2817,2455,881,414,467
1.0 Scen,2014,477,Washington County,35308,17532,17776,22626,11073,11553,6278,3095,3183,5501,2941,2560,903,423,480
1.0 Scen,2015,477,Washington County,35712,17776,17936,22683,11130,11553,6375,3146,3229,5732,3068,2664,922,432,490
1.0 Scen,2016,477,Washington County,36116,18025,18091,22743,11194,11549,6440,3182,3258,5990,3209,2781,943,440,503
1.0 Scen,2017,477,Washington County,36520,18268,18252,22799,11248,11551,6519,3227,3292,6241,3346,2895,961,447,514
1.0 Scen,2018,477,Washington County,36917,18511,18406,22850,11297,11553,6587,3262,3325,6500,3495,3005,980,457,523
1.0 Scen,2019,477,Washington County,37306,18734,18572,22890,11342,11548,6635,3289,3346,6775,3643,3132,1006,460,546
1.0 Scen,2020,477,Washington County,37673,18959,18714,22907,11373,11534,6672,3316,3356,7066,3803,3263,1028,467,561
1.0 Scen,2021,477,Washington County,38066,19197,18869,22939,11414,11525,6718,3345,3373,7355,3960,3395,1054,478,576
1.0 Scen,2022,477,Washington County,38438,19415,19023,22962,11451,11511,6749,3360,3389,7654,4122,3532,1073,482,591
1.0 Scen,2023,477,Washington County,38850,19665,19185,22985,11485,11500,6791,3388,3403,7977,4302,3675,1097,490,607
1.0 Scen,2024,477,Washington County,39248,19910,19338,22998,11516,11482,6822,3418,3404,8302,4479,3823,1126,497,629
1.0 Scen,2025,477,Washington County,39649,20155,19494,22992,11534,11458,6872,3451,3421,8629,4665,3964,1156,505,651
1.0 Scen,2026,477,Washington County,40024,20383,19641,22967,11547,11420,6898,3467,3431,8971,4854,4117,1188,515,673
1.0 Scen,2027,477,Washington County,40403,20612,19791,22937,11556,11381,6930,3485,3445,9319,5050,4269,1217,521,696
1.0 Scen,2028,477,Washington County,40799,20851,19948,22886,11556,11330,6987,3516,3471,9680,5249,4431,1246,530,716
1.0 Scen,2029,477,Washington County,41175,21086,20089,22812,11540,11272,7035,3548,3487,10045,5454,4591,1283,544,739
1.0 Scen,2030,477,Washington County,41527,21283,20244,22730,11519,11211,7060,3561,3499,10413,5649,4764,1324,554,770
1.0 Scen,2031,477,Washington County,41843,21470,20373,22621,11488,11133,7078,3573,3505,10776,5843,4933,1368,566,802
1.0 Scen,2032,477,Washington County,42167,21653,20514,22502,11448,11054,7096,3584,3512,11155,6046,5109,1414,575,839
1.0 Scen,2033,477,Washington County,42491,21845,20646,22380,11409,10971,7112,3598,3514,11528,6246,5282,1471,592,879
1.0 Scen,2034,477,Washington County,42799,22021,20778,22255,11365,10890,7121,3601,3520,11901,6448,5453,1522,607,915
1.0 Scen,2035,477,Washington County,43081,22192,20889,22095,11306,10789,7128,3614,3514,12291,6656,5635,1567,616,951
1.0 Scen,2036,477,Washington County,43387,22367,21020,21927,11247,10680,7150,3626,3524,12692,6865,5827,1618,629,989
1.0 Scen,2037,477,Washington County,43666,22534,21132,21746,11179,10567,7154,3634,3520,13090,7075,6015,1676,646,1030
1.0 Scen,2038,477,Washington County,43943,22716,21227,21558,11105,10453,7157,3646,3511,13498,7304,6194,1730,661,1069
1.0 Scen,2039,477,Washington County,44233,22877,21356,21356,11020,10336,7169,3656,3513,13920,7529,6391,1788,672,1116
1.0 Scen,2040,477,Washington County,44477,23032,21445,21141,10935,10206,7153,3651,3502,14338,7758,6580,1845,688,1157
1.0 Scen,2041,477,Washington County,44749,23205,21544,20939,10862,10077,7143,3646,3497,14768,7996,6772,1899,701,1198
1.0 Scen,2042,477,Washington County,45038,23386,21652,20736,10778,9958,7135,3651,3484,15204,8241,6963,1963,716,1247
1.0 Scen,2043,477,Washington County,45271,23533,21738,20497,10679,9818,7114,3642,3472,15637,8481,7156,2023,731,1292
1.0 Scen,2044,477,Washington County,45527,23714,21813,20271,10593,9678,7081,3632,3449,16086,8738,7348,2089,751,1338
1.0 Scen,2045,477,Washington County,45806,23887,21919,20051,10504,9547,7047,3617,3430,16543,8995,7548,2165,771,1394
1.0 Scen,2046,477,Washington County,46070,24050,22020,19821,10408,9413,7004,3597,3407,17011,9254,7757,2234,791,1443
1.0 Scen,2047,477,Washington County,46334,24222,22112,19593,10313,9280,6958,3583,3375,17474,9518,7956,2309,808,1501
1.0 Scen,2048,477,Washington County,46628,24405,22223,19364,10220,9144,6916,3567,3349,17963,9790,8173,2385,828,1557
1.0 Scen,2049,477,Washington County,46913,24596,22317,19138,10130,9008,6867,3551,3316,18443,10061,8382,2465,854,1611
1.0 Scen,2050,477,Washington County,47223,24781,22442,18927,10040,8887,6814,3533,3281,18938,10337,8601,2544,871,1673
1.0 Scen,2010,479,Webb County,250304,121488,128816,8345,4634,3711,487,335,152,239653,115600,124053,1819,919,900
1.0 Scen,2011,479,Webb County,256485,124693,131792,8408,4662,3746,494,339,155,245683,118733,126950,1900,959,941
1.0 Scen,2012,479,Webb County,262670,127952,134718,8458,4689,3769,500,343,157,251729,121922,129807,1983,998,985
1.0 Scen,2013,479,Webb County,268990,131229,137761,8491,4711,3780,507,346,161,257932,125133,132799,2060,1039,1021
1.0 Scen,2014,479,Webb County,275479,134628,140851,8533,4728,3805,515,351,164,264295,128469,135826,2136,1080,1056
1.0 Scen,2015,479,Webb County,282143,138116,144027,8560,4745,3815,520,353,167,270841,131895,138946,2222,1123,1099
1.0 Scen,2016,479,Webb County,288922,141717,147205,8595,4760,3835,533,362,171,277486,135420,142066,2308,1175,1133
1.0 Scen,2017,479,Webb County,295933,145349,150584,8630,4776,3854,553,374,179,284353,138975,145378,2397,1224,1173
1.0 Scen,2018,479,Webb County,303060,149092,153968,8664,4792,3872,569,385,184,291346,142642,148704,2481,1273,1208
1.0 Scen,2019,479,Webb County,310377,152900,157477,8699,4814,3885,582,393,189,298516,146370,152146,2580,1323,1257
1.0 Scen,2020,479,Webb County,317733,156831,160902,8732,4827,3905,604,408,196,305709,150221,155488,2688,1375,1313
1.0 Scen,2021,479,Webb County,325071,160681,164390,8737,4826,3911,615,413,202,312944,154018,158926,2775,1424,1351
1.0 Scen,2022,479,Webb County,332515,164594,167921,8757,4834,3923,625,420,205,320261,157870,162391,2872,1470,1402
1.0 Scen,2023,479,Webb County,339888,168512,171376,8765,4838,3927,633,424,209,327527,161733,165794,2963,1517,1446
1.0 Scen,2024,479,Webb County,347441,172505,174936,8749,4830,3919,641,430,211,334985,165673,169312,3066,1572,1494
1.0 Scen,2025,479,Webb County,355026,176571,178455,8753,4830,3923,649,435,214,342465,169680,172785,3159,1626,1533
1.0 Scen,2026,479,Webb County,362558,180595,181963,8733,4818,3915,655,438,217,349920,173667,176253,3250,1672,1578
1.0 Scen,2027,479,Webb County,370221,184693,185528,8732,4820,3912,662,440,222,357472,177709,179763,3355,1724,1631
1.0 Scen,2028,479,Webb County,377787,188735,189052,8731,4816,3915,670,445,225,364920,181694,183226,3466,1780,1686
1.0 Scen,2029,479,Webb County,385308,192797,192511,8726,4812,3914,674,446,228,372339,185702,186637,3569,1837,1732
1.0 Scen,2030,479,Webb County,392768,196798,195970,8729,4812,3917,677,448,229,379688,189647,190041,3674,1891,1783
1.0 Scen,2031,479,Webb County,400188,200824,199364,8726,4809,3917,678,446,232,387013,193620,193393,3771,1949,1822
1.0 Scen,2032,479,Webb County,407518,204795,202723,8719,4809,3910,675,445,230,394241,197534,196707,3883,2007,1876
1.0 Scen,2033,479,Webb County,414834,208798,206036,8716,4806,3910,681,449,232,401449,201484,199965,3988,2059,1929
1.0 Scen,2034,479,Webb County,422120,212789,209331,8697,4794,3903,675,450,225,408640,205417,203223,4108,2128,1980
1.0 Scen,2035,479,Webb County,429304,216740,212564,8686,4787,3899,669,450,219,415736,209317,206419,4213,2186,2027
1.0 Scen,2036,479,Webb County,436420,220671,215749,8669,4781,3888,670,449,221,422753,213195,209558,4328,2246,2082
1.0 Scen,2037,479,Webb County,443486,224592,218894,8641,4765,3876,671,448,223,429719,217063,212656,4455,2316,2139
1.0 Scen,2038,479,Webb County,450489,228472,222017,8623,4747,3876,671,447,224,436623,220901,215722,4572,2377,2195
1.0 Scen,2039,479,Webb County,457415,232340,225075,8598,4730,3868,675,449,226,443447,224721,218726,4695,2440,2255
1.0 Scen,2040,479,Webb County,464297,236199,228098,8563,4713,3850,675,446,229,450235,228532,221703,4824,2508,2316
1.0 Scen,2041,479,Webb County,471097,240036,231061,8537,4696,3841,672,444,228,456931,232316,224615,4957,2580,2377
1.0 Scen,2042,479,Webb County,477856,243857,233999,8504,4679,3825,667,440,227,463604,236091,227513,5081,2647,2434
1.0 Scen,2043,479,Webb County,484554,247668,236886,8470,4659,3811,671,440,231,470202,239850,230352,5211,2719,2492
1.0 Scen,2044,479,Webb County,491200,251452,239748,8425,4631,3794,674,442,232,476750,243590,233160,5351,2789,2562
1.0 Scen,2045,479,Webb County,497796,255224,242572,8396,4616,3780,664,436,228,483248,247309,235939,5488,2863,2625
1.0 Scen,2046,479,Webb County,504336,258987,245349,8349,4592,3757,660,431,229,489702,251028,238674,5625,2936,2689
1.0 Scen,2047,479,Webb County,510811,262725,248086,8306,4570,3736,656,426,230,496084,254719,241365,5765,3010,2755
1.0 Scen,2048,479,Webb County,517198,266428,250770,8258,4546,3712,650,422,228,502381,258373,244008,5909,3087,2822
1.0 Scen,2049,479,Webb County,523541,270107,253434,8200,4517,3683,649,418,231,508638,262009,246629,6054,3163,2891
1.0 Scen,2050,479,Webb County,529784,273753,256031,8155,4488,3667,647,417,230,514783,265607,249176,6199,3241,2958
1.0 Scen,2010,481,Wharton County,41280,20291,20989,19681,9461,10220,5668,2693,2975,15445,7893,7552,486,244,242
1.0 Scen,2011,481,Wharton County,41506,20433,21073,19587,9448,10139,5699,2715,2984,15726,8021,7705,494,249,245
1.0 Scen,2012,481,Wharton County,41722,20551,21171,19497,9416,10081,5721,2730,2991,15997,8148,7849,507,257,250
1.0 Scen,2013,481,Wharton County,41911,20657,21254,19386,9381,10005,5737,2741,2996,16271,8274,7997,517,261,256
1.0 Scen,2014,481,Wharton County,42131,20790,21341,19277,9354,9923,5761,2755,3006,16560,8409,8151,533,272,261
1.0 Scen,2015,481,Wharton County,42332,20912,21420,19177,9325,9852,5776,2772,3004,16833,8533,8300,546,282,264
1.0 Scen,2016,481,Wharton County,42519,21031,21488,19077,9301,9776,5788,2785,3003,17100,8658,8442,554,287,267
1.0 Scen,2017,481,Wharton County,42702,21149,21553,18960,9265,9695,5807,2799,3008,17371,8790,8581,564,295,269
1.0 Scen,2018,481,Wharton County,42884,21270,21614,18847,9231,9616,5821,2814,3007,17640,8923,8717,576,302,274
1.0 Scen,2019,481,Wharton County,43069,21388,21681,18727,9190,9537,5821,2824,2997,17935,9066,8869,586,308,278
1.0 Scen,2020,481,Wharton County,43271,21517,21754,18616,9158,9458,5822,2832,2990,18233,9211,9022,600,316,284
1.0 Scen,2021,481,Wharton County,43479,21637,21842,18487,9109,9378,5839,2847,2992,18542,9357,9185,611,324,287
1.0 Scen,2022,481,Wharton County,43697,21770,21927,18373,9067,9306,5851,2862,2989,18854,9511,9343,619,330,289
1.0 Scen,2023,481,Wharton County,43891,21894,21997,18246,9018,9228,5863,2878,2985,19158,9661,9497,624,337,287
1.0 Scen,2024,481,Wharton County,44085,22018,22067,18127,8980,9147,5857,2879,2978,19473,9818,9655,628,341,287
1.0 Scen,2025,481,Wharton County,44282,22144,22138,17990,8929,9061,5866,2893,2973,19793,9978,9815,633,344,289
1.0 Scen,2026,481,Wharton County,44469,22264,22205,17857,8882,8975,5865,2901,2964,20103,10126,9977,644,355,289
1.0 Scen,2027,481,Wharton County,44655,22380,22275,17720,8830,8890,5859,2906,2953,20417,10279,10138,659,365,294
1.0 Scen,2028,481,Wharton County,44826,22486,22340,17565,8769,8796,5865,2916,2949,20726,10428,10298,670,373,297
1.0 Scen,2029,481,Wharton County,44980,22575,22405,17405,8696,8709,5857,2918,2939,21032,10578,10454,686,383,303
1.0 Scen,2030,481,Wharton County,45121,22675,22446,17233,8627,8606,5843,2923,2920,21345,10730,10615,700,395,305
1.0 Scen,2031,481,Wharton County,45216,22739,22477,17054,8551,8503,5830,2921,2909,21618,10858,10760,714,409,305
1.0 Scen,2032,481,Wharton County,45316,22808,22508,16866,8475,8391,5822,2921,2901,21895,10990,10905,733,422,311
1.0 Scen,2033,481,Wharton County,45403,22876,22527,16685,8397,8288,5807,2924,2883,22165,11122,11043,746,433,313
1.0 Scen,2034,481,Wharton County,45453,22914,22539,16480,8306,8174,5786,2917,2869,22424,11245,11179,763,446,317
1.0 Scen,2035,481,Wharton County,45478,22938,22540,16263,8206,8057,5767,2916,2851,22671,11361,11310,777,455,322
1.0 Scen,2036,481,Wharton County,45487,22962,22525,16047,8115,7932,5735,2910,2825,22914,11474,11440,791,463,328
1.0 Scen,2037,481,Wharton County,45463,22949,22514,15806,8004,7802,5714,2897,2817,23140,11578,11562,803,470,333
1.0 Scen,2038,481,Wharton County,45442,22961,22481,15580,7906,7674,5675,2885,2790,23367,11691,11676,820,479,341
1.0 Scen,2039,481,Wharton County,45407,22964,22443,15334,7794,7540,5642,2881,2761,23598,11802,11796,833,487,346
1.0 Scen,2040,481,Wharton County,45368,22954,22414,15099,7691,7408,5610,2870,2740,23805,11897,11908,854,496,358
1.0 Scen,2041,481,Wharton County,45285,22937,22348,14838,7577,7261,5572,2858,2714,24010,12001,12009,865,501,364
1.0 Scen,2042,481,Wharton County,45214,22913,22301,14594,7463,7131,5530,2839,2691,24205,12095,12110,885,516,369
1.0 Scen,2043,481,Wharton County,45145,22901,22244,14347,7351,6996,5487,2826,2661,24405,12195,12210,906,529,377
1.0 Scen,2044,481,Wharton County,45052,22886,22166,14088,7237,6851,5443,2814,2629,24594,12293,12301,927,542,385
1.0 Scen,2045,481,Wharton County,44952,22851,22101,13839,7122,6717,5393,2796,2597,24776,12382,12394,944,551,393
1.0 Scen,2046,481,Wharton County,44845,22824,22021,13602,7019,6583,5339,2778,2561,24951,12469,12482,953,558,395
1.0 Scen,2047,481,Wharton County,44745,22791,21954,13353,6904,6449,5288,2756,2532,25131,12563,12568,973,568,405
1.0 Scen,2048,481,Wharton County,44659,22772,21887,13119,6800,6319,5243,2744,2499,25309,12655,12654,988,573,415
1.0 Scen,2049,481,Wharton County,44553,22739,21814,12886,6695,6191,5194,2724,2470,25468,12735,12733,1005,585,420
1.0 Scen,2050,481,Wharton County,44461,22714,21747,12670,6600,6070,5145,2705,2440,25629,12819,12810,1017,590,427
1.0 Scen,2010,483,Wheeler County,5410,2661,2749,3847,1867,1980,112,53,59,1344,697,647,107,44,63
1.0 Scen,2011,483,Wheeler County,5469,2696,2773,3847,1870,1977,114,54,60,1400,727,673,108,45,63
1.0 Scen,2012,483,Wheeler County,5514,2722,2792,3833,1868,1965,115,55,60,1458,754,704,108,45,63
1.0 Scen,2013,483,Wheeler County,5562,2756,2806,3816,1867,1949,117,56,61,1520,787,733,109,46,63
1.0 Scen,2014,483,Wheeler County,5601,2789,2812,3788,1866,1922,119,57,62,1584,821,763,110,45,65
1.0 Scen,2015,483,Wheeler County,5637,2808,2829,3751,1848,1903,122,58,64,1653,856,797,111,46,65
1.0 Scen,2016,483,Wheeler County,5683,2840,2843,3724,1839,1885,123,58,65,1723,896,827,113,47,66
1.0 Scen,2017,483,Wheeler County,5740,2880,2860,3700,1832,1868,125,59,66,1799,940,859,116,49,67
1.0 Scen,2018,483,Wheeler County,5800,2915,2885,3681,1825,1856,128,61,67,1874,980,894,117,49,68
1.0 Scen,2019,483,Wheeler County,5865,2953,2912,3664,1818,1846,130,62,68,1952,1023,929,119,50,69
1.0 Scen,2020,483,Wheeler County,5934,2996,2938,3643,1811,1832,132,63,69,2039,1072,967,120,50,70
1.0 Scen,2021,483,Wheeler County,5998,3036,2962,3619,1804,1815,134,64,70,2123,1117,1006,122,51,71
1.0 Scen,2022,483,Wheeler County,6064,3077,2987,3594,1795,1799,136,65,71,2210,1165,1045,124,52,72
1.0 Scen,2023,483,Wheeler County,6123,3119,3004,3561,1783,1778,137,66,71,2302,1218,1084,123,52,71
1.0 Scen,2024,483,Wheeler County,6197,3169,3028,3540,1781,1759,139,67,72,2394,1269,1125,124,52,72
1.0 Scen,2025,483,Wheeler County,6270,3218,3052,3517,1777,1740,141,68,73,2486,1320,1166,126,53,73
1.0 Scen,2026,483,Wheeler County,6377,3278,3099,3502,1770,1732,143,69,74,2604,1385,1219,128,54,74
1.0 Scen,2027,483,Wheeler County,6462,3330,3132,3470,1760,1710,144,69,75,2718,1446,1272,130,55,75
1.0 Scen,2028,483,Wheeler County,6549,3379,3170,3440,1746,1694,144,69,75,2833,1508,1325,132,56,76
1.0 Scen,2029,483,Wheeler County,6638,3435,3203,3405,1735,1670,146,70,76,2956,1573,1383,131,57,74
1.0 Scen,2030,483,Wheeler County,6723,3491,3232,3368,1722,1646,147,70,77,3077,1641,1436,131,58,73
1.0 Scen,2031,483,Wheeler County,6827,3557,3270,3338,1716,1622,148,71,77,3209,1711,1498,132,59,73
1.0 Scen,2032,483,Wheeler County,6922,3610,3312,3302,1700,1602,149,71,78,3337,1780,1557,134,59,75
1.0 Scen,2033,483,Wheeler County,7027,3676,3351,3267,1686,1581,149,72,77,3475,1856,1619,136,62,74
1.0 Scen,2034,483,Wheeler County,7131,3736,3395,3237,1677,1560,149,72,77,3610,1927,1683,135,60,75
1.0 Scen,2035,483,Wheeler County,7221,3797,3424,3196,1659,1537,148,73,75,3742,2004,1738,135,61,74
1.0 Scen,2036,483,Wheeler County,7344,3868,3476,3160,1646,1514,149,73,76,3898,2087,1811,137,62,75
1.0 Scen,2037,483,Wheeler County,7444,3925,3519,3112,1622,1490,150,74,76,4045,2166,1879,137,63,74
1.0 Scen,2038,483,Wheeler County,7558,3992,3566,3079,1612,1467,149,73,76,4193,2244,1949,137,63,74
1.0 Scen,2039,483,Wheeler County,7685,4064,3621,3046,1604,1442,148,73,75,4352,2323,2029,139,64,75
1.0 Scen,2040,483,Wheeler County,7808,4130,3678,3011,1588,1423,149,73,76,4510,2407,2103,138,62,76
1.0 Scen,2041,483,Wheeler County,7947,4215,3732,2979,1579,1400,147,73,74,4682,2500,2182,139,63,76
1.0 Scen,2042,483,Wheeler County,8079,4293,3786,2943,1562,1381,146,73,73,4851,2594,2257,139,64,75
1.0 Scen,2043,483,Wheeler County,8191,4361,3830,2895,1539,1356,145,73,72,5012,2685,2327,139,64,75
1.0 Scen,2044,483,Wheeler County,8336,4447,3889,2860,1524,1336,143,72,71,5192,2786,2406,141,65,76
1.0 Scen,2045,483,Wheeler County,8477,4534,3943,2815,1507,1308,142,72,70,5380,2889,2491,140,66,74
1.0 Scen,2046,483,Wheeler County,8624,4628,3996,2783,1500,1283,141,72,69,5562,2990,2572,138,66,72
1.0 Scen,2047,483,Wheeler County,8776,4714,4062,2753,1488,1265,140,72,68,5748,3090,2658,135,64,71
1.0 Scen,2048,483,Wheeler County,8919,4789,4130,2719,1473,1246,138,71,67,5928,3183,2745,134,62,72
1.0 Scen,2049,483,Wheeler County,9095,4897,4198,2693,1464,1229,136,69,67,6131,3301,2830,135,63,72
1.0 Scen,2050,483,Wheeler County,9249,4983,4266,2665,1452,1213,135,68,67,6314,3401,2913,135,62,73
1.0 Scen,2010,485,Wichita County,131500,67438,64062,90001,45226,44775,13322,7287,6035,21859,11817,10042,6318,3108,3210
1.0 Scen,2011,485,Wichita County,131327,67362,63965,88998,44725,44273,13365,7313,6052,22463,12125,10338,6501,3199,3302
1.0 Scen,2012,485,Wichita County,131538,67518,64020,88314,44411,43903,13442,7360,6082,23089,12443,10646,6693,3304,3389
1.0 Scen,2013,485,Wichita County,131817,67713,64104,87685,44131,43554,13522,7404,6118,23752,12783,10969,6858,3395,3463
1.0 Scen,2014,485,Wichita County,132038,67862,64176,87020,43825,43195,13579,7440,6139,24406,13114,11292,7033,3483,3550
1.0 Scen,2015,485,Wichita County,132279,68044,64235,86338,43518,42820,13648,7486,6162,25090,13466,11624,7203,3574,3629
1.0 Scen,2016,485,Wichita County,132468,68195,64273,85613,43184,42429,13703,7526,6177,25771,13819,11952,7381,3666,3715
1.0 Scen,2017,485,Wichita County,132676,68352,64324,84869,42845,42024,13777,7565,6212,26471,14184,12287,7559,3758,3801
1.0 Scen,2018,485,Wichita County,132912,68536,64376,84119,42503,41616,13838,7605,6233,27214,14577,12637,7741,3851,3890
1.0 Scen,2019,485,Wichita County,133147,68710,64437,83336,42142,41194,13910,7650,6260,27967,14971,12996,7934,3947,3987
1.0 Scen,2020,485,Wichita County,133363,68898,64465,82554,41797,40757,13972,7687,6285,28739,15376,13363,8098,4038,4060
1.0 Scen,2021,485,Wichita County,133675,69108,64567,81784,41445,40339,14038,7723,6315,29555,15804,13751,8298,4136,4162
1.0 Scen,2022,485,Wichita County,133969,69320,64649,81019,41101,39918,14087,7755,6332,30368,16226,14142,8495,4238,4257
1.0 Scen,2023,485,Wichita County,134269,69540,64729,80248,40757,39491,14133,7785,6348,31199,16659,14540,8689,4339,4350
1.0 Scen,2024,485,Wichita County,134596,69764,64832,79464,40402,39062,14183,7814,6369,32052,17105,14947,8897,4443,4454
1.0 Scen,2025,485,Wichita County,134931,70000,64931,78685,40052,38633,14230,7843,6387,32917,17552,15365,9099,4553,4546
1.0 Scen,2026,485,Wichita County,135266,70212,65054,77919,39704,38215,14263,7853,6410,33774,17993,15781,9310,4662,4648
1.0 Scen,2027,485,Wichita County,135594,70433,65161,77115,39339,37776,14296,7869,6427,34658,18452,16206,9525,4773,4752
1.0 Scen,2028,485,Wichita County,135924,70663,65261,76310,38973,37337,14322,7888,6434,35551,18914,16637,9741,4888,4853
1.0 Scen,2029,485,Wichita County,136212,70863,65349,75463,38586,36877,14338,7895,6443,36453,19383,17070,9958,4999,4959
1.0 Scen,2030,485,Wichita County,136496,71071,65425,74606,38192,36414,14348,7900,6448,37355,19858,17497,10187,5121,5066
1.0 Scen,2031,485,Wichita County,136782,71257,65525,73750,37793,35957,14347,7898,6449,38262,20323,17939,10423,5243,5180
1.0 Scen,2032,485,Wichita County,137067,71451,65616,72892,37391,35501,14350,7896,6454,39174,20802,18372,10651,5362,5289
1.0 Scen,2033,485,Wichita County,137324,71630,65694,72015,36985,35030,14338,7885,6453,40096,21282,18814,10875,5478,5397
1.0 Scen,2034,485,Wichita County,137575,71808,65767,71125,36573,34552,14337,7883,6454,41009,21755,19254,11104,5597,5507
1.0 Scen,2035,485,Wichita County,137792,71965,65827,70238,36153,34085,14314,7872,6442,41912,22224,19688,11328,5716,5612
1.0 Scen,2036,485,Wichita County,137978,72113,65865,69322,35724,33598,14286,7858,6428,42816,22698,20118,11554,5833,5721
1.0 Scen,2037,485,Wichita County,138139,72241,65898,68399,35288,33111,14251,7837,6414,43710,23165,20545,11779,5951,5828
1.0 Scen,2038,485,Wichita County,138272,72359,65913,67472,34850,32622,14207,7815,6392,44589,23629,20960,12004,6065,5939
1.0 Scen,2039,485,Wichita County,138383,72462,65921,66528,34405,32123,14161,7790,6371,45470,24091,21379,12224,6176,6048
1.0 Scen,2040,485,Wichita County,138494,72564,65930,65586,33957,31629,14107,7761,6346,46343,24548,21795,12458,6298,6160
1.0 Scen,2041,485,Wichita County,138598,72658,65940,64641,33506,31135,14045,7725,6320,47223,25009,22214,12689,6418,6271
1.0 Scen,2042,485,Wichita County,138672,72744,65928,63692,33058,30634,13983,7692,6291,48091,25466,22625,12906,6528,6378
1.0 Scen,2043,485,Wichita County,138718,72825,65893,62723,32612,30111,13911,7649,6262,48961,25923,23038,13123,6641,6482
1.0 Scen,2044,485,Wichita County,138802,72914,65888,61767,32160,29607,13835,7604,6231,49838,26386,23452,13362,6764,6598
1.0 Scen,2045,485,Wichita County,138870,72987,65883,60832,31711,29121,13748,7552,6196,50705,26844,23861,13585,6880,6705
1.0 Scen,2046,485,Wichita County,138949,73061,65888,59890,31255,28635,13667,7508,6159,51579,27305,24274,13813,6993,6820
1.0 Scen,2047,485,Wichita County,139027,73150,65877,58970,30820,28150,13577,7457,6120,52443,27767,24676,14037,7106,6931
1.0 Scen,2048,485,Wichita County,139105,73238,65867,58061,30388,27673,13472,7402,6070,53313,28231,25082,14259,7217,7042
1.0 Scen,2049,485,Wichita County,139214,73347,65867,57179,29970,27209,13373,7349,6024,54175,28693,25482,14487,7335,7152
1.0 Scen,2050,485,Wichita County,139319,73442,65877,56305,29551,26754,13274,7293,5981,55032,29151,25881,14708,7447,7261
1.0 Scen,2010,487,Wilbarger County,13535,6736,6799,8585,4211,4374,1049,556,493,3508,1776,1732,393,193,200
1.0 Scen,2011,487,Wilbarger County,13684,6827,6857,8587,4223,4364,1064,567,497,3631,1839,1792,402,198,204
1.0 Scen,2012,487,Wilbarger County,13792,6910,6882,8557,4228,4329,1078,576,502,3744,1902,1842,413,204,209
1.0 Scen,2013,487,Wilbarger County,13929,7003,6926,8537,4234,4303,1094,589,505,3872,1970,1902,426,210,216
1.0 Scen,2014,487,Wilbarger County,14080,7091,6989,8537,4240,4297,1108,598,510,4000,2038,1962,435,215,220
1.0 Scen,2015,487,Wilbarger County,14220,7183,7037,8517,4240,4277,1120,607,513,4134,2112,2022,449,224,225
1.0 Scen,2016,487,Wilbarger County,14359,7278,7081,8500,4244,4256,1132,617,515,4267,2187,2080,460,230,230
1.0 Scen,2017,487,Wilbarger County,14495,7370,7125,8485,4248,4237,1144,626,518,4398,2261,2137,468,235,233
1.0 Scen,2018,487,Wilbarger County,14614,7450,7164,8458,4247,4211,1156,636,520,4523,2327,2196,477,240,237
1.0 Scen,2019,487,Wilbarger County,14762,7538,7224,8440,4243,4197,1168,644,524,4666,2405,2261,488,246,242
1.0 Scen,2020,487,Wilbarger County,14897,7627,7270,8414,4243,4171,1177,655,522,4810,2479,2331,496,250,246
1.0 Scen,2021,487,Wilbarger County,15017,7711,7306,8383,4237,4146,1187,665,522,4948,2556,2392,499,253,246
1.0 Scen,2022,487,Wilbarger County,15148,7797,7351,8347,4230,4117,1202,674,528,5097,2636,2461,502,257,245
1.0 Scen,2023,487,Wilbarger County,15284,7881,7403,8307,4217,4090,1211,679,532,5255,2722,2533,511,263,248
1.0 Scen,2024,487,Wilbarger County,15426,7977,7449,8279,4215,4064,1222,687,535,5412,2810,2602,513,265,248
1.0 Scen,2025,487,Wilbarger County,15547,8057,7490,8243,4205,4038,1230,695,535,5558,2891,2667,516,266,250
1.0 Scen,2026,487,Wilbarger County,15675,8143,7532,8202,4195,4007,1233,702,531,5717,2976,2741,523,270,253
1.0 Scen,2027,487,Wilbarger County,15812,8227,7585,8173,4185,3988,1232,709,523,5879,3060,2819,528,273,255
1.0 Scen,2028,487,Wilbarger County,15925,8302,7623,8117,4164,3953,1233,714,519,6044,3149,2895,531,275,256
1.0 Scen,2029,487,Wilbarger County,16069,8397,7672,8074,4151,3923,1238,719,519,6221,3248,2973,536,279,257
1.0 Scen,2030,487,Wilbarger County,16186,8467,7719,8023,4129,3894,1240,721,519,6381,3334,3047,542,283,259
1.0 Scen,2031,487,Wilbarger County,16305,8544,7761,7976,4119,3857,1245,728,517,6537,3411,3126,547,286,261
1.0 Scen,2032,487,Wilbarger County,16407,8613,7794,7920,4095,3825,1240,726,514,6697,3502,3195,550,290,260
1.0 Scen,2033,487,Wilbarger County,16520,8679,7841,7856,4072,3784,1243,728,515,6863,3586,3277,558,293,265
1.0 Scen,2034,487,Wilbarger County,16626,8747,7879,7797,4051,3746,1241,728,513,7025,3673,3352,563,295,268
1.0 Scen,2035,487,Wilbarger County,16717,8808,7909,7731,4022,3709,1236,727,509,7176,3757,3419,574,302,272
1.0 Scen,2036,487,Wilbarger County,16810,8871,7939,7662,3997,3665,1236,726,510,7332,3842,3490,580,306,274
1.0 Scen,2037,487,Wilbarger County,16903,8942,7961,7608,3982,3626,1222,719,503,7485,3930,3555,588,311,277
1.0 Scen,2038,487,Wilbarger County,17013,9010,8003,7548,3959,3589,1218,716,502,7656,4020,3636,591,315,276
1.0 Scen,2039,487,Wilbarger County,17089,9065,8024,7471,3928,3543,1207,708,499,7816,4109,3707,595,320,275
1.0 Scen,2040,487,Wilbarger County,17182,9133,8049,7397,3899,3498,1201,707,494,7977,4201,3776,607,326,281
1.0 Scen,2041,487,Wilbarger County,17274,9196,8078,7319,3868,3451,1194,703,491,8144,4291,3853,617,334,283
1.0 Scen,2042,487,Wilbarger County,17360,9265,8095,7241,3835,3406,1181,701,480,8310,4388,3922,628,341,287
1.0 Scen,2043,487,Wilbarger County,17439,9333,8106,7157,3801,3356,1170,698,472,8471,4484,3987,641,350,291
1.0 Scen,2044,487,Wilbarger County,17535,9403,8132,7083,3772,3311,1162,697,465,8638,4577,4061,652,357,295
1.0 Scen,2045,487,Wilbarger County,17629,9464,8165,6999,3732,3267,1156,692,464,8812,4677,4135,662,363,299
1.0 Scen,2046,487,Wilbarger County,17718,9539,8179,6914,3701,3213,1149,689,460,8988,4780,4208,667,369,298
1.0 Scen,2047,487,Wilbarger County,17799,9604,8195,6835,3667,3168,1135,686,449,9157,4878,4279,672,373,299
1.0 Scen,2048,487,Wilbarger County,17887,9669,8218,6747,3634,3113,1128,684,444,9330,4974,4356,682,377,305
1.0 Scen,2049,487,Wilbarger County,17969,9739,8230,6661,3597,3064,1118,683,435,9494,5071,4423,696,388,308
1.0 Scen,2050,487,Wilbarger County,18076,9811,8265,6583,3562,3021,1115,683,432,9668,5168,4500,710,398,312
1.0 Scen,2010,489,Willacy County,22134,12030,10104,2235,1221,1014,389,350,39,19297,10308,8989,213,151,62
1.0 Scen,2011,489,Willacy County,22590,12286,10304,2251,1231,1020,392,353,39,19732,10550,9182,215,152,63
1.0 Scen,2012,489,Willacy County,23043,12539,10504,2262,1234,1028,394,354,40,20170,10798,9372,217,153,64
1.0 Scen,2013,489,Willacy County,23521,12814,10707,2276,1240,1036,398,358,40,20626,11060,9566,221,156,65
1.0 Scen,2014,489,Willacy County,23979,13072,10907,2285,1244,1041,398,358,40,21072,11311,9761,224,159,65
1.0 Scen,2015,489,Willacy County,24444,13340,11104,2292,1249,1043,402,362,40,21521,11567,9954,229,162,67
1.0 Scen,2016,489,Willacy County,24899,13601,11298,2297,1253,1044,401,360,41,21973,11826,10147,228,162,66
1.0 Scen,2017,489,Willacy County,25386,13882,11504,2309,1263,1046,403,362,41,22438,12090,10348,236,167,69
1.0 Scen,2018,489,Willacy County,25859,14145,11714,2311,1264,1047,406,363,43,22904,12350,10554,238,168,70
1.0 Scen,2019,489,Willacy County,26341,14423,11918,2312,1272,1040,409,366,43,23383,12619,10764,237,166,71
1.0 Scen,2020,489,Willacy County,26817,14694,12123,2312,1273,1039,408,364,44,23857,12889,10968,240,168,72
1.0 Scen,2021,489,Willacy County,27308,14973,12335,2322,1277,1045,414,370,44,24325,13152,11173,247,174,73
1.0 Scen,2022,489,Willacy County,27792,15248,12544,2324,1279,1045,413,369,44,24802,13422,11380,253,178,75
1.0 Scen,2023,489,Willacy County,28260,15504,12756,2326,1279,1047,409,365,44,25270,13681,11589,255,179,76
1.0 Scen,2024,489,Willacy County,28738,15765,12973,2326,1281,1045,406,362,44,25746,13940,11806,260,182,78
1.0 Scen,2025,489,Willacy County,29227,16045,13182,2334,1282,1052,408,364,44,26220,14211,12009,265,188,77
1.0 Scen,2026,489,Willacy County,29699,16325,13374,2331,1286,1045,407,363,44,26693,14487,12206,268,189,79
1.0 Scen,2027,489,Willacy County,30169,16597,13572,2330,1288,1042,401,357,44,27162,14756,12406,276,196,80
1.0 Scen,2028,489,Willacy County,30636,16872,13764,2332,1294,1038,398,354,44,27626,15023,12603,280,201,79
1.0 Scen,2029,489,Willacy County,31087,17143,13944,2328,1299,1029,395,352,43,28080,15288,12792,284,204,80
1.0 Scen,2030,489,Willacy County,31526,17402,14124,2322,1301,1021,393,350,43,28524,15544,12980,287,207,80
1.0 Scen,2031,489,Willacy County,31963,17658,14305,2310,1297,1013,391,348,43,28970,15800,13170,292,213,79
1.0 Scen,2032,489,Willacy County,32388,17914,14474,2299,1293,1006,389,347,42,29403,16057,13346,297,217,80
1.0 Scen,2033,489,Willacy County,32797,18159,14638,2273,1282,991,387,346,41,29834,16309,13525,303,222,81
1.0 Scen,2034,489,Willacy County,33229,18419,14810,2262,1285,977,387,345,42,30271,16562,13709,309,227,82
1.0 Scen,2035,489,Willacy County,33649,18665,14984,2257,1287,970,386,344,42,30691,16801,13890,315,233,82
1.0 Scen,2036,489,Willacy County,34095,18935,15160,2254,1289,965,388,345,43,31127,17058,14069,326,243,83
1.0 Scen,2037,489,Willacy County,34531,19203,15328,2246,1291,955,387,346,41,31565,17317,14248,333,249,84
1.0 Scen,2038,489,Willacy County,34953,19459,15494,2235,1287,948,385,345,40,31992,17570,14422,341,257,84
1.0 Scen,2039,489,Willacy County,35385,19725,15660,2219,1286,933,384,344,40,32432,17829,14603,350,266,84
1.0 Scen,2040,489,Willacy County,35787,19975,15812,2200,1280,920,379,341,38,32853,18084,14769,355,270,85
1.0 Scen,2041,489,Willacy County,36203,20225,15978,2181,1271,910,373,335,38,33284,18341,14943,365,278,87
1.0 Scen,2042,489,Willacy County,36612,20478,16134,2171,1269,902,372,335,37,33697,18590,15107,372,284,88
1.0 Scen,2043,489,Willacy County,37015,20729,16286,2150,1269,881,365,329,36,34124,18844,15280,376,287,89
1.0 Scen,2044,489,Willacy County,37401,20970,16431,2132,1267,865,361,325,36,34526,19086,15440,382,292,90
1.0 Scen,2045,489,Willacy County,37790,21203,16587,2117,1260,857,359,324,35,34931,19326,15605,383,293,90
1.0 Scen,2046,489,Willacy County,38184,21454,16730,2108,1261,847,354,321,33,35338,19576,15762,384,296,88
1.0 Scen,2047,489,Willacy County,38552,21686,16866,2091,1259,832,348,315,33,35729,19815,15914,384,297,87
1.0 Scen,2048,489,Willacy County,38935,21920,17015,2073,1254,819,345,312,33,36132,20056,16076,385,298,87
1.0 Scen,2049,489,Willacy County,39320,22159,17161,2067,1253,814,343,310,33,36522,20296,16226,388,300,88
1.0 Scen,2050,489,Willacy County,39693,22392,17301,2055,1254,801,334,301,33,36917,20538,16379,387,299,88
1.0 Scen,2010,491,Williamson County,422679,208032,214647,269481,132222,137259,24744,12157,12587,98034,49062,48972,30420,14591,15829
1.0 Scen,2011,491,Williamson County,440451,216015,224436,277547,135429,142118,26060,12795,13265,104450,52247,52203,32394,15544,16850
1.0 Scen,2012,491,Williamson County,458886,224296,234590,285771,138660,147111,27432,13463,13969,111269,55645,55624,34414,16528,17886
1.0 Scen,2013,491,Williamson County,478059,232880,245179,294100,141916,152184,28851,14142,14709,118533,59251,59282,36575,17571,19004
1.0 Scen,2014,491,Williamson County,498102,241752,256350,302647,145161,157486,30352,14867,15485,126268,63083,63185,38835,18641,20194
1.0 Scen,2015,491,Williamson County,518755,250956,267799,311263,148427,162836,31897,15609,16288,134472,67169,67303,41123,19751,21372
1.0 Scen,2016,491,Williamson County,540242,260503,279739,319983,151704,168279,33519,16393,17126,143208,71508,71700,43532,20898,22634
1.0 Scen,2017,491,Williamson County,562337,270327,292010,328718,154943,173775,35200,17199,18001,152419,76086,76333,46000,22099,23901
1.0 Scen,2018,491,Williamson County,585398,280537,304861,337608,158190,179418,36941,18043,18898,162193,80954,81239,48656,23350,25306
1.0 Scen,2019,491,Williamson County,609155,291072,318083,346493,161384,185109,38759,18913,19846,172544,86116,86428,51359,24659,26700
1.0 Scen,2020,491,Williamson County,633783,302000,331783,355456,164578,190878,40641,19823,20818,183502,91578,91924,54184,26021,28163
1.0 Scen,2021,491,Williamson County,659547,313477,346070,364590,167841,196749,42584,20760,21824,195106,97380,97726,57267,27496,29771
1.0 Scen,2022,491,Williamson County,686222,325414,360808,373840,171104,202736,44599,21733,22866,207384,103544,103840,60399,29033,31366
1.0 Scen,2023,491,Williamson County,713885,337746,376139,383132,174346,208786,46661,22727,23934,220404,110047,110357,63688,30626,33062
1.0 Scen,2024,491,Williamson County,742742,350614,392128,392479,177573,214906,48802,23742,25060,234108,116926,117182,67353,32373,34980
1.0 Scen,2025,491,Williamson County,772633,364032,408601,401952,180859,221093,51001,24798,26203,248565,124173,124392,71115,34202,36913
1.0 Scen,2026,491,Williamson County,803669,378000,425669,411493,184158,227335,53284,25885,27399,263830,131816,132014,75062,36141,38921
1.0 Scen,2027,491,Williamson County,835947,392522,443425,421097,187450,233647,55644,27017,28627,279881,139853,140028,79325,38202,41123
1.0 Scen,2028,491,Williamson County,869454,407695,461759,430805,190794,240011,58063,28177,29886,296803,148351,148452,83783,40373,43410
1.0 Scen,2029,491,Williamson County,904349,423549,480800,440596,194162,246434,60586,29401,31185,314630,157276,157354,88537,42710,45827
1.0 Scen,2030,491,Williamson County,940542,440057,500485,450498,197564,252934,63143,30639,32504,333323,166656,166667,93578,45198,48380
1.0 Scen,2031,491,Williamson County,978053,457167,520886,460465,200991,259474,65804,31920,33884,352984,176496,176488,98800,47760,51040
1.0 Scen,2032,491,Williamson County,1017106,475037,542069,470520,204433,266087,68523,33232,35291,373622,186848,186774,104441,50524,53917
1.0 Scen,2033,491,Williamson County,1057488,493585,563903,480545,207870,272675,71323,34586,36737,395255,197679,197576,110365,53450,56915
1.0 Scen,2034,491,Williamson County,1099211,512806,586405,490501,211265,279236,74170,35974,38196,417967,209057,208910,116573,56510,60063
1.0 Scen,2035,491,Williamson County,1142416,532785,609631,500474,214700,285774,77117,37394,39723,441727,220956,220771,123098,59735,63363
1.0 Scen,2036,491,Williamson County,1186878,553344,633534,510386,218101,292285,80016,38747,41269,466609,233408,233201,129867,63088,66779
1.0 Scen,2037,491,Williamson County,1233090,574871,658219,520250,221468,298782,83186,40325,42861,492680,246481,246199,136974,66597,70377
1.0 Scen,2038,491,Williamson County,1280861,597213,683648,530084,224835,305249,86345,41871,44474,519925,260145,259780,144507,70362,74145
1.0 Scen,2039,491,Williamson County,1330087,620230,709857,539811,228140,311671,89523,43437,46086,548422,274445,273977,152331,74208,78123
1.0 Scen,2040,491,Williamson County,1380749,643997,736752,549478,231430,318048,92752,44984,47768,578151,289376,288775,160368,78207,82161
1.0 Scen,2041,491,Williamson County,1433102,668646,764456,559027,234662,324365,96123,46649,49474,609215,304990,304225,168737,82345,86392
1.0 Scen,2042,491,Williamson County,1487032,694134,792898,568460,237861,330599,99457,48324,51133,641639,321318,320321,177476,86631,90845
1.0 Scen,2043,491,Williamson County,1542525,720381,822144,577726,240976,336750,102914,49982,52932,675429,338365,337064,186456,91058,95398
1.0 Scen,2044,491,Williamson County,1599529,747484,852045,586827,244033,342794,106418,51746,54672,710625,356144,354481,195659,95561,100098
1.0 Scen,2045,491,Williamson County,1658164,775444,882720,595759,247010,348749,109930,53466,56464,747207,374647,372560,205268,100321,104947
1.0 Scen,2046,491,Williamson County,1718357,804217,914140,604520,249915,354605,113488,55235,58253,785287,393946,391341,215062,105121,109941
1.0 Scen,2047,491,Williamson County,1780346,833962,946384,613140,252759,360381,117157,57070,60087,824886,414062,410824,225163,110071,115092
1.0 Scen,2048,491,Williamson County,1844064,864674,979390,621647,255572,366075,120828,58899,61929,866003,434954,431049,235586,115249,120337
1.0 Scen,2049,491,Williamson County,1909553,896256,1013297,630020,258317,371703,124492,60751,63741,908694,456678,452016,246347,120510,125837
1.0 Scen,2050,491,Williamson County,1976958,928868,1048090,638298,261029,377269,128269,62637,65632,953005,479267,473738,257386,125935,131451
1.0 Scen,2010,493,Wilson County,42918,21372,21546,25186,12578,12608,644,344,300,16412,8143,8269,676,307,369
1.0 Scen,2011,493,Wilson County,44257,22032,22225,25877,12918,12959,655,350,305,17014,8440,8574,711,324,387
1.0 Scen,2012,493,Wilson County,45600,22716,22884,26577,13271,13306,666,359,307,17608,8743,8865,749,343,406
1.0 Scen,2013,493,Wilson County,47002,23407,23595,27294,13616,13678,678,367,311,18243,9064,9179,787,360,427
1.0 Scen,2014,493,Wilson County,48409,24115,24294,28015,13976,14039,691,374,317,18879,9385,9494,824,380,444
1.0 Scen,2015,493,Wilson County,49833,24813,25020,28734,14321,14413,703,380,323,19530,9709,9821,866,403,463
1.0 Scen,2016,493,Wilson County,51296,25551,25745,29463,14679,14784,721,391,330,20202,10055,10147,910,426,484
1.0 Scen,2017,493,Wilson County,52760,26277,26483,30191,15031,15160,734,401,333,20883,10397,10486,952,448,504
1.0 Scen,2018,493,Wilson County,54265,27032,27233,30912,15383,15529,752,410,342,21600,10761,10839,1001,478,523
1.0 Scen,2019,493,Wilson County,55778,27781,27997,31637,15731,15906,767,419,348,22326,11125,11201,1048,506,542
1.0 Scen,2020,493,Wilson County,57292,28533,28759,32363,16078,16285,780,428,352,23052,11495,11557,1097,532,565
1.0 Scen,2021,493,Wilson County,58819,29293,29526,33072,16418,16654,796,439,357,23803,11875,11928,1148,561,587
1.0 Scen,2022,493,Wilson County,60378,30065,30313,33790,16761,17029,817,449,368,24571,12264,12307,1200,591,609
1.0 Scen,2023,493,Wilson County,61956,30852,31104,34511,17107,17404,837,464,373,25350,12659,12691,1258,622,636
1.0 Scen,2024,493,Wilson County,63561,31653,31908,35245,17464,17781,851,474,377,26155,13063,13092,1310,652,658
1.0 Scen,2025,493,Wilson County,65174,32462,32712,35965,17815,18150,869,487,382,26970,13475,13495,1370,685,685
1.0 Scen,2026,493,Wilson County,66771,33248,33523,36681,18157,18524,880,494,386,27781,13878,13903,1429,719,710
1.0 Scen,2027,493,Wilson County,68420,34068,34352,37405,18512,18893,890,501,389,28634,14300,14334,1491,755,736
1.0 Scen,2028,493,Wilson County,70064,34884,35180,38128,18867,19261,894,499,395,29491,14728,14763,1551,790,761
1.0 Scen,2029,493,Wilson County,71721,35707,36014,38847,19225,19622,902,497,405,30355,15161,15194,1617,824,793
1.0 Scen,2030,493,Wilson County,73396,36549,36847,39578,19587,19991,906,495,411,31224,15599,15625,1688,868,820
1.0 Scen,2031,493,Wilson County,75068,37378,37690,40291,19943,20348,903,488,415,32110,16033,16077,1764,914,850
1.0 Scen,2032,493,Wilson County,76726,38203,38523,40989,20296,20693,893,473,420,32998,16473,16525,1846,961,885
1.0 Scen,2033,493,Wilson County,78378,39030,39348,41674,20644,21030,892,468,424,33885,16911,16974,1927,1007,920
1.0 Scen,2034,493,Wilson County,80022,39873,40149,42343,20987,21356,886,467,419,34786,17361,17425,2007,1058,949
1.0 Scen,2035,493,Wilson County,81650,40708,40942,42995,21319,21676,878,464,414,35681,17809,17872,2096,1116,980
1.0 Scen,2036,493,Wilson County,83330,41571,41759,43653,21664,21989,875,458,417,36612,18277,18335,2190,1172,1018
1.0 Scen,2037,493,Wilson County,84954,42400,42554,44264,21981,22283,868,454,414,37532,18734,18798,2290,1231,1059
1.0 Scen,2038,493,Wilson County,86609,43272,43337,44896,22325,22571,859,449,410,38460,19203,19257,2394,1295,1099
1.0 Scen,2039,493,Wilson County,88233,44137,44096,45488,22649,22839,840,442,398,39400,19683,19717,2505,1363,1142
1.0 Scen,2040,493,Wilson County,89858,45006,44852,46066,22970,23096,837,437,400,40338,20161,20177,2617,1438,1179
1.0 Scen,2041,493,Wilson County,91472,45865,45607,46638,23283,23355,827,430,397,41270,20640,20630,2737,1512,1225
1.0 Scen,2042,493,Wilson County,93048,46712,46336,47175,23585,23590,815,423,392,42205,21119,21086,2853,1585,1268
1.0 Scen,2043,493,Wilson County,94617,47567,47050,47695,23883,23812,804,414,390,43128,21601,21527,2990,1669,1321
1.0 Scen,2044,493,Wilson County,96197,48434,47763,48197,24170,24027,795,412,383,44065,22090,21975,3140,1762,1378
1.0 Scen,2045,493,Wilson County,97761,49296,48465,48689,24456,24233,778,399,379,45003,22583,22420,3291,1858,1433
1.0 Scen,2046,493,Wilson County,99277,50137,49140,49134,24714,24420,769,397,372,45922,23070,22852,3452,1956,1496
1.0 Scen,2047,493,Wilson County,100811,51005,49806,49580,24979,24601,755,389,366,46864,23572,23292,3612,2065,1547
1.0 Scen,2048,493,Wilson County,102334,51848,50486,50008,25230,24778,745,380,365,47793,24066,23727,3788,2172,1616
1.0 Scen,2049,493,Wilson County,103855,52704,51151,50418,25477,24941,736,374,362,48730,24566,24164,3971,2287,1684
1.0 Scen,2050,493,Wilson County,105355,53556,51799,50815,25725,25090,728,367,361,49659,25065,24594,4153,2399,1754
1.0 Scen,2010,495,Winkler County,7110,3550,3560,3024,1492,1532,129,60,69,3824,1923,1901,133,75,58
1.0 Scen,2011,495,Winkler County,7252,3630,3622,3069,1520,1549,130,61,69,3918,1972,1946,135,77,58
1.0 Scen,2012,495,Winkler County,7379,3703,3676,3100,1544,1556,129,61,68,4014,2020,1994,136,78,58
1.0 Scen,2013,495,Winkler County,7510,3781,3729,3128,1565,1563,129,61,68,4115,2075,2040,138,80,58
1.0 Scen,2014,495,Winkler County,7636,3858,3778,3146,1584,1562,129,61,68,4221,2132,2089,140,81,59
1.0 Scen,2015,495,Winkler County,7755,3934,3821,3160,1604,1556,130,62,68,4321,2185,2136,144,83,61
1.0 Scen,2016,495,Winkler County,7870,4006,3864,3180,1625,1555,130,62,68,4412,2233,2179,148,86,62
1.0 Scen,2017,495,Winkler County,7990,4075,3915,3197,1638,1559,132,64,68,4511,2285,2226,150,88,62
1.0 Scen,2018,495,Winkler County,8116,4140,3976,3217,1652,1565,133,64,69,4612,2333,2279,154,91,63
1.0 Scen,2019,495,Winkler County,8241,4214,4027,3233,1666,1567,134,65,69,4717,2390,2327,157,93,64
1.0 Scen,2020,495,Winkler County,8371,4290,4081,3249,1683,1566,135,65,70,4826,2446,2380,161,96,65
1.0 Scen,2021,495,Winkler County,8496,4365,4131,3268,1698,1570,135,66,69,4930,2504,2426,163,97,66
1.0 Scen,2022,495,Winkler County,8604,4425,4179,3274,1706,1568,136,67,69,5029,2554,2475,165,98,67
1.0 Scen,2023,495,Winkler County,8715,4499,4216,3284,1721,1563,137,68,69,5127,2611,2516,167,99,68
1.0 Scen,2024,495,Winkler County,8832,4571,4261,3296,1734,1562,139,69,70,5228,2667,2561,169,101,68
1.0 Scen,2025,495,Winkler County,8932,4623,4309,3294,1738,1556,140,69,71,5327,2714,2613,171,102,69
1.0 Scen,2026,495,Winkler County,9033,4680,4353,3297,1739,1558,141,70,71,5422,2768,2654,173,103,70
1.0 Scen,2027,495,Winkler County,9118,4732,4386,3290,1739,1551,142,70,72,5512,2819,2693,174,104,70
1.0 Scen,2028,495,Winkler County,9231,4794,4437,3293,1743,1550,143,70,73,5618,2876,2742,177,105,72
1.0 Scen,2029,495,Winkler County,9328,4847,4481,3297,1747,1550,144,71,73,5705,2920,2785,182,109,73
1.0 Scen,2030,495,Winkler County,9416,4901,4515,3285,1749,1536,146,72,74,5797,2967,2830,188,113,75
1.0 Scen,2031,495,Winkler County,9500,4945,4555,3287,1753,1534,147,73,74,5876,3005,2871,190,114,76
1.0 Scen,2032,495,Winkler County,9586,5002,4584,3280,1756,1524,145,72,73,5969,3058,2911,192,116,76
1.0 Scen,2033,495,Winkler County,9693,5063,4630,3293,1768,1525,145,73,72,6065,3106,2959,190,116,74
1.0 Scen,2034,495,Winkler County,9790,5123,4667,3292,1777,1515,145,72,73,6160,3157,3003,193,117,76
1.0 Scen,2035,495,Winkler County,9873,5175,4698,3284,1780,1504,145,73,72,6248,3203,3045,196,119,77
1.0 Scen,2036,495,Winkler County,9956,5228,4728,3283,1787,1496,144,73,71,6332,3248,3084,197,120,77
1.0 Scen,2037,495,Winkler County,10041,5278,4763,3284,1791,1493,142,72,70,6418,3295,3123,197,120,77
1.0 Scen,2038,495,Winkler County,10125,5342,4783,3283,1803,1480,141,71,70,6503,3347,3156,198,121,77
1.0 Scen,2039,495,Winkler County,10208,5402,4806,3289,1815,1474,138,71,67,6581,3393,3188,200,123,77
1.0 Scen,2040,495,Winkler County,10284,5461,4823,3284,1822,1462,137,70,67,6658,3441,3217,205,128,77
1.0 Scen,2041,495,Winkler County,10353,5510,4843,3276,1826,1450,136,70,66,6731,3482,3249,210,132,78
1.0 Scen,2042,495,Winkler County,10425,5573,4852,3278,1838,1440,135,69,66,6799,3531,3268,213,135,78
1.0 Scen,2043,495,Winkler County,10515,5630,4885,3279,1844,1435,134,69,65,6887,3580,3307,215,137,78
1.0 Scen,2044,495,Winkler County,10586,5685,4901,3281,1849,1432,133,69,64,6952,3624,3328,220,143,77
1.0 Scen,2045,495,Winkler County,10658,5743,4915,3281,1859,1422,131,69,62,7022,3668,3354,224,147,77
1.0 Scen,2046,495,Winkler County,10731,5795,4936,3281,1864,1417,129,68,61,7095,3711,3384,226,152,74
1.0 Scen,2047,495,Winkler County,10793,5845,4948,3277,1873,1404,127,67,60,7158,3749,3409,231,156,75
1.0 Scen,2048,495,Winkler County,10869,5895,4974,3283,1878,1405,125,65,60,7228,3793,3435,233,159,74
1.0 Scen,2049,495,Winkler County,10920,5940,4980,3266,1879,1387,124,65,59,7291,3832,3459,239,164,75
1.0 Scen,2050,495,Winkler County,10982,5990,4992,3267,1887,1380,122,63,59,7349,3871,3478,244,169,75
1.0 Scen,2010,497,Wise County,59127,29803,29324,47122,23498,23624,573,389,184,10112,5282,4830,1320,634,686
1.0 Scen,2011,497,Wise County,60512,30479,30033,47792,23804,23988,580,394,186,10760,5621,5139,1380,660,720
1.0 Scen,2012,497,Wise County,61907,31145,30762,48429,24085,24344,588,398,190,11439,5973,5466,1451,689,762
1.0 Scen,2013,497,Wise County,63343,31831,31512,49060,24358,24702,597,404,193,12165,6344,5821,1521,725,796
1.0 Scen,2014,497,Wise County,64795,32533,32262,49671,24630,25041,608,410,198,12926,6739,6187,1590,754,836
1.0 Scen,2015,497,Wise County,66321,33269,33052,50288,24901,25387,616,414,202,13754,7163,6591,1663,791,872
1.0 Scen,2016,497,Wise County,67865,34016,33849,50880,25161,25719,625,419,206,14618,7608,7010,1742,828,914
1.0 Scen,2017,497,Wise County,69449,34785,34664,51451,25411,26040,631,424,207,15538,8081,7457,1829,869,960
1.0 Scen,2018,497,Wise County,71081,35561,35520,52018,25652,26366,634,426,208,16517,8576,7941,1912,907,1005
1.0 Scen,2019,497,Wise County,72749,36368,36381,52570,25886,26684,640,429,211,17540,9105,8435,1999,948,1051
1.0 Scen,2020,497,Wise County,74490,37215,37275,53104,26111,26993,647,434,213,18633,9667,8966,2106,1003,1103
1.0 Scen,2021,497,Wise County,76302,38094,38208,53646,26338,27308,654,437,217,19788,10264,9524,2214,1055,1159
1.0 Scen,2022,497,Wise County,78195,39025,39170,54184,26578,27606,660,439,221,21021,10897,10124,2330,1111,1219
1.0 Scen,2023,497,Wise County,80142,39995,40147,54722,26814,27908,669,445,224,22306,11567,10739,2445,1169,1276
1.0 Scen,2024,497,Wise County,82164,40986,41178,55240,27033,28207,679,450,229,23683,12275,11408,2562,1228,1334
1.0 Scen,2025,497,Wise County,84227,42013,42214,55740,27249,28491,680,451,229,25109,13020,12089,2698,1293,1405
1.0 Scen,2026,497,Wise County,86358,43090,43268,56213,27454,28759,685,458,227,26628,13818,12810,2832,1360,1472
1.0 Scen,2027,497,Wise County,88569,44175,44394,56674,27646,29028,691,461,230,28232,14648,13584,2972,1420,1552
1.0 Scen,2028,497,Wise County,90810,45308,45502,57085,27826,29259,693,461,232,29905,15524,14381,3127,1497,1630
1.0 Scen,2029,497,Wise County,93144,46479,46665,57499,28004,29495,695,461,234,31670,16443,15227,3280,1571,1709
1.0 Scen,2030,497,Wise County,95538,47684,47854,57869,28165,29704,704,467,237,33532,17411,16121,3433,1641,1792
1.0 Scen,2031,497,Wise County,97988,48918,49070,58221,28314,29907,705,467,238,35476,18415,17061,3586,1722,1864
1.0 Scen,2032,497,Wise County,100521,50199,50322,58552,28457,30095,708,469,239,37512,19467,18045,3749,1806,1943
1.0 Scen,2033,497,Wise County,103115,51503,51612,58847,28583,30264,707,467,240,39631,20561,19070,3930,1892,2038
1.0 Scen,2034,497,Wise County,105758,52838,52920,59112,28699,30413,701,462,239,41836,21704,20132,4109,1973,2136
1.0 Scen,2035,497,Wise County,108480,54230,54250,59354,28808,30546,698,459,239,44126,22892,21234,4302,2071,2231
1.0 Scen,2036,497,Wise County,111284,55659,55625,59558,28898,30660,700,460,240,46536,24137,22399,4490,2164,2326
1.0 Scen,2037,497,Wise County,114174,57141,57033,59756,28992,30764,699,456,243,49031,25430,23601,4688,2263,2425
1.0 Scen,2038,497,Wise County,117132,58651,58481,59916,29063,30853,687,453,234,51634,26772,24862,4895,2363,2532
1.0 Scen,2039,497,Wise County,120180,60228,59952,60049,29128,30921,671,450,221,54346,28181,26165,5114,2469,2645
1.0 Scen,2040,497,Wise County,123315,61850,61465,60140,29174,30966,671,448,223,57167,29645,27522,5337,2583,2754
1.0 Scen,2041,497,Wise County,126538,63525,63013,60226,29218,31008,670,449,221,60084,31160,28924,5558,2698,2860
1.0 Scen,2042,497,Wise County,129870,65247,64623,60290,29246,31044,666,448,218,63128,32741,30387,5786,2812,2974
1.0 Scen,2043,497,Wise County,133295,67037,66258,60320,29269,31051,667,448,219,66285,34390,31895,6023,2930,3093
1.0 Scen,2044,497,Wise County,136847,68887,67960,60325,29279,31046,670,447,223,69584,36109,33475,6268,3052,3216
1.0 Scen,2045,497,Wise County,140498,70796,69702,60308,29278,31030,664,441,223,72999,37899,35100,6527,3178,3349
1.0 Scen,2046,497,Wise County,144263,72778,71485,60273,29278,30995,651,432,219,76557,39767,36790,6782,3301,3481
1.0 Scen,2047,497,Wise County,148183,74837,73346,60242,29271,30971,646,428,218,80247,41705,38542,7048,3433,3615
1.0 Scen,2048,497,Wise County,152268,77004,75264,60215,29274,30941,641,423,218,84105,43743,40362,7307,3564,3743
1.0 Scen,2049,497,Wise County,156495,79253,77242,60174,29281,30893,631,415,216,88101,45853,42248,7589,3704,3885
1.0 Scen,2050,497,Wise County,160900,81597,79303,60145,29291,30854,623,408,215,92270,48058,44212,7862,3840,4022
1.0 Scen,2010,499,Wood County,41964,20622,21342,35628,17341,18287,1951,975,976,3551,1906,1645,834,400,434
1.0 Scen,2011,499,Wood County,42614,20950,21664,36066,17560,18506,1986,993,993,3704,1984,1720,858,413,445
1.0 Scen,2012,499,Wood County,43287,21286,22001,36504,17771,18733,2030,1018,1012,3869,2072,1797,884,425,459
1.0 Scen,2013,499,Wood County,43983,21636,22347,36956,17997,18959,2080,1038,1042,4039,2165,1874,908,436,472
1.0 Scen,2014,499,Wood County,44655,21974,22681,37385,18204,19181,2126,1063,1063,4208,2257,1951,936,450,486
1.0 Scen,2015,499,Wood County,45341,22327,23014,37821,18420,19401,2157,1082,1075,4397,2358,2039,966,467,499
1.0 Scen,2016,499,Wood County,46000,22659,23341,38242,18625,19617,2184,1100,1084,4584,2453,2131,990,481,509
1.0 Scen,2017,499,Wood County,46650,22988,23662,38652,18823,19829,2204,1115,1089,4783,2558,2225,1011,492,519
1.0 Scen,2018,499,Wood County,47309,23316,23993,39062,19013,20049,2227,1133,1094,4986,2666,2320,1034,504,530
1.0 Scen,2019,499,Wood County,47966,23647,24319,39462,19200,20262,2240,1147,1093,5204,2780,2424,1060,520,540
1.0 Scen,2020,499,Wood County,48594,23965,24629,39831,19377,20454,2244,1155,1089,5432,2901,2531,1087,532,555
1.0 Scen,2021,499,Wood County,49226,24288,24938,40192,19553,20639,2241,1159,1082,5675,3029,2646,1118,547,571
1.0 Scen,2022,499,Wood County,49822,24600,25222,40531,19713,20818,2238,1167,1071,5912,3160,2752,1141,560,581
1.0 Scen,2023,499,Wood County,50462,24935,25527,40862,19879,20983,2244,1175,1069,6174,3298,2876,1182,583,599
1.0 Scen,2024,499,Wood County,51066,25250,25816,41163,20028,21135,2249,1184,1065,6446,3441,3005,1208,597,611
1.0 Scen,2025,499,Wood County,51631,25549,26082,41413,20154,21259,2248,1184,1064,6721,3591,3130,1249,620,629
1.0 Scen,2026,499,Wood County,52191,25848,26343,41642,20277,21365,2242,1182,1060,7021,3749,3272,1286,640,646
1.0 Scen,2027,499,Wood County,52702,26120,26582,41842,20384,21458,2225,1175,1050,7315,3903,3412,1320,658,662
1.0 Scen,2028,499,Wood County,53204,26407,26797,42006,20480,21526,2218,1178,1040,7625,4071,3554,1355,678,677
1.0 Scen,2029,499,Wood County,53663,26662,27001,42140,20564,21576,2197,1169,1028,7934,4228,3706,1392,701,691
1.0 Scen,2030,499,Wood County,54088,26905,27183,42232,20628,21604,2172,1161,1011,8251,4392,3859,1433,724,709
1.0 Scen,2031,499,Wood County,54518,27152,27366,42295,20679,21616,2150,1153,997,8595,4575,4020,1478,745,733
1.0 Scen,2032,499,Wood County,54916,27381,27535,42321,20709,21612,2130,1147,983,8936,4752,4184,1529,773,756
1.0 Scen,2033,499,Wood County,55299,27609,27690,42307,20722,21585,2110,1140,970,9292,4939,4353,1590,808,782
1.0 Scen,2034,499,Wood County,55619,27798,27821,42251,20715,21536,2085,1134,951,9636,5113,4523,1647,836,811
1.0 Scen,2035,499,Wood County,55933,27986,27947,42171,20696,21475,2064,1124,940,9996,5304,4692,1702,862,840
1.0 Scen,2036,499,Wood County,56237,28176,28061,42057,20663,21394,2047,1117,930,10367,5494,4873,1766,902,864
1.0 Scen,2037,499,Wood County,56516,28352,28164,41911,20616,21295,2015,1103,912,10754,5693,5061,1836,940,896
1.0 Scen,2038,499,Wood County,56778,28524,28254,41735,20555,21180,1987,1092,895,11148,5898,5250,1908,979,929
1.0 Scen,2039,499,Wood County,57027,28701,28326,41535,20485,21050,1963,1087,876,11542,6104,5438,1987,1025,962
1.0 Scen,2040,499,Wood County,57291,28886,28405,41330,20415,20915,1942,1079,863,11956,6321,5635,2063,1071,992
1.0 Scen,2041,499,Wood County,57568,29060,28508,41101,20330,20771,1918,1065,853,12389,6542,5847,2160,1123,1037
1.0 Scen,2042,499,Wood County,57806,29227,28579,40835,20226,20609,1893,1052,841,12829,6776,6053,2249,1173,1076
1.0 Scen,2043,499,Wood County,58080,29415,28665,40572,20127,20445,1876,1044,832,13280,7015,6265,2352,1229,1123
1.0 Scen,2044,499,Wood County,58345,29588,28757,40282,20005,20277,1863,1037,826,13751,7263,6488,2449,1283,1166
1.0 Scen,2045,499,Wood County,58614,29778,28836,39986,19890,20096,1845,1030,815,14228,7512,6716,2555,1346,1209
1.0 Scen,2046,499,Wood County,58906,29978,28928,39679,19764,19915,1838,1030,808,14726,7777,6949,2663,1407,1256
1.0 Scen,2047,499,Wood County,59213,30186,29027,39373,19643,19730,1823,1026,797,15240,8049,7191,2777,1468,1309
1.0 Scen,2048,499,Wood County,59550,30403,29147,39082,19527,19555,1811,1021,790,15757,8320,7437,2900,1535,1365
1.0 Scen,2049,499,Wood County,59896,30628,29268,38781,19404,19377,1802,1018,784,16292,8605,7687,3021,1601,1420
1.0 Scen,2050,499,Wood County,60260,30864,29396,38483,19284,19199,1782,1010,772,16841,8895,7946,3154,1675,1479
1.0 Scen,2010,501,Yoakum County,7879,3899,3980,3090,1504,1586,55,24,31,4622,2318,2304,112,53,59
1.0 Scen,2011,501,Yoakum County,8043,3988,4055,3094,1508,1586,56,25,31,4780,2401,2379,113,54,59
1.0 Scen,2012,501,Yoakum County,8197,4068,4129,3092,1507,1585,57,25,32,4934,2482,2452,114,54,60
1.0 Scen,2013,501,Yoakum County,8357,4157,4200,3077,1502,1575,58,26,32,5108,2575,2533,114,54,60
1.0 Scen,2014,501,Yoakum County,8531,4254,4277,3073,1505,1568,59,26,33,5284,2669,2615,115,54,61
1.0 Scen,2015,501,Yoakum County,8687,4348,4339,3058,1503,1555,59,27,32,5454,2763,2691,116,55,61
1.0 Scen,2016,501,Yoakum County,8854,4433,4421,3042,1498,1544,60,27,33,5635,2853,2782,117,55,62
1.0 Scen,2017,501,Yoakum County,9026,4524,4502,3033,1494,1539,60,27,33,5814,2947,2867,119,56,63
1.0 Scen,2018,501,Yoakum County,9197,4618,4579,3016,1489,1527,60,27,33,5999,3044,2955,122,58,64
1.0 Scen,2019,501,Yoakum County,9386,4722,4664,2999,1480,1519,60,27,33,6203,3156,3047,124,59,65
1.0 Scen,2020,501,Yoakum County,9591,4836,4755,2993,1479,1514,60,27,33,6412,3270,3142,126,60,66
1.0 Scen,2021,501,Yoakum County,9775,4937,4838,2973,1469,1504,60,27,33,6614,3380,3234,128,61,67
1.0 Scen,2022,501,Yoakum County,9982,5049,4933,2969,1467,1502,61,27,34,6822,3493,3329,130,62,68
1.0 Scen,2023,501,Yoakum County,10192,5171,5021,2969,1471,1498,61,27,34,7032,3611,3421,130,62,68
1.0 Scen,2024,501,Yoakum County,10404,5289,5115,2970,1474,1496,61,27,34,7241,3725,3516,132,63,69
1.0 Scen,2025,501,Yoakum County,10601,5395,5206,2960,1471,1489,61,27,34,7447,3834,3613,133,63,70
1.0 Scen,2026,501,Yoakum County,10825,5518,5307,2952,1472,1480,61,27,34,7678,3956,3722,134,63,71
1.0 Scen,2027,501,Yoakum County,11024,5626,5398,2936,1468,1468,62,28,34,7890,4066,3824,136,64,72
1.0 Scen,2028,501,Yoakum County,11245,5754,5491,2921,1463,1458,62,28,34,8124,4198,3926,138,65,73
1.0 Scen,2029,501,Yoakum County,11462,5873,5589,2912,1460,1452,62,28,34,8350,4319,4031,138,66,72
1.0 Scen,2030,501,Yoakum County,11690,6000,5690,2903,1457,1446,62,28,34,8585,4448,4137,140,67,73
1.0 Scen,2031,501,Yoakum County,11908,6127,5781,2889,1454,1435,62,28,34,8814,4576,4238,143,69,74
1.0 Scen,2032,501,Yoakum County,12129,6252,5877,2874,1449,1425,62,28,34,9048,4705,4343,145,70,75
1.0 Scen,2033,501,Yoakum County,12342,6376,5966,2858,1445,1413,62,28,34,9278,4833,4445,144,70,74
1.0 Scen,2034,501,Yoakum County,12543,6498,6045,2840,1441,1399,62,28,34,9497,4960,4537,144,69,75
1.0 Scen,2035,501,Yoakum County,12770,6629,6141,2828,1437,1391,61,27,34,9734,5095,4639,147,70,77
1.0 Scen,2036,501,Yoakum County,12970,6751,6219,2804,1434,1370,60,27,33,9958,5219,4739,148,71,77
1.0 Scen,2037,501,Yoakum County,13177,6878,6299,2789,1430,1359,59,26,33,10182,5351,4831,147,71,76
1.0 Scen,2038,501,Yoakum County,13392,7012,6380,2765,1428,1337,58,26,32,10421,5486,4935,148,72,76
1.0 Scen,2039,501,Yoakum County,13612,7141,6471,2754,1424,1330,58,26,32,10650,5617,5033,150,74,76
1.0 Scen,2040,501,Yoakum County,13821,7261,6560,2731,1414,1317,57,25,32,10884,5750,5134,149,72,77
1.0 Scen,2041,501,Yoakum County,14046,7388,6658,2717,1409,1308,55,24,31,11122,5881,5241,152,74,78
1.0 Scen,2042,501,Yoakum County,14275,7520,6755,2707,1407,1300,52,23,29,11363,6015,5348,153,75,78
1.0 Scen,2043,501,Yoakum County,14483,7644,6839,2682,1400,1282,50,22,28,11597,6147,5450,154,75,79
1.0 Scen,2044,501,Yoakum County,14701,7778,6923,2660,1394,1266,49,22,27,11836,6286,5550,156,76,80
1.0 Scen,2045,501,Yoakum County,14908,7900,7008,2637,1384,1253,47,21,26,12069,6419,5650,155,76,79
1.0 Scen,2046,501,Yoakum County,15126,8032,7094,2625,1380,1245,44,20,24,12305,6557,5748,152,75,77
1.0 Scen,2047,501,Yoakum County,15347,8164,7183,2611,1379,1232,43,19,24,12545,6694,5851,148,72,76
1.0 Scen,2048,501,Yoakum County,15568,8300,7268,2600,1378,1222,41,18,23,12782,6835,5947,145,69,76
1.0 Scen,2049,501,Yoakum County,15781,8424,7357,2584,1369,1215,39,17,22,13013,6968,6045,145,70,75
1.0 Scen,2050,501,Yoakum County,16006,8563,7443,2567,1364,1203,39,17,22,13255,7112,6143,145,70,75
1.0 Scen,2010,503,Young County,18550,9148,9402,14959,7225,7734,220,123,97,3045,1655,1390,326,145,181
1.0 Scen,2011,503,Young County,18695,9237,9458,14979,7246,7733,222,124,98,3162,1718,1444,332,149,183
1.0 Scen,2012,503,Young County,18814,9323,9491,14975,7264,7711,221,124,97,3281,1783,1498,337,152,185
1.0 Scen,2013,503,Young County,18945,9401,9544,14975,7271,7704,224,126,98,3398,1846,1552,348,158,190
1.0 Scen,2014,503,Young County,19074,9482,9592,14962,7277,7685,227,127,100,3529,1915,1614,356,163,193
1.0 Scen,2015,503,Young County,19220,9582,9638,14966,7296,7670,229,129,100,3661,1989,1672,364,168,196
1.0 Scen,2016,503,Young County,19353,9677,9676,14968,7313,7655,230,130,100,3784,2061,1723,371,173,198
1.0 Scen,2017,503,Young County,19483,9764,9719,14967,7327,7640,231,131,100,3905,2126,1779,380,180,200
1.0 Scen,2018,503,Young County,19623,9852,9771,14956,7332,7624,231,130,101,4043,2200,1843,393,190,203
1.0 Scen,2019,503,Young County,19765,9954,9811,14948,7353,7595,232,131,101,4185,2275,1910,400,195,205
1.0 Scen,2020,503,Young County,19914,10057,9857,14935,7362,7573,229,128,101,4339,2363,1976,411,204,207
1.0 Scen,2021,503,Young County,20070,10157,9913,14928,7370,7558,228,128,100,4495,2447,2048,419,212,207
1.0 Scen,2022,503,Young County,20220,10265,9955,14915,7383,7532,227,127,100,4648,2535,2113,430,220,210
1.0 Scen,2023,503,Young County,20415,10388,10027,14928,7402,7526,227,128,99,4817,2627,2190,443,231,212
1.0 Scen,2024,503,Young County,20592,10494,10098,14920,7406,7514,227,128,99,4996,2724,2272,449,236,213
1.0 Scen,2025,503,Young County,20753,10603,10150,14905,7415,7490,225,128,97,5168,2818,2350,455,242,213
1.0 Scen,2026,503,Young County,20918,10712,10206,14881,7419,7462,224,127,97,5345,2910,2435,468,256,212
1.0 Scen,2027,503,Young County,21096,10833,10263,14851,7420,7431,224,127,97,5541,3020,2521,480,266,214
1.0 Scen,2028,503,Young County,21270,10948,10322,14822,7416,7406,225,128,97,5732,3126,2606,491,278,213
1.0 Scen,2029,503,Young County,21423,11047,10376,14768,7401,7367,227,130,97,5921,3223,2698,507,293,214
1.0 Scen,2030,503,Young County,21593,11171,10422,14723,7401,7322,227,130,97,6118,3329,2789,525,311,214
1.0 Scen,2031,503,Young County,21748,11281,10467,14655,7379,7276,226,129,97,6325,3445,2880,542,328,214
1.0 Scen,2032,503,Young County,21893,11385,10508,14590,7362,7228,225,128,97,6520,3550,2970,558,345,213
1.0 Scen,2033,503,Young County,22046,11496,10550,14517,7344,7173,224,127,97,6732,3662,3070,573,363,210
1.0 Scen,2034,503,Young County,22189,11597,10592,14440,7318,7122,224,127,97,6936,3774,3162,589,378,211
1.0 Scen,2035,503,Young County,22334,11703,10631,14358,7291,7067,224,127,97,7143,3888,3255,609,397,212
1.0 Scen,2036,503,Young County,22462,11791,10671,14259,7248,7011,222,126,96,7346,3998,3348,635,419,216
1.0 Scen,2037,503,Young County,22589,11888,10701,14158,7210,6948,222,126,96,7547,4110,3437,662,442,220
1.0 Scen,2038,503,Young County,22721,11993,10728,14047,7170,6877,222,127,95,7765,4229,3536,687,467,220
1.0 Scen,2039,503,Young County,22825,12081,10744,13935,7123,6812,222,128,94,7960,4336,3624,708,494,214
1.0 Scen,2040,503,Young County,22933,12160,10773,13813,7067,6746,219,127,92,8167,4449,3718,734,517,217
1.0 Scen,2041,503,Young County,23045,12255,10790,13696,7024,6672,215,126,89,8377,4566,3811,757,539,218
1.0 Scen,2042,503,Young County,23166,12351,10815,13574,6970,6604,211,124,87,8597,4691,3906,784,566,218
1.0 Scen,2043,503,Young County,23282,12449,10833,13450,6923,6527,208,123,85,8816,4814,4002,808,589,219
1.0 Scen,2044,503,Young County,23404,12543,10861,13325,6871,6454,203,120,83,9041,4938,4103,835,614,221
1.0 Scen,2045,503,Young County,23514,12634,10880,13192,6817,6375,199,118,81,9264,5062,4202,859,637,222
1.0 Scen,2046,503,Young County,23623,12718,10905,13066,6767,6299,195,116,79,9488,5181,4307,874,654,220
1.0 Scen,2047,503,Young County,23754,12821,10933,12945,6718,6227,194,115,79,9719,5312,4407,896,676,220
1.0 Scen,2048,503,Young County,23878,12915,10963,12822,6669,6153,189,112,77,9948,5435,4513,919,699,220
1.0 Scen,2049,503,Young County,24027,13027,11000,12714,6628,6086,184,111,73,10189,5569,4620,940,719,221
1.0 Scen,2050,503,Young County,24160,13121,11039,12585,6575,6010,178,105,73,10432,5697,4735,965,744,221
1.0 Scen,2010,505,Zapata County,14018,7044,6974,861,459,402,11,7,4,13084,6553,6531,62,25,37
1.0 Scen,2011,505,Zapata County,14331,7207,7124,859,457,402,11,7,4,13399,6718,6681,62,25,37
1.0 Scen,2012,505,Zapata County,14636,7368,7268,854,453,401,11,7,4,13709,6883,6826,62,25,37
1.0 Scen,2013,505,Zapata County,14936,7525,7411,848,448,400,11,7,4,14016,7045,6971,61,25,36
1.0 Scen,2014,505,Zapata County,15241,7686,7555,844,444,400,11,7,4,14324,7210,7114,62,25,37
1.0 Scen,2015,505,Zapata County,15544,7847,7697,834,439,395,11,7,4,14637,7376,7261,62,25,37
1.0 Scen,2016,505,Zapata County,15852,8013,7839,828,434,394,11,7,4,14950,7547,7403,63,25,38
1.0 Scen,2017,505,Zapata County,16138,8166,7972,815,429,386,11,7,4,15247,7704,7543,65,26,39
1.0 Scen,2018,505,Zapata County,16440,8327,8113,804,424,380,11,7,4,15559,7870,7689,66,26,40
1.0 Scen,2019,505,Zapata County,16750,8499,8251,793,419,374,11,7,4,15878,8045,7833,68,28,40
1.0 Scen,2020,505,Zapata County,17043,8664,8379,781,414,367,11,7,4,16182,8215,7967,69,28,41
1.0 Scen,2021,505,Zapata County,17349,8830,8519,770,410,360,11,7,4,16498,8384,8114,70,29,41
1.0 Scen,2022,505,Zapata County,17657,9000,8657,758,404,354,11,7,4,16817,8560,8257,71,29,42
1.0 Scen,2023,505,Zapata County,17968,9169,8799,743,396,347,11,7,4,17142,8736,8406,72,30,42
1.0 Scen,2024,505,Zapata County,18272,9336,8936,725,384,341,11,7,4,17464,8915,8549,72,30,42
1.0 Scen,2025,505,Zapata County,18580,9505,9075,715,378,337,11,7,4,17781,9089,8692,73,31,42
1.0 Scen,2026,505,Zapata County,18876,9673,9203,706,373,333,11,7,4,18085,9262,8823,74,31,43
1.0 Scen,2027,505,Zapata County,19171,9842,9329,693,369,324,11,7,4,18392,9434,8958,75,32,43
1.0 Scen,2028,505,Zapata County,19461,10007,9454,677,360,317,11,7,4,18697,9608,9089,76,32,44
1.0 Scen,2029,505,Zapata County,19742,10168,9574,657,354,303,11,7,4,18999,9775,9224,75,32,43
1.0 Scen,2030,505,Zapata County,20016,10330,9686,633,342,291,10,6,4,19302,9950,9352,71,32,39
1.0 Scen,2031,505,Zapata County,20305,10491,9814,616,333,283,10,6,4,19607,10119,9488,72,33,39
1.0 Scen,2032,505,Zapata County,20583,10649,9934,602,327,275,10,6,4,19899,10283,9616,72,33,39
1.0 Scen,2033,505,Zapata County,20869,10807,10062,585,315,270,10,6,4,20202,10453,9749,72,33,39
1.0 Scen,2034,505,Zapata County,21162,10968,10194,573,308,265,10,6,4,20507,10622,9885,72,32,40
1.0 Scen,2035,505,Zapata County,21439,11130,10309,555,303,252,9,6,3,20803,10789,10014,72,32,40
1.0 Scen,2036,505,Zapata County,21710,11292,10418,541,299,242,9,6,3,21090,10956,10134,70,31,39
1.0 Scen,2037,505,Zapata County,21996,11454,10542,530,295,235,9,6,3,21387,11122,10265,70,31,39
1.0 Scen,2038,505,Zapata County,22281,11618,10663,523,291,232,9,6,3,21680,11290,10390,69,31,38
1.0 Scen,2039,505,Zapata County,22572,11783,10789,518,289,229,9,6,3,21978,11458,10520,67,30,37
1.0 Scen,2040,505,Zapata County,22853,11947,10906,507,287,220,8,5,3,22271,11625,10646,67,30,37
1.0 Scen,2041,505,Zapata County,23121,12102,11019,499,283,216,8,5,3,22548,11784,10764,66,30,36
1.0 Scen,2042,505,Zapata County,23392,12261,11131,493,281,212,7,4,3,22826,11945,10881,66,31,35
1.0 Scen,2043,505,Zapata County,23659,12418,11241,488,277,211,7,4,3,23100,12107,10993,64,30,34
1.0 Scen,2044,505,Zapata County,23918,12560,11358,479,270,209,7,4,3,23368,12256,11112,64,30,34
1.0 Scen,2045,505,Zapata County,24185,12715,11470,471,264,207,7,4,3,23643,12417,11226,64,30,34
1.0 Scen,2046,505,Zapata County,24429,12859,11570,468,262,206,7,4,3,23892,12565,11327,62,28,34
1.0 Scen,2047,505,Zapata County,24664,12993,11671,460,258,202,7,4,3,24136,12703,11433,61,28,33
1.0 Scen,2048,505,Zapata County,24912,13140,11772,456,255,201,7,4,3,24389,12853,11536,60,28,32
1.0 Scen,2049,505,Zapata County,25153,13282,11871,453,253,200,7,4,3,24634,12997,11637,59,28,31
1.0 Scen,2050,505,Zapata County,25376,13419,11957,450,250,200,7,4,3,24860,13137,11723,59,28,31
1.0 Scen,2010,507,Zavala County,11677,5760,5917,647,321,326,35,19,16,10961,5405,5556,34,15,19
1.0 Scen,2011,507,Zavala County,11812,5832,5980,650,323,327,35,19,16,11093,5475,5618,34,15,19
1.0 Scen,2012,507,Zavala County,11949,5907,6042,653,325,328,35,19,16,11227,5548,5679,34,15,19
1.0 Scen,2013,507,Zavala County,12075,5978,6097,655,327,328,35,19,16,11351,5617,5734,34,15,19
1.0 Scen,2014,507,Zavala County,12204,6051,6153,657,330,327,35,19,16,11479,5687,5792,33,15,18
1.0 Scen,2015,507,Zavala County,12324,6120,6204,658,331,327,35,19,16,11598,5755,5843,33,15,18
1.0 Scen,2016,507,Zavala County,12443,6186,6257,658,332,326,35,19,16,11718,5821,5897,32,14,18
1.0 Scen,2017,507,Zavala County,12560,6261,6299,657,333,324,34,18,16,11837,5896,5941,32,14,18
1.0 Scen,2018,507,Zavala County,12670,6328,6342,656,333,323,34,18,16,11948,5963,5985,32,14,18
1.0 Scen,2019,507,Zavala County,12777,6393,6384,654,333,321,34,18,16,12057,6028,6029,32,14,18
1.0 Scen,2020,507,Zavala County,12895,6464,6431,653,333,320,34,18,16,12176,6099,6077,32,14,18
1.0 Scen,2021,507,Zavala County,13018,6540,6478,653,334,319,34,18,16,12298,6173,6125,33,15,18
1.0 Scen,2022,507,Zavala County,13154,6621,6533,653,335,318,34,18,16,12432,6253,6179,35,15,20
1.0 Scen,2023,507,Zavala County,13274,6697,6577,649,335,314,35,19,16,12553,6326,6227,37,17,20
1.0 Scen,2024,507,Zavala County,13388,6764,6624,648,334,314,36,19,17,12666,6394,6272,38,17,21
1.0 Scen,2025,507,Zavala County,13508,6840,6668,645,332,313,36,20,16,12788,6470,6318,39,18,21
1.0 Scen,2026,507,Zavala County,13616,6906,6710,641,331,310,37,20,17,12898,6537,6361,40,18,22
1.0 Scen,2027,507,Zavala County,13716,6967,6749,637,329,308,39,21,18,13000,6599,6401,40,18,22
1.0 Scen,2028,507,Zavala County,13806,7026,6780,631,325,306,40,21,19,13097,6664,6433,38,16,22
1.0 Scen,2029,507,Zavala County,13890,7082,6808,624,323,301,42,23,19,13186,6719,6467,38,17,21
1.0 Scen,2030,507,Zavala County,13964,7133,6831,613,318,295,43,23,20,13270,6775,6495,38,17,21
1.0 Scen,2031,507,Zavala County,14035,7177,6858,609,315,294,44,24,20,13344,6821,6523,38,17,21
1.0 Scen,2032,507,Zavala County,14102,7225,6877,600,313,287,44,24,20,13420,6871,6549,38,17,21
1.0 Scen,2033,507,Zavala County,14162,7273,6889,588,306,282,44,24,20,13492,6926,6566,38,17,21
1.0 Scen,2034,507,Zavala County,14214,7314,6900,582,305,277,44,24,20,13550,6968,6582,38,17,21
1.0 Scen,2035,507,Zavala County,14261,7351,6910,569,301,268,44,24,20,13610,7009,6601,38,17,21
1.0 Scen,2036,507,Zavala County,14311,7390,6921,562,298,264,44,24,20,13667,7051,6616,38,17,21
1.0 Scen,2037,507,Zavala County,14354,7426,6928,555,295,260,44,24,20,13717,7090,6627,38,17,21
1.0 Scen,2038,507,Zavala County,14397,7464,6933,550,292,258,44,24,20,13766,7132,6634,37,16,21
1.0 Scen,2039,507,Zavala County,14444,7494,6950,550,292,258,44,24,20,13814,7162,6652,36,16,20
1.0 Scen,2040,507,Zavala County,14477,7525,6952,550,292,258,44,24,20,13847,7193,6654,36,16,20
1.0 Scen,2041,507,Zavala County,14509,7553,6956,544,289,255,43,23,20,13886,7225,6661,36,16,20
1.0 Scen,2042,507,Zavala County,14530,7574,6956,539,287,252,43,23,20,13912,7248,6664,36,16,20
1.0 Scen,2043,507,Zavala County,14545,7591,6954,529,285,244,42,22,20,13938,7268,6670,36,16,20
1.0 Scen,2044,507,Zavala County,14560,7608,6952,521,280,241,42,22,20,13961,7290,6671,36,16,20
1.0 Scen,2045,507,Zavala County,14562,7622,6940,509,276,233,41,22,19,13976,7308,6668,36,16,20
1.0 Scen,2046,507,Zavala County,14566,7634,6932,504,273,231,40,22,18,13991,7324,6667,31,15,16
1.0 Scen,2047,507,Zavala County,14566,7645,6921,495,268,227,39,22,17,14005,7343,6662,27,12,15
1.0 Scen,2048,507,Zavala County,14572,7663,6909,490,265,225,37,20,17,14016,7366,6650,29,12,17
1.0 Scen,2049,507,Zavala County,14567,7665,6902,487,263,224,36,19,17,14017,7371,6646,27,12,15
1.0 Scen,2050,507,Zavala County,14552,7671,6881,479,260,219,35,19,16,14013,7381,6632,25,11,14
